0.0114196	
0.00838925	
0.00648011	
0.00554154	
0.00496701	
0.00456235	
0.00424794	
0.00399135	
0.00379352	
0.00367198	
0.00365205	
0.00376187	
0.0039679	
0.0042473	
0.00459098	
0.00499944	
0.0054793	
0.00604128	
0.00669927	
0.00747003	
0.00837329	
0.00943214	
0.0106737	
0.0121289	
0.0138299	
0.0158153	
0.0182005	
0.0211707	
0.0249527	
0.0297385	
0.0396608	
0.0506258	
0.0559506	
0.0552075	
0.0518137	
0.0481259	
0.0448403	
0.0420817	
0.0398241	
0.0380018	
0.0365432	
0.0353824	
0.0344631	
0.0337387	
0.0331713	
0.0327303	
0.0323913	
0.0321346	
0.0319441	
0.0318072	
0.0317135	
0.0316547	
0.031624	
0.0316162	
0.0316266	
0.031652	
0.0316893	
0.0317373	
0.0318115	
0.0319153	
0.0320452	
0.032198	
0.0323708	
0.0325609	
0.0327662	
0.0329845	
0.0332137	
0.0334522	
0.0336984	
0.0339506	
0.0342076	
0.034468	
0.0347306	
