0.00868506	0.000691638	1111.6	256.922	76.5	0	0	1.55482	1.61661	615	0	0.149719	0	20	20
0.00875422	0.000704326	1139.79	256.922	76.4694	18.5317	6.2451	1.51827	1.61661	615	0	-0.0662531	0	20	20
0.00885428	0.000730617	1193.93	256.922	76.4339	54.3232	18.4279	1.46737	1.61661	615	0	-0.458436	0	20	20
0.00891846	0.000757023	1244.69	256.922	76.3927	88.8849	30.3103	1.43592	1.61661	615	0	-0.799348	0	20	20
0.00895906	0.000783616	1293.34	256.922	76.3448	122.251	41.897	1.41649	1.61661	615	0	-1.09968	0	20	20
0.00898238	0.000809984	1339.74	256.922	76.2893	154.454	53.1926	1.40549	1.61661	615	0	-1.36529	0	20	20
0.00899317	0.000835843	1383.86	256.922	76.2249	185.529	64.202	1.40043	1.61661	615	0	-1.60076	0	20	20
0.00899497	0.000861023	1425.75	256.922	76.1502	215.506	74.9302	1.39959	1.61661	615	0	-1.81033	0	20	20
0.00899032	0.000885439	1465.54	256.922	76.0636	244.42	85.3822	1.40176	1.61661	615	0	-1.99781	0	20	20
0.00898104	0.000909068	1503.36	256.922	75.9633	272.302	95.5636	1.40611	1.61661	615	0	-2.16647	0	20	20
0.00896845	0.000931923	1539.4	256.921	75.847	299.184	105.48	1.41204	1.61661	615	0	-2.31911	0	20	20
0.00895349	0.000954038	1573.8	256.921	75.7124	325.101	115.138	1.41913	1.61661	615	0	-2.45803	0	20	20
0.00893683	0.000975452	1606.72	256.921	75.5566	350.084	124.542	1.42708	1.61661	615	0	-2.58516	0	20	20
0.00891897	0.000996209	1638.3	256.921	75.3764	374.167	133.701	1.43567	1.61661	615	0	-2.70207	0	20	20
0.00890027	0.00101635	1668.64	256.921	75.1681	397.385	142.622	1.44474	1.61661	615	0	-2.81006	0	20	20
0.00888098	0.00103591	1697.85	256.92	74.9275	419.773	151.311	1.45418	1.61661	615	0	-2.91024	0	20	20
0.00886131	0.00105493	1726.01	256.92	74.6499	441.366	159.777	1.46388	1.61661	615	0	-3.00352	0	20	20
0.00884139	0.00107343	1753.18	256.92	74.33	462.202	168.03	1.4738	1.61661	615	0	-3.09066	0	20	20
0.00882133	0.00109144	1779.43	256.92	73.9617	482.319	176.077	1.48388	1.61661	615	0	-3.17235	0	20	20
0.00880119	0.00110898	1804.81	256.919	73.5383	501.755	183.93	1.49409	1.61661	615	0	-3.24914	0	20	20
0.00878104	0.00112609	1829.37	256.919	73.0526	520.55	191.599	1.5044	1.61661	615	0	-3.32155	0	20	20
0.0087609	0.00114279	1853.15	256.919	72.4961	538.746	199.094	1.51479	1.61661	615	0	-3.39003	0	20	20
0.0087408	0.0011591	1876.21	256.918	71.8602	556.383	206.426	1.52527	1.61661	615	0	-3.45497	0	20	20
0.00872075	0.00117504	1898.57	256.918	71.1353	573.503	213.608	1.53581	1.61661	615	0	-3.51674	0	20	20
0.00870075	0.00119064	1920.28	256.917	70.3111	590.147	220.651	1.54643	1.61661	615	0	-3.57565	0	20	20
0.00868079	0.00120592	1941.37	256.917	69.3773	606.353	227.565	1.55712	1.61661	615	0	-3.63198	0	20	20
0.00866088	0.0012209	1961.87	256.916	68.323	622.16	234.363	1.56788	1.61661	615	0	-3.686	0	20	20
0.008641	0.0012356	1981.81	256.916	67.1377	637.598	241.051	1.57873	1.61661	615	0	-3.73792	0	20	20
0.00862116	0.00125003	2001.21	256.915	65.8111	652.697	247.64	1.58965	1.61661	615	0	-3.78792	0	20	20
0.00860136	0.00126421	2020.08	256.914	64.3342	667.474	254.132	1.60066	1.61661	615	0	-3.83615	0	20	20
0.0085816	0.00127813	2038.42	256.913	62.6995	681.94	260.531	1.61174	1.61661	615	0	-3.88273	0	20	20
0.00856191	0.00129178	2056.22	256.913	60.9015	696.093	266.835	1.62288	1.61661	615	0	-3.92773	0	20	20
0.00854233	0.00130514	2073.45	256.912	58.9379	709.919	273.037	1.63407	1.61661	615	0	-3.97116	0	20	20
0.00852292	0.00131818	2090.08	256.911	56.8097	723.387	279.126	1.64526	1.61661	615	0	-4.01302	0	20	20
0.00850373	0.00133084	2106.03	256.909	54.5225	736.45	285.084	1.65642	1.61661	615	0	-4.05324	0	20	20
0.00848487	0.00134306	2121.23	256.908	52.086	749.047	290.89	1.66749	1.61661	615	0	-4.09173	0	20	20
0.00846645	0.00135478	2135.59	256.907	49.5151	761.099	296.514	1.6784	1.61661	615	0	-4.12833	0	20	20
0.00844858	0.00136589	2149	256.905	46.8297	772.515	301.925	1.68908	1.61661	615	0	-4.16289	0	20	20
0.0084314	0.00137631	2161.36	256.904	44.0538	783.196	307.087	1.69942	1.61661	615	0	-4.19521	0	20	20
0.00841506	0.00138593	2172.54	256.902	41.2153	793.036	311.96	1.70934	1.61661	615	0	-4.22509	0	20	20
0.0083997	0.00139467	2182.42	256.9	38.3448	801.93	316.508	1.71874	1.61661	615	0	-4.25233	0	20	20
0.00838545	0.00140241	2190.92	256.898	35.4743	809.781	320.693	1.72751	1.61661	615	0	-4.27674	0	20	20
0.00837243	0.00140909	2197.93	256.896	32.6358	816.5	324.484	1.73558	1.61661	615	0	-4.29818	0	20	20
0.00836075	0.00141463	2203.4	256.893	29.8599	822.018	327.853	1.74287	1.61661	615	0	-4.31649	0	20	20
0.00835048	0.00141899	2207.27	256.89	27.1745	826.286	330.779	1.74931	1.61661	615	0	-4.33161	0	20	20
0.00834168	0.00142214	2209.54	256.887	24.6037	829.275	333.25	1.75485	1.61661	615	0	-4.34348	0	20	20
0.00833437	0.00142408	2210.21	256.884	22.1672	830.982	335.261	1.75947	1.61661	615	0	-4.35209	0	20	20
0.00832845	0.00142483	2209.31	256.881	19.8799	831.424	336.813	1.76322	1.61661	615	0	-4.35698	0	20	20
0.00832309	0.00142456	2206.91	256.877	17.7517	830.639	337.917	1.76663	1.61661	615	0	-4.35352	0	20	20
0.00831824	0.00142332	2203.1	256.872	15.7881	828.682	338.587	1.76972	1.61661	615	0	-4.34213	0	20	20
0.00831389	0.00142116	2197.95	256.868	13.9901	825.62	338.844	1.77251	1.61661	615	0	-4.32332	0	20	20
0.00830999	0.00141815	2191.59	256.863	12.3554	821.531	338.711	1.775	1.61661	615	0	-4.29767	0	20	20
0.0083065	0.00141437	2184.11	256.857	10.8785	816.499	338.214	1.77724	1.61661	615	0	-4.26579	0	20	20
0.00830341	0.00140988	2175.63	256.851	9.55195	810.61	337.381	1.77922	1.61661	615	0	-4.22829	0	20	20
0.00830066	0.00140475	2166.23	256.845	8.36659	803.949	336.238	1.78099	1.61661	615	0	-4.18581	0	20	20
0.00829824	0.00139905	2156.03	256.838	7.31231	796.601	334.813	1.78255	1.61661	615	0	-4.13892	0	20	20
0.0082961	0.00139284	2145.12	256.83	6.37848	788.645	333.131	1.78393	1.61661	615	0	-4.0882	0	20	20
0.00829422	0.00138618	2133.59	256.822	5.55436	780.155	331.218	1.78515	1.61661	615	0	-4.03418	0	20	20
0.00829256	0.00137914	2121.51	256.812	4.8294	771.2	329.096	1.78621	1.61661	615	0	-3.97732	0	20	20
0.00829112	0.00137174	2108.96	256.802	4.19349	761.843	326.785	1.78715	1.61661	615	0	-3.91806	0	20	20
0.00828986	0.00136405	2096	256.791	3.63707	752.141	324.305	1.78796	1.61661	615	0	-3.85681	0	20	20
0.00828878	0.00135609	2082.69	256.779	3.15127	742.142	321.674	1.78866	1.61661	615	0	-3.79389	0	20	20
0.00828784	0.00134791	2069.09	256.766	2.72794	731.893	318.905	1.78927	1.61661	615	0	-3.72963	0	20	20
0.00828704	0.00133954	2055.23	256.752	2.35965	721.432	316.015	1.78979	1.61661	615	0	-3.66428	0	20	20
0.00828636	0.00133099	2041.16	256.736	2.03971	710.794	313.013	1.79023	1.61661	615	0	-3.59808	0	20	20
0.00828581	0.0013223	2026.9	256.719	1.76213	700.01	309.912	1.79059	1.61661	615	0	-3.53123	0	20	20
0.00828535	0.00131349	2012.5	256.701	1.52155	689.105	306.722	1.79088	1.61661	615	0	-3.46391	0	20	20
0.008285	0.00130458	1997.97	256.681	1.31324	678.102	303.45	1.79111	1.61661	615	0	-3.39628	0	20	20
0.00828475	0.00129557	1983.35	256.659	1.13301	667.022	300.104	1.79128	1.61661	615	0	-3.32847	0	20	20
0.00828458	0.00128649	1968.64	256.635	0.977206	655.882	296.692	1.79138	1.61661	615	0	-3.26058	0	20	20
0.0082845	0.00127735	1953.87	256.609	0.842585	644.697	293.219	1.79143	1.61661	615	0	-3.19272	0	20	20
0.00828451	0.00126815	1939.06	256.58	0.726331	633.481	289.69	1.79143	1.61661	615	0	-3.12499	0	20	20
0.0082846	0.00125891	1924.21	256.549	0.625985	622.245	286.112	1.79137	1.61661	615	0	-3.05744	0	20	20
0.00828477	0.00124964	1909.35	256.515	0.539403	610.999	282.488	1.79126	1.61661	615	0	-2.99016	0	20	20
0.00828503	0.00124034	1894.47	256.478	0.464724	599.754	278.822	1.79109	1.61661	615	0	-2.92319	0	20	20
0.00828537	0.00123102	1879.6	256.438	0.400329	588.516	275.118	1.79087	1.61661	615	0	-2.85659	0	20	20
0.00828579	0.00122169	1864.75	256.394	0.344818	577.294	271.381	1.7906	1.61661	615	0	-2.79042	0	20	20
0.0082863	0.00121235	1849.91	256.346	0.296973	566.095	267.612	1.79027	1.61661	615	0	-2.72469	0	20	20
0.00828689	0.00120301	1835.11	256.293	0.255745	554.925	263.816	1.78988	1.61661	615	0	-2.65947	0	20	20
0.00828758	0.00119368	1820.34	256.236	0.220224	543.789	259.995	1.78944	1.61661	615	0	-2.59477	0	20	20
0.00828835	0.00118435	1805.62	256.174	0.189625	532.693	256.153	1.78894	1.61661	615	0	-2.53064	0	20	20
0.00828922	0.00117504	1790.96	256.106	0.163268	521.643	252.291	1.78838	1.61661	615	0	-2.46709	0	20	20
0.00829019	0.00116575	1776.35	256.032	0.140567	510.643	248.413	1.78775	1.61661	615	0	-2.40416	0	20	20
0.00829126	0.00115648	1761.82	255.951	0.121018	499.699	244.522	1.78706	1.61661	615	0	-2.34188	0	20	20
0.00829242	0.00114724	1747.35	255.863	0.104184	488.814	240.619	1.78631	1.61661	615	0	-2.28026	0	20	20
0.0082937	0.00113803	1732.98	255.768	0.0896893	477.993	236.707	1.78548	1.61661	615	0	-2.21932	0	20	20
0.00829508	0.00112886	1718.69	255.663	0.0772089	467.241	232.79	1.78459	1.61661	615	0	-2.15909	0	20	20
0.00829657	0.00111973	1704.49	255.549	0.0664636	456.562	228.868	1.78363	1.61661	615	0	-2.09959	0	20	20
0.00829817	0.00111065	1690.4	255.425	0.0572127	445.96	224.945	1.78259	1.61661	615	0	-2.04083	0	20	20
0.0082999	0.00110162	1676.41	255.29	0.0492485	435.439	221.023	1.78148	1.61661	615	0	-1.98284	0	20	20
0.00830174	0.00109263	1662.54	255.142	0.0423924	425.004	217.104	1.7803	1.61661	615	0	-1.92562	0	20	20
0.0083037	0.00108371	1648.78	254.982	0.0364903	414.658	213.191	1.77904	1.61661	615	0	-1.86919	0	20	20
0.00830579	0.00107485	1635.16	254.807	0.0314096	404.407	209.286	1.77769	1.61661	615	0	-1.81357	0	20	20
0.00830801	0.00106606	1621.66	254.616	0.027036	394.252	205.39	1.77627	1.61661	615	0	-1.75876	0	20	20
0.00831035	0.00105733	1608.31	254.409	0.0232712	384.2	201.507	1.77477	1.61661	615	0	-1.70479	0	20	20
0.00831283	0.00104868	1595.1	254.183	0.0200306	374.253	197.639	1.77318	1.61661	615	0	-1.65165	0	20	20
0.00831544	0.00104011	1582.03	253.936	0.0172411	364.416	193.787	1.77151	1.61661	615	0	-1.59937	0	20	20
0.00831818	0.00103162	1569.12	253.668	0.01484	354.693	189.955	1.76976	1.61661	615	0	-1.54795	0	20	20
0.00832106	0.00102322	1556.37	253.377	0.0127733	345.086	186.143	1.76793	1.61661	615	0	-1.49739	0	20	20
0.00832407	0.0010149	1543.78	253.059	0.0109943	335.601	182.355	1.76601	1.61661	615	0	-1.44771	0	20	20
0.00832721	0.00100668	1531.37	252.714	0.00946308	326.241	178.592	1.76401	1.61661	615	0	-1.39891	0	20	20
0.00833049	0.000998561	1519.12	252.338	0.00814509	317.009	174.856	1.76193	1.61661	615	0	-1.35099	0	20	20
0.0083339	0.000990539	1507.05	251.929	0.00701065	307.91	171.15	1.75977	1.61661	615	0	-1.30396	0	20	20
0.00833743	0.000982621	1495.17	251.485	0.0060342	298.946	167.475	1.75753	1.61661	615	0	-1.25783	0	20	20
0.0083411	0.000974811	1483.46	251.002	0.00519374	290.123	163.835	1.75522	1.61661	615	0	-1.21259	0	20	20
0.00834488	0.000967111	1471.95	250.478	0.00447034	281.442	160.229	1.75283	1.61661	615	0	-1.16824	0	20	20
0.00834879	0.000959525	1460.63	249.908	0.00384768	272.908	156.661	1.75037	1.61661	615	0	-1.12479	0	20	20
0.0083528	0.000952056	1449.49	249.29	0.00331176	264.525	153.133	1.74785	1.61661	615	0	-1.08223	0	20	20
0.00835691	0.000944707	1438.56	248.618	0.00285047	256.295	149.646	1.74527	1.61661	615	0	-1.04057	0	20	20
0.00836112	0.000937481	1427.82	247.89	0.00245344	248.222	146.203	1.74264	1.61661	615	0	-0.999798	0	20	20
0.00836541	0.00093038	1417.28	247.101	0.0021117	240.311	142.806	1.73995	1.61661	615	0	-0.959922	0	20	20
0.00836978	0.000923408	1406.94	246.245	0.00181757	232.564	139.455	1.73723	1.61661	615	0	-0.920936	0	20	20
0.0083742	0.000916567	1396.8	245.318	0.0015644	224.985	136.154	1.73448	1.61661	615	0	-0.882839	0	20	20
0.00837867	0.00090986	1386.87	244.315	0.00134649	217.577	132.905	1.73171	1.61661	615	0	-0.84563	0	20	20
0.00838315	0.000903289	1377.14	243.231	0.00115894	210.346	129.709	1.72893	1.61661	615	0	-0.809306	0	20	20
0.00838765	0.000896859	1367.61	242.058	0.000997512	203.295	126.569	1.72615	1.61661	615	0	-0.773868	0	20	20
0.00839212	0.00089057	1358.28	240.792	0.000858568	196.427	123.486	1.72339	1.61661	615	0	-0.739316	0	20	20
0.00839655	0.000884428	1349.16	239.426	0.000738977	189.748	120.463	1.72067	1.61661	615	0	-0.705651	0	20	20
0.00840091	0.000878434	1340.24	237.953	0.000636045	183.263	117.503	1.71799	1.61661	615	0	-0.672877	0	20	20
0.00840516	0.000872593	1331.52	236.367	0.000547449	176.975	114.607	1.71539	1.61661	615	0	-0.640997	0	20	20
0.00840927	0.00086691	1323.01	234.661	0.000471194	170.892	111.778	1.71287	1.61661	615	0	-0.610019	0	20	20
0.00841321	0.000861384	1314.69	232.828	0.000405561	165.014	109.019	1.71047	1.61661	615	0	-0.579934	0	20	20
0.00841694	0.00085601	1306.57	230.86	0.00034907	159.338	106.327	1.70819	1.61661	615	0	-0.550707	0	20	20
0.00842046	0.000850781	1298.61	228.751	0.000300448	153.858	103.702	1.70605	1.61661	615	0	-0.52229	0	20	20
0.00842375	0.000845686	1290.81	226.494	0.000258598	148.566	101.141	1.70406	1.61661	615	0	-0.49464	0	20	20
0.00842679	0.000840719	1283.15	224.082	0.000222577	143.456	98.6441	1.70221	1.61661	615	0	-0.467716	0	20	20
0.00842956	0.00083587	1275.61	221.509	0.000191574	138.522	96.2086	1.70053	1.61661	615	0	-0.441486	0	20	20
0.00843205	0.000831133	1268.18	218.768	0.000164889	133.758	93.8332	1.69903	1.61661	615	0	-0.415917	0	20	20
0.00843425	0.000826499	1260.85	215.855	0.000141922	129.157	91.5165	1.6977	1.61661	615	0	-0.390984	0	20	20
0.00843615	0.000821962	1253.6	212.764	0.000122153	124.715	89.2569	1.69655	1.61661	615	0	-0.366667	0	20	20
0.00843774	0.000817515	1246.42	209.492	0.000105138	120.425	87.0531	1.69559	1.61661	615	0	-0.342949	0	20	20
0.00843901	0.000813151	1239.3	206.035	9.04933e-05	116.283	84.9038	1.69483	1.61661	615	0	-0.319819	0	20	20
0.00843996	0.000808863	1232.22	202.392	7.78883e-05	112.284	82.8075	1.69426	1.61661	615	0	-0.297269	0	20	20
0.00844059	0.000804648	1225.2	198.562	6.70391e-05	108.422	80.763	1.69388	1.61661	615	0	-0.275298	0	20	20
0.00844091	0.000800498	1218.2	194.546	5.77011e-05	104.693	78.7689	1.69368	1.61661	615	0	-0.253907	0	20	20
0.00844093	0.000796409	1211.24	190.346	4.96638e-05	101.092	76.8241	1.69367	1.61661	615	0	-0.233104	0	20	20
0.00844066	0.000792378	1204.31	185.967	4.2746e-05	97.6148	74.9273	1.69383	1.61661	615	0	-0.212897	0	20	20
0.00844013	0.0007884	1197.4	181.413	3.67919e-05	94.2574	73.0774	1.69415	1.61661	615	0	-0.193301	0	20	20
0.00843937	0.000784473	1190.51	176.694	3.1667e-05	91.0154	71.2731	1.69461	1.61661	615	0	-0.17433	0	20	20
0.00843841	0.000780593	1183.66	171.818	2.72561e-05	87.885	69.5133	1.69519	1.61661	615	0	-0.156004	0	20	20
0.00843729	0.000776758	1176.84	166.796	2.34595e-05	84.8622	67.7971	1.69587	1.61661	615	0	-0.13834	0	20	20
0.00843606	0.000772967	1170.05	161.643	2.01918e-05	81.9434	66.1231	1.69661	1.61661	615	0	-0.121358	0	20	20
0.00843477	0.000769219	1163.31	156.373	1.73792e-05	79.125	64.4906	1.69738	1.61661	615	0	-0.105078	0	20	20
0.00843349	0.000765513	1156.63	151.002	1.49585e-05	76.4035	62.8983	1.69816	1.61661	615	0	-0.0895164	0	20	20
0.00843228	0.000761848	1150.01	145.549	1.28749e-05	73.7757	61.3453	1.69889	1.61661	615	0	-0.0746892	0	20	20
0.00843122	0.000758226	1143.47	140.032	1.10815e-05	71.2382	59.8307	1.69953	1.61661	615	0	-0.0606088	0	20	20
0.00843038	0.000754647	1137.02	134.472	9.53793e-06	68.788	58.3535	1.70004	1.61661	615	0	-0.047284	0	20	20
0.00842257	0.000751709	1130.68	128.89	8.20938e-06	66.422	56.9127	1.70477	1.61661	615	0	-0.0316018	0	20	20
0.00841121	0.000749141	1124.48	123.305	7.06588e-06	64.1375	55.5075	1.71169	1.61661	615	0	-0.0156498	0	20	20
0.00840142	0.00074653	1118.41	117.74	6.08166e-06	61.9315	54.137	1.71768	1.61661	615	0	-0.00158111	0	20	20
0.00839348	0.000743859	1112.5	112.216	5.23453e-06	59.8014	52.8004	1.72256	1.61661	615	0	0.0107458	0	20	20
0.00838763	0.000741114	1106.76	106.751	4.5054e-06	57.7446	51.4968	1.72616	1.61661	615	0	0.021478	0	20	20
0.00838411	0.000738284	1101.19	101.367	3.87783e-06	55.7585	50.2253	1.72834	1.61661	615	0	0.0307662	0	20	20
0.00838309	0.000735361	1095.81	96.0801	3.33768e-06	53.8407	48.9852	1.72897	1.61661	615	0	0.0387621	0	20	20
0.00838471	0.000732342	1090.63	90.9079	2.87277e-06	51.9888	47.7758	1.72797	1.61661	615	0	0.0456159	0	20	20
0.00838903	0.000729229	1085.65	85.8656	2.47262e-06	50.2007	46.5962	1.7253	1.61661	615	0	0.0514747	0	20	20
0.00839603	0.000726031	1080.88	80.9665	2.1282e-06	48.4741	45.4457	1.72099	1.61661	615	0	0.0564804	0	20	20
0.0084056	0.000722762	1076.34	76.2224	1.83176e-06	46.8068	44.3237	1.71511	1.61661	615	0	0.0607675	0	20	20
0.00841759	0.00071944	1072.03	71.6431	1.57661e-06	45.1969	43.2293	1.7078	1.61661	615	0	0.0644616	0	20	20
0.00843175	0.00071609	1067.94	67.2365	1.357e-06	43.6424	42.162	1.69921	1.61661	615	0	0.0676776	0	20	20
0.00844781	0.000712737	1064.09	63.0088	1.16798e-06	42.1413	41.121	1.68954	1.61661	615	0	0.0705183	0	20	20
0.00846546	0.000709406	1060.47	58.9643	1.00529e-06	40.6919	40.1057	1.67899	1.61661	615	0	0.0730736	0	20	20
0.00848425	0.000706245	1057.27	55.1056	8.65262e-07	39.2923	39.1155	1.66786	1.61661	615	0	0.0754264	0	20	20
0.00850367	0.000703455	1054.71	51.4339	7.44738e-07	37.9409	38.1497	1.65646	1.61661	615	0	0.0776611	0	20	20
0.00852328	0.000701112	1052.89	47.9486	6.41002e-07	36.6359	37.2078	1.64505	1.61661	615	0	0.0798481	0	20	20
0.0085428	0.000699222	1051.77	44.6482	5.51715e-07	35.3758	36.2891	1.6338	1.61661	615	0	0.0820364	0	20	20
0.008562	0.000697786	1051.34	41.5299	4.74866e-07	34.1591	35.3932	1.62284	1.61661	615	0	0.084259	0	20	20
0.00858071	0.000696795	1051.56	38.5897	4.08721e-07	32.9842	34.5193	1.61224	1.61661	615	0	0.0865359	0	20	20
0.00859883	0.000696235	1052.4	35.8231	3.51789e-07	31.8497	33.667	1.60207	1.61661	615	0	0.0888771	0	20	20
0.00861627	0.000696089	1053.83	33.2246	3.02788e-07	30.7543	32.8358	1.59236	1.61661	615	0	0.0912858	0	20	20
0.008633	0.000696336	1055.82	30.7884	2.60612e-07	29.6965	32.0251	1.58312	1.61661	615	0	0.0937599	0	20	20
0.008649	0.000696954	1058.33	28.5081	2.24311e-07	28.6751	31.2344	1.57435	1.61661	615	0	0.0962946	0	20	20
0.00866426	0.000697922	1061.33	26.3769	1.93066e-07	27.6888	30.4632	1.56605	1.61661	615	0	0.0988829	0	20	20
0.0086788	0.000699215	1064.78	24.3881	1.66173e-07	26.7365	29.711	1.55819	1.61661	615	0	0.101517	0	20	20
0.00869264	0.000700813	1068.66	22.5345	1.43027e-07	25.8169	28.9775	1.55076	1.61661	615	0	0.104188	0	20	20
0.0087058	0.000702692	1072.93	20.8092	1.23104e-07	24.9289	28.262	1.54374	1.61661	615	0	0.10689	0	20	20
0.00871831	0.000704832	1077.56	19.2052	1.05957e-07	24.0715	27.5642	1.5371	1.61661	615	0	0.109612	0	20	20
0.00873019	0.000707213	1082.53	17.7156	9.11979e-08	23.2436	26.8837	1.53084	1.61661	615	0	0.112349	0	20	20
0.00874148	0.000709816	1087.8	16.3335	7.84948e-08	22.4441	26.2199	1.52492	1.61661	615	0	0.115094	0	20	20
0.00875219	0.000712622	1093.36	15.0525	6.75611e-08	21.6722	25.5725	1.51932	1.61661	615	0	0.117841	0	20	20
0.00876236	0.000715614	1099.17	13.8662	5.81504e-08	20.9268	24.9411	1.51404	1.61661	615	0	0.120583	0	20	20
0.00877201	0.000718776	1105.21	12.7684	5.00505e-08	20.207	24.3253	1.50905	1.61661	615	0	0.123316	0	20	20
0.00878117	0.000722094	1111.47	11.7534	4.30789e-08	19.512	23.7247	1.50433	1.61661	615	0	0.126035	0	20	20
0.00878986	0.000725551	1117.92	10.8154	3.70783e-08	18.8409	23.139	1.49987	1.61661	615	0	0.128737	0	20	20
0.00879811	0.000729136	1124.54	9.94928	3.19136e-08	18.1929	22.5677	1.49566	1.61661	615	0	0.131416	0	20	20
0.00880593	0.000732834	1131.31	9.14994	2.74683e-08	17.5671	22.0105	1.49168	1.61661	615	0	0.13407	0	20	20
0.00881335	0.000736635	1138.22	8.41262	2.36422e-08	16.9629	21.467	1.48791	1.61661	615	0	0.136697	0	20	20
0.00882039	0.000740528	1145.24	7.73287	2.0349e-08	16.3795	20.937	1.48435	1.61661	615	0	0.139292	0	20	20
0.00882706	0.000744501	1152.37	7.10647	1.75146e-08	15.8161	20.4201	1.48099	1.61661	615	0	0.141855	0	20	20
0.00883339	0.000748545	1159.59	6.52948	1.50749e-08	15.2721	19.9159	1.47781	1.61661	615	0	0.144382	0	20	20
0.00883939	0.000752651	1166.89	5.99821	1.29751e-08	14.7468	19.4242	1.4748	1.61661	615	0	0.146872	0	20	20
0.00884508	0.000756811	1174.25	5.50922	1.11678e-08	14.2396	18.9446	1.47196	1.61661	615	0	0.149324	0	20	20
0.00885047	0.000761016	1181.66	5.05929	9.61219e-09	13.7499	18.4769	1.46927	1.61661	615	0	0.151735	0	20	20
0.00885559	0.000765259	1189.12	4.64543	8.27329e-09	13.2769	18.0207	1.46672	1.61661	615	0	0.154106	0	20	20
0.00886044	0.000769533	1196.61	4.26485	7.12089e-09	12.8203	17.5757	1.46432	1.61661	615	0	0.156435	0	20	20
0.00886504	0.000773832	1204.11	3.91496	6.129e-09	12.3793	17.1418	1.46204	1.61661	615	0	0.158721	0	20	20
0.0088694	0.00077815	1211.63	3.59337	5.27528e-09	11.9536	16.7185	1.45988	1.61661	615	0	0.160964	0	20	20
0.00887353	0.00078248	1219.16	3.29785	4.54048e-09	11.5424	16.3058	1.45784	1.61661	615	0	0.163163	0	20	20
0.00887746	0.000786819	1226.68	3.02635	3.90803e-09	11.1454	15.9032	1.45591	1.61661	615	0	0.165318	0	20	20
0.00888118	0.00079116	1234.2	2.77695	3.36367e-09	10.7621	15.5105	1.45408	1.61661	615	0	0.167428	0	20	20
0.00888471	0.0007955	1241.69	2.5479	2.89514e-09	10.3919	15.1276	1.45235	1.61661	615	0	0.169494	0	20	20
0.00888805	0.000799835	1249.17	2.33757	2.49187e-09	10.0345	14.7541	1.45071	1.61661	615	0	0.171516	0	20	20
0.00889123	0.00080416	1256.61	2.14445	2.14477e-09	9.68937	14.3898	1.44915	1.61661	615	0	0.173494	0	20	20
0.00889425	0.000808472	1264.03	1.96717	1.84602e-09	9.3561	14.0345	1.44768	1.61661	615	0	0.175428	0	20	20
0.00889711	0.000812768	1271.4	1.80443	1.58888e-09	9.0343	13.688	1.44628	1.61661	615	0	0.177319	0	20	20
0.00889983	0.000817045	1278.74	1.65508	1.36757e-09	8.72357	13.35	1.44496	1.61661	615	0	0.179165	0	20	20
0.00890241	0.0008213	1286.03	1.51801	1.17707e-09	8.42353	13.0204	1.4437	1.61661	615	0	0.18097	0	20	20
0.00890486	0.00082553	1293.26	1.39223	1.01312e-09	8.13381	12.6989	1.44251	1.61661	615	0	0.182731	0	20	20
0.0089072	0.000829733	1300.45	1.27682	8.71998e-10	7.85405	12.3854	1.44137	1.61661	615	0	0.184451	0	20	20
0.00890942	0.000833908	1307.58	1.17093	7.50536e-10	7.58391	12.0796	1.4403	1.61661	615	0	0.18613	0	20	20
0.00891153	0.000838051	1314.65	1.07379	6.45992e-10	7.32307	11.7814	1.43928	1.61661	615	0	0.187768	0	20	20
0.00891353	0.000842161	1321.66	0.984679	5.56011e-10	7.07119	11.4905	1.4383	1.61661	615	0	0.189365	0	20	20
0.00891545	0.000846238	1328.61	0.902934	4.78563e-10	6.82798	11.2068	1.43738	1.61661	615	0	0.190924	0	20	20
0.00891727	0.000850278	1335.49	0.827954	4.11903e-10	6.59314	10.9301	1.4365	1.61661	615	0	0.192443	0	20	20
0.008919	0.000854281	1342.3	0.759182	3.54528e-10	6.36637	10.6602	1.43566	1.61661	615	0	0.193925	0	20	20
0.00892066	0.000858245	1349.04	0.696106	3.05145e-10	6.1474	10.397	1.43486	1.61661	615	0	0.195369	0	20	20
0.00892224	0.000862171	1355.72	0.638258	2.62641e-10	5.93596	10.1403	1.4341	1.61661	615	0	0.196777	0	20	20
0.00892375	0.000866055	1362.32	0.585207	2.26057e-10	5.7318	9.88995	1.43337	1.61661	615	0	0.198149	0	20	20
0.0089252	0.000869898	1368.85	0.536555	1.94569e-10	5.53465	9.64576	1.43267	1.61661	615	0	0.199486	0	20	20
0.00892658	0.0008737	1375.31	0.491941	1.67467e-10	5.34429	9.40761	1.43201	1.61661	615	0	0.200788	0	20	20
0.0089279	0.000877458	1381.69	0.45103	1.4414e-10	5.16048	9.17533	1.43137	1.61661	615	0	0.202057	0	20	20
0.00892917	0.000881174	1388	0.413515	1.24063e-10	4.98298	8.94879	1.43076	1.61661	615	0	0.203293	0	20	20
0.00893038	0.000884845	1394.23	0.379116	1.06782e-10	4.8116	8.72785	1.43018	1.61661	615	0	0.204497	0	20	20
0.00893155	0.000888473	1400.39	0.347575	9.1908e-11	4.6461	8.51236	1.42962	1.61661	615	0	0.20567	0	20	20
0.00893268	0.000892056	1406.47	0.318655	7.91059e-11	4.4863	8.30219	1.42908	1.61661	615	0	0.206812	0	20	20
0.00893376	0.000895594	1412.47	0.292138	6.80871e-11	4.332	8.0972	1.42856	1.61661	615	0	0.207924	0	20	20
0.0089348	0.000899087	1418.4	0.267826	5.86031e-11	4.183	7.89728	1.42806	1.61661	615	0	0.209007	0	20	20
0.0089358	0.000902536	1424.25	0.245535	5.04402e-11	4.03913	7.7023	1.42758	1.61661	615	0	0.210062	0	20	20
0.00893677	0.000905939	1430.02	0.225098	4.34142e-11	3.9002	7.51213	1.42711	1.61661	615	0	0.211089	0	20	20
0.00893771	0.000909297	1435.72	0.20636	3.7367e-11	3.76606	7.32665	1.42666	1.61661	615	0	0.212089	0	20	20
0.00893862	0.00091261	1441.34	0.189181	3.21621e-11	3.63653	7.14576	1.42623	1.61661	615	0	0.213063	0	20	20
0.0089395	0.000915878	1446.89	0.173431	2.76821e-11	3.51145	6.96933	1.4258	1.61661	615	0	0.214011	0	20	20
0.00894036	0.000919101	1452.36	0.158992	2.38262e-11	3.39067	6.79725	1.42539	1.61661	615	0	0.214934	0	20	20
0.00894119	0.00092228	1457.76	0.145754	2.05074e-11	3.27405	6.62943	1.425	1.61661	615	0	0.215833	0	20	20
0.008942	0.000925414	1463.08	0.133617	1.76509e-11	3.16144	6.46575	1.42461	1.61661	615	0	0.216708	0	20	20
0.00894279	0.000928503	1468.33	0.122491	1.51923e-11	3.05271	6.30611	1.42423	1.61661	615	0	0.217561	0	20	20
0.00894357	0.000931548	1473.5	0.112291	1.30761e-11	2.94771	6.15041	1.42386	1.61661	615	0	0.218391	0	20	20
0.00894432	0.00093455	1478.6	0.10294	1.12547e-11	2.84633	5.99856	1.4235	1.61661	615	0	0.219199	0	20	20
0.00894506	0.000937508	1483.63	0.0943671	9.68703e-12	2.74843	5.85045	1.42315	1.61661	615	0	0.219987	0	20	20
0.00894579	0.000940422	1488.58	0.0865081	8.3377e-12	2.6539	5.706	1.4228	1.61661	615	0	0.220753	0	20	20
0.0089465	0.000943294	1493.47	0.0793034	7.17633e-12	2.56262	5.56512	1.42246	1.61661	615	0	0.2215	0	20	20
0.0089472	0.000946123	1498.28	0.0726986	6.17672e-12	2.47448	5.42772	1.42213	1.61661	615	0	0.222227	0	20	20
0.00894789	0.000948911	1503.03	0.0666437	5.31635e-12	2.38937	5.29371	1.4218	1.61661	615	0	0.222936	0	20	20
0.00894857	0.000951656	1507.71	0.061093	4.57583e-12	2.30719	5.163	1.42147	1.61661	615	0	0.223626	0	20	20
0.00894925	0.000954361	1512.32	0.0560045	3.93845e-12	2.22783	5.03553	1.42115	1.61661	615	0	0.224299	0	20	20
0.00894991	0.000957024	1516.86	0.0513398	3.38986e-12	2.15121	4.9112	1.42083	1.61661	615	0	0.224954	0	20	20
0.00895057	0.000959647	1521.33	0.0470635	2.91768e-12	2.07722	4.78994	1.42052	1.61661	615	0	0.225592	0	20	20
0.00895123	0.00096223	1525.74	0.0431433	2.51127e-12	2.00577	4.67168	1.42021	1.61661	615	0	0.226214	0	20	20
0.00895187	0.000964774	1530.09	0.0395496	2.16147e-12	1.93678	4.55634	1.4199	1.61661	615	0	0.22682	0	20	20
0.00895252	0.000967279	1534.37	0.0362552	1.86039e-12	1.87017	4.44384	1.41959	1.61661	615	0	0.227411	0	20	20
0.00895316	0.000969745	1538.58	0.0332352	1.60125e-12	1.80585	4.33412	1.41929	1.61661	615	0	0.227987	0	20	20
0.0089538	0.000972174	1542.74	0.0304668	1.37821e-12	1.74373	4.22711	1.41899	1.61661	615	0	0.228549	0	20	20
0.00895443	0.000974565	1546.83	0.0279289	1.18624e-12	1.68376	4.12274	1.41868	1.61661	615	0	0.229096	0	20	20
0.00895507	0.000976918	1550.86	0.0256024	1.02101e-12	1.62585	4.02095	1.41838	1.61661	615	0	0.22963	0	20	20
0.0089557	0.000979236	1554.84	0.0234697	8.78787e-13	1.56993	3.92167	1.41808	1.61661	615	0	0.230151	0	20	20
0.00895633	0.000981517	1558.75	0.0215146	7.56379e-13	1.51593	3.82485	1.41778	1.61661	615	0	0.230659	0	20	20
0.00895696	0.000983763	1562.61	0.0197224	6.51022e-13	1.46379	3.73041	1.41748	1.61661	615	0	0.231154	0	20	20
0.0089576	0.000985975	1566.41	0.0180794	5.60339e-13	1.41344	3.63831	1.41718	1.61661	615	0	0.231637	0	20	20
0.00895823	0.000988151	1570.15	0.0165733	4.82289e-13	1.36483	3.54848	1.41688	1.61661	615	0	0.232109	0	20	20
0.00895886	0.000990294	1573.84	0.0151927	4.1511e-13	1.31789	3.46087	1.41658	1.61661	615	0	0.232569	0	20	20
0.0089595	0.000992404	1577.48	0.0139271	3.57288e-13	1.27256	3.37542	1.41628	1.61661	615	0	0.233018	0	20	20
0.00896014	0.00099448	1581.06	0.0127669	3.07521e-13	1.22879	3.29208	1.41598	1.61661	615	0	0.233457	0	20	20
0.00896078	0.000996525	1584.59	0.0117033	2.64686e-13	1.18653	3.2108	1.41567	1.61661	615	0	0.233885	0	20	20
0.00896142	0.000998537	1588.06	0.0107284	2.27817e-13	1.14572	3.13152	1.41537	1.61661	615	0	0.234304	0	20	20
0.00896206	0.00100052	1591.49	0.00983465	1.96084e-13	1.10631	3.0542	1.41506	1.61661	615	0	0.234712	0	20	20
0.00896271	0.00100247	1594.87	0.00901536	1.68771e-13	1.06826	2.97879	1.41476	1.61661	615	0	0.235111	0	20	20
0.00896336	0.00100439	1598.19	0.00826432	1.45263e-13	1.03152	2.90525	1.41445	1.61661	615	0	0.235501	0	20	20
0.00896401	0.00100628	1601.47	0.00757585	1.25029e-13	0.996037	2.83352	1.41414	1.61661	615	0	0.235882	0	20	20
0.00896467	0.00100814	1604.7	0.00694473	1.07613e-13	0.961779	2.76356	1.41383	1.61661	615	0	0.236254	0	20	20
0.00896533	0.00100997	1607.89	0.00636619	9.26235e-14	0.928699	2.69532	1.41352	1.61661	615	0	0.236619	0	20	20
0.00896599	0.00101178	1611.02	0.00583584	7.97218e-14	0.896756	2.62878	1.4132	1.61661	615	0	0.236975	0	20	20
0.00896666	0.00101355	1614.12	0.00534967	6.86172e-14	0.865913	2.56387	1.41289	1.61661	615	0	0.237323	0	20	20
0.00896733	0.0010153	1617.17	0.004904	5.90593e-14	0.83613	2.50057	1.41257	1.61661	615	0	0.237664	0	20	20
0.00896801	0.00101703	1620.17	0.00449546	5.08329e-14	0.807372	2.43883	1.41225	1.61661	615	0	0.237997	0	20	20
0.00896869	0.00101872	1623.14	0.00412095	4.37522e-14	0.779603	2.37862	1.41193	1.61661	615	0	0.238323	0	20	20
0.00896937	0.00102039	1626.06	0.00377764	3.76579e-14	0.752788	2.31989	1.41161	1.61661	615	0	0.238642	0	20	20
0.00897006	0.00102204	1628.94	0.00346294	3.24125e-14	0.726897	2.26261	1.41128	1.61661	615	0	0.238955	0	20	20
0.00897075	0.00102366	1631.78	0.00317445	2.78977e-14	0.701895	2.20675	1.41096	1.61661	615	0	0.239261	0	20	20
0.00897145	0.00102525	1634.58	0.00290999	2.40117e-14	0.677754	2.15226	1.41063	1.61661	615	0	0.239561	0	20	20
0.00897215	0.00102683	1637.35	0.00266756	2.06671e-14	0.654443	2.09912	1.4103	1.61661	615	0	0.239854	0	20	20
0.00897285	0.00102837	1640.07	0.00244533	1.77883e-14	0.631934	2.04729	1.40997	1.61661	615	0	0.240142	0	20	20
0.00897356	0.0010299	1642.76	0.00224161	1.53106e-14	0.610198	1.99675	1.40963	1.61661	615	0	0.240424	0	20	20
0.00897427	0.0010314	1645.41	0.00205487	1.31779e-14	0.589211	1.94745	1.4093	1.61661	615	0	0.240701	0	20	20
0.00897499	0.00103288	1648.02	0.00188368	1.13423e-14	0.568945	1.89936	1.40896	1.61661	615	0	0.240972	0	20	20
0.00897571	0.00103435	1650.61	0.00172675	9.76244e-15	0.549377	1.85247	1.40862	1.61661	615	0	0.241238	0	20	20
0.00897641	0.00103581	1653.19	0.0015829	8.40261e-15	0.530481	1.80673	1.40829	1.61661	615	0	0.2415	0	20	20
0.00897708	0.00103727	1655.77	0.00145103	7.2322e-15	0.512235	1.76212	1.40797	1.61661	615	0	0.241758	0	20	20
0.00897772	0.00103875	1658.37	0.00133015	6.22481e-15	0.494617	1.71862	1.40767	1.61661	615	0	0.242012	0	20	20
0.00897834	0.00104023	1660.97	0.00121933	5.35774e-15	0.477605	1.67618	1.40738	1.61661	615	0	0.242263	0	20	20
0.00897893	0.00104172	1663.58	0.00111775	4.61145e-15	0.461178	1.6348	1.40711	1.61661	615	0	0.24251	0	20	20
0.00897949	0.00104321	1666.2	0.00102463	3.96911e-15	0.445316	1.59443	1.40684	1.61661	615	0	0.242754	0	20	20
0.00898002	0.00104471	1668.81	0.000939274	3.41625e-15	0.43	1.55507	1.40659	1.61661	615	0	0.242994	0	20	20
0.00898053	0.00104621	1671.44	0.000861024	2.94039e-15	0.41521	1.51667	1.40635	1.61661	615	0	0.243232	0	20	20
0.00898102	0.00104772	1674.07	0.000789293	2.53082e-15	0.400929	1.47923	1.40612	1.61661	615	0	0.243466	0	20	20
0.00898148	0.00104923	1676.7	0.000723538	2.1783e-15	0.387139	1.4427	1.40591	1.61661	615	0	0.243697	0	20	20
0.00898192	0.00105075	1679.33	0.000663261	1.87488e-15	0.373824	1.40708	1.4057	1.61661	615	0	0.243925	0	20	20
0.00898233	0.00105227	1681.97	0.000608005	1.61372e-15	0.360966	1.37234	1.40551	1.61661	615	0	0.24415	0	20	20
0.00898273	0.00105379	1684.61	0.000557353	1.38894e-15	0.348551	1.33846	1.40532	1.61661	615	0	0.244372	0	20	20
0.0089831	0.00105532	1687.24	0.00051092	1.19547e-15	0.336563	1.30541	1.40515	1.61661	615	0	0.244591	0	20	20
0.00898345	0.00105684	1689.88	0.000468356	1.02895e-15	0.324987	1.27318	1.40498	1.61661	615	0	0.244808	0	20	20
0.00898378	0.00105837	1692.52	0.000429338	8.85629e-16	0.313809	1.24175	1.40483	1.61661	615	0	0.245022	0	20	20
0.0089841	0.0010599	1695.16	0.00039357	7.62268e-16	0.303016	1.21109	1.40468	1.61661	615	0	0.245233	0	20	20
0.00898439	0.00106143	1697.8	0.000360782	6.5609e-16	0.292594	1.18119	1.40454	1.61661	615	0	0.245442	0	20	20
0.00898466	0.00106296	1700.44	0.000330726	5.64702e-16	0.28253	1.15202	1.40441	1.61661	615	0	0.245648	0	20	20
0.00898492	0.0010645	1703.07	0.000303173	4.86043e-16	0.272812	1.12358	1.40429	1.61661	615	0	0.245852	0	20	20
0.00898516	0.00106603	1705.7	0.000277916	4.18342e-16	0.263429	1.09584	1.40418	1.61661	615	0	0.246053	0	20	20
0.00898538	0.00106756	1708.33	0.000254763	3.6007e-16	0.254369	1.06878	1.40407	1.61661	615	0	0.246252	0	20	20
0.00898559	0.00106909	1710.96	0.000233539	3.09915e-16	0.24562	1.04239	1.40398	1.61661	615	0	0.246449	0	20	20
0.00898578	0.00107062	1713.58	0.000214083	2.66746e-16	0.237172	1.01666	1.40389	1.61661	615	0	0.246643	0	20	20
0.00898596	0.00107215	1716.19	0.000196248	2.29591e-16	0.229014	0.991555	1.40381	1.61661	615	0	0.246836	0	20	20
0.00898612	0.00107368	1718.81	0.000179899	1.97611e-16	0.221137	0.967073	1.40373	1.61661	615	0	0.247026	0	20	20
0.00898626	0.00107521	1721.42	0.000164912	1.70085e-16	0.213531	0.943196	1.40366	1.61661	615	0	0.247214	0	20	20
0.00898639	0.00107673	1724.02	0.000151173	1.46393e-16	0.206187	0.919908	1.4036	1.61661	615	0	0.247399	0	20	20
0.00898651	0.00107825	1726.61	0.000138579	1.26002e-16	0.199095	0.897196	1.40355	1.61661	615	0	0.247583	0	20	20
0.00898661	0.00107977	1729.21	0.000127034	1.08451e-16	0.192248	0.875044	1.4035	1.61661	615	0	0.247765	0	20	20
0.0089867	0.00108129	1731.79	0.000116451	9.33446e-17	0.185635	0.853439	1.40346	1.61661	615	0	0.247945	0	20	20
0.00898678	0.00108281	1734.37	0.00010675	8.03424e-17	0.179251	0.832367	1.40342	1.61661	615	0	0.248123	0	20	20
0.00898685	0.00108432	1736.94	9.78563e-05	6.91514e-17	0.173085	0.811816	1.40339	1.61661	615	0	0.248299	0	20	20
0.0089869	0.00108583	1739.5	8.9704e-05	5.95191e-17	0.167132	0.791772	1.40336	1.61661	615	0	0.248473	0	20	20
0.00898694	0.00108733	1742.06	8.22308e-05	5.12286e-17	0.161384	0.772224	1.40334	1.61661	615	0	0.248645	0	20	20
0.00898697	0.00108883	1744.6	7.53802e-05	4.40929e-17	0.155833	0.753157	1.40333	1.61661	615	0	0.248815	0	20	20
0.00898699	0.00109033	1747.14	6.91004e-05	3.79511e-17	0.150473	0.734562	1.40332	1.61661	615	0	0.248984	0	20	20
0.008987	0.00109182	1749.67	6.33437e-05	3.26648e-17	0.145298	0.716425	1.40332	1.61661	615	0	0.249151	0	20	20
0.008987	0.00109331	1752.19	5.80666e-05	2.81149e-17	0.1403	0.698737	1.40332	1.61661	615	0	0.249316	0	20	20
0.00898699	0.00109479	1754.71	5.32291e-05	2.41987e-17	0.135475	0.681485	1.40332	1.61661	615	0	0.249479	0	20	20
0.00898697	0.00109627	1757.21	4.87946e-05	2.0828e-17	0.130815	0.664659	1.40333	1.61661	615	0	0.249641	0	20	20
0.00898694	0.00109774	1759.7	4.47296e-05	1.79268e-17	0.126316	0.648248	1.40335	1.61661	615	0	0.249801	0	20	20
0.0089869	0.00109921	1762.18	4.10032e-05	1.54298e-17	0.121971	0.632243	1.40337	1.61661	615	0	0.249959	0	20	20
0.00898685	0.00110068	1764.66	3.75873e-05	1.32805e-17	0.117776	0.616633	1.40339	1.61661	615	0	0.250116	0	20	20
0.00898679	0.00110213	1767.12	3.44559e-05	1.14306e-17	0.113725	0.601408	1.40341	1.61661	615	0	0.250271	0	20	20
0.00898673	0.00110359	1769.57	3.15854e-05	9.83845e-18	0.109814	0.586559	1.40344	1.61661	615	0	0.250425	0	20	20
0.00898666	0.00110503	1772.01	2.89541e-05	8.46803e-18	0.106037	0.572077	1.40348	1.61661	615	0	0.250577	0	20	20
0.00898658	0.00110647	1774.44	2.65419e-05	7.2885e-18	0.10239	0.557953	1.40352	1.61661	615	0	0.250727	0	20	20
0.00898649	0.00110791	1776.86	2.43307e-05	6.27327e-18	0.0988679	0.544177	1.40356	1.61661	615	0	0.250876	0	20	20
0.00898639	0.00110934	1779.27	2.23038e-05	5.39946e-18	0.0954673	0.530741	1.4036	1.61661	615	0	0.251023	0	20	20
0.00898629	0.00111076	1781.66	2.04457e-05	4.64735e-18	0.0921838	0.517637	1.40365	1.61661	615	0	0.251169	0	20	20
0.00898618	0.00111218	1784.05	1.87423e-05	4.00001e-18	0.0890132	0.504856	1.4037	1.61661	615	0	0.251314	0	20	20
0.00898607	0.00111359	1786.42	1.71809e-05	3.44284e-18	0.0859516	0.492391	1.40375	1.61661	615	0	0.251457	0	20	20
0.00898595	0.00111499	1788.78	1.57496e-05	2.96328e-18	0.0829953	0.480234	1.40381	1.61661	615	0	0.251598	0	20	20
0.00898582	0.00111639	1791.12	1.44375e-05	2.55052e-18	0.0801407	0.468377	1.40387	1.61661	615	0	0.251739	0	20	20
0.00898569	0.00111778	1793.46	1.32347e-05	2.19525e-18	0.0773843	0.456813	1.40393	1.61661	615	0	0.251877	0	20	20
0.00898555	0.00111916	1795.78	1.21322e-05	1.88947e-18	0.0747227	0.445534	1.404	1.61661	615	0	0.252015	0	20	20
0.0089854	0.00112053	1798.09	1.11214e-05	1.62628e-18	0.0721527	0.434534	1.40407	1.61661	615	0	0.252151	0	20	20
0.00898526	0.0011219	1800.39	1.01949e-05	1.39976e-18	0.069671	0.423805	1.40413	1.61661	615	0	0.252286	0	20	20
0.0089851	0.00112326	1802.67	9.3456e-06	1.20478e-18	0.0672747	0.413341	1.40421	1.61661	615	0	0.252419	0	20	20
0.00898494	0.00112462	1804.94	8.56702e-06	1.03696e-18	0.0649608	0.403136	1.40428	1.61661	615	0	0.252551	0	20	20
0.00898478	0.00112596	1807.2	7.85331e-06	8.92524e-19	0.0627265	0.393183	1.40436	1.61661	615	0	0.252682	0	20	20
0.00898461	0.0011273	1809.44	7.19906e-06	7.68203e-19	0.0605691	0.383475	1.40444	1.61661	615	0	0.252811	0	20	20
0.00898444	0.00112863	1811.67	6.59931e-06	6.61198e-19	0.0584858	0.374007	1.40452	1.61661	615	0	0.252939	0	20	20
0.00898426	0.00112995	1813.89	6.04953e-06	5.69098e-19	0.0564742	0.364773	1.4046	1.61661	615	0	0.253066	0	20	20
0.00898408	0.00113127	1816.09	5.54555e-06	4.89828e-19	0.0545318	0.355766	1.40468	1.61661	615	0	0.253191	0	20	20
0.0089839	0.00113258	1818.28	5.08355e-06	4.21598e-19	0.0526562	0.346982	1.40477	1.61661	615	0	0.253316	0	20	20
0.00898371	0.00113388	1820.45	4.66005e-06	3.62873e-19	0.0508451	0.338415	1.40486	1.61661	615	0	0.253439	0	20	20
0.00898352	0.00113517	1822.61	4.27182e-06	3.12328e-19	0.0490963	0.33006	1.40495	1.61661	615	0	0.253561	0	20	20
0.00898333	0.00113645	1824.76	3.91594e-06	2.68823e-19	0.0474077	0.321911	1.40504	1.61661	615	0	0.253681	0	20	20
0.00898313	0.00113773	1826.89	3.58971e-06	2.31378e-19	0.0457771	0.313963	1.40513	1.61661	615	0	0.253801	0	20	20
0.00898293	0.001139	1829.01	3.29065e-06	1.99149e-19	0.0442026	0.306211	1.40523	1.61661	615	0	0.253919	0	20	20
0.00898273	0.00114026	1831.12	3.01651e-06	1.71409e-19	0.0426823	0.298651	1.40532	1.61661	615	0	0.254036	0	20	20
0.00898252	0.00114151	1833.21	2.76521e-06	1.47533e-19	0.0412143	0.291277	1.40542	1.61661	615	0	0.254152	0	20	20
0.00898231	0.00114275	1835.28	2.53484e-06	1.26983e-19	0.0397967	0.284085	1.40552	1.61661	615	0	0.254266	0	20	20
0.0089821	0.00114399	1837.34	2.32366e-06	1.09295e-19	0.0384279	0.277071	1.40561	1.61661	615	0	0.25438	0	20	20
