0.0056895	
0.00391769	
0.00297418	
0.00256356	
0.00228073	
0.002046	
0.00182997	
0.00162679	
0.00145486	
0.00134109	
0.00129457	
0.00132723	
0.00142614	
0.00157292	
0.00176013	
0.0019878	
0.00226127	
0.00261879	
0.00304003	
0.00355078	
0.0041738	
0.00493552	
0.00586625	
0.00698846	
0.0083051	
0.00979142	
0.0114375	
0.0132382	
0.0151704	
0.0172152	
0.019328	
0.0214539	
0.0235628	
0.0255703	
0.0273756	
0.0288443	
0.0298371	
0.0302647	
0.030099	
0.0293899	
0.0282546	
0.0268451	
0.0253113	
0.0237749	
0.0223193	
0.0209911	
0.0198091	
0.0187736	
0.0178744	
0.0170966	
0.0164471	
0.0161582	
0.0158636	
0.015581	
0.015319	
0.0150804	
0.014865	
0.0146714	
0.0144973	
0.0143405	
0.0141988	
0.0140704	
0.0139537	
0.0138474	
0.0137501	
0.0136611	
0.0135794	
0.0135043	
0.0134352	
0.0133715	
0.0133128	
0.0132587	
0.0132087	
