0.0086302	0.000695708	1101	184.5	76.5	0	0	1.58467	1.61661	615	0	0.148781	0	20	20
0.00883832	0.000723156	1169.37	184.391	76.4694	49.8132	16.7868	1.47533	1.61661	615	0	-0.698008	0	20	20
0.00910698	0.000783765	1302.47	184.281	76.4339	146.077	49.553	1.34858	1.61661	615	0	-2.08746	0	20	20
0.00924564	0.000848225	1429.74	184.168	76.3927	239.149	81.5509	1.28881	1.61661	615	0	-3.1436	0	20	20
0.00930627	0.000914086	1551.14	184.054	76.3448	329.132	112.796	1.26379	1.61661	615	0	-3.97018	0	20	20
0.00932265	0.000980054	1667.51	183.937	76.2893	416.127	143.307	1.25714	1.61661	615	0	-4.63232	0	20	20
0.00931319	0.00104561	1779.71	183.818	76.2249	500.236	173.1	1.26097	1.61661	615	0	-5.17424	0	20	20
0.00928786	0.00111052	1888.33	183.698	76.1502	581.563	202.195	1.27132	1.61661	615	0	-5.62601	0	20	20
0.00925234	0.00117464	1993.7	183.575	76.0636	660.213	230.612	1.28601	1.61661	615	0	-6.00852	0	20	20
0.00921005	0.00123786	2096	183.45	75.9633	736.294	258.374	1.30381	1.61661	615	0	-6.3367	0	20	20
0.00916319	0.0013001	2195.35	183.323	75.847	809.917	285.504	1.32391	1.61661	615	0	-6.62155	0	20	20
0.0091132	0.00136133	2291.86	183.193	75.7124	881.198	312.029	1.34582	1.61661	615	0	-6.87132	0	20	20
0.00906107	0.00142154	2385.65	183.061	75.5566	950.255	337.976	1.36918	1.61661	615	0	-7.09248	0	20	20
0.00900748	0.00148074	2476.85	182.927	75.3764	1017.22	363.376	1.39377	1.61661	615	0	-7.29001	0	20	20
0.00895289	0.00153897	2565.6	182.791	75.1681	1082.21	388.263	1.41942	1.61661	615	0	-7.46787	0	20	20
0.00889763	0.0015963	2652.05	182.652	74.9275	1145.37	412.674	1.44603	1.61661	615	0	-7.62925	0	20	20
0.00884189	0.00165279	2736.38	182.511	74.6499	1206.86	436.648	1.47355	1.61661	615	0	-7.77675	0	20	20
0.00878579	0.00170854	2818.77	182.368	74.33	1266.81	460.228	1.50196	1.61661	615	0	-7.9125	0	20	20
0.00872941	0.00176367	2899.43	182.222	73.9617	1325.4	483.462	1.53125	1.61661	615	0	-8.0383	0	20	20
0.00867275	0.00181829	2978.55	182.073	73.5383	1382.8	506.4	1.56146	1.61661	615	0	-8.15568	0	20	20
0.00861577	0.00187254	3056.37	181.922	73.0526	1439.17	529.096	1.59264	1.61661	615	0	-8.26592	0	20	20
0.00855842	0.00192658	3133.11	181.768	72.4961	1494.72	551.606	1.62487	1.61661	615	0	-8.37015	0	20	20
0.00850062	0.00198055	3209.02	181.612	71.8602	1549.62	573.99	1.65825	1.61661	615	0	-8.46934	0	20	20
0.00844224	0.00203463	3284.34	181.453	71.1353	1604.08	596.31	1.69288	1.61661	615	0	-8.56434	0	20	20
0.00838319	0.00208899	3359.31	181.291	70.3111	1658.28	618.626	1.72891	1.61661	615	0	-8.6559	0	20	20
0.00832334	0.00214381	3434.17	181.127	69.3773	1712.42	640.999	1.76648	1.61661	615	0	-8.74464	0	20	20
0.00826256	0.00219923	3509.13	180.959	68.323	1766.65	663.485	1.80574	1.61661	615	0	-8.83112	0	20	20
0.00820076	0.00225543	3584.4	180.789	67.1377	1821.15	686.135	1.84687	1.61661	615	0	-8.9158	0	20	20
0.00813786	0.00231251	3660.11	180.616	65.8111	1876.02	708.989	1.89003	1.61661	615	0	-8.99904	0	20	20
0.0080738	0.00237057	3736.37	180.44	64.3342	1931.36	732.073	1.93538	1.61661	615	0	-9.0811	0	20	20
0.0080086	0.00242964	3813.21	180.261	62.6995	1987.18	755.398	1.98304	1.61661	615	0	-9.16214	0	20	20
0.0079423	0.00248971	3890.57	180.079	60.9015	2043.45	778.948	2.03311	1.61661	615	0	-9.24221	0	20	20
0.00787503	0.00255066	3968.3	179.894	58.9379	2100.06	802.687	2.08566	1.61661	615	0	-9.32123	0	20	20
0.00780701	0.00261232	4046.12	179.706	56.8097	2156.8	826.543	2.14065	1.61661	615	0	-9.39903	0	20	20
0.00773852	0.00267441	4123.64	179.514	54.5225	2213.37	850.418	2.19799	1.61661	615	0	-9.4753	0	20	20
0.00766994	0.00273652	4200.36	179.32	52.086	2269.4	874.175	2.25748	1.61661	615	0	-9.54964	0	20	20
0.00760174	0.00279818	4275.63	179.122	49.5151	2324.4	897.651	2.31879	1.61661	615	0	-9.62154	0	20	20
0.00753443	0.00285882	4348.73	178.921	46.8297	2377.81	920.651	2.38149	1.61661	615	0	-9.69044	0	20	20
0.00746862	0.00291777	4418.85	178.717	44.0538	2429.02	942.961	2.445	1.61661	615	0	-9.75571	0	20	20
0.0074049	0.00297436	4485.14	178.509	41.2153	2477.39	964.354	2.50866	1.61661	615	0	-9.81669	0	20	20
0.00734391	0.00302787	4546.76	178.297	38.3448	2522.26	984.6	2.57169	1.61661	615	0	-9.87275	0	20	20
0.00728622	0.00307759	4602.89	178.083	35.4743	2563.03	1003.48	2.63325	1.61661	615	0	-9.92329	0	20	20
0.00723239	0.00312289	4652.8	177.864	32.6358	2599.12	1020.78	2.69249	1.61661	615	0	-9.96778	0	20	20
0.00718286	0.00316322	4695.89	177.643	29.8599	2630.08	1036.34	2.74857	1.61661	615	0	-10.0058	0	20	20
0.00713801	0.00319811	4731.69	177.417	27.1745	2655.56	1050.02	2.80071	1.61661	615	0	-10.037	0	20	20
0.00709808	0.00322726	4759.91	177.188	24.6037	2675.32	1061.73	2.84825	1.61661	615	0	-10.0611	0	20	20
0.00706322	0.00325047	4780.4	176.955	22.1672	2689.28	1071.4	2.89063	1.61661	615	0	-10.0782	0	20	20
0.00703345	0.00326771	4793.21	176.718	19.8799	2697.45	1079.05	2.92748	1.61661	615	0	-10.0881	0	20	20
0.00700872	0.00327905	4798.52	176.478	17.7517	2699.97	1084.69	2.95859	1.61661	615	0	-10.091	0	20	20
0.00698885	0.00328468	4796.63	176.233	15.7881	2697.1	1088.39	2.98389	1.61661	615	0	-10.0871	0	20	20
0.00697324	0.003285	4787.96	175.985	13.9901	2689.15	1090.24	3.00398	1.61661	615	0	-10.0716	0	20	20
0.00696013	0.00328083	4773	175.733	12.3554	2676.48	1090.36	3.02098	1.61661	615	0	-10.0268	0	20	20
0.0069493	0.00327256	4752.31	175.476	10.8785	2659.51	1088.87	3.03513	1.61661	615	0	-9.95525	0	20	20
0.00694053	0.00326056	4726.44	175.216	9.55195	2638.68	1085.91	3.04665	1.61661	615	0	-9.85984	0	20	20
0.00693359	0.00324523	4695.97	174.951	8.36659	2614.4	1081.62	3.05581	1.61661	615	0	-9.74341	0	20	20
0.00692827	0.00322694	4661.44	174.683	7.31231	2587.11	1076.13	3.06285	1.61661	615	0	-9.60879	0	20	20
0.00692436	0.00320605	4623.38	174.41	6.37848	2557.21	1069.57	3.06803	1.61661	615	0	-9.45868	0	20	20
0.0069217	0.0031829	4582.28	174.132	5.55436	2525.07	1062.07	3.07158	1.61661	615	0	-9.2956	0	20	20
0.0069201	0.0031578	4538.59	173.851	4.8294	2491.05	1053.74	3.07371	1.61661	615	0	-9.12187	0	20	20
0.00691941	0.00313105	4492.71	173.565	4.19349	2455.45	1044.68	3.07462	1.61661	615	0	-8.93958	0	20	20
0.00691951	0.00310288	4445.02	173.274	3.63707	2418.55	1035	3.0745	1.61661	615	0	-8.7506	0	20	20
0.00692026	0.00307353	4395.85	172.979	3.15127	2380.62	1024.77	3.07349	1.61661	615	0	-8.55657	0	20	20
0.00692157	0.0030432	4345.46	172.68	2.72794	2341.86	1014.07	3.07175	1.61661	615	0	-8.35892	0	20	20
0.00692334	0.00301207	4294.12	172.376	2.35965	2302.47	1002.97	3.0694	1.61661	615	0	-8.15888	0	20	20
0.00692549	0.00298027	4242.04	172.067	2.03971	2262.61	991.533	3.06653	1.61661	615	0	-7.9575	0	20	20
0.00692797	0.00294796	4189.4	171.753	1.76213	2222.42	979.799	3.06325	1.61661	615	0	-7.75569	0	20	20
0.0069307	0.00291523	4136.37	171.435	1.52155	2182.03	967.818	3.05964	1.61661	615	0	-7.55418	0	20	20
0.00693364	0.00288218	4083.09	171.112	1.31324	2141.54	955.628	3.05574	1.61661	615	0	-7.3536	0	20	20
0.00693675	0.00284891	4029.66	170.784	1.13301	2101.04	943.262	3.05163	1.61661	615	0	-7.15447	0	20	20
0.00694	0.00281547	3976.18	170.451	0.977206	2060.59	930.75	3.04735	1.61661	615	0	-6.95723	0	20	20
0.00694336	0.00278192	3922.74	170.114	0.842585	2020.27	918.116	3.04292	1.61661	615	0	-6.76221	0	20	20
0.00694681	0.00274832	3869.41	169.771	0.726331	1980.11	905.381	3.03839	1.61661	615	0	-6.5697	0	20	20
0.00695034	0.0027147	3816.24	169.423	0.625985	1940.17	892.566	3.03377	1.61661	615	0	-6.37992	0	20	20
0.00695392	0.00268111	3763.29	169.07	0.539403	1900.47	879.685	3.02908	1.61661	615	0	-6.19306	0	20	20
0.00695755	0.00264756	3710.59	168.712	0.464724	1861.06	866.754	3.02434	1.61661	615	0	-6.00924	0	20	20
0.00696123	0.00261409	3658.19	168.348	0.400329	1821.94	853.785	3.01955	1.61661	615	0	-5.82859	0	20	20
0.00696494	0.00258072	3606.1	167.98	0.344818	1783.14	840.789	3.01472	1.61661	615	0	-5.65119	0	20	20
0.0069687	0.00254746	3554.36	167.606	0.296973	1744.68	827.777	3.00985	1.61661	615	0	-5.47708	0	20	20
0.00697249	0.00251433	3502.99	167.226	0.255745	1706.57	814.755	3.00494	1.61661	615	0	-5.30632	0	20	20
0.00697632	0.00248134	3452	166.841	0.220224	1668.82	801.734	2.99999	1.61661	615	0	-5.13893	0	20	20
0.0069802	0.0024485	3401.41	166.451	0.189625	1631.45	788.721	2.995	1.61661	615	0	-4.97493	0	20	20
0.00698408	0.00241584	3351.24	166.055	0.163268	1594.45	775.721	2.99002	1.61661	615	0	-4.81439	0	20	20
0.00698796	0.00238336	3301.5	165.654	0.140567	1557.83	762.741	2.98503	1.61661	615	0	-4.65732	0	20	20
0.00699186	0.00235107	3252.19	165.247	0.121018	1521.61	749.788	2.98004	1.61661	615	0	-4.50369	0	20	20
0.00699581	0.00231897	3203.34	164.835	0.104184	1485.78	736.868	2.97499	1.61661	615	0	-4.35345	0	20	20
0.00699983	0.00228707	3154.95	164.416	0.0896893	1450.36	723.984	2.96988	1.61661	615	0	-4.20658	0	20	20
0.00700389	0.00225538	3107.03	163.992	0.0772089	1415.34	711.144	2.96471	1.61661	615	0	-4.06308	0	20	20
0.00700803	0.0022239	3059.59	163.562	0.0664636	1380.73	698.351	2.95946	1.61661	615	0	-3.92292	0	20	20
0.00701225	0.00219263	3012.65	163.127	0.0572127	1346.53	685.611	2.95412	1.61661	615	0	-3.78607	0	20	20
0.00701657	0.00216159	2966.2	162.685	0.0492485	1312.76	672.93	2.94866	1.61661	615	0	-3.65251	0	20	20
0.007021	0.00213078	2920.26	162.238	0.0423924	1279.4	660.311	2.94309	1.61661	615	0	-3.5222	0	20	20
0.00702555	0.00210021	2874.85	161.785	0.0364903	1246.47	647.76	2.93737	1.61661	615	0	-3.39513	0	20	20
0.00703022	0.00206989	2829.96	161.325	0.0314096	1213.98	635.281	2.93152	1.61661	615	0	-3.27127	0	20	20
0.00703503	0.00203981	2785.61	160.86	0.027036	1181.92	622.88	2.92551	1.61661	615	0	-3.1506	0	20	20
0.00703998	0.00201001	2741.81	160.389	0.0232712	1150.3	610.561	2.91935	1.61661	615	0	-3.0331	0	20	20
0.00704509	0.00198047	2698.58	159.911	0.0200306	1119.13	598.33	2.913	1.61661	615	0	-2.91872	0	20	20
0.00705036	0.00195121	2655.91	159.428	0.0172411	1088.41	586.19	2.90648	1.61661	615	0	-2.80745	0	20	20
0.00705581	0.00192223	2613.83	158.938	0.01484	1058.15	574.147	2.89974	1.61661	615	0	-2.69925	0	20	20
0.00706146	0.00189355	2572.34	158.442	0.0127733	1028.36	562.206	2.89279	1.61661	615	0	-2.5941	0	20	20
0.00706729	0.00186519	2531.45	157.94	0.0109943	999.027	550.372	2.88564	1.61661	615	0	-2.49197	0	20	20
0.00707334	0.00183713	2491.19	157.431	0.00946308	970.174	538.649	2.87824	1.61661	615	0	-2.39282	0	20	20
0.0070796	0.0018094	2451.55	156.917	0.00814509	941.803	527.042	2.87061	1.61661	615	0	-2.29663	0	20	20
0.00708607	0.00178202	2412.55	156.396	0.00701065	913.92	515.557	2.86275	1.61661	615	0	-2.20338	0	20	20
0.00709278	0.00175498	2374.2	155.868	0.0060342	886.531	504.199	2.85464	1.61661	615	0	-2.11301	0	20	20
0.00709972	0.0017283	2336.52	155.335	0.00519374	859.644	492.971	2.84627	1.61661	615	0	-2.02551	0	20	20
0.0071069	0.00170199	2299.51	154.795	0.00447034	833.266	481.88	2.83766	1.61661	615	0	-1.94085	0	20	20
0.00711431	0.00167607	2263.19	154.249	0.00384768	807.402	470.929	2.8288	1.61661	615	0	-1.85898	0	20	20
0.00712196	0.00165055	2227.58	153.696	0.00331176	782.061	460.125	2.81969	1.61661	615	0	-1.77988	0	20	20
0.00712986	0.00162544	2192.68	153.137	0.00285047	757.249	449.471	2.81033	1.61661	615	0	-1.70351	0	20	20
0.00713799	0.00160075	2158.5	152.571	0.00245344	732.973	438.973	2.80073	1.61661	615	0	-1.62982	0	20	20
0.00714637	0.0015765	2125.06	151.999	0.0021117	709.24	428.636	2.7909	1.61661	615	0	-1.55879	0	20	20
0.00715495	0.0015527	2092.36	151.421	0.00181757	686.058	418.463	2.78086	1.61661	615	0	-1.49039	0	20	20
0.00716376	0.00152937	2060.43	150.836	0.0015644	663.433	408.461	2.77062	1.61661	615	0	-1.42456	0	20	20
0.00717277	0.00150651	2029.27	150.245	0.00134649	641.372	398.633	2.76019	1.61661	615	0	-1.36127	0	20	20
0.00718197	0.00148415	1998.9	149.647	0.00115894	619.883	388.984	2.7496	1.61661	615	0	-1.30049	0	20	20
0.00719134	0.0014623	1969.32	149.043	0.000997512	598.972	379.518	2.73887	1.61661	615	0	-1.24217	0	20	20
0.00720085	0.00144097	1940.54	148.432	0.000858568	578.646	370.242	2.72803	1.61661	615	0	-1.18626	0	20	20
0.00721047	0.00142018	1912.59	147.815	0.000738977	558.912	361.157	2.71713	1.61661	615	0	-1.13275	0	20	20
0.00722017	0.00139995	1885.45	147.192	0.000636045	539.776	352.27	2.70619	1.61661	615	0	-1.08157	0	20	20
0.00722991	0.00138028	1859.16	146.562	0.000547449	521.244	343.584	2.69526	1.61661	615	0	-1.03269	0	20	20
0.00723965	0.0013612	1833.7	145.926	0.000471194	503.322	335.103	2.6844	1.61661	615	0	-0.986076	0	20	20
0.00724936	0.00134271	1809.1	145.283	0.000405561	486.011	326.829	2.67363	1.61661	615	0	-0.94166	0	20	20
0.00725902	0.0013248	1785.31	144.634	0.00034907	469.295	318.76	2.66297	1.61661	615	0	-0.89935	0	20	20
0.00726864	0.00130746	1762.33	143.979	0.000300448	453.154	310.889	2.6524	1.61661	615	0	-0.859033	0	20	20
0.00727824	0.00129066	1740.13	143.317	0.000258598	437.567	303.213	2.64192	1.61661	615	0	-0.820606	0	20	20
0.00728782	0.00127439	1718.67	142.649	0.000222577	422.518	295.727	2.63152	1.61661	615	0	-0.78397	0	20	20
0.00729739	0.00125864	1697.93	141.975	0.000191574	407.985	288.426	2.62118	1.61661	615	0	-0.749032	0	20	20
0.00730696	0.00124337	1677.9	141.295	0.000164889	393.953	281.304	2.6109	1.61661	615	0	-0.715705	0	20	20
0.00731652	0.00122859	1658.55	140.608	0.000141922	380.403	274.359	2.60067	1.61661	615	0	-0.683905	0	20	20
0.0073261	0.00121427	1639.85	139.915	0.000122153	367.319	267.585	2.59049	1.61661	615	0	-0.653554	0	20	20
0.00733569	0.0012004	1621.79	139.216	0.000105138	354.685	260.978	2.58034	1.61661	615	0	-0.624578	0	20	20
0.00734529	0.00118697	1604.34	138.511	9.04933e-05	342.486	254.535	2.57023	1.61661	615	0	-0.596907	0	20	20
0.00735493	0.00117396	1587.49	137.8	7.78883e-05	330.706	248.25	2.56015	1.61661	615	0	-0.570474	0	20	20
0.00736459	0.00116136	1571.21	137.083	6.70391e-05	319.332	242.121	2.55008	1.61661	615	0	-0.545214	0	20	20
0.00737429	0.00114915	1555.49	136.36	5.77011e-05	308.349	236.143	2.54003	1.61661	615	0	-0.521069	0	20	20
0.00738404	0.00113732	1540.32	135.631	4.96638e-05	297.743	230.313	2.52998	1.61661	615	0	-0.497983	0	20	20
0.00739383	0.00112586	1525.66	134.896	4.2746e-05	287.502	224.626	2.51995	1.61661	615	0	-0.4759	0	20	20
0.00740367	0.00111476	1511.51	134.156	3.67919e-05	277.614	219.08	2.50991	1.61661	615	0	-0.454772	0	20	20
0.00741356	0.00110401	1497.84	133.41	3.1667e-05	268.065	213.671	2.49988	1.61661	615	0	-0.434553	0	20	20
0.00742351	0.00109359	1484.65	132.658	2.72561e-05	258.845	208.395	2.48984	1.61661	615	0	-0.415194	0	20	20
0.00743352	0.00108349	1471.92	131.9	2.34595e-05	249.943	203.25	2.4798	1.61661	615	0	-0.396653	0	20	20
0.0074436	0.00107371	1459.63	131.137	2.01918e-05	241.346	198.232	2.46974	1.61661	615	0	-0.378887	0	20	20
0.00745374	0.00106423	1447.76	130.369	1.73792e-05	233.045	193.337	2.45967	1.61661	615	0	-0.361861	0	20	20
0.00746395	0.00105504	1436.31	129.596	1.49585e-05	225.029	188.564	2.44959	1.61661	615	0	-0.345538	0	20	20
0.00747423	0.00104614	1425.27	128.817	1.28749e-05	217.29	183.908	2.4395	1.61661	615	0	-0.329882	0	20	20
0.00748458	0.00103751	1414.61	128.033	1.10815e-05	209.816	179.368	2.42939	1.61661	615	0	-0.314859	0	20	20
0.00749501	0.00102915	1404.32	127.243	9.53793e-06	202.599	174.939	2.41926	1.61661	615	0	-0.300438	0	20	20
0.00750551	0.00102104	1394.4	126.449	8.20938e-06	195.631	170.62	2.40912	1.61661	615	0	-0.286593	0	20	20
0.00751609	0.00101319	1384.82	125.65	7.06588e-06	188.902	166.407	2.39896	1.61661	615	0	-0.273292	0	20	20
0.00752676	0.00100557	1375.59	124.847	6.08166e-06	182.405	162.298	2.38878	1.61661	615	0	-0.260509	0	20	20
0.0075375	0.000998182	1366.69	124.038	5.23453e-06	176.132	158.291	2.37859	1.61661	615	0	-0.24822	0	20	20
0.00754831	0.000991021	1358.1	123.225	4.5054e-06	170.074	154.383	2.36838	1.61661	615	0	-0.2364	0	20	20
0.00755921	0.000984077	1349.82	122.407	3.87783e-06	164.224	150.571	2.35815	1.61661	615	0	-0.225026	0	20	20
0.00757019	0.000977343	1341.83	121.585	3.33768e-06	158.576	146.854	2.3479	1.61661	615	0	-0.214077	0	20	20
0.00758123	0.000970813	1334.13	120.759	2.87277e-06	153.121	143.228	2.33766	1.61661	615	0	-0.203535	0	20	20
0.00759236	0.00096448	1326.72	119.928	2.47262e-06	147.855	139.692	2.32739	1.61661	615	0	-0.193377	0	20	20
0.00760356	0.000958336	1319.56	119.094	2.1282e-06	142.769	136.243	2.31712	1.61661	615	0	-0.183585	0	20	20
0.00761484	0.000952376	1312.67	118.255	1.83176e-06	137.859	132.879	2.30684	1.61661	615	0	-0.174143	0	20	20
0.0076262	0.000946594	1306.03	117.413	1.57661e-06	133.117	129.598	2.29655	1.61661	615	0	-0.165031	0	20	20
0.00763762	0.000940984	1299.63	116.567	1.357e-06	128.539	126.398	2.28626	1.61661	615	0	-0.156236	0	20	20
0.00764912	0.000935541	1293.47	115.718	1.16798e-06	124.118	123.277	2.27596	1.61661	615	0	-0.147742	0	20	20
0.0076607	0.000930258	1287.53	114.865	1.00529e-06	119.849	120.234	2.26566	1.61661	615	0	-0.139534	0	20	20
0.00767233	0.000925131	1281.82	114.009	8.65262e-07	115.727	117.265	2.25537	1.61661	615	0	-0.131601	0	20	20
0.00768403	0.000920156	1276.31	113.149	7.44738e-07	111.746	114.37	2.24509	1.61661	615	0	-0.123928	0	20	20
0.00769578	0.000915327	1271.01	112.287	6.41002e-07	107.903	111.546	2.23482	1.61661	615	0	-0.116506	0	20	20
0.0077076	0.00091064	1265.91	111.421	5.51715e-07	104.192	108.792	2.22456	1.61661	615	0	-0.109318	0	20	20
0.00771946	0.000906089	1261	110.553	4.74866e-07	100.608	106.106	2.21431	1.61661	615	0	-0.102357	0	20	20
0.00773138	0.000901672	1256.27	109.682	4.08721e-07	97.1475	103.486	2.20409	1.61661	615	0	-0.0956127	0	20	20
0.00774334	0.000897383	1251.73	108.809	3.51789e-07	93.8062	100.931	2.19389	1.61661	615	0	-0.0890744	0	20	20
0.00775533	0.00089322	1247.35	107.933	3.02788e-07	90.5798	98.439	2.18373	1.61661	615	0	-0.0827343	0	20	20
0.00776736	0.000889178	1243.15	107.056	2.60612e-07	87.4643	96.0085	2.1736	1.61661	615	0	-0.0765844	0	20	20
0.00777942	0.000885254	1239.11	106.176	2.24311e-07	84.456	93.6381	2.16351	1.61661	615	0	-0.0706116	0	20	20
0.00779152	0.000881441	1235.22	105.294	1.93066e-07	81.5512	91.3261	2.15344	1.61661	615	0	-0.0648079	0	20	20
0.00780366	0.000877739	1231.48	104.411	1.66173e-07	78.7463	89.0713	2.14341	1.61661	615	0	-0.0591658	0	20	20
0.00781582	0.000874142	1227.89	103.526	1.43027e-07	76.0378	86.8721	2.13342	1.61661	615	0	-0.0536783	0	20	20
0.00782801	0.000870648	1224.44	102.639	1.23104e-07	73.4225	84.7272	2.12347	1.61661	615	0	-0.0483387	0	20	20
0.00784021	0.000867255	1221.13	101.751	1.05957e-07	70.8972	82.6353	2.11357	1.61661	615	0	-0.0431408	0	20	20
0.00785243	0.000863959	1217.95	100.862	9.11979e-08	68.4587	80.595	2.10372	1.61661	615	0	-0.0380787	0	20	20
0.00786465	0.000860757	1214.9	99.9722	7.84948e-08	66.1041	78.6051	2.09393	1.61661	615	0	-0.0331468	0	20	20
0.00787687	0.000857647	1211.97	99.0814	6.75611e-08	63.8305	76.6644	2.0842	1.61661	615	0	-0.02834	0	20	20
0.00788908	0.000854626	1209.16	98.1899	5.81504e-08	61.6351	74.7715	2.07454	1.61661	615	0	-0.0236533	0	20	20
0.00790128	0.000851693	1206.46	97.2979	5.00505e-08	59.5152	72.9254	2.06494	1.61661	615	0	-0.0190822	0	20	20
0.00791346	0.000848844	1203.88	96.4055	4.30789e-08	57.4682	71.1249	2.05542	1.61661	615	0	-0.0146224	0	20	20
0.00792562	0.000846077	1201.4	95.5129	3.70783e-08	55.4916	69.3688	2.04598	1.61661	615	0	-0.01027	0	20	20
0.00793774	0.000843391	1199.03	94.6203	3.19136e-08	53.583	67.6561	2.03662	1.61661	615	0	-0.00602128	0	20	20
0.00794982	0.000840783	1196.76	93.7278	2.74683e-08	51.74	65.9856	2.02735	1.61661	615	0	-0.00187284	0	20	20
0.00796185	0.000838252	1194.59	92.8355	2.36422e-08	49.9604	64.3564	2.01817	1.61661	615	0	0.00217849	0	20	20
0.00797384	0.000835795	1192.5	91.9436	2.0349e-08	48.242	62.7675	2.00908	1.61661	615	0	0.0061356	0	20	20
0.00798576	0.000833411	1190.51	91.0524	1.75146e-08	46.5828	61.2177	2.0001	1.61661	615	0	0.0100012	0	20	20
0.00799761	0.000831098	1188.61	90.1618	1.50749e-08	44.9806	59.7063	1.99122	1.61661	615	0	0.0137776	0	20	20
0.00800939	0.000828854	1186.79	89.2721	1.29751e-08	43.4335	58.2321	1.98245	1.61661	615	0	0.0174672	0	20	20
0.00802108	0.000826678	1185.05	88.3835	1.11678e-08	41.9396	56.7944	1.97379	1.61661	615	0	0.021072	0	20	20
0.00803269	0.000824568	1183.39	87.4961	9.61219e-09	40.4971	55.3921	1.96525	1.61661	615	0	0.0245937	0	20	20
0.0080442	0.000822523	1181.81	86.61	8.27329e-09	39.1042	54.0245	1.95682	1.61661	615	0	0.028034	0	20	20
0.00805561	0.000820541	1180.3	85.7254	7.12089e-09	37.7593	52.6906	1.94852	1.61661	615	0	0.0313945	0	20	20
0.00806691	0.000818621	1178.86	84.8425	6.129e-09	36.4606	51.3897	1.94034	1.61661	615	0	0.0346764	0	20	20
0.00807809	0.000816761	1177.49	83.9614	5.27528e-09	35.2065	50.1209	1.9323	1.61661	615	0	0.037881	0	20	20
0.00808915	0.000814961	1176.19	83.0822	4.54048e-09	33.9956	48.8834	1.92438	1.61661	615	0	0.0410092	0	20	20
0.00810009	0.000813219	1174.95	82.2051	3.90803e-09	32.8263	47.6764	1.9166	1.61661	615	0	0.0440621	0	20	20
0.00811089	0.000811533	1173.77	81.3303	3.36367e-09	31.6973	46.4993	1.90895	1.61661	615	0	0.0470405	0	20	20
0.00812155	0.000809903	1172.65	80.4579	2.89514e-09	30.6071	45.3512	1.90144	1.61661	615	0	0.0499452	0	20	20
0.00813207	0.000808327	1171.58	79.588	2.49187e-09	29.5543	44.2315	1.89407	1.61661	615	0	0.0527768	0	20	20
0.00814244	0.000806804	1170.57	78.7207	2.14477e-09	28.5378	43.1394	1.88685	1.61661	615	0	0.055536	0	20	20
0.00815266	0.000805333	1169.62	77.8563	1.84602e-09	27.5563	42.0743	1.87976	1.61661	615	0	0.0582234	0	20	20
0.00816272	0.000803912	1168.71	76.9948	1.58888e-09	26.6085	41.0355	1.87282	1.61661	615	0	0.0608395	0	20	20
0.00817262	0.000802541	1167.85	76.1364	1.36757e-09	25.6933	40.0223	1.86602	1.61661	615	0	0.0633849	0	20	20
0.00818235	0.000801218	1167.04	75.2813	1.17707e-09	24.8096	39.0342	1.85937	1.61661	615	0	0.0658602	0	20	20
0.00819192	0.000799942	1166.28	74.4294	1.01312e-09	23.9563	38.0704	1.85286	1.61661	615	0	0.0682658	0	20	20
0.00820132	0.000798713	1165.56	73.5811	8.71998e-10	23.1323	37.1304	1.8465	1.61661	615	0	0.0706024	0	20	20
0.00821055	0.000797528	1164.88	72.7364	7.50536e-10	22.3367	36.2137	1.84028	1.61661	615	0	0.0728705	0	20	20
0.0082196	0.000796387	1164.24	71.8953	6.45992e-10	21.5684	35.3196	1.8342	1.61661	615	0	0.0750707	0	20	20
0.00822849	0.000795289	1163.64	71.0582	5.56011e-10	20.8266	34.4475	1.82827	1.61661	615	0	0.0772038	0	20	20
0.0082372	0.000794232	1163.08	70.225	4.78563e-10	20.1103	33.597	1.82248	1.61661	615	0	0.0792704	0	20	20
0.00824573	0.000793215	1162.55	69.3959	4.11903e-10	19.4186	32.7675	1.81682	1.61661	615	0	0.0812713	0	20	20
0.00825409	0.000792238	1162.06	68.571	3.54528e-10	18.7507	31.9585	1.81131	1.61661	615	0	0.0832072	0	20	20
0.00826228	0.000791299	1161.6	67.7505	3.05145e-10	18.1058	31.1694	1.80593	1.61661	615	0	0.0850791	0	20	20
0.0082703	0.000790397	1161.18	66.9343	2.62641e-10	17.483	30.3998	1.80068	1.61661	615	0	0.0868879	0	20	20
0.00827814	0.000789531	1160.78	66.1227	2.26057e-10	16.8817	29.6493	1.79557	1.61661	615	0	0.0886346	0	20	20
0.00828582	0.000788699	1160.41	65.3158	1.94569e-10	16.3011	28.9172	1.79058	1.61661	615	0	0.0903201	0	20	20
0.00829332	0.000787902	1160.07	64.5135	1.67467e-10	15.7404	28.2032	1.78572	1.61661	615	0	0.0919456	0	20	20
0.00830067	0.000787137	1159.76	63.7161	1.4414e-10	15.199	27.5069	1.78099	1.61661	615	0	0.0935123	0	20	20
0.00830784	0.000786404	1159.47	62.9236	1.24063e-10	14.6763	26.8278	1.77638	1.61661	615	0	0.0950212	0	20	20
0.00831486	0.000785701	1159.21	62.1362	1.06782e-10	14.1715	26.1654	1.77188	1.61661	615	0	0.0964736	0	20	20
0.00832172	0.000785028	1158.97	61.3539	9.1908e-11	13.6841	25.5194	1.7675	1.61661	615	0	0.0978708	0	20	20
0.00832843	0.000784384	1158.75	60.5767	7.91059e-11	13.2134	24.8893	1.76324	1.61661	615	0	0.0992141	0	20	20
0.00833498	0.000783767	1158.56	59.8049	6.80871e-11	12.7589	24.2748	1.75908	1.61661	615	0	0.100505	0	20	20
0.00834139	0.000783176	1158.39	59.0384	5.86031e-11	12.3201	23.6754	1.75503	1.61661	615	0	0.101744	0	20	20
0.00834764	0.000782612	1158.23	58.2773	5.04402e-11	11.8963	23.0909	1.75109	1.61661	615	0	0.102934	0	20	20
0.00835376	0.000782072	1158.1	57.5218	4.34142e-11	11.4872	22.5208	1.74724	1.61661	615	0	0.104075	0	20	20
0.00835974	0.000781556	1157.98	56.7719	3.7367e-11	11.0921	21.9647	1.7435	1.61661	615	0	0.105168	0	20	20
0.00836559	0.000781063	1157.88	56.0276	3.21621e-11	10.7106	21.4224	1.73985	1.61661	615	0	0.106216	0	20	20
0.0083713	0.000780592	1157.8	55.289	2.76821e-11	10.3422	20.8935	1.73629	1.61661	615	0	0.10722	0	20	20
0.00837688	0.000780142	1157.73	54.5562	2.38262e-11	9.98647	20.3776	1.73282	1.61661	615	0	0.108181	0	20	20
0.00838234	0.000779713	1157.68	53.8293	2.05074e-11	9.64299	19.8745	1.72943	1.61661	615	0	0.1091	0	20	20
0.00838768	0.000779303	1157.64	53.1082	1.76509e-11	9.31132	19.3838	1.72613	1.61661	615	0	0.109979	0	20	20
0.00839291	0.000778912	1157.62	52.3932	1.51923e-11	8.99106	18.9052	1.72291	1.61661	615	0	0.110818	0	20	20
0.00839802	0.000778539	1157.61	51.6841	1.30761e-11	8.68182	18.4384	1.71977	1.61661	615	0	0.111621	0	20	20
0.00840301	0.000778184	1157.61	50.981	1.12547e-11	8.38321	17.9832	1.7167	1.61661	615	0	0.112387	0	20	20
0.00840791	0.000777845	1157.63	50.2841	9.68703e-12	8.09487	17.5392	1.71371	1.61661	615	0	0.113118	0	20	20
0.00841269	0.000777522	1157.65	49.5933	8.3377e-12	7.81645	17.1061	1.71078	1.61661	615	0	0.113815	0	20	20
0.00841738	0.000777215	1157.69	48.9087	7.17633e-12	7.54761	16.6838	1.70793	1.61661	615	0	0.114479	0	20	20
0.00842197	0.000776922	1157.74	48.2303	6.17672e-12	7.28801	16.2719	1.70514	1.61661	615	0	0.115113	0	20	20
0.00842647	0.000776643	1157.8	47.5582	5.31635e-12	7.03734	15.8701	1.70241	1.61661	615	0	0.115716	0	20	20
0.00843087	0.000776378	1157.86	46.8923	4.57583e-12	6.7953	15.4783	1.69974	1.61661	615	0	0.11629	0	20	20
0.00843519	0.000776126	1157.94	46.2327	3.93845e-12	6.56158	15.0961	1.69713	1.61661	615	0	0.116837	0	20	20
0.00843942	0.000775886	1158.03	45.5795	3.38986e-12	6.33589	14.7234	1.69458	1.61661	615	0	0.117356	0	20	20
0.00844357	0.000775658	1158.12	44.9326	2.91768e-12	6.11797	14.3599	1.69208	1.61661	615	0	0.11785	0	20	20
0.00844764	0.000775441	1158.22	44.2921	2.51127e-12	5.90755	14.0053	1.68964	1.61661	615	0	0.118319	0	20	20
0.00845163	0.000775235	1158.33	43.658	2.16147e-12	5.70436	13.6595	1.68725	1.61661	615	0	0.118764	0	20	20
0.00845555	0.00077504	1158.44	43.0302	1.86039e-12	5.50816	13.3223	1.6849	1.61661	615	0	0.119187	0	20	20
0.00845912	0.000774878	1158.57	42.409	1.60125e-12	5.31871	12.9933	1.68277	1.61661	615	0	0.119772	0	20	20
0.00846207	0.000774787	1158.72	41.7941	1.37821e-12	5.13578	12.6725	1.68101	1.61661	615	0	0.120704	0	20	20
0.00846498	0.000774744	1158.94	41.1856	1.18624e-12	4.95913	12.3597	1.67927	1.61661	615	0	0.121589	0	20	20
0.00846785	0.000774761	1159.25	40.5837	1.02101e-12	4.78857	12.0545	1.67757	1.61661	615	0	0.122431	0	20	20
0.00847067	0.000774834	1159.65	39.9881	8.78787e-13	4.62386	11.7569	1.67589	1.61661	615	0	0.123232	0	20	20
0.00847345	0.000774962	1160.12	39.399	7.56379e-13	4.46483	11.4666	1.67425	1.61661	615	0	0.123995	0	20	20
0.00847617	0.000775142	1160.67	38.8163	6.51022e-13	4.31126	11.1835	1.67263	1.61661	615	0	0.124723	0	20	20
0.00847885	0.000775371	1161.29	38.2401	5.60339e-13	4.16298	10.9074	1.67105	1.61661	615	0	0.125418	0	20	20
0.00848148	0.000775647	1161.98	37.6703	4.82289e-13	4.0198	10.638	1.6695	1.61661	615	0	0.126082	0	20	20
0.00848406	0.000775968	1162.74	37.1069	4.1511e-13	3.88154	10.3754	1.66797	1.61661	615	0	0.126718	0	20	20
0.0084866	0.000776331	1163.55	36.5499	3.57288e-13	3.74803	10.1192	1.66648	1.61661	615	0	0.127327	0	20	20
0.00848908	0.000776734	1164.42	35.9993	3.07521e-13	3.61912	9.86938	1.66501	1.61661	615	0	0.127912	0	20	20
0.00849153	0.000777175	1165.35	35.4551	2.64686e-13	3.49464	9.62571	1.66358	1.61661	615	0	0.128472	0	20	20
0.00849392	0.000777653	1166.33	34.9173	2.27817e-13	3.37445	9.38805	1.66217	1.61661	615	0	0.129011	0	20	20
0.00849628	0.000778165	1167.36	34.3858	1.96084e-13	3.25838	9.15625	1.66079	1.61661	615	0	0.12953	0	20	20
0.00849858	0.00077871	1168.43	33.8607	1.68771e-13	3.14631	8.93019	1.65944	1.61661	615	0	0.130029	0	20	20
0.00850085	0.000779285	1169.55	33.3418	1.45263e-13	3.0381	8.7097	1.65811	1.61661	615	0	0.13051	0	20	20
0.00850308	0.00077989	1170.71	32.8292	1.25029e-13	2.9336	8.49466	1.65681	1.61661	615	0	0.130974	0	20	20
0.00850526	0.000780522	1171.91	32.3229	1.07613e-13	2.8327	8.28492	1.65553	1.61661	615	0	0.131422	0	20	20
0.00850741	0.00078118	1173.14	31.8229	9.26235e-14	2.73527	8.08037	1.65428	1.61661	615	0	0.131854	0	20	20
0.00850951	0.000781862	1174.41	31.329	7.97218e-14	2.64119	7.88086	1.65305	1.61661	615	0	0.132272	0	20	20
0.00851158	0.000782568	1175.72	30.8413	6.86172e-14	2.55035	7.68628	1.65184	1.61661	615	0	0.132676	0	20	20
0.00851362	0.000783295	1177.05	30.3597	5.90593e-14	2.46263	7.49651	1.65066	1.61661	615	0	0.133067	0	20	20
0.00851562	0.000784042	1178.41	29.8843	5.08329e-14	2.37793	7.31142	1.6495	1.61661	615	0	0.133446	0	20	20
0.00851758	0.000784809	1179.8	29.4149	4.37522e-14	2.29614	7.1309	1.64836	1.61661	615	0	0.133813	0	20	20
0.00851952	0.000785593	1181.22	28.9516	3.76579e-14	2.21717	6.95484	1.64723	1.61661	615	0	0.134169	0	20	20
0.00852142	0.000786395	1182.65	28.4943	3.24125e-14	2.14091	6.78312	1.64613	1.61661	615	0	0.134514	0	20	20
0.00852329	0.000787212	1184.11	28.0429	2.78977e-14	2.06727	6.61564	1.64505	1.61661	615	0	0.134849	0	20	20
0.00852513	0.000788043	1185.59	27.5975	2.40117e-14	1.99617	6.4523	1.64398	1.61661	615	0	0.135174	0	20	20
0.00852695	0.000788888	1187.09	27.158	2.06671e-14	1.92751	6.293	1.64293	1.61661	615	0	0.135489	0	20	20
0.00852873	0.000789746	1188.61	26.7243	1.77883e-14	1.86122	6.13762	1.6419	1.61661	615	0	0.135796	0	20	20
0.00853049	0.000790616	1190.15	26.2965	1.53106e-14	1.7972	5.98608	1.64088	1.61661	615	0	0.136094	0	20	20
0.00853223	0.000791497	1191.69	25.8744	1.31779e-14	1.73539	5.83829	1.63988	1.61661	615	0	0.136384	0	20	20
0.00853394	0.000792388	1193.26	25.458	1.13423e-14	1.6757	5.69414	1.6389	1.61661	615	0	0.136666	0	20	20
0.00853563	0.000793288	1194.83	25.0473	9.76244e-15	1.61806	5.55355	1.63792	1.61661	615	0	0.13694	0	20	20
0.00853729	0.000794197	1196.42	24.6423	8.40261e-15	1.56241	5.41643	1.63697	1.61661	615	0	0.137207	0	20	20
0.00853894	0.000795114	1198.02	24.2428	7.2322e-15	1.50867	5.2827	1.63602	1.61661	615	0	0.137467	0	20	20
0.00854056	0.000796038	1199.63	23.8489	6.22481e-15	1.45678	5.15227	1.63509	1.61661	615	0	0.13772	0	20	20
0.00854216	0.000796969	1201.25	23.4604	5.35774e-15	1.40668	5.02506	1.63417	1.61661	615	0	0.137967	0	20	20
0.00854374	0.000797906	1202.88	23.0775	4.61145e-15	1.3583	4.90099	1.63326	1.61661	615	0	0.138207	0	20	20
0.00854531	0.000798848	1204.51	22.6999	3.96911e-15	1.31158	4.77998	1.63236	1.61661	615	0	0.138442	0	20	20
0.00854686	0.000799795	1206.15	22.3277	3.41625e-15	1.26647	4.66197	1.63148	1.61661	615	0	0.13867	0	20	20
0.00854839	0.000800747	1207.8	21.9608	2.94039e-15	1.22291	4.54686	1.6306	1.61661	615	0	0.138893	0	20	20
0.0085499	0.000801702	1209.45	21.5991	2.53082e-15	1.18085	4.4346	1.62974	1.61661	615	0	0.139111	0	20	20
0.0085514	0.000802661	1211.11	21.2427	2.1783e-15	1.14023	4.32511	1.62888	1.61661	615	0	0.139323	0	20	20
0.00855288	0.000803622	1212.77	20.8914	1.87488e-15	1.10101	4.21832	1.62803	1.61661	615	0	0.139531	0	20	20
0.00855435	0.000804587	1214.44	20.5452	1.61372e-15	1.06314	4.11417	1.6272	1.61661	615	0	0.139733	0	20	20
0.0085558	0.000805553	1216.1	20.204	1.38894e-15	1.02658	4.01259	1.62637	1.61661	615	0	0.139931	0	20	20
0.00855724	0.000806521	1217.77	19.8679	1.19547e-15	0.991269	3.91352	1.62555	1.61661	615	0	0.140125	0	20	20
0.00855867	0.000807491	1219.45	19.5367	1.02895e-15	0.957175	3.81689	1.62473	1.61661	615	0	0.140314	0	20	20
0.00856008	0.000808462	1221.12	19.2104	8.85629e-16	0.924253	3.72266	1.62393	1.61661	615	0	0.1405	0	20	20
0.00856148	0.000809433	1222.79	18.8889	7.62268e-16	0.892464	3.63074	1.62313	1.61661	615	0	0.140681	0	20	20
0.00856287	0.000810405	1224.47	18.5723	6.5609e-16	0.861768	3.5411	1.62234	1.61661	615	0	0.140858	0	20	20
0.00856425	0.000811378	1226.14	18.2604	5.64702e-16	0.832128	3.45367	1.62155	1.61661	615	0	0.141032	0	20	20
0.00856562	0.00081235	1227.82	17.9532	4.86043e-16	0.803507	3.3684	1.62078	1.61661	615	0	0.141203	0	20	20
0.00856698	0.000813322	1229.49	17.6506	4.18342e-16	0.775871	3.28523	1.62001	1.61661	615	0	0.14137	0	20	20
0.00856833	0.000814293	1231.16	17.3526	3.6007e-16	0.749185	3.20412	1.61924	1.61661	615	0	0.141534	0	20	20
0.00856967	0.000815263	1232.83	17.0592	3.09915e-16	0.723417	3.12501	1.61848	1.61661	615	0	0.141695	0	20	20
0.008571	0.000816233	1234.5	16.7702	2.66746e-16	0.698536	3.04785	1.61773	1.61661	615	0	0.141853	0	20	20
0.00857232	0.000817201	1236.17	16.4856	2.29591e-16	0.67451	2.9726	1.61698	1.61661	615	0	0.142008	0	20	20
0.00857363	0.000818168	1237.84	16.2055	1.97611e-16	0.65131	2.89921	1.61624	1.61661	615	0	0.14216	0	20	20
0.00857494	0.000819134	1239.5	15.9296	1.70085e-16	0.628909	2.82763	1.6155	1.61661	615	0	0.14231	0	20	20
0.00857623	0.000820098	1241.16	15.6581	1.46393e-16	0.607278	2.75781	1.61477	1.61661	615	0	0.142458	0	20	20
0.00857752	0.00082106	1242.82	15.3907	1.26002e-16	0.586391	2.68972	1.61404	1.61661	615	0	0.142603	0	20	20
0.0085788	0.00082202	1244.48	15.1275	1.08451e-16	0.566222	2.62331	1.61332	1.61661	615	0	0.142746	0	20	20
0.00858008	0.000822978	1246.13	14.8685	9.33446e-17	0.546747	2.55854	1.6126	1.61661	615	0	0.142887	0	20	20
0.00858134	0.000823933	1247.78	14.6135	8.03424e-17	0.527942	2.49537	1.61189	1.61661	615	0	0.143026	0	20	20
0.0085826	0.000824887	1249.42	14.3625	6.91514e-17	0.509784	2.43376	1.61118	1.61661	615	0	0.143163	0	20	20
0.00858386	0.000825838	1251.06	14.1155	5.95191e-17	0.49225	2.37367	1.61047	1.61661	615	0	0.143298	0	20	20
0.00858511	0.000826786	1252.7	13.8724	5.12286e-17	0.475319	2.31506	1.60977	1.61661	615	0	0.143431	0	20	20
0.00858635	0.000827732	1254.34	13.6332	4.40929e-17	0.458971	2.2579	1.60907	1.61661	615	0	0.143563	0	20	20
0.00858758	0.000828675	1255.97	13.3977	3.79511e-17	0.443185	2.20216	1.60837	1.61661	615	0	0.143694	0	20	20
0.00858882	0.000829615	1257.59	13.1661	3.26648e-17	0.427941	2.14779	1.60768	1.61661	615	0	0.143823	0	20	20
0.00859004	0.000830552	1259.21	12.9381	2.81149e-17	0.413223	2.09476	1.60699	1.61661	615	0	0.143951	0	20	20
0.00859126	0.000831487	1260.83	12.7138	2.41987e-17	0.39901	2.04304	1.60631	1.61661	615	0	0.144077	0	20	20
0.00859247	0.000832418	1262.45	12.4932	2.0828e-17	0.385286	1.99259	1.60563	1.61661	615	0	0.144202	0	20	20
0.00859368	0.000833347	1264.05	12.2761	1.79268e-17	0.372034	1.9434	1.60495	1.61661	615	0	0.144326	0	20	20
0.00859489	0.000834272	1265.66	12.0625	1.54298e-17	0.359238	1.89541	1.60428	1.61661	615	0	0.14445	0	20	20
0.00859609	0.000835194	1267.26	11.8524	1.32805e-17	0.346883	1.84862	1.6036	1.61661	615	0	0.144572	0	20	20
0.00859729	0.000836114	1268.85	11.6457	1.14306e-17	0.334952	1.80297	1.60294	1.61661	615	0	0.144693	0	20	20
0.00859848	0.00083703	1270.44	11.4423	9.83845e-18	0.323431	1.75846	1.60227	1.61661	615	0	0.144814	0	20	20
0.00859966	0.000837942	1272.03	11.2423	8.46803e-18	0.312307	1.71504	1.60161	1.61661	615	0	0.144933	0	20	20
0.00860085	0.000838852	1273.61	11.0456	7.2885e-18	0.301565	1.6727	1.60094	1.61661	615	0	0.145053	0	20	20
0.00860203	0.000839758	1275.19	10.8521	6.27327e-18	0.291193	1.6314	1.60029	1.61661	615	0	0.145171	0	20	20
0.0086032	0.000840661	1276.76	10.6619	5.39946e-18	0.281178	1.59112	1.59963	1.61661	615	0	0.145289	0	20	20
0.00860437	0.000841561	1278.33	10.4747	4.64735e-18	0.271507	1.55183	1.59898	1.61661	615	0	0.145406	0	20	20
0.00860554	0.000842457	1279.89	10.2906	4.00001e-18	0.262168	1.51352	1.59833	1.61661	615	0	0.145523	0	20	20
0.0086067	0.00084335	1281.44	10.1096	3.44284e-18	0.253151	1.47615	1.59768	1.61661	615	0	0.14564	0	20	20
0.00860787	0.00084424	1283	9.93164	2.96328e-18	0.244444	1.4397	1.59703	1.61661	615	0	0.145756	0	20	20
0.00860902	0.000845126	1284.54	9.75661	2.55052e-18	0.236036	1.40416	1.59639	1.61661	615	0	0.145871	0	20	20
0.00861018	0.000846009	1286.09	9.5845	2.19525e-18	0.227918	1.36949	1.59575	1.61661	615	0	0.145987	0	20	20
0.00861133	0.000846889	1287.62	9.41527	1.88947e-18	0.220079	1.33568	1.59511	1.61661	615	0	0.146102	0	20	20
0.00861247	0.000847766	1289.16	9.24887	1.62628e-18	0.212509	1.3027	1.59447	1.61661	615	0	0.146217	0	20	20
0.00861362	0.000848639	1290.68	9.08527	1.39976e-18	0.2052	1.27053	1.59383	1.61661	615	0	0.146332	0	20	20
0.00861476	0.000849509	1292.21	8.92441	1.20478e-18	0.198142	1.23916	1.5932	1.61661	615	0	0.146447	0	20	20
0.0086159	0.000850375	1293.73	8.76627	1.03696e-18	0.191327	1.20857	1.59257	1.61661	615	0	0.146562	0	20	20
0.00861703	0.000851238	1295.24	8.6108	8.92524e-19	0.184747	1.17873	1.59194	1.61661	615	0	0.146677	0	20	20
0.00861817	0.000852098	1296.75	8.45795	7.68203e-19	0.178393	1.14963	1.59131	1.61661	615	0	0.146792	0	20	20
0.0086193	0.000852955	1298.25	8.3077	6.61198e-19	0.172257	1.12124	1.59069	1.61661	615	0	0.146906	0	20	20
0.00862042	0.000853809	1299.75	8.15999	5.69098e-19	0.166332	1.09356	1.59006	1.61661	615	0	0.147021	0	20	20
0.00862155	0.000854659	1301.25	8.0148	4.89828e-19	0.160611	1.06656	1.58944	1.61661	615	0	0.147136	0	20	20
0.00862267	0.000855506	1302.74	7.87207	4.21598e-19	0.155087	1.04023	1.58882	1.61661	615	0	0.147251	0	20	20
0.00862379	0.00085635	1304.22	7.73179	3.62873e-19	0.149753	1.01454	1.5882	1.61661	615	0	0.147367	0	20	20
0.00862491	0.000857191	1305.7	7.59389	3.12328e-19	0.144602	0.989493	1.58759	1.61661	615	0	0.147482	0	20	20
0.00862602	0.000858028	1307.18	7.45836	2.68823e-19	0.139629	0.965062	1.58697	1.61661	615	0	0.147598	0	20	20
0.00862713	0.000858862	1308.65	7.32515	2.31378e-19	0.134826	0.941235	1.58636	1.61661	615	0	0.147714	0	20	20
0.00862824	0.000859694	1310.12	7.19422	1.99149e-19	0.130189	0.917995	1.58574	1.61661	615	0	0.14783	0	20	20
0.00862935	0.000860522	1311.58	7.06554	1.71409e-19	0.125711	0.89533	1.58513	1.61661	615	0	0.147946	0	20	20
0.00863045	0.000861347	1313.04	6.93908	1.47533e-19	0.121387	0.873224	1.58453	1.61661	615	0	0.148063	0	20	20
0.00863156	0.000862169	1314.49	6.8148	1.26983e-19	0.117212	0.851664	1.58392	1.61661	615	0	0.14818	0	20	20
0.00863266	0.000862989	1315.94	6.69266	1.09295e-19	0.113181	0.830637	1.58331	1.61661	615	0	0.148297	0	20	20
