0.00936804	
0.00743924	
0.00588033	
0.0050927	
0.00461611	
0.0042881	
0.00404023	
0.00384369	
0.00369737	
0.00361465	
0.00362364	
0.00375057	
0.00396682	
0.00425364	
0.00460418	
0.00502009	
0.00550844	
0.00607992	
0.00674785	
0.00752763	
0.00843643	
0.00949302	
0.0107181	
0.0121354	
0.0137723	
0.0156747	
0.0179882	
0.020973	
0.0250014	
0.0304291	
0.0425002	
0.0532245	
0.0553128	
0.0528356	
0.0495892	
0.0466262	
0.0441297	
0.0420906	
0.0404524	
0.0391502	
0.0381236	
0.0373206	
0.0366981	
0.0362209	
0.0358605	
0.0355938	
0.0354024	
0.0352712	
0.0351881	
0.0351434	
0.0351305	
0.0351688	
0.0352599	
0.0353949	
0.0355657	
0.0357655	
0.0359879	
0.0362277	
0.0364799	
0.0367405	
0.0370058	
0.0372727	
0.0375384	
0.0378008	
0.0380581	
0.0383086	
0.0385512	
0.0387849	
0.0390092	
0.0392234	
0.0394274	
0.039621	
0.0398041	
