0.00866572	0.000693067	1111.6	256.922	76.5	0	0	1.56526	1.61661	615	0	0.149389	0	20	20
0.00874079	0.000705029	1139.32	256.922	76.4694	18.519	6.24082	1.52527	1.61661	615	0	-0.0958215	0	20	20
0.00885699	0.000729811	1192.96	256.922	76.4339	54.2839	18.4146	1.46603	1.61661	615	0	-0.541821	0	20	20
0.00893886	0.000754776	1243.63	256.922	76.3927	88.8156	30.2867	1.42611	1.61661	615	0	-0.928845	0	20	20
0.008996	0.000779876	1292.06	256.922	76.3448	122.148	41.8617	1.39911	1.61661	615	0	-1.26869	0	20	20
0.00903427	0.000804725	1338.1	256.922	76.2893	154.313	53.144	1.3814	1.61661	615	0	-1.56821	0	20	20
0.00905848	0.00082905	1381.74	256.922	76.2249	185.343	64.1382	1.37036	1.61661	615	0	-1.83293	0	20	20
0.00907239	0.000852695	1423.06	256.922	76.1502	215.271	74.8489	1.36407	1.61661	615	0	-2.06793	0	20	20
0.00907876	0.000875591	1462.22	256.922	76.0636	244.128	85.281	1.36119	1.61661	615	0	-2.27774	0	20	20
0.00907966	0.000897733	1499.41	256.922	75.9633	271.945	95.4395	1.36079	1.61661	615	0	-2.46623	0	20	20
0.00907654	0.000919147	1534.85	256.922	75.847	298.753	105.33	1.3622	1.61661	615	0	-2.63663	0	20	20
0.00907046	0.000939875	1568.71	256.922	75.7124	324.585	114.957	1.36493	1.61661	615	0	-2.79162	0	20	20
0.00906221	0.000959959	1601.16	256.922	75.5566	349.471	124.327	1.36867	1.61661	615	0	-2.93334	0	20	20
0.00905232	0.000979442	1632.33	256.922	75.3764	373.443	133.447	1.37316	1.61661	615	0	-3.06356	0	20	20
0.00904123	0.000998357	1662.33	256.922	75.1681	396.533	142.322	1.37822	1.61661	615	0	-3.18371	0	20	20
0.00902922	0.00101673	1691.25	256.922	74.9275	418.776	150.959	1.38372	1.61661	615	0	-3.29498	0	20	20
0.00901653	0.00103459	1719.14	256.922	74.6499	440.202	159.367	1.38957	1.61661	615	0	-3.39835	0	20	20
0.00900334	0.00105196	1746.07	256.922	74.33	460.848	167.551	1.39569	1.61661	615	0	-3.49467	0	20	20
0.00898978	0.00106884	1772.08	256.922	73.9617	480.748	175.522	1.40202	1.61661	615	0	-3.58464	0	20	20
0.00897594	0.00108526	1797.21	256.922	73.5383	499.938	183.287	1.40851	1.61661	615	0	-3.6689	0	20	20
0.00896191	0.00110122	1821.49	256.922	73.0526	518.453	190.855	1.41513	1.61661	615	0	-3.748	0	20	20
0.00894775	0.00111676	1844.95	256.922	72.4961	536.332	198.236	1.42186	1.61661	615	0	-3.82243	0	20	20
0.00893351	0.00113187	1867.63	256.922	71.8602	553.611	205.441	1.42868	1.61661	615	0	-3.89262	0	20	20
0.0089192	0.00114658	1889.56	256.922	71.1353	570.327	212.478	1.43556	1.61661	615	0	-3.95897	0	20	20
0.00890486	0.00116091	1910.77	256.922	70.3111	586.517	219.358	1.44251	1.61661	615	0	-4.02184	0	20	20
0.00889051	0.00117487	1931.27	256.921	69.3773	602.217	226.091	1.44951	1.61661	615	0	-4.08154	0	20	20
0.00887615	0.00118848	1951.11	256.921	68.323	617.459	232.685	1.45655	1.61661	615	0	-4.13835	0	20	20
0.0088618	0.00120174	1970.3	256.921	67.1377	632.272	239.149	1.46364	1.61661	615	0	-4.19253	0	20	20
0.00884746	0.00121468	1988.85	256.921	65.8111	646.681	245.488	1.47077	1.61661	615	0	-4.24429	0	20	20
0.00883315	0.00122729	2006.78	256.921	64.3342	660.703	251.709	1.47793	1.61661	615	0	-4.29379	0	20	20
0.00881888	0.00123957	2024.08	256.921	62.6995	674.349	257.811	1.48511	1.61661	615	0	-4.34117	0	20	20
0.00880469	0.00125153	2040.75	256.921	60.9015	687.619	263.794	1.49231	1.61661	615	0	-4.38654	0	20	20
0.00879059	0.00126313	2056.77	256.92	58.9379	700.5	269.653	1.4995	1.61661	615	0	-4.42992	0	20	20
0.00877665	0.00127435	2072.09	256.92	56.8097	712.968	275.377	1.50665	1.61661	615	0	-4.47134	0	20	20
0.00876292	0.00128515	2086.67	256.92	54.5225	724.984	280.952	1.51375	1.61661	615	0	-4.51075	0	20	20
0.00874947	0.00129549	2100.44	256.92	52.086	736.496	286.359	1.52074	1.61661	615	0	-4.54807	0	20	20
0.00873639	0.00130529	2113.33	256.919	49.5151	747.44	291.574	1.52758	1.61661	615	0	-4.58318	0	20	20
0.00872379	0.00131451	2125.26	256.919	46.8297	757.739	296.569	1.53421	1.61661	615	0	-4.61594	0	20	20
0.00871176	0.00132305	2136.14	256.919	44.0538	767.31	301.315	1.54058	1.61661	615	0	-4.64618	0	20	20
0.00870041	0.00133084	2145.86	256.918	41.2153	776.065	305.778	1.54661	1.61661	615	0	-4.67372	0	20	20
0.00868986	0.00133782	2154.35	256.918	38.3448	783.917	309.928	1.55225	1.61661	615	0	-4.69838	0	20	20
0.00868022	0.0013439	2161.53	256.917	35.4743	790.784	313.733	1.55743	1.61661	615	0	-4.72001	0	20	20
0.00867157	0.00134902	2167.31	256.917	32.6358	796.596	317.167	1.56209	1.61661	615	0	-4.73844	0	20	20
0.008664	0.00135315	2171.67	256.916	29.8599	801.297	320.208	1.56619	1.61661	615	0	-4.75359	0	20	20
0.00865757	0.00135624	2174.56	256.915	27.1745	804.847	322.838	1.56968	1.61661	615	0	-4.76536	0	20	20
0.00865231	0.00135828	2175.99	256.914	24.6037	807.226	325.049	1.57255	1.61661	615	0	-4.77374	0	20	20
0.00864824	0.00135927	2175.97	256.914	22.1672	808.435	326.837	1.57477	1.61661	615	0	-4.77874	0	20	20
0.00864494	0.0013593	2174.54	256.913	19.8799	808.493	328.204	1.57657	1.61661	615	0	-4.77776	0	20	20
0.00864195	0.00135845	2171.76	256.911	17.7517	807.436	329.161	1.57821	1.61661	615	0	-4.76836	0	20	20
0.00863925	0.00135677	2167.71	256.91	15.7881	805.314	329.722	1.57969	1.61661	615	0	-4.75098	0	20	20
0.00863683	0.00135431	2162.47	256.909	13.9901	802.19	329.904	1.58102	1.61661	615	0	-4.72616	0	20	20
0.00863467	0.00135114	2156.13	256.908	12.3554	798.134	329.73	1.58221	1.61661	615	0	-4.69449	0	20	20
0.00863274	0.0013473	2148.79	256.906	10.8785	793.219	329.222	1.58327	1.61661	615	0	-4.65657	0	20	20
0.00863102	0.00134286	2140.54	256.904	9.55195	787.524	328.405	1.58421	1.61661	615	0	-4.61304	0	20	20
0.00862949	0.00133787	2131.47	256.902	8.36659	781.125	327.303	1.58505	1.61661	615	0	-4.5645	0	20	20
0.00862814	0.0013324	2121.67	256.9	7.31231	774.095	325.941	1.5858	1.61661	615	0	-4.51155	0	20	20
0.00862694	0.0013265	2111.22	256.898	6.37848	766.506	324.34	1.58646	1.61661	615	0	-4.45475	0	20	20
0.00862587	0.00132021	2100.2	256.895	5.55436	758.423	322.524	1.58705	1.61661	615	0	-4.39462	0	20	20
0.00862492	0.00131358	2088.68	256.892	4.8294	749.909	320.512	1.58758	1.61661	615	0	-4.33162	0	20	20
0.00862407	0.00130665	2076.73	256.889	4.19349	741.017	318.323	1.58805	1.61661	615	0	-4.2662	0	20	20
0.0086233	0.00129946	2064.39	256.885	3.63707	731.799	315.974	1.58847	1.61661	615	0	-4.19874	0	20	20
0.00862262	0.00129204	2051.71	256.881	3.15127	722.299	313.48	1.58885	1.61661	615	0	-4.12959	0	20	20
0.008622	0.00128442	2038.76	256.877	2.72794	712.557	310.854	1.58919	1.61661	615	0	-4.05904	0	20	20
0.00862145	0.00127663	2025.55	256.872	2.35965	702.608	308.11	1.5895	1.61661	615	0	-3.98737	0	20	20
0.00862094	0.00126869	2012.13	256.867	2.03971	692.483	305.259	1.58978	1.61661	615	0	-3.91481	0	20	20
0.00862048	0.00126062	1998.53	256.861	1.76213	682.209	302.309	1.59003	1.61661	615	0	-3.84156	0	20	20
0.00862005	0.00125243	1984.78	256.854	1.52155	671.811	299.27	1.59027	1.61661	615	0	-3.76781	0	20	20
0.00861967	0.00124415	1970.9	256.847	1.31324	661.309	296.15	1.59048	1.61661	615	0	-3.6937	0	20	20
0.00861931	0.00123579	1956.9	256.839	1.13301	650.72	292.956	1.59068	1.61661	615	0	-3.61939	0	20	20
0.00861899	0.00122736	1942.82	256.83	0.977206	640.063	289.693	1.59086	1.61661	615	0	-3.54498	0	20	20
0.0086187	0.00121886	1928.66	256.82	0.842585	629.349	286.368	1.59102	1.61661	615	0	-3.47058	0	20	20
0.00861843	0.00121032	1914.44	256.809	0.726331	618.593	282.986	1.59117	1.61661	615	0	-3.39628	0	20	20
0.00861819	0.00120173	1900.18	256.797	0.625985	607.804	279.551	1.5913	1.61661	615	0	-3.32216	0	20	20
0.00861798	0.00119311	1885.88	256.783	0.539403	596.994	276.068	1.59142	1.61661	615	0	-3.24831	0	20	20
0.0086178	0.00118446	1871.56	256.769	0.464724	586.171	272.541	1.59152	1.61661	615	0	-3.17477	0	20	20
0.00861765	0.00117579	1857.23	256.752	0.400329	575.342	268.973	1.5916	1.61661	615	0	-3.1016	0	20	20
0.00861753	0.00116711	1842.9	256.734	0.344818	564.516	265.367	1.59167	1.61661	615	0	-3.02887	0	20	20
0.00861744	0.00115841	1828.57	256.714	0.296973	553.7	261.728	1.59172	1.61661	615	0	-2.95662	0	20	20
0.00861739	0.00114972	1814.26	256.692	0.255745	542.899	258.058	1.59174	1.61661	615	0	-2.88489	0	20	20
0.00861737	0.00114103	1799.98	256.667	0.220224	532.12	254.36	1.59175	1.61661	615	0	-2.81372	0	20	20
0.0086174	0.00113234	1785.73	256.64	0.189625	521.369	250.637	1.59174	1.61661	615	0	-2.74316	0	20	20
0.00861747	0.00112367	1771.52	256.609	0.163268	510.65	246.892	1.5917	1.61661	615	0	-2.67323	0	20	20
0.00861759	0.00111501	1757.36	256.576	0.140567	499.969	243.128	1.59163	1.61661	615	0	-2.60396	0	20	20
0.00861776	0.00110637	1743.25	256.539	0.121018	489.332	239.347	1.59154	1.61661	615	0	-2.5354	0	20	20
0.00861798	0.00109776	1729.21	256.498	0.104184	478.743	235.551	1.59142	1.61661	615	0	-2.46757	0	20	20
0.00861825	0.00108918	1715.24	256.453	0.0896893	468.207	231.744	1.59126	1.61661	615	0	-2.4005	0	20	20
0.00861859	0.00108064	1701.35	256.403	0.0772089	457.729	227.928	1.59108	1.61661	615	0	-2.33421	0	20	20
0.00861899	0.00107213	1687.55	256.347	0.0664636	447.314	224.105	1.59085	1.61661	615	0	-2.26873	0	20	20
0.00861946	0.00106367	1673.84	256.286	0.0572127	436.966	220.278	1.59059	1.61661	615	0	-2.20409	0	20	20
0.00862	0.00105525	1660.24	256.218	0.0492485	426.689	216.449	1.59029	1.61661	615	0	-2.1403	0	20	20
0.00862062	0.00104689	1646.74	256.143	0.0423924	416.49	212.621	1.58995	1.61661	615	0	-2.07739	0	20	20
0.00862132	0.00103859	1633.36	256.06	0.0364903	406.371	208.796	1.58957	1.61661	615	0	-2.01537	0	20	20
0.00862209	0.00103034	1620.1	255.969	0.0314096	396.337	204.976	1.58914	1.61661	615	0	-1.95428	0	20	20
0.00862295	0.00102217	1606.96	255.867	0.027036	386.394	201.165	1.58866	1.61661	615	0	-1.89412	0	20	20
0.00862391	0.00101406	1593.97	255.755	0.0232712	376.545	197.364	1.58814	1.61661	615	0	-1.83491	0	20	20
0.00862495	0.00100603	1581.12	255.631	0.0200306	366.795	193.575	1.58756	1.61661	615	0	-1.77666	0	20	20
0.00862609	0.000998072	1568.41	255.493	0.0172411	357.148	189.801	1.58693	1.61661	615	0	-1.7194	0	20	20
0.00862732	0.0009902	1555.87	255.341	0.01484	347.609	186.045	1.58625	1.61661	615	0	-1.66313	0	20	20
0.00862865	0.000982415	1543.48	255.174	0.0127733	338.182	182.308	1.58552	1.61661	615	0	-1.60787	0	20	20
0.00863009	0.000974721	1531.26	254.988	0.0109943	328.871	178.593	1.58473	1.61661	615	0	-1.55363	0	20	20
0.00863162	0.000967122	1519.22	254.783	0.00946308	319.681	174.902	1.58388	1.61661	615	0	-1.5004	0	20	20
0.00863326	0.000959622	1507.35	254.557	0.00814509	310.616	171.237	1.58298	1.61661	615	0	-1.44821	0	20	20
0.00863501	0.000952225	1495.67	254.306	0.00701065	301.679	167.601	1.58202	1.61661	615	0	-1.39706	0	20	20
0.00863685	0.000944933	1484.17	254.03	0.0060342	292.875	163.995	1.58101	1.61661	615	0	-1.34695	0	20	20
0.00863879	0.000937751	1472.87	253.725	0.00519374	284.208	160.423	1.57994	1.61661	615	0	-1.29789	0	20	20
0.00864083	0.000930683	1461.76	253.388	0.00447034	275.681	156.885	1.57882	1.61661	615	0	-1.24987	0	20	20
0.00864297	0.00092373	1450.86	253.016	0.00384768	267.3	153.384	1.57765	1.61661	615	0	-1.2029	0	20	20
0.0086452	0.000916897	1440.16	252.605	0.00331176	259.067	149.923	1.57643	1.61661	615	0	-1.15698	0	20	20
0.00864751	0.000910186	1429.66	252.152	0.00285047	250.986	146.502	1.57517	1.61661	615	0	-1.11211	0	20	20
0.00864989	0.0009036	1419.37	251.653	0.00245344	243.062	143.125	1.57387	1.61661	615	0	-1.06827	0	20	20
0.00865235	0.000897142	1409.29	251.103	0.0021117	235.297	139.793	1.57253	1.61661	615	0	-1.02547	0	20	20
0.00865486	0.000890814	1399.43	250.496	0.00181757	227.696	136.508	1.57116	1.61661	615	0	-0.983702	0	20	20
0.00865742	0.000884618	1389.77	249.828	0.0015644	220.263	133.273	1.56976	1.61661	615	0	-0.942957	0	20	20
0.00866001	0.000878557	1380.32	249.093	0.00134649	213	130.088	1.56836	1.61661	615	0	-0.903226	0	20	20
0.00866262	0.000872632	1371.09	248.285	0.00115894	205.912	126.957	1.56694	1.61661	615	0	-0.864503	0	20	20
0.00866522	0.000866845	1362.07	247.396	0.000997512	199.002	123.881	1.56553	1.61661	615	0	-0.826779	0	20	20
0.00866779	0.000861199	1353.25	246.419	0.000858568	192.275	120.862	1.56414	1.61661	615	0	-0.790044	0	20	20
0.00867032	0.000855695	1344.64	245.347	0.000738977	185.734	117.902	1.56277	1.61661	615	0	-0.75429	0	20	20
0.00867277	0.000850334	1336.24	244.172	0.000636045	179.384	115.004	1.56144	1.61661	615	0	-0.719508	0	20	20
0.00867511	0.000845119	1328.04	242.884	0.000547449	173.229	112.17	1.56018	1.61661	615	0	-0.685692	0	20	20
0.00867731	0.000840051	1320.03	241.474	0.000471194	167.273	109.401	1.55899	1.61661	615	0	-0.652835	0	20	20
0.00867934	0.000835131	1312.22	239.932	0.000405561	161.52	106.7	1.5579	1.61661	615	0	-0.620916	0	20	20
0.00868116	0.00083035	1304.59	238.248	0.00034907	155.965	104.066	1.55692	1.61661	615	0	-0.589882	0	20	20
0.00868275	0.0008257	1297.1	236.412	0.000300448	150.6	101.496	1.55607	1.61661	615	0	-0.559668	0	20	20
0.00868409	0.000821171	1289.76	234.412	0.000258598	145.421	98.9904	1.55535	1.61661	615	0	-0.530213	0	20	20
0.00868515	0.000816754	1282.53	232.237	0.000222577	140.419	96.5463	1.55477	1.61661	615	0	-0.501462	0	20	20
0.00868592	0.00081244	1275.4	229.877	0.000191574	135.589	94.1626	1.55437	1.61661	615	0	-0.473364	0	20	20
0.00868635	0.000808219	1268.35	227.319	0.000164889	130.926	91.8377	1.55413	1.61661	615	0	-0.445873	0	20	20
0.00868644	0.000804083	1261.35	224.554	0.000141922	126.423	89.5702	1.55409	1.61661	615	0	-0.418951	0	20	20
0.00868615	0.000800022	1254.4	221.571	0.000122153	122.074	87.3587	1.55424	1.61661	615	0	-0.392564	0	20	20
0.00868548	0.000796028	1247.47	218.36	0.000105138	117.876	85.2019	1.5546	1.61661	615	0	-0.366687	0	20	20
0.0086844	0.000792093	1240.56	214.913	9.04933e-05	113.821	83.0982	1.55518	1.61661	615	0	-0.341302	0	20	20
0.00868291	0.00078821	1233.63	211.222	7.78883e-05	109.906	81.0465	1.55598	1.61661	615	0	-0.316399	0	20	20
0.008681	0.00078437	1226.69	207.282	6.70391e-05	106.126	79.0455	1.55701	1.61661	615	0	-0.291977	0	20	20
0.00867866	0.000780567	1219.72	203.088	5.77011e-05	102.476	77.0938	1.55827	1.61661	615	0	-0.268043	0	20	20
0.00867592	0.000776794	1212.71	198.64	4.96638e-05	98.9515	75.1904	1.55974	1.61661	615	0	-0.244611	0	20	20
0.00867278	0.000773045	1205.66	193.939	4.2746e-05	95.5481	73.3339	1.56144	1.61661	615	0	-0.221706	0	20	20
0.00866928	0.000769317	1198.56	188.987	3.67919e-05	92.2617	71.5233	1.56333	1.61661	615	0	-0.199358	0	20	20
0.00866545	0.000765603	1191.42	183.794	3.1667e-05	89.0884	69.7574	1.56541	1.61661	615	0	-0.177607	0	20	20
0.00866134	0.000761902	1184.23	178.368	2.72561e-05	86.0243	68.0351	1.56764	1.61661	615	0	-0.156496	0	20	20
0.00865701	0.000758209	1177.01	172.724	2.34595e-05	83.0655	66.3553	1.56999	1.61661	615	0	-0.136075	0	20	20
0.00865255	0.000754525	1169.76	166.88	2.01918e-05	80.2085	64.717	1.57242	1.61661	615	0	-0.116394	0	20	20
0.00864803	0.000750847	1162.49	160.855	1.73792e-05	77.4498	63.1191	1.57489	1.61661	615	0	-0.0975056	0	20	20
0.00864364	0.0007472	1155.27	154.674	1.49585e-05	74.7859	61.5607	1.57728	1.61661	615	0	-0.0795269	0	20	20
0.00863972	0.000743657	1148.27	148.364	1.28749e-05	72.2137	60.0407	1.57943	1.61661	615	0	-0.0626777	0	20	20
0.00863652	0.000740264	1141.58	141.954	1.10815e-05	69.7299	58.5583	1.58119	1.61661	615	0	-0.0470665	0	20	20
0.00863413	0.00073702	1135.22	135.475	9.53793e-06	67.3316	57.1125	1.5825	1.61661	615	0	-0.0326602	0	20	20
0.00862593	0.000734442	1129.2	128.961	8.20938e-06	65.0158	55.7024	1.58702	1.61661	615	0	-0.0147143	0	20	20
0.00861844	0.000732011	1123.5	122.444	7.06588e-06	62.7796	54.3271	1.59116	1.61661	615	0	0.00171913	0	20	20
0.00861345	0.000729595	1118.14	115.957	6.08166e-06	60.6203	52.9858	1.59393	1.61661	615	0	0.0157553	0	20	20
0.00861119	0.000727191	1113.15	109.535	5.23453e-06	58.5353	51.6775	1.59518	1.61661	615	0	0.0276527	0	20	20
0.00861186	0.00072481	1108.56	103.207	4.5054e-06	56.522	50.4016	1.59481	1.61661	615	0	0.0376705	0	20	20
0.00861553	0.000722471	1104.43	97.0049	3.87783e-06	54.5779	49.1572	1.59277	1.61661	615	0	0.046067	0	20	20
0.00862217	0.000720207	1100.8	90.9547	3.33768e-06	52.7007	47.9435	1.5891	1.61661	615	0	0.0530962	0	20	20
0.0086316	0.000718064	1097.71	85.0811	2.87277e-06	50.8881	46.7598	1.5839	1.61661	615	0	0.0590035	0	20	20
0.00864348	0.000716091	1095.21	79.4053	2.47262e-06	49.1378	45.6053	1.57737	1.61661	615	0	0.0640194	0	20	20
0.0086574	0.000714344	1093.33	73.9452	2.1282e-06	47.4478	44.4793	1.56977	1.61661	615	0	0.0683534	0	20	20
0.00867287	0.000712874	1092.11	68.7153	1.83176e-06	45.8158	43.3811	1.56139	1.61661	615	0	0.0721886	0	20	20
0.00868936	0.000711728	1091.54	63.7264	1.57661e-06	44.24	42.31	1.55252	1.61661	615	0	0.0756777	0	20	20
0.00870642	0.000710942	1091.64	58.9862	1.357e-06	42.7184	41.2654	1.54341	1.61661	615	0	0.0789421	0	20	20
0.00872363	0.000710539	1092.41	54.4991	1.16798e-06	41.2491	40.2465	1.53429	1.61661	615	0	0.0820727	0	20	20
0.00874068	0.000710532	1093.81	50.2667	1.00529e-06	39.8304	39.2528	1.52533	1.61661	615	0	0.0851339	0	20	20
0.00875731	0.000710922	1095.84	46.2878	8.65262e-07	38.4604	38.2837	1.51666	1.61661	615	0	0.0881681	0	20	20
0.00877338	0.000711704	1098.46	42.559	7.44738e-07	37.1376	37.3384	1.50834	1.61661	615	0	0.091201	0	20	20
0.00878879	0.000712862	1101.64	39.0748	6.41002e-07	35.8603	36.4165	1.50042	1.61661	615	0	0.0942459	0	20	20
0.00880349	0.000714381	1105.36	35.8282	5.51715e-07	34.6269	35.5174	1.49292	1.61661	615	0	0.0973079	0	20	20
0.00881746	0.000716238	1109.57	32.8108	4.74866e-07	33.4359	34.6405	1.48583	1.61661	615	0	0.100387	0	20	20
0.00883072	0.000718412	1114.25	30.013	4.08721e-07	32.2859	33.7852	1.47915	1.61661	615	0	0.103481	0	20	20
0.00884328	0.000720881	1119.35	27.4245	3.51789e-07	31.1754	32.9511	1.47286	1.61661	615	0	0.106584	0	20	20
0.00885517	0.000723621	1124.86	25.0347	3.02788e-07	30.1031	32.1375	1.46693	1.61661	615	0	0.109691	0	20	20
0.00886643	0.000726611	1130.72	22.8324	2.60612e-07	29.0678	31.344	1.46135	1.61661	615	0	0.112798	0	20	20
0.00887708	0.000729829	1136.93	20.8064	2.24311e-07	28.068	30.5701	1.45609	1.61661	615	0	0.1159	0	20	20
0.00888716	0.000733257	1143.43	18.9457	1.93066e-07	27.1026	29.8153	1.45114	1.61661	615	0	0.118991	0	20	20
0.00889671	0.000736874	1150.22	17.2392	1.66173e-07	26.1704	29.0792	1.44648	1.61661	615	0	0.122067	0	20	20
0.00890573	0.000740663	1157.25	15.6763	1.43027e-07	25.2703	28.3612	1.44209	1.61661	615	0	0.125124	0	20	20
0.00891427	0.000744607	1164.5	14.2467	1.23104e-07	24.4011	27.661	1.43794	1.61661	615	0	0.12816	0	20	20
0.00892235	0.00074869	1171.96	12.9404	1.05957e-07	23.5619	26.978	1.43404	1.61661	615	0	0.131169	0	20	20
0.00892999	0.000752897	1179.6	11.7482	9.11979e-08	22.7515	26.3119	1.43036	1.61661	615	0	0.13415	0	20	20
0.00893722	0.000757215	1187.39	10.6609	7.84948e-08	21.9689	25.6623	1.4269	1.61661	615	0	0.137099	0	20	20
0.00894405	0.00076163	1195.31	9.67037	6.75611e-08	21.2133	25.0287	1.42363	1.61661	615	0	0.140014	0	20	20
0.0089505	0.00076613	1203.35	8.76855	5.81504e-08	20.4837	24.4107	1.42056	1.61661	615	0	0.142893	0	20	20
0.00895659	0.000770705	1211.5	7.94814	5.00505e-08	19.7792	23.808	1.41766	1.61661	615	0	0.145733	0	20	20
0.00896235	0.000775343	1219.72	7.20225	4.30789e-08	19.0989	23.2202	1.41493	1.61661	615	0	0.148532	0	20	20
0.00896778	0.000780034	1228.02	6.52453	3.70783e-08	18.442	22.6469	1.41236	1.61661	615	0	0.151289	0	20	20
0.0089729	0.000784771	1236.37	5.90907	3.19136e-08	17.8077	22.0878	1.40994	1.61661	615	0	0.154002	0	20	20
0.00897774	0.000789543	1244.76	5.35043	2.74683e-08	17.1952	21.5424	1.40766	1.61661	615	0	0.156669	0	20	20
0.0089823	0.000794343	1253.18	4.84358	2.36422e-08	16.6038	21.0105	1.40552	1.61661	615	0	0.15929	0	20	20
0.0089866	0.000799165	1261.61	4.38391	2.0349e-08	16.0327	20.4918	1.4035	1.61661	615	0	0.161864	0	20	20
0.00899065	0.000804001	1270.06	3.96718	1.75146e-08	15.4812	19.9858	1.40161	1.61661	615	0	0.164389	0	20	20
0.00899447	0.000808844	1278.5	3.5895	1.50749e-08	14.9488	19.4924	1.39982	1.61661	615	0	0.166866	0	20	20
0.00899807	0.00081369	1286.93	3.24731	1.29751e-08	14.4346	19.0111	1.39815	1.61661	615	0	0.169293	0	20	20
0.00900145	0.000818533	1295.34	2.93737	1.11678e-08	13.9381	18.5417	1.39657	1.61661	615	0	0.171671	0	20	20
0.00900464	0.000823368	1303.72	2.65669	9.61219e-09	13.4588	18.0839	1.39509	1.61661	615	0	0.173998	0	20	20
0.00900764	0.00082819	1312.07	2.40259	8.27329e-09	12.9958	17.6374	1.39369	1.61661	615	0	0.176276	0	20	20
0.00901046	0.000832995	1320.38	2.17258	7.12089e-09	12.5489	17.202	1.39238	1.61661	615	0	0.178503	0	20	20
0.00901312	0.00083778	1328.64	1.96442	6.129e-09	12.1172	16.7772	1.39115	1.61661	615	0	0.180681	0	20	20
0.00901561	0.000842541	1336.85	1.77606	5.27528e-09	11.7005	16.363	1.39	1.61661	615	0	0.182809	0	20	20
0.00901796	0.000847274	1345.01	1.60566	4.54048e-09	11.298	15.959	1.38891	1.61661	615	0	0.184887	0	20	20
0.00902016	0.000851977	1353.11	1.45151	3.90803e-09	10.9095	15.565	1.3879	1.61661	615	0	0.186917	0	20	20
0.00902224	0.000856648	1361.14	1.31208	3.36367e-09	10.5342	15.1807	1.38694	1.61661	615	0	0.188898	0	20	20
0.00902418	0.000861282	1369.1	1.18598	2.89514e-09	10.1719	14.8059	1.38604	1.61661	615	0	0.190831	0	20	20
0.00902601	0.00086588	1376.99	1.07195	2.49187e-09	9.82205	14.4403	1.3852	1.61661	615	0	0.192717	0	20	20
0.00902773	0.000870437	1384.8	0.968845	2.14477e-09	9.48422	14.0838	1.38441	1.61661	615	0	0.194555	0	20	20
0.00902934	0.000874953	1392.54	0.875621	1.84602e-09	9.15802	13.736	1.38367	1.61661	615	0	0.196348	0	20	20
0.00903085	0.000879426	1400.21	0.79134	1.58888e-09	8.84303	13.3969	1.38297	1.61661	615	0	0.198096	0	20	20
0.00903227	0.000883855	1407.78	0.715148	1.36757e-09	8.53888	13.0661	1.38232	1.61661	615	0	0.199798	0	20	20
0.00903361	0.000888237	1415.28	0.646274	1.17707e-09	8.24519	12.7435	1.38171	1.61661	615	0	0.201457	0	20	20
0.00903486	0.000892573	1422.69	0.584018	1.01312e-09	7.9616	12.4289	1.38114	1.61661	615	0	0.203073	0	20	20
0.00903603	0.00089686	1430.02	0.527747	8.71998e-10	7.68776	12.122	1.3806	1.61661	615	0	0.204646	0	20	20
0.00903714	0.000901099	1437.26	0.476887	7.50536e-10	7.42334	11.8227	1.38009	1.61661	615	0	0.206178	0	20	20
0.00903817	0.000905287	1444.41	0.430921	6.45992e-10	7.16802	11.5308	1.37962	1.61661	615	0	0.207669	0	20	20
0.00903914	0.000909425	1451.47	0.389378	5.56011e-10	6.92148	11.2461	1.37917	1.61661	615	0	0.209121	0	20	20
0.00904006	0.000913512	1458.44	0.351835	4.78563e-10	6.68342	10.9685	1.37875	1.61661	615	0	0.210533	0	20	20
0.00904091	0.000917547	1465.32	0.317907	4.11903e-10	6.45354	10.6976	1.37836	1.61661	615	0	0.211908	0	20	20
0.00904172	0.000921531	1472.11	0.287247	3.54528e-10	6.23158	10.4335	1.37799	1.61661	615	0	0.213245	0	20	20
0.00904248	0.000925462	1478.81	0.259541	3.05145e-10	6.01725	10.1759	1.37765	1.61661	615	0	0.214546	0	20	20
0.00904319	0.00092934	1485.42	0.234506	2.62641e-10	5.81028	9.92467	1.37732	1.61661	615	0	0.215811	0	20	20
0.00904386	0.000933166	1491.93	0.211883	2.26057e-10	5.61044	9.67963	1.37701	1.61661	615	0	0.217042	0	20	20
0.00904449	0.000936939	1498.36	0.19144	1.94569e-10	5.41747	9.44063	1.37673	1.61661	615	0	0.218239	0	20	20
0.00904509	0.00094066	1504.69	0.172969	1.67467e-10	5.23114	9.20754	1.37645	1.61661	615	0	0.219403	0	20	20
0.00904565	0.000944327	1510.94	0.156279	1.4414e-10	5.05122	8.98021	1.3762	1.61661	615	0	0.220535	0	20	20
0.00904619	0.000947942	1517.09	0.141199	1.24063e-10	4.87748	8.75849	1.37595	1.61661	615	0	0.221635	0	20	20
0.00904669	0.000951504	1523.16	0.127573	1.06782e-10	4.70973	8.54224	1.37572	1.61661	615	0	0.222706	0	20	20
0.00904717	0.000955013	1529.13	0.115261	9.1908e-11	4.54774	8.33133	1.3755	1.61661	615	0	0.223746	0	20	20
0.00904763	0.000958471	1535.02	0.104137	7.91059e-11	4.39132	8.12563	1.3753	1.61661	615	0	0.224757	0	20	20
0.00904806	0.000961876	1540.82	0.0940862	6.80871e-11	4.24028	7.92501	1.3751	1.61661	615	0	0.225741	0	20	20
0.00904847	0.00096523	1546.53	0.0850051	5.86031e-11	4.09444	7.72934	1.37491	1.61661	615	0	0.226697	0	20	20
0.00904887	0.000968532	1552.15	0.0768003	5.04402e-11	3.95361	7.5385	1.37473	1.61661	615	0	0.227626	0	20	20
0.00904924	0.000971784	1557.69	0.0693872	4.34142e-11	3.81763	7.35237	1.37456	1.61661	615	0	0.22853	0	20	20
0.00904961	0.000974984	1563.14	0.0626895	3.7367e-11	3.68632	7.17084	1.37439	1.61661	615	0	0.229408	0	20	20
0.00904996	0.000978135	1568.5	0.0566381	3.21621e-11	3.55953	6.99379	1.37423	1.61661	615	0	0.230262	0	20	20
0.00905029	0.000981236	1573.79	0.0511708	2.76821e-11	3.43711	6.82112	1.37408	1.61661	615	0	0.231092	0	20	20
0.00905062	0.000984287	1578.99	0.0462311	2.38262e-11	3.31889	6.6527	1.37393	1.61661	615	0	0.231899	0	20	20
0.00905094	0.000987289	1584.1	0.0417682	2.05074e-11	3.20474	6.48845	1.37379	1.61661	615	0	0.232683	0	20	20
0.00905125	0.000990244	1589.14	0.037736	1.76509e-11	3.09451	6.32825	1.37364	1.61661	615	0	0.233446	0	20	20
0.00905155	0.00099315	1594.1	0.0340931	1.51923e-11	2.98808	6.172	1.37351	1.61661	615	0	0.234188	0	20	20
0.00905185	0.000996009	1598.97	0.0308018	1.30761e-11	2.8853	6.01961	1.37337	1.61661	615	0	0.234909	0	20	20
0.00905214	0.000998821	1603.77	0.0278282	1.12547e-11	2.78606	5.87099	1.37324	1.61661	615	0	0.23561	0	20	20
0.00905243	0.00100159	1608.5	0.0251416	9.68703e-12	2.69024	5.72603	1.37311	1.61661	615	0	0.236291	0	20	20
0.00905271	0.00100431	1613.14	0.0227144	8.3377e-12	2.59771	5.58466	1.37298	1.61661	615	0	0.236954	0	20	20
0.009053	0.00100698	1617.71	0.0205215	7.17633e-12	2.50836	5.44677	1.37285	1.61661	615	0	0.237599	0	20	20
0.00905328	0.00100961	1622.21	0.0185403	6.17672e-12	2.42209	5.31229	1.37272	1.61661	615	0	0.238226	0	20	20
0.00905356	0.0010122	1626.63	0.0167503	5.31635e-12	2.33878	5.18113	1.37259	1.61661	615	0	0.238836	0	20	20
0.00905384	0.00101474	1630.99	0.0151332	4.57583e-12	2.25834	5.05321	1.37247	1.61661	615	0	0.239429	0	20	20
0.00905412	0.00101724	1635.27	0.0136721	3.93845e-12	2.18066	4.92844	1.37234	1.61661	615	0	0.240006	0	20	20
0.0090544	0.0010197	1639.48	0.0123521	3.38986e-12	2.10566	4.80676	1.37221	1.61661	615	0	0.240568	0	20	20
0.00905469	0.00102212	1643.62	0.0111596	2.91768e-12	2.03324	4.68808	1.37208	1.61661	615	0	0.241114	0	20	20
0.00905497	0.0010245	1647.69	0.0100822	2.51127e-12	1.96331	4.57233	1.37195	1.61661	615	0	0.241646	0	20	20
0.00905526	0.00102683	1651.7	0.00910876	2.16147e-12	1.89578	4.45944	1.37182	1.61661	615	0	0.242163	0	20	20
0.00905555	0.00102913	1655.65	0.00822934	1.86039e-12	1.83057	4.34934	1.37169	1.61661	615	0	0.242667	0	20	20
0.0090558	0.00103142	1659.58	0.00743481	1.60125e-12	1.76761	4.24195	1.37158	1.61661	615	0	0.243157	0	20	20
0.009056	0.00103372	1663.51	0.006717	1.37821e-12	1.70682	4.13722	1.37149	1.61661	615	0	0.243637	0	20	20
0.00905614	0.00103603	1667.46	0.00606848	1.18624e-12	1.64811	4.03507	1.37142	1.61661	615	0	0.244104	0	20	20
0.00905624	0.00103835	1671.4	0.00548258	1.02101e-12	1.59142	3.93544	1.37138	1.61661	615	0	0.24456	0	20	20
0.00905628	0.00104067	1675.36	0.00495325	8.78787e-13	1.53669	3.83828	1.37136	1.61661	615	0	0.245006	0	20	20
0.00905628	0.001043	1679.31	0.00447502	7.56379e-13	1.48383	3.74351	1.37136	1.61661	615	0	0.24544	0	20	20
0.00905623	0.00104534	1683.27	0.00404296	6.51022e-13	1.4328	3.65108	1.37138	1.61661	615	0	0.245865	0	20	20
0.00905613	0.00104768	1687.22	0.00365261	5.60339e-13	1.38352	3.56094	1.37142	1.61661	615	0	0.246279	0	20	20
0.009056	0.00105002	1691.17	0.00329996	4.82289e-13	1.33593	3.47302	1.37149	1.61661	615	0	0.246683	0	20	20
0.00905582	0.00105236	1695.12	0.00298135	4.1511e-13	1.28998	3.38727	1.37157	1.61661	615	0	0.247078	0	20	20
0.0090556	0.0010547	1699.07	0.0026935	3.57288e-13	1.24562	3.30363	1.37166	1.61661	615	0	0.247463	0	20	20
0.00905535	0.00105705	1703.01	0.00243344	3.07521e-13	1.20277	3.22207	1.37178	1.61661	615	0	0.24784	0	20	20
0.00905506	0.00105939	1706.94	0.0021985	2.64686e-13	1.1614	3.14251	1.37191	1.61661	615	0	0.248207	0	20	20
0.00905473	0.00106174	1710.87	0.00198623	2.27817e-13	1.12146	3.06493	1.37206	1.61661	615	0	0.248566	0	20	20
0.00905437	0.00106408	1714.78	0.00179446	1.96084e-13	1.08289	2.98925	1.37222	1.61661	615	0	0.248916	0	20	20
0.00905398	0.00106641	1718.69	0.00162121	1.68771e-13	1.04564	2.91545	1.3724	1.61661	615	0	0.249258	0	20	20
0.00905356	0.00106875	1722.59	0.00146468	1.45263e-13	1.00968	2.84346	1.37259	1.61661	615	0	0.249592	0	20	20
0.00905311	0.00107108	1726.47	0.00132326	1.25029e-13	0.974949	2.77326	1.3728	1.61661	615	0	0.249918	0	20	20
0.00905263	0.0010734	1730.34	0.0011955	1.07613e-13	0.941416	2.70479	1.37302	1.61661	615	0	0.250237	0	20	20
0.00905212	0.00107572	1734.2	0.00108008	9.26235e-14	0.909036	2.63801	1.37325	1.61661	615	0	0.250548	0	20	20
0.00905159	0.00107804	1738.04	0.000975796	7.97218e-14	0.87777	2.57287	1.37349	1.61661	615	0	0.250852	0	20	20
0.00905103	0.00108034	1741.87	0.000881583	6.86172e-14	0.84758	2.50935	1.37375	1.61661	615	0	0.25115	0	20	20
0.00905045	0.00108264	1745.68	0.000796466	5.90593e-14	0.818428	2.44739	1.37401	1.61661	615	0	0.25144	0	20	20
0.00904984	0.00108493	1749.47	0.000719567	5.08329e-14	0.790278	2.38697	1.37429	1.61661	615	0	0.251723	0	20	20
0.00904922	0.00108721	1753.24	0.000650093	4.37522e-14	0.763097	2.32803	1.37457	1.61661	615	0	0.252	0	20	20
0.00904857	0.00108949	1757	0.000587326	3.76579e-14	0.73685	2.27055	1.37487	1.61661	615	0	0.252271	0	20	20
0.00904791	0.00109175	1760.73	0.00053062	3.24125e-14	0.711507	2.21449	1.37517	1.61661	615	0	0.252535	0	20	20
0.00904722	0.001094	1764.44	0.000479388	2.78977e-14	0.687035	2.15982	1.37548	1.61661	615	0	0.252794	0	20	20
0.00904652	0.00109624	1768.14	0.000433103	2.40117e-14	0.663404	2.10649	1.3758	1.61661	615	0	0.253046	0	20	20
0.00904581	0.00109847	1771.81	0.000391287	2.06671e-14	0.640587	2.05448	1.37613	1.61661	615	0	0.253293	0	20	20
0.00904507	0.00110069	1775.46	0.000353508	1.77883e-14	0.618554	2.00376	1.37646	1.61661	615	0	0.253534	0	20	20
0.00904433	0.0011029	1779.08	0.000319377	1.53106e-14	0.597279	1.95428	1.3768	1.61661	615	0	0.25377	0	20	20
0.00904357	0.00110509	1782.68	0.000288541	1.31779e-14	0.576736	1.90603	1.37715	1.61661	615	0	0.254	0	20	20
0.00904279	0.00110727	1786.26	0.000260682	1.13423e-14	0.5569	1.85897	1.3775	1.61661	615	0	0.254226	0	20	20
0.00904201	0.00110944	1789.81	0.000235513	9.76244e-15	0.537745	1.81307	1.37786	1.61661	615	0	0.254446	0	20	20
0.00904121	0.00111159	1793.34	0.000212774	8.40261e-15	0.51925	1.76831	1.37823	1.61661	615	0	0.254661	0	20	20
0.0090404	0.00111373	1796.84	0.000192231	7.2322e-15	0.50139	1.72465	1.3786	1.61661	615	0	0.254871	0	20	20
0.00903959	0.00111586	1800.31	0.000173671	6.22481e-15	0.484145	1.68207	1.37897	1.61661	615	0	0.255077	0	20	20
0.00903876	0.00111797	1803.76	0.000156903	5.35774e-15	0.467493	1.64054	1.37935	1.61661	615	0	0.255278	0	20	20
0.00903792	0.00112006	1807.18	0.000141754	4.61145e-15	0.451414	1.60003	1.37973	1.61661	615	0	0.255475	0	20	20
0.00903708	0.00112214	1810.57	0.000128067	3.96911e-15	0.435888	1.56053	1.38012	1.61661	615	0	0.255667	0	20	20
0.00903623	0.0011242	1813.93	0.000115702	3.41625e-15	0.420896	1.522	1.3805	1.61661	615	0	0.255855	0	20	20
0.00903538	0.00112625	1817.27	0.000104531	2.94039e-15	0.406419	1.48442	1.3809	1.61661	615	0	0.256039	0	20	20
0.00903452	0.00112828	1820.57	9.44388e-05	2.53082e-15	0.39244	1.44777	1.38129	1.61661	615	0	0.256218	0	20	20
0.00903365	0.0011303	1823.85	8.53207e-05	2.1783e-15	0.378943	1.41202	1.38169	1.61661	615	0	0.256394	0	20	20
0.00903278	0.00113229	1827.1	7.7083e-05	1.87488e-15	0.365909	1.37716	1.38209	1.61661	615	0	0.256566	0	20	20
0.0090319	0.00113427	1830.32	6.96406e-05	1.61372e-15	0.353324	1.34316	1.38249	1.61661	615	0	0.256734	0	20	20
0.00903103	0.00113624	1833.51	6.29167e-05	1.38894e-15	0.341171	1.30999	1.38289	1.61661	615	0	0.256899	0	20	20
0.00903014	0.00113818	1836.66	5.68421e-05	1.19547e-15	0.329437	1.27765	1.3833	1.61661	615	0	0.25706	0	20	20
0.00902926	0.00114011	1839.79	5.1354e-05	1.02895e-15	0.318106	1.24611	1.3837	1.61661	615	0	0.257217	0	20	20
0.00902838	0.00114202	1842.89	4.63957e-05	8.85629e-16	0.307165	1.21534	1.38411	1.61661	615	0	0.257371	0	20	20
0.00902749	0.00114392	1845.96	4.19162e-05	7.62268e-16	0.2966	1.18533	1.38452	1.61661	615	0	0.257521	0	20	20
0.0090266	0.00114579	1848.99	3.78692e-05	6.5609e-16	0.286399	1.15607	1.38493	1.61661	615	0	0.257668	0	20	20
0.00902571	0.00114765	1852	3.42129e-05	5.64702e-16	0.276548	1.12752	1.38534	1.61661	615	0	0.257813	0	20	20
0.00902482	0.00114949	1854.97	3.09096e-05	4.86043e-16	0.267036	1.09968	1.38575	1.61661	615	0	0.257953	0	20	20
0.00902394	0.00115131	1857.91	2.79253e-05	4.18342e-16	0.257852	1.07253	1.38616	1.61661	615	0	0.258091	0	20	20
0.00902305	0.00115311	1860.82	2.52291e-05	3.6007e-16	0.248983	1.04605	1.38657	1.61661	615	0	0.258226	0	20	20
0.00902216	0.00115489	1863.7	2.27932e-05	3.09915e-16	0.240419	1.02023	1.38697	1.61661	615	0	0.258358	0	20	20
0.00902128	0.00115666	1866.55	2.05925e-05	2.66746e-16	0.23215	0.995036	1.38738	1.61661	615	0	0.258487	0	20	20
0.00902039	0.0011584	1869.36	1.86043e-05	2.29591e-16	0.224166	0.970468	1.38779	1.61661	615	0	0.258613	0	20	20
0.00901951	0.00116013	1872.15	1.6808e-05	1.97611e-16	0.216455	0.946507	1.3882	1.61661	615	0	0.258737	0	20	20
0.00901863	0.00116184	1874.9	1.51852e-05	1.70085e-16	0.209011	0.923138	1.3886	1.61661	615	0	0.258858	0	20	20
0.00901776	0.00116353	1877.62	1.37191e-05	1.46393e-16	0.201822	0.900345	1.38901	1.61661	615	0	0.258976	0	20	20
0.00901689	0.0011652	1880.31	1.23945e-05	1.26002e-16	0.19488	0.878116	1.38941	1.61661	615	0	0.259092	0	20	20
0.00901602	0.00116685	1882.96	1.11978e-05	1.08451e-16	0.188177	0.856435	1.38981	1.61661	615	0	0.259205	0	20	20
0.00901515	0.00116848	1885.59	1.01166e-05	9.33446e-17	0.181705	0.83529	1.39021	1.61661	615	0	0.259316	0	20	20
0.00901429	0.0011701	1888.18	9.13988e-06	8.03424e-17	0.175455	0.814666	1.39061	1.61661	615	0	0.259425	0	20	20
0.00901343	0.00117169	1890.74	8.25742e-06	6.91514e-17	0.169421	0.794552	1.39101	1.61661	615	0	0.259531	0	20	20
0.00901258	0.00117327	1893.28	7.46016e-06	5.95191e-17	0.163594	0.774934	1.3914	1.61661	615	0	0.259635	0	20	20
0.00901173	0.00117483	1895.77	6.73988e-06	5.12286e-17	0.157967	0.755801	1.3918	1.61661	615	0	0.259737	0	20	20
0.00901089	0.00117637	1898.24	6.08914e-06	4.40929e-17	0.152534	0.73714	1.39219	1.61661	615	0	0.259836	0	20	20
0.00901005	0.00117788	1900.68	5.50123e-06	3.79511e-17	0.147287	0.71894	1.39258	1.61661	615	0	0.259934	0	20	20
0.00900922	0.00117939	1903.08	4.97009e-06	3.26648e-17	0.142221	0.70119	1.39296	1.61661	615	0	0.260029	0	20	20
0.00900839	0.00118087	1905.46	4.49022e-06	2.81149e-17	0.13733	0.683877	1.39335	1.61661	615	0	0.260122	0	20	20
0.00900757	0.00118233	1907.8	4.05669e-06	2.41987e-17	0.132606	0.666992	1.39373	1.61661	615	0	0.260214	0	20	20
0.00900675	0.00118378	1910.12	3.66502e-06	2.0828e-17	0.128045	0.650524	1.39411	1.61661	615	0	0.260303	0	20	20
0.00900594	0.0011852	1912.4	3.31116e-06	1.79268e-17	0.123641	0.634463	1.39448	1.61661	615	0	0.260391	0	20	20
0.00900514	0.00118661	1914.65	2.99146e-06	1.54298e-17	0.119389	0.618798	1.39486	1.61661	615	0	0.260476	0	20	20
0.00900434	0.001188	1916.87	2.70264e-06	1.32805e-17	0.115282	0.60352	1.39523	1.61661	615	0	0.26056	0	20	20
0.00900355	0.00118937	1919.06	2.4417e-06	1.14306e-17	0.111317	0.588619	1.39559	1.61661	615	0	0.260642	0	20	20
0.00900276	0.00119073	1921.23	2.20595e-06	9.83845e-18	0.107489	0.574086	1.39596	1.61661	615	0	0.260723	0	20	20
0.00900198	0.00119206	1923.36	1.99296e-06	8.46803e-18	0.103792	0.559911	1.39632	1.61661	615	0	0.260801	0	20	20
0.00900121	0.00119338	1925.46	1.80054e-06	7.2885e-18	0.100222	0.546087	1.39668	1.61661	615	0	0.260878	0	20	20
0.00900045	0.00119468	1927.53	1.6267e-06	6.27327e-18	0.0967746	0.532604	1.39704	1.61661	615	0	0.260954	0	20	20
0.00899969	0.00119596	1929.58	1.46964e-06	5.39946e-18	0.0934461	0.519454	1.39739	1.61661	615	0	0.261028	0	20	20
0.00899894	0.00119722	1931.59	1.32775e-06	4.64735e-18	0.0902321	0.506629	1.39774	1.61661	615	0	0.2611	0	20	20
0.00899819	0.00119847	1933.58	1.19955e-06	4.00001e-18	0.0871286	0.49412	1.39809	1.61661	615	0	0.261171	0	20	20
0.00899746	0.0011997	1935.54	1.08373e-06	3.44284e-18	0.0841318	0.48192	1.39843	1.61661	615	0	0.26124	0	20	20
0.00899673	0.00120091	1937.47	9.79099e-07	2.96328e-18	0.0812381	0.470022	1.39877	1.61661	615	0	0.261308	0	20	20
0.00899601	0.0012021	1939.37	8.84567e-07	2.55052e-18	0.078444	0.458417	1.39911	1.61661	615	0	0.261374	0	20	20
0.00899529	0.00120328	1941.24	7.99161e-07	2.19525e-18	0.0757459	0.447098	1.39944	1.61661	615	0	0.261439	0	20	20
0.00899459	0.00120444	1943.09	7.22002e-07	1.88947e-18	0.0731407	0.436059	1.39977	1.61661	615	0	0.261503	0	20	20
0.00899389	0.00120558	1944.9	6.52292e-07	1.62628e-18	0.070625	0.425293	1.4001	1.61661	615	0	0.261565	0	20	20
0.00899319	0.00120671	1946.7	5.89313e-07	1.39976e-18	0.0681959	0.414793	1.40042	1.61661	615	0	0.261626	0	20	20
0.00899251	0.00120782	1948.46	5.32415e-07	1.20478e-18	0.0658504	0.404551	1.40074	1.61661	615	0	0.261686	0	20	20
0.00899183	0.00120891	1950.2	4.8101e-07	1.03696e-18	0.0635855	0.394563	1.40106	1.61661	615	0	0.261744	0	20	20
0.00899116	0.00120999	1951.91	4.34568e-07	8.92524e-19	0.0613985	0.384821	1.40137	1.61661	615	0	0.261801	0	20	20
0.0089905	0.00121105	1953.6	3.9261e-07	7.68203e-19	0.0592867	0.37532	1.40168	1.61661	615	0	0.261857	0	20	20
0.00898985	0.0012121	1955.25	3.54704e-07	6.61198e-19	0.0572476	0.366053	1.40198	1.61661	615	0	0.261912	0	20	20
0.0089892	0.00121313	1956.89	3.20457e-07	5.69098e-19	0.0552785	0.357015	1.40229	1.61661	615	0	0.261966	0	20	20
0.00898856	0.00121414	1958.5	2.89517e-07	4.89828e-19	0.0533773	0.348201	1.40259	1.61661	615	0	0.262019	0	20	20
0.00898793	0.00121514	1960.08	2.61564e-07	4.21598e-19	0.0515414	0.339603	1.40288	1.61661	615	0	0.26207	0	20	20
0.00898731	0.00121612	1961.64	2.3631e-07	3.62873e-19	0.0497686	0.331219	1.40317	1.61661	615	0	0.262121	0	20	20
0.00898669	0.00121709	1963.17	2.13494e-07	3.12328e-19	0.0480569	0.323041	1.40346	1.61661	615	0	0.26217	0	20	20
0.00898608	0.00121804	1964.68	1.92881e-07	2.68823e-19	0.046404	0.315065	1.40375	1.61661	615	0	0.262218	0	20	20
0.00898548	0.00121898	1966.17	1.74258e-07	2.31378e-19	0.0448079	0.307286	1.40403	1.61661	615	0	0.262266	0	20	20
0.00898489	0.0012199	1967.63	1.57433e-07	1.99149e-19	0.0432668	0.299699	1.40431	1.61661	615	0	0.262312	0	20	20
0.0089843	0.00122081	1969.07	1.42233e-07	1.71409e-19	0.0417786	0.292299	1.40458	1.61661	615	0	0.262358	0	20	20
0.00898372	0.00122171	1970.49	1.28501e-07	1.47533e-19	0.0403417	0.285082	1.40485	1.61661	615	0	0.262402	0	20	20
0.00898315	0.00122259	1971.88	1.16094e-07	1.26983e-19	0.0389541	0.278044	1.40512	1.61661	615	0	0.262446	0	20	20
0.00898259	0.00122345	1973.25	1.04885e-07	1.09295e-19	0.0376143	0.271179	1.40539	1.61661	615	0	0.262488	0	20	20
