0.00349554	
0.00363019	
0.00289679	
0.00234819	
0.00203845	
0.00186571	
0.00176643	
0.00171037	
0.00168205	
0.00167038	
0.00168869	
0.00179319	
0.00197584	
0.00223182	
0.00256314	
0.00297524	
0.00347379	
0.00406314	
0.00474712	
0.00553167	
0.006427	
0.00744805	
0.00861317	
0.00994247	
0.0114549	
0.0131785	
0.0152066	
0.0175742	
0.0205211	
0.0242932	
0.0324735	
0.0426648	
0.0440434	
0.0428383	
0.0418348	
0.0409868	
0.0402421	
0.0396322	
0.0391682	
0.0388367	
0.0386164	
0.0385436	
0.0386229	
0.0388209	
0.0391074	
0.0394553	
0.0398408	
0.040244	
0.0406485	
0.0410415	
0.0414134	
0.0417578	
0.0420707	
0.0423501	
0.0425957	
0.0428085	
0.0429901	
0.0431428	
0.0432691	
0.0433715	
0.0434529	
0.0435155	
0.0435619	
0.0435941	
0.0436142	
0.043624	
0.0436249	
0.0436185	
0.0436058	
0.0435881	
0.0435662	
0.0435409	
0.0435129	
