0.00860847	0.000697332	1125.53	352.087	76.5	0	0	1.59669	1.61661	615	0	0.148409	0	20	20
0.00872498	0.000709709	1158.79	352.087	76.4694	23.3426	7.86635	1.53358	1.61661	615	0	-0.50056	0	20	20
0.00892777	0.000734827	1223.72	352.087	76.4339	68.4214	23.2104	1.43143	1.61661	615	0	-1.62926	0	20	20
0.00909138	0.000759705	1285.06	352.087	76.3927	111.942	38.1731	1.35553	1.61661	615	0	-2.54831	0	20	20
0.00921924	0.000784069	1342.3	352.087	76.3448	153.947	52.7597	1.29991	1.61661	615	0	-3.31095	0	20	20
0.00931861	0.000807895	1395.89	352.087	76.2893	194.476	66.9759	1.25877	1.61661	615	0	-3.9582	0	20	20
0.00939671	0.000831338	1446.74	352.087	76.2249	233.569	80.827	1.22764	1.61661	615	0	-4.52036	0	20	20
0.0094589	0.000854551	1495.6	352.087	76.1502	271.267	94.3188	1.20359	1.61661	615	0	-5.01758	0	20	20
0.00950879	0.000877589	1542.93	352.087	76.0636	307.608	107.457	1.18474	1.61661	615	0	-5.46245	0	20	20
0.00954887	0.000900419	1588.87	352.086	75.9633	342.631	120.248	1.16989	1.61661	615	0	-5.86299	0	20	20
0.00958102	0.000922959	1633.45	352.086	75.847	376.374	132.697	1.15815	1.61661	615	0	-6.22487	0	20	20
0.00960671	0.00094512	1676.67	352.086	75.7124	408.875	144.812	1.14888	1.61661	615	0	-6.55252	0	20	20
0.00962718	0.000966826	1718.48	352.086	75.5566	440.174	156.599	1.14157	1.61661	615	0	-6.84975	0	20	20
0.00964343	0.000988018	1758.91	352.085	75.3764	470.308	168.065	1.13581	1.61661	615	0	-7.11988	0	20	20
0.00965628	0.00100866	1797.94	352.085	75.1681	499.316	179.217	1.13128	1.61661	615	0	-7.36583	0	20	20
0.00966639	0.00102872	1835.61	352.085	74.9275	527.239	190.065	1.12774	1.61661	615	0	-7.5902	0	20	20
0.0096743	0.00104818	1871.94	352.085	74.6499	554.116	200.616	1.12497	1.61661	615	0	-7.79527	0	20	20
0.00968044	0.00106704	1906.97	352.084	74.33	579.987	210.879	1.12283	1.61661	615	0	-7.98308	0	20	20
0.00968513	0.00108531	1940.75	352.084	73.9617	604.896	220.863	1.1212	1.61661	615	0	-8.15541	0	20	20
0.00968867	0.00110298	1973.3	352.083	73.5383	628.882	230.579	1.11997	1.61661	615	0	-8.31384	0	20	20
0.00969127	0.00112008	2004.67	352.083	73.0526	651.991	240.038	1.11907	1.61661	615	0	-8.45978	0	20	20
0.00969311	0.00113661	2034.91	352.082	72.4961	674.264	249.249	1.11844	1.61661	615	0	-8.59448	0	20	20
0.00969432	0.00115259	2064.05	352.082	71.8602	695.747	258.224	1.11802	1.61661	615	0	-8.71905	0	20	20
0.00969502	0.00116803	2092.15	352.081	71.1353	716.482	266.975	1.11777	1.61661	615	0	-8.83447	0	20	20
0.00969531	0.00118297	2119.25	352.081	70.3111	736.513	275.512	1.11767	1.61661	615	0	-8.94163	0	20	20
0.00969526	0.00119742	2145.39	352.08	69.3773	755.881	283.848	1.11769	1.61661	615	0	-9.04132	0	20	20
0.00969493	0.0012114	2170.6	352.079	68.323	774.625	291.992	1.11781	1.61661	615	0	-9.13423	0	20	20
0.00969436	0.00122492	2194.92	352.078	67.1377	792.781	299.954	1.118	1.61661	615	0	-9.22097	0	20	20
0.00969361	0.001238	2218.37	352.077	65.8111	810.377	307.742	1.11826	1.61661	615	0	-9.30204	0	20	20
0.00969272	0.00125065	2240.98	352.076	64.3342	827.437	315.36	1.11857	1.61661	615	0	-9.3779	0	20	20
0.0096917	0.00126288	2262.75	352.075	62.6995	843.975	322.813	1.11892	1.61661	615	0	-9.44889	0	20	20
0.0096906	0.00127467	2283.68	352.074	60.9015	859.994	330.098	1.1193	1.61661	615	0	-9.51531	0	20	20
0.00968946	0.00128602	2303.75	352.073	58.9379	875.484	337.211	1.1197	1.61661	615	0	-9.57734	0	20	20
0.0096883	0.00129691	2322.94	352.071	56.8097	890.422	344.142	1.1201	1.61661	615	0	-9.63512	0	20	20
0.00968718	0.00130731	2341.18	352.07	54.5225	904.771	350.876	1.12049	1.61661	615	0	-9.68868	0	20	20
0.00968614	0.00131717	2358.42	352.068	52.086	918.476	357.393	1.12085	1.61661	615	0	-9.73801	0	20	20
0.00968523	0.00132645	2374.58	352.066	49.5151	931.471	363.669	1.12117	1.61661	615	0	-9.78303	0	20	20
0.00968451	0.00133509	2389.58	352.064	46.8297	943.676	369.673	1.12142	1.61661	615	0	-9.82362	0	20	20
0.00968404	0.00134303	2403.31	352.062	44.0538	955.004	375.375	1.12158	1.61661	615	0	-9.85961	0	20	20
0.00968388	0.0013502	2415.67	352.059	41.2153	965.363	380.739	1.12164	1.61661	615	0	-9.89082	0	20	20
0.00968409	0.00135653	2426.58	352.057	38.3448	974.661	385.733	1.12156	1.61661	615	0	-9.91707	0	20	20
0.00968472	0.00136198	2435.95	352.054	35.4743	982.812	390.323	1.12134	1.61661	615	0	-9.93821	0	20	20
0.00968584	0.0013665	2443.69	352.051	32.6358	989.74	394.481	1.12095	1.61661	615	0	-9.95409	0	20	20
0.00968748	0.00137003	2449.77	352.047	29.8599	995.387	398.183	1.12039	1.61661	615	0	-9.96463	0	20	20
0.00968967	0.00137257	2454.14	352.044	27.1745	999.71	401.412	1.11963	1.61661	615	0	-9.96978	0	20	20
0.00969244	0.00137409	2456.81	352.039	24.6037	1002.69	404.156	1.11867	1.61661	615	0	-9.96958	0	20	20
0.00969579	0.00137461	2457.78	352.035	22.1672	1004.33	406.412	1.11751	1.61661	615	0	-9.96408	0	20	20
0.00969971	0.00137414	2457.1	352.03	19.8799	1004.64	408.184	1.11615	1.61661	615	0	-9.9534	0	20	20
0.00970353	0.00137281	2454.84	352.025	17.7517	1003.68	409.482	1.11484	1.61661	615	0	-9.92636	0	20	20
0.00970723	0.00137066	2451.06	352.019	15.7881	1001.49	410.322	1.11356	1.61661	615	0	-9.88329	0	20	20
0.0097108	0.00136773	2445.86	352.013	13.9901	998.133	410.722	1.11233	1.61661	615	0	-9.82521	0	20	20
0.00971424	0.00136408	2439.35	352.006	12.3554	993.697	410.706	1.11115	1.61661	615	0	-9.75325	0	20	20
0.00971755	0.00135977	2431.61	351.998	10.8785	988.258	410.299	1.11002	1.61661	615	0	-9.66859	0	20	20
0.00972072	0.00135485	2422.75	351.99	9.55195	981.9	409.528	1.10893	1.61661	615	0	-9.57244	0	20	20
0.00972376	0.00134937	2412.87	351.981	8.36659	974.706	408.418	1.10789	1.61661	615	0	-9.466	0	20	20
0.00972665	0.0013434	2402.07	351.971	7.31231	966.757	406.997	1.10691	1.61661	615	0	-9.35045	0	20	20
0.00972938	0.00133697	2390.44	351.961	6.37848	958.132	405.289	1.10597	1.61661	615	0	-9.22688	0	20	20
0.00973196	0.00133015	2378.07	351.949	5.55436	948.902	403.317	1.10509	1.61661	615	0	-9.09632	0	20	20
0.00973438	0.00132297	2365.03	351.937	4.8294	939.134	401.105	1.10427	1.61661	615	0	-8.95974	0	20	20
0.00973662	0.00131547	2351.39	351.923	4.19349	928.89	398.672	1.10351	1.61661	615	0	-8.818	0	20	20
0.00973868	0.00130769	2337.22	351.908	3.63707	918.226	396.038	1.10281	1.61661	615	0	-8.67188	0	20	20
0.00974055	0.00129967	2322.58	351.891	3.15127	907.192	393.219	1.10217	1.61661	615	0	-8.52208	0	20	20
0.00974223	0.00129143	2307.52	351.873	2.72794	895.832	390.231	1.1016	1.61661	615	0	-8.36924	0	20	20
0.00974371	0.00128299	2292.08	351.854	2.35965	884.186	387.087	1.1011	1.61661	615	0	-8.21391	0	20	20
0.00974497	0.00127439	2276.31	351.833	2.03971	872.29	383.801	1.10067	1.61661	615	0	-8.05658	0	20	20
0.00974602	0.00126564	2260.25	351.809	1.76213	860.175	380.383	1.10032	1.61661	615	0	-7.8977	0	20	20
0.00974683	0.00125677	2243.92	351.784	1.52155	847.869	376.844	1.10004	1.61661	615	0	-7.73765	0	20	20
0.00974742	0.00124778	2227.35	351.756	1.31324	835.396	373.192	1.09985	1.61661	615	0	-7.57677	0	20	20
0.00974775	0.00123869	2210.58	351.726	1.13301	822.779	369.436	1.09973	1.61661	615	0	-7.41536	0	20	20
0.00974784	0.00122953	2193.61	351.693	0.977206	810.036	365.583	1.0997	1.61661	615	0	-7.25369	0	20	20
0.00974767	0.00122029	2176.49	351.658	0.842585	797.185	361.641	1.09976	1.61661	615	0	-7.09201	0	20	20
0.00974722	0.00121099	2159.21	351.618	0.726331	784.242	357.615	1.09991	1.61661	615	0	-6.93052	0	20	20
0.0097465	0.00120164	2141.81	351.576	0.625985	771.221	353.511	1.10015	1.61661	615	0	-6.76941	0	20	20
0.0097455	0.00119224	2124.3	351.529	0.539403	758.135	349.335	1.1005	1.61661	615	0	-6.60887	0	20	20
0.0097442	0.00118282	2106.69	351.479	0.464724	744.996	345.091	1.10094	1.61661	615	0	-6.44904	0	20	20
0.0097426	0.00117337	2089	351.423	0.400329	731.814	340.785	1.10148	1.61661	615	0	-6.29006	0	20	20
0.00974069	0.0011639	2071.23	351.363	0.344818	718.601	336.42	1.10212	1.61661	615	0	-6.13207	0	20	20
0.00973847	0.00115443	2053.41	351.297	0.296973	705.364	332.002	1.10288	1.61661	615	0	-5.97518	0	20	20
0.00973593	0.00114495	2035.55	351.225	0.255745	692.114	327.534	1.10374	1.61661	615	0	-5.8195	0	20	20
0.00973305	0.00113547	2017.66	351.147	0.220224	678.86	323.021	1.10472	1.61661	615	0	-5.66512	0	20	20
0.00972985	0.00112601	1999.74	351.062	0.189625	665.608	318.465	1.10581	1.61661	615	0	-5.51215	0	20	20
0.0097263	0.00111655	1981.81	350.969	0.163268	652.368	313.872	1.10702	1.61661	615	0	-5.36066	0	20	20
0.00972241	0.00110713	1963.89	350.867	0.140567	639.147	309.244	1.10835	1.61661	615	0	-5.21073	0	20	20
0.00971817	0.00109772	1945.97	350.757	0.121018	625.953	304.586	1.1098	1.61661	615	0	-5.06244	0	20	20
0.00971358	0.00108835	1928.08	350.636	0.104184	612.792	299.9	1.11138	1.61661	615	0	-4.91586	0	20	20
0.00970864	0.00107902	1910.22	350.505	0.0896893	599.673	295.191	1.11308	1.61661	615	0	-4.77104	0	20	20
0.00970333	0.00106973	1892.41	350.362	0.0772089	586.602	290.461	1.1149	1.61661	615	0	-4.62805	0	20	20
0.00969766	0.00106049	1874.64	350.206	0.0664636	573.586	285.715	1.11686	1.61661	615	0	-4.48693	0	20	20
0.00969163	0.00105131	1856.95	350.036	0.0572127	560.633	280.955	1.11895	1.61661	615	0	-4.34775	0	20	20
0.00968524	0.00104218	1839.32	349.85	0.0492485	547.748	276.186	1.12116	1.61661	615	0	-4.21056	0	20	20
0.00967849	0.00103312	1821.78	349.648	0.0423924	534.94	271.409	1.12351	1.61661	615	0	-4.07538	0	20	20
0.00967137	0.00102413	1804.33	349.428	0.0364903	522.213	266.63	1.12599	1.61661	615	0	-3.94227	0	20	20
0.00966389	0.00101521	1786.99	349.188	0.0314096	509.576	261.85	1.12861	1.61661	615	0	-3.81127	0	20	20
0.00965605	0.00100636	1769.76	348.927	0.027036	497.034	257.073	1.13136	1.61661	615	0	-3.6824	0	20	20
0.00964786	0.000997605	1752.65	348.643	0.0232712	484.595	252.303	1.13425	1.61661	615	0	-3.5557	0	20	20
0.00963931	0.000988934	1735.67	348.333	0.0200306	472.264	247.542	1.13727	1.61661	615	0	-3.43121	0	20	20
0.00963041	0.000980355	1718.83	347.995	0.0172411	460.048	242.795	1.14042	1.61661	615	0	-3.30895	0	20	20
0.00962116	0.000971872	1702.14	347.628	0.01484	447.952	238.063	1.14371	1.61661	615	0	-3.18894	0	20	20
0.00961157	0.00096349	1685.61	347.228	0.0127733	435.984	233.35	1.14714	1.61661	615	0	-3.07121	0	20	20
0.00960165	0.000955213	1669.24	346.793	0.0109943	424.15	228.659	1.1507	1.61661	615	0	-2.95577	0	20	20
0.00959139	0.000947045	1653.05	346.32	0.00946308	412.454	223.994	1.1544	1.61661	615	0	-2.84265	0	20	20
0.00958081	0.00093899	1637.04	345.805	0.00814509	400.904	219.356	1.15823	1.61661	615	0	-2.73185	0	20	20
0.00956991	0.000931052	1621.22	345.245	0.00701065	389.505	214.75	1.16219	1.61661	615	0	-2.6234	0	20	20
0.0095587	0.000923235	1605.59	344.636	0.0060342	378.263	210.177	1.16628	1.61661	615	0	-2.5173	0	20	20
0.00954718	0.000915542	1590.17	343.975	0.00519374	367.183	205.642	1.17051	1.61661	615	0	-2.41356	0	20	20
0.00953537	0.000907976	1574.96	343.256	0.00447034	356.272	201.147	1.17486	1.61661	615	0	-2.31219	0	20	20
0.00952328	0.000900541	1559.97	342.475	0.00384768	345.534	196.694	1.17934	1.61661	615	0	-2.21319	0	20	20
0.00951091	0.00089324	1545.2	341.627	0.00331176	334.975	192.287	1.18395	1.61661	615	0	-2.11657	0	20	20
0.00949826	0.000886077	1530.66	340.707	0.00285047	324.601	187.928	1.18869	1.61661	615	0	-2.02232	0	20	20
0.00948536	0.000879052	1516.34	339.71	0.00245344	314.418	183.62	1.19354	1.61661	615	0	-1.93044	0	20	20
0.00947221	0.00087217	1502.27	338.628	0.0021117	304.43	179.367	1.19852	1.61661	615	0	-1.84094	0	20	20
0.00945882	0.000865433	1488.44	337.455	0.00181757	294.643	175.17	1.20362	1.61661	615	0	-1.75381	0	20	20
0.0094452	0.000858843	1474.85	336.185	0.0015644	285.062	171.032	1.20883	1.61661	615	0	-1.66904	0	20	20
0.00943136	0.000852403	1461.52	334.811	0.00134649	275.694	166.957	1.21416	1.61661	615	0	-1.58662	0	20	20
0.0094173	0.000846114	1448.43	333.324	0.00115894	266.544	162.948	1.21961	1.61661	615	0	-1.50656	0	20	20
0.00940305	0.000839979	1435.6	331.718	0.000997512	257.617	159.006	1.22516	1.61661	615	0	-1.42885	0	20	20
0.0093886	0.000833999	1423.03	329.983	0.000858568	248.921	155.136	1.23083	1.61661	615	0	-1.35348	0	20	20
0.00937397	0.000828177	1410.72	328.11	0.000738977	240.46	151.34	1.2366	1.61661	615	0	-1.28045	0	20	20
0.00935916	0.000822514	1398.66	326.092	0.000636045	232.243	147.622	1.24248	1.61661	615	0	-1.20975	0	20	20
0.00934418	0.000817013	1386.87	323.919	0.000547449	224.276	143.984	1.24847	1.61661	615	0	-1.14138	0	20	20
0.00932903	0.000811676	1375.35	321.58	0.000471194	216.566	140.43	1.25456	1.61661	615	0	-1.07535	0	20	20
0.00931372	0.000806502	1364.09	319.068	0.000405561	209.118	136.963	1.26076	1.61661	615	0	-1.01162	0	20	20
0.00929824	0.000801484	1353.07	316.371	0.00034907	201.925	133.581	1.26706	1.61661	615	0	-0.950097	0	20	20
0.0092826	0.000796611	1342.29	313.481	0.000300448	194.98	130.283	1.27348	1.61661	615	0	-0.890658	0	20	20
0.00926679	0.000791873	1331.7	310.388	0.000258598	188.274	127.067	1.28001	1.61661	615	0	-0.833192	0	20	20
0.00925081	0.00078726	1321.3	307.083	0.000222577	181.798	123.929	1.28665	1.61661	615	0	-0.777597	0	20	20
0.00923465	0.000782762	1311.07	303.557	0.000191574	175.545	120.869	1.29342	1.61661	615	0	-0.72378	0	20	20
0.00921832	0.00077837	1300.99	299.801	0.000164889	169.507	117.885	1.3003	1.61661	615	0	-0.671661	0	20	20
0.00920199	0.000774104	1291.12	295.809	0.000141922	163.677	114.975	1.30724	1.61661	615	0	-0.621447	0	20	20
0.00918638	0.000770072	1281.72	291.573	0.000122153	158.048	112.136	1.31391	1.61661	615	0	-0.574091	0	20	20
0.00917197	0.000766338	1272.96	287.089	0.000105138	152.612	109.367	1.32012	1.61661	615	0	-0.530092	0	20	20
0.00915867	0.000762872	1264.77	282.352	9.04933e-05	147.363	106.667	1.32587	1.61661	615	0	-0.489107	0	20	20
0.00914644	0.000759649	1257.1	277.359	7.78883e-05	142.294	104.033	1.3312	1.61661	615	0	-0.450844	0	20	20
0.00913522	0.000756647	1249.91	272.11	6.70391e-05	137.4	101.465	1.33611	1.61661	615	0	-0.415055	0	20	20
0.00912499	0.000753846	1243.15	266.606	5.77011e-05	132.674	98.9595	1.34061	1.61661	615	0	-0.381526	0	20	20
0.0091157	0.000751231	1236.79	260.851	4.96638e-05	128.111	96.5162	1.34471	1.61661	615	0	-0.350073	0	20	20
0.00910736	0.000748788	1230.81	254.849	4.2746e-05	123.705	94.1332	1.34841	1.61661	615	0	-0.320541	0	20	20
0.00909994	0.000746504	1225.18	248.609	3.67919e-05	119.45	91.809	1.35171	1.61661	615	0	-0.292795	0	20	20
0.00909346	0.00074437	1219.89	242.142	3.1667e-05	115.341	89.5423	1.3546	1.61661	615	0	-0.266721	0	20	20
0.00908793	0.000742379	1214.93	235.46	2.72561e-05	111.374	87.3315	1.35708	1.61661	615	0	-0.242222	0	20	20
0.00908336	0.000740524	1210.29	228.579	2.34595e-05	107.544	85.1752	1.35913	1.61661	615	0	-0.219215	0	20	20
0.00907979	0.0007388	1205.97	221.517	2.01918e-05	103.845	83.0723	1.36073	1.61661	615	0	-0.197628	0	20	20
0.00907725	0.000737206	1201.97	214.294	1.73792e-05	100.273	81.0212	1.36188	1.61661	615	0	-0.177398	0	20	20
0.00907577	0.00073574	1198.29	206.934	1.49585e-05	96.8242	79.0208	1.36254	1.61661	615	0	-0.158469	0	20	20
0.00907542	0.000734403	1194.94	199.461	1.28749e-05	93.494	77.0697	1.3627	1.61661	615	0	-0.140789	0	20	20
0.00907623	0.000733196	1191.95	191.901	1.10815e-05	90.2783	75.1669	1.36234	1.61661	615	0	-0.124308	0	20	20
0.00907825	0.000732122	1189.31	184.281	9.53793e-06	87.1732	73.311	1.36143	1.61661	615	0	-0.108979	0	20	20
0.00908153	0.000731187	1187.05	176.631	8.20938e-06	84.1749	71.501	1.35995	1.61661	615	0	-0.0947522	0	20	20
0.00908702	0.000730354	1185.23	168.978	7.06588e-06	81.2797	69.7356	1.35749	1.61661	615	0	-0.0788835	0	20	20
0.00909912	0.000729451	1184.11	161.352	6.08166e-06	78.4842	68.0138	1.35208	1.61661	615	0	-0.0522353	0	20	20
0.00911477	0.000728822	1183.88	153.781	5.23453e-06	75.7847	66.3345	1.34513	1.61661	615	0	-0.0290703	0	20	20
0.00913356	0.000728487	1184.53	146.293	4.5054e-06	73.1782	64.6967	1.33684	1.61661	615	0	-0.00882657	0	20	20
0.00915497	0.000728472	1186.05	138.913	3.87783e-06	70.6612	63.0994	1.32748	1.61661	615	0	0.00898938	0	20	20
0.00917835	0.000728816	1188.42	131.669	3.33768e-06	68.2309	61.5414	1.31737	1.61661	615	0	0.0248087	0	20	20
0.0092029	0.000729562	1191.64	124.581	2.87277e-06	65.8841	60.022	1.30685	1.61661	615	0	0.0390021	0	20	20
0.00922778	0.000730751	1195.67	117.671	2.47262e-06	63.618	58.54	1.29631	1.61661	615	0	0.0518794	0	20	20
0.00925213	0.000732422	1200.48	110.957	2.1282e-06	61.4299	57.0947	1.2861	1.61661	615	0	0.0636891	0	20	20
0.0092752	0.000734599	1206.04	104.455	1.83176e-06	59.3171	55.685	1.27653	1.61661	615	0	0.0746199	0	20	20
0.00929639	0.000737292	1212.27	98.18	1.57661e-06	57.2769	54.3101	1.26782	1.61661	615	0	0.0848063	0	20	20
0.0093153	0.000740492	1219.14	92.1412	1.357e-06	55.3069	52.9692	1.26011	1.61661	615	0	0.0943379	0	20	20
0.00933175	0.000744176	1226.58	86.3475	1.16798e-06	53.4046	51.6614	1.25346	1.61661	615	0	0.103271	0	20	20
0.00934573	0.000748307	1234.53	80.8049	1.00529e-06	51.5678	50.3859	1.24784	1.61661	615	0	0.111641	0	20	20
0.00935738	0.000752841	1242.92	75.517	8.65262e-07	49.7941	49.1418	1.24319	1.61661	615	0	0.119474	0	20	20
0.00936692	0.000757729	1251.71	70.4852	7.44738e-07	48.0815	47.9285	1.2394	1.61661	615	0	0.12679	0	20	20
0.00937461	0.000762923	1260.84	65.709	6.41002e-07	46.4277	46.7452	1.23635	1.61661	615	0	0.133611	0	20	20
0.00938074	0.000768377	1270.27	61.1861	5.51715e-07	44.8309	45.591	1.23393	1.61661	615	0	0.139965	0	20	20
0.00938557	0.000774047	1279.95	56.9127	4.74866e-07	43.2889	44.4654	1.23202	1.61661	615	0	0.145881	0	20	20
0.00938933	0.000779895	1289.84	52.8835	4.08721e-07	41.8	43.3675	1.23054	1.61661	615	0	0.151389	0	20	20
0.00939225	0.000785887	1299.92	49.0921	3.51789e-07	40.3623	42.2968	1.2294	1.61661	615	0	0.156525	0	20	20
0.00939448	0.000791995	1310.15	45.5312	3.02788e-07	38.9741	41.2525	1.22852	1.61661	615	0	0.161322	0	20	20
0.00939617	0.000798194	1320.51	42.1926	2.60612e-07	37.6336	40.2339	1.22786	1.61661	615	0	0.165813	0	20	20
0.00939742	0.000804464	1330.97	39.0676	2.24311e-07	36.3392	39.2406	1.22737	1.61661	615	0	0.170029	0	20	20
0.00939833	0.000810785	1341.51	36.147	1.93066e-07	35.0893	38.2717	1.22701	1.61661	615	0	0.173999	0	20	20
0.00939897	0.000817143	1352.11	33.4215	1.66173e-07	33.8824	37.3268	1.22676	1.61661	615	0	0.177751	0	20	20
0.00939937	0.000823524	1362.76	30.8814	1.43027e-07	32.7171	36.4052	1.2266	1.61661	615	0	0.181306	0	20	20
0.00939957	0.000829918	1373.43	28.5171	1.23104e-07	31.5918	35.5063	1.22652	1.61661	615	0	0.184687	0	20	20
0.00939962	0.000836314	1384.12	26.3189	1.05957e-07	30.5052	34.6297	1.22651	1.61661	615	0	0.187911	0	20	20
0.00939951	0.000842704	1394.8	24.2775	9.11979e-08	29.456	33.7747	1.22655	1.61661	615	0	0.190994	0	20	20
0.00939928	0.00084908	1405.47	22.3835	7.84948e-08	28.4429	32.9408	1.22664	1.61661	615	0	0.193948	0	20	20
0.00939893	0.000855434	1416.12	20.628	6.75611e-08	27.4646	32.1274	1.22678	1.61661	615	0	0.196786	0	20	20
0.00939847	0.000861762	1426.72	19.0023	5.81504e-08	26.5199	31.3342	1.22696	1.61661	615	0	0.199516	0	20	20
0.0093979	0.000868056	1437.28	17.4979	5.00505e-08	25.6078	30.5606	1.22718	1.61661	615	0	0.202148	0	20	20
0.00939725	0.000874311	1447.78	16.1068	4.30789e-08	24.727	29.806	1.22743	1.61661	615	0	0.204687	0	20	20
0.0093965	0.000880523	1458.21	14.8215	3.70783e-08	23.8766	29.0701	1.22773	1.61661	615	0	0.20714	0	20	20
0.00939568	0.000886688	1468.57	13.6345	3.19136e-08	23.0553	28.3524	1.22805	1.61661	615	0	0.209512	0	20	20
0.00939477	0.000892801	1478.84	12.5391	2.74683e-08	22.2623	27.6524	1.2284	1.61661	615	0	0.211806	0	20	20
0.00939379	0.000898858	1489.02	11.5287	2.36422e-08	21.4966	26.9696	1.22879	1.61661	615	0	0.214027	0	20	20
0.00939275	0.000904857	1499.11	10.5972	2.0349e-08	20.7573	26.3037	1.2292	1.61661	615	0	0.216178	0	20	20
0.00939164	0.000910794	1509.09	9.73873	1.75146e-08	20.0433	25.6543	1.22963	1.61661	615	0	0.218262	0	20	20
0.00939047	0.000916666	1518.97	8.94803	1.50749e-08	19.354	25.0209	1.23009	1.61661	615	0	0.22028	0	20	20
0.00938925	0.000922472	1528.74	8.21998	1.29751e-08	18.6883	24.4031	1.23057	1.61661	615	0	0.222236	0	20	20
0.00938798	0.000928207	1538.39	7.54986	1.11678e-08	18.0455	23.8006	1.23107	1.61661	615	0	0.224132	0	20	20
0.00938666	0.000933872	1547.92	6.93327	9.61219e-09	17.4248	23.213	1.23159	1.61661	615	0	0.225969	0	20	20
0.00938531	0.000939463	1557.32	6.36611	8.27329e-09	16.8255	22.6398	1.23212	1.61661	615	0	0.227749	0	20	20
0.00938391	0.000944979	1566.6	5.84456	7.12089e-09	16.2468	22.0809	1.23267	1.61661	615	0	0.229473	0	20	20
0.00938249	0.000950419	1575.75	5.36508	6.129e-09	15.688	21.5357	1.23324	1.61661	615	0	0.231145	0	20	20
0.00938103	0.000955782	1584.77	4.92437	5.27528e-09	15.1484	21.004	1.23381	1.61661	615	0	0.232764	0	20	20
0.00937955	0.000961067	1593.66	4.51939	4.54048e-09	14.6274	20.4854	1.2344	1.61661	615	0	0.234333	0	20	20
0.00937805	0.000966272	1602.41	4.14732	3.90803e-09	14.1243	19.9796	1.23499	1.61661	615	0	0.235852	0	20	20
0.00937652	0.000971398	1611.03	3.80554	3.36367e-09	13.6385	19.4863	1.23559	1.61661	615	0	0.237324	0	20	20
0.00937492	0.00097649	1619.58	3.49165	2.89514e-09	13.1694	19.0052	1.23622	1.61661	615	0	0.238751	0	20	20
0.00937316	0.000981621	1628.18	3.20341	2.49187e-09	12.7165	18.5359	1.23692	1.61661	615	0	0.240137	0	20	20
0.00937121	0.000986817	1636.86	2.93876	2.14477e-09	12.2791	18.0783	1.2377	1.61661	615	0	0.241483	0	20	20
0.00936906	0.000992071	1645.62	2.69581	1.84602e-09	11.8567	17.6319	1.23855	1.61661	615	0	0.242791	0	20	20
0.00936673	0.00099738	1654.44	2.4728	1.58888e-09	11.4489	17.1966	1.23947	1.61661	615	0	0.24406	0	20	20
0.00936424	0.00100274	1663.33	2.26812	1.36757e-09	11.0552	16.772	1.24046	1.61661	615	0	0.245291	0	20	20
0.00936157	0.00100814	1672.27	2.08028	1.17707e-09	10.6749	16.3579	1.24152	1.61661	615	0	0.246485	0	20	20
0.00935875	0.00101358	1681.25	1.90792	1.01312e-09	10.3078	15.954	1.24265	1.61661	615	0	0.247642	0	20	20
0.00935577	0.00101906	1690.27	1.74976	8.71998e-10	9.95323	15.5601	1.24383	1.61661	615	0	0.248764	0	20	20
0.00935264	0.00102457	1699.32	1.60465	7.50536e-10	9.61089	15.1759	1.24508	1.61661	615	0	0.249851	0	20	20
0.00934938	0.0010301	1708.39	1.47153	6.45992e-10	9.28033	14.8012	1.24638	1.61661	615	0	0.250904	0	20	20
0.00934598	0.00103566	1717.48	1.34941	5.56011e-10	8.96113	14.4358	1.24774	1.61661	615	0	0.251923	0	20	20
0.00934246	0.00104123	1726.58	1.23738	4.78563e-10	8.65292	14.0794	1.24916	1.61661	615	0	0.252909	0	20	20
0.00933881	0.00104682	1735.68	1.13463	4.11903e-10	8.35531	13.7318	1.25062	1.61661	615	0	0.253863	0	20	20
0.00933505	0.00105242	1744.78	1.04039	3.54528e-10	8.06793	13.3927	1.25213	1.61661	615	0	0.254785	0	20	20
0.00933118	0.00105802	1753.86	0.953947	3.05145e-10	7.79044	13.062	1.25369	1.61661	615	0	0.255676	0	20	20
0.00932721	0.00106363	1762.93	0.874672	2.62641e-10	7.52249	12.7395	1.25529	1.61661	615	0	0.256537	0	20	20
0.00932314	0.00106923	1771.98	0.801969	2.26057e-10	7.26375	12.425	1.25694	1.61661	615	0	0.257369	0	20	20
0.00931898	0.00107483	1781	0.735298	1.94569e-10	7.01392	12.1182	1.25862	1.61661	615	0	0.258173	0	20	20
0.00931474	0.00108042	1789.99	0.674158	1.67467e-10	6.77268	11.819	1.26034	1.61661	615	0	0.258948	0	20	20
0.00931041	0.00108599	1798.93	0.618093	1.4414e-10	6.53974	11.5272	1.2621	1.61661	615	0	0.259696	0	20	20
0.009306	0.00109155	1807.83	0.566683	1.24063e-10	6.31481	11.2426	1.26389	1.61661	615	0	0.260417	0	20	20
0.00930153	0.00109709	1816.69	0.519543	1.06782e-10	6.09761	10.965	1.26572	1.61661	615	0	0.261112	0	20	20
0.00929699	0.0011026	1825.48	0.476319	9.1908e-11	5.88789	10.6943	1.26757	1.61661	615	0	0.261782	0	20	20
0.0092924	0.00110809	1834.22	0.436686	7.91059e-11	5.68537	10.4303	1.26945	1.61661	615	0	0.262427	0	20	20
0.00928775	0.00111355	1842.89	0.400348	6.80871e-11	5.48983	10.1727	1.27136	1.61661	615	0	0.263049	0	20	20
0.00928304	0.00111898	1851.49	0.36703	5.86031e-11	5.30101	9.92157	1.27329	1.61661	615	0	0.263647	0	20	20
0.0092783	0.00112437	1860.02	0.336482	5.04402e-11	5.11868	9.6766	1.27525	1.61661	615	0	0.264222	0	20	20
0.00927351	0.00112972	1868.46	0.308475	4.34142e-11	4.94263	9.43769	1.27722	1.61661	615	0	0.264776	0	20	20
0.00926869	0.00113503	1876.83	0.282796	3.7367e-11	4.77263	9.20467	1.27922	1.61661	615	0	0.265308	0	20	20
0.00926384	0.0011403	1885.11	0.259254	3.21621e-11	4.60847	8.9774	1.28123	1.61661	615	0	0.265819	0	20	20
0.00925896	0.00114552	1893.3	0.237671	2.76821e-11	4.44997	8.75575	1.28326	1.61661	615	0	0.266311	0	20	20
0.00925406	0.00115069	1901.39	0.217883	2.38262e-11	4.29691	8.53957	1.2853	1.61661	615	0	0.266782	0	20	20
0.00924913	0.00115581	1909.39	0.199741	2.05074e-11	4.14912	8.32873	1.28735	1.61661	615	0	0.267235	0	20	20
0.0092442	0.00116087	1917.29	0.18311	1.76509e-11	4.00642	8.12309	1.28941	1.61661	615	0	0.267669	0	20	20
0.00923926	0.00116588	1925.08	0.167862	1.51923e-11	3.86862	7.92253	1.29148	1.61661	615	0	0.268085	0	20	20
0.0092343	0.00117083	1932.77	0.153884	1.30761e-11	3.73556	7.72692	1.29356	1.61661	615	0	0.268484	0	20	20
0.00922935	0.00117572	1940.34	0.141069	1.12547e-11	3.60707	7.53614	1.29565	1.61661	615	0	0.268866	0	20	20
0.0092244	0.00118055	1947.81	0.129321	9.68703e-12	3.48301	7.35008	1.29773	1.61661	615	0	0.269231	0	20	20
0.00921945	0.00118532	1955.16	0.118551	8.3377e-12	3.36321	7.1686	1.29983	1.61661	615	0	0.269581	0	20	20
0.00921451	0.00119002	1962.39	0.108678	7.17633e-12	3.24754	6.99161	1.30192	1.61661	615	0	0.269916	0	20	20
0.00920958	0.00119465	1969.51	0.0996265	6.17672e-12	3.13584	6.81899	1.30401	1.61661	615	0	0.270236	0	20	20
0.00920467	0.00119922	1976.5	0.0913288	5.31635e-12	3.02798	6.65062	1.3061	1.61661	615	0	0.270541	0	20	20
0.00919977	0.00120371	1983.37	0.0837221	4.57583e-12	2.92384	6.48642	1.30818	1.61661	615	0	0.270833	0	20	20
0.00919489	0.00120814	1990.12	0.0767488	3.93845e-12	2.82327	6.32627	1.31027	1.61661	615	0	0.271111	0	20	20
0.00919004	0.00121249	1996.74	0.0703562	3.38986e-12	2.72617	6.17007	1.31234	1.61661	615	0	0.271376	0	20	20
0.00918521	0.00121676	2003.23	0.064496	2.91768e-12	2.6324	6.01773	1.31441	1.61661	615	0	0.271629	0	20	20
0.00918041	0.00122097	2009.59	0.0591238	2.51127e-12	2.54186	5.86916	1.31648	1.61661	615	0	0.27187	0	20	20
0.00917565	0.00122509	2015.83	0.054199	2.16147e-12	2.45444	5.72425	1.31853	1.61661	615	0	0.272098	0	20	20
0.00917091	0.00122914	2021.93	0.0496843	1.86039e-12	2.37002	5.58291	1.32057	1.61661	615	0	0.272316	0	20	20
0.00916621	0.00123312	2027.91	0.0455457	1.60125e-12	2.2885	5.44507	1.32261	1.61661	615	0	0.272522	0	20	20
0.00916155	0.00123702	2033.75	0.0417518	1.37821e-12	2.20979	5.31063	1.32463	1.61661	615	0	0.272718	0	20	20
0.00915693	0.00124083	2039.46	0.0382739	1.18624e-12	2.13378	5.17951	1.32663	1.61661	615	0	0.272903	0	20	20
0.00915235	0.00124457	2045.04	0.0350856	1.02101e-12	2.06039	5.05163	1.32863	1.61661	615	0	0.273079	0	20	20
0.00914781	0.00124823	2050.49	0.0321629	8.78787e-13	1.98953	4.9269	1.3306	1.61661	615	0	0.273245	0	20	20
0.00914332	0.00125182	2055.8	0.0294837	7.56379e-13	1.9211	4.80526	1.33257	1.61661	615	0	0.273401	0	20	20
0.00913887	0.00125532	2060.99	0.0270276	6.51022e-13	1.85502	4.68662	1.33451	1.61661	615	0	0.273549	0	20	20
0.00913447	0.00125874	2066.04	0.0247761	5.60339e-13	1.79122	4.5709	1.33644	1.61661	615	0	0.273688	0	20	20
0.00913013	0.00126208	2070.95	0.0227122	4.82289e-13	1.72961	4.45805	1.33835	1.61661	615	0	0.273819	0	20	20
0.00912583	0.00126535	2075.74	0.0208202	4.1511e-13	1.67012	4.34798	1.34024	1.61661	615	0	0.273941	0	20	20
0.00912158	0.00126853	2080.4	0.0190857	3.57288e-13	1.61268	4.24063	1.34211	1.61661	615	0	0.274056	0	20	20
0.00911739	0.00127163	2084.92	0.0174958	3.07521e-13	1.55721	4.13592	1.34397	1.61661	615	0	0.274164	0	20	20
0.00911325	0.00127466	2089.32	0.0160383	2.64686e-13	1.50365	4.03381	1.3458	1.61661	615	0	0.274264	0	20	20
0.00910917	0.00127761	2093.59	0.0147022	2.27817e-13	1.45193	3.93421	1.34761	1.61661	615	0	0.274357	0	20	20
0.00910514	0.00128047	2097.73	0.0134774	1.96084e-13	1.402	3.83708	1.3494	1.61661	615	0	0.274443	0	20	20
0.00910117	0.00128326	2101.75	0.0123547	1.68771e-13	1.35377	3.74234	1.35117	1.61661	615	0	0.274523	0	20	20
0.00909725	0.00128598	2105.64	0.0113255	1.45263e-13	1.30721	3.64994	1.35291	1.61661	615	0	0.274597	0	20	20
0.00909339	0.00128861	2109.4	0.010382	1.25029e-13	1.26225	3.55982	1.35463	1.61661	615	0	0.274664	0	20	20
0.00908959	0.00129117	2113.04	0.00951709	1.07613e-13	1.21884	3.47193	1.35633	1.61661	615	0	0.274726	0	20	20
0.00908585	0.00129365	2116.56	0.00872425	9.26235e-14	1.17692	3.38621	1.35801	1.61661	615	0	0.274782	0	20	20
0.00908217	0.00129606	2119.96	0.00799745	7.97218e-14	1.13644	3.3026	1.35966	1.61661	615	0	0.274832	0	20	20
0.00907855	0.0012984	2123.24	0.00733121	6.86172e-14	1.09735	3.22106	1.36129	1.61661	615	0	0.274878	0	20	20
0.00907498	0.00130066	2126.41	0.00672046	5.90593e-14	1.05961	3.14153	1.3629	1.61661	615	0	0.274918	0	20	20
0.00907147	0.00130284	2129.45	0.00616059	5.08329e-14	1.02316	3.06397	1.36448	1.61661	615	0	0.274953	0	20	20
0.00906803	0.00130496	2132.39	0.00564737	4.37522e-14	0.98797	2.98832	1.36603	1.61661	615	0	0.274984	0	20	20
0.00906464	0.001307	2135.21	0.0051769	3.76579e-14	0.953989	2.91454	1.36757	1.61661	615	0	0.27501	0	20	20
0.00906131	0.00130898	2137.92	0.00474562	3.24125e-14	0.921177	2.84258	1.36907	1.61661	615	0	0.275032	0	20	20
0.00905804	0.00131088	2140.52	0.00435027	2.78977e-14	0.889493	2.77239	1.37056	1.61661	615	0	0.275049	0	20	20
0.00905483	0.00131272	2143.01	0.00398786	2.40117e-14	0.8589	2.70394	1.37202	1.61661	615	0	0.275063	0	20	20
0.00905168	0.00131449	2145.4	0.00365564	2.06671e-14	0.829358	2.63718	1.37345	1.61661	615	0	0.275072	0	20	20
0.00904858	0.00131619	2147.68	0.00335109	1.77883e-14	0.800833	2.57207	1.37486	1.61661	615	0	0.275078	0	20	20
0.00904555	0.00131783	2149.86	0.00307192	1.53106e-14	0.773288	2.50856	1.37625	1.61661	615	0	0.27508	0	20	20
0.00904257	0.0013194	2151.94	0.002816	1.31779e-14	0.746692	2.44663	1.37761	1.61661	615	0	0.275079	0	20	20
0.00903964	0.00132091	2153.92	0.0025814	1.13423e-14	0.721009	2.38622	1.37894	1.61661	615	0	0.275074	0	20	20
0.00903678	0.00132236	2155.81	0.00236635	9.76244e-15	0.696211	2.3273	1.38025	1.61661	615	0	0.275067	0	20	20
0.00903397	0.00132374	2157.6	0.00216921	8.40261e-15	0.672265	2.26984	1.38154	1.61661	615	0	0.275056	0	20	20
0.00903122	0.00132507	2159.29	0.0019885	7.2322e-15	0.649142	2.2138	1.38281	1.61661	615	0	0.275042	0	20	20
0.00902852	0.00132634	2160.9	0.00182284	6.22481e-15	0.626815	2.15914	1.38405	1.61661	615	0	0.275025	0	20	20
0.00902588	0.00132755	2162.42	0.00167098	5.35774e-15	0.605256	2.10583	1.38526	1.61661	615	0	0.275005	0	20	20
0.00902329	0.0013287	2163.85	0.00153177	4.61145e-15	0.584439	2.05384	1.38645	1.61661	615	0	0.274983	0	20	20
0.00902075	0.0013298	2165.19	0.00140416	3.96911e-15	0.564337	2.00313	1.38762	1.61661	615	0	0.274959	0	20	20
0.00901827	0.00133085	2166.45	0.00128718	3.41625e-15	0.544927	1.95367	1.38877	1.61661	615	0	0.274931	0	20	20
0.00901584	0.00133184	2167.63	0.00117995	2.94039e-15	0.526185	1.90544	1.38989	1.61661	615	0	0.274902	0	20	20
0.00901346	0.00133278	2168.73	0.00108165	2.53082e-15	0.508087	1.85839	1.391	1.61661	615	0	0.27487	0	20	20
0.00901113	0.00133366	2169.75	0.000991539	2.1783e-15	0.490611	1.81251	1.39207	1.61661	615	0	0.274836	0	20	20
0.00900885	0.0013345	2170.7	0.000908935	1.87488e-15	0.473737	1.76776	1.39313	1.61661	615	0	0.2748	0	20	20
0.00900662	0.00133529	2171.57	0.000833213	1.61372e-15	0.457443	1.72411	1.39416	1.61661	615	0	0.274762	0	20	20
0.00900444	0.00133603	2172.37	0.000763798	1.38894e-15	0.441709	1.68154	1.39518	1.61661	615	0	0.274723	0	20	20
0.00900231	0.00133673	2173.1	0.000700167	1.19547e-15	0.426517	1.64002	1.39617	1.61661	615	0	0.274681	0	20	20
0.00900023	0.00133737	2173.76	0.000641837	1.02895e-15	0.411847	1.59953	1.39714	1.61661	615	0	0.274638	0	20	20
0.00899819	0.00133798	2174.35	0.000588366	8.85629e-16	0.397682	1.56004	1.39809	1.61661	615	0	0.274593	0	20	20
0.0089962	0.00133854	2174.88	0.00053935	7.62268e-16	0.384004	1.52152	1.39902	1.61661	615	0	0.274546	0	20	20
0.00899425	0.00133906	2175.34	0.000494417	6.5609e-16	0.370796	1.48395	1.39993	1.61661	615	0	0.274498	0	20	20
0.00899235	0.00133954	2175.75	0.000453228	5.64702e-16	0.358043	1.44732	1.40082	1.61661	615	0	0.274448	0	20	20
0.00899049	0.00133998	2176.09	0.00041547	4.86043e-16	0.345728	1.41158	1.40168	1.61661	615	0	0.274398	0	20	20
0.00898867	0.00134038	2176.37	0.000380857	4.18342e-16	0.333837	1.37673	1.40253	1.61661	615	0	0.274345	0	20	20
0.0089869	0.00134074	2176.6	0.000349129	3.6007e-16	0.322355	1.34274	1.40337	1.61661	615	0	0.274292	0	20	20
0.00898516	0.00134106	2176.77	0.000320043	3.09915e-16	0.311267	1.30959	1.40418	1.61661	615	0	0.274237	0	20	20
0.00898347	0.00134135	2176.89	0.00029338	2.66746e-16	0.300561	1.27725	1.40497	1.61661	615	0	0.274181	0	20	20
0.00898182	0.0013416	2176.95	0.000268939	2.29591e-16	0.290224	1.24572	1.40575	1.61661	615	0	0.274125	0	20	20
0.0089802	0.00134182	2176.97	0.000246534	1.97611e-16	0.280242	1.21496	1.40651	1.61661	615	0	0.274067	0	20	20
0.00897863	0.00134201	2176.93	0.000225996	1.70085e-16	0.270603	1.18496	1.40725	1.61661	615	0	0.274008	0	20	20
0.00897709	0.00134216	2176.85	0.000207168	1.46393e-16	0.261296	1.15571	1.40797	1.61661	615	0	0.273948	0	20	20
0.00897559	0.00134228	2176.73	0.000189909	1.26002e-16	0.252308	1.12717	1.40868	1.61661	615	0	0.273888	0	20	20
0.00897412	0.00134237	2176.55	0.000174088	1.08451e-16	0.24363	1.09934	1.40937	1.61661	615	0	0.273826	0	20	20
0.00897269	0.00134243	2176.34	0.000159585	9.33446e-17	0.235251	1.0722	1.41004	1.61661	615	0	0.273764	0	20	20
0.0089713	0.00134247	2176.08	0.00014629	8.03424e-17	0.227159	1.04573	1.4107	1.61661	615	0	0.273701	0	20	20
0.00896994	0.00134247	2175.78	0.000134103	6.91514e-17	0.219346	1.01991	1.41134	1.61661	615	0	0.273638	0	20	20
0.00896861	0.00134245	2175.45	0.000122931	5.95191e-17	0.211802	0.994725	1.41197	1.61661	615	0	0.273574	0	20	20
0.00896731	0.0013424	2175.07	0.000112689	5.12286e-17	0.204517	0.970165	1.41258	1.61661	615	0	0.273509	0	20	20
0.00896605	0.00134233	2174.66	0.000103301	4.40929e-17	0.197483	0.946211	1.41318	1.61661	615	0	0.273444	0	20	20
0.00896482	0.00134223	2174.21	9.46954e-05	3.79511e-17	0.190691	0.922849	1.41376	1.61661	615	0	0.273378	0	20	20
0.00896361	0.00134211	2173.73	8.68064e-05	3.26648e-17	0.184132	0.900064	1.41433	1.61661	615	0	0.273312	0	20	20
0.00896244	0.00134197	2173.22	7.95747e-05	2.81149e-17	0.177799	0.877841	1.41488	1.61661	615	0	0.273245	0	20	20
0.0089613	0.0013418	2172.67	7.29454e-05	2.41987e-17	0.171683	0.856167	1.41543	1.61661	615	0	0.273178	0	20	20
0.00896018	0.00134161	2172.1	6.68684e-05	2.0828e-17	0.165778	0.835029	1.41595	1.61661	615	0	0.27311	0	20	20
0.0089591	0.00134141	2171.49	6.12976e-05	1.79268e-17	0.160077	0.814412	1.41647	1.61661	615	0	0.273042	0	20	20
0.00895804	0.00134118	2170.86	5.6191e-05	1.54298e-17	0.154571	0.794304	1.41697	1.61661	615	0	0.272974	0	20	20
0.008957	0.00134093	2170.2	5.15097e-05	1.32805e-17	0.149254	0.774692	1.41746	1.61661	615	0	0.272906	0	20	20
0.008956	0.00134066	2169.51	4.72185e-05	1.14306e-17	0.144121	0.755565	1.41794	1.61661	615	0	0.272837	0	20	20
0.00895502	0.00134038	2168.79	4.32848e-05	9.83845e-18	0.139164	0.73691	1.41841	1.61661	615	0	0.272768	0	20	20
0.00895406	0.00134008	2168.06	3.96788e-05	8.46803e-18	0.134377	0.718716	1.41886	1.61661	615	0	0.272699	0	20	20
0.00895313	0.00133976	2167.3	3.63732e-05	7.2885e-18	0.129756	0.700971	1.4193	1.61661	615	0	0.27263	0	20	20
0.00895222	0.00133943	2166.51	3.33429e-05	6.27327e-18	0.125293	0.683664	1.41974	1.61661	615	0	0.27256	0	20	20
0.00895134	0.00133908	2165.71	3.05652e-05	5.39946e-18	0.120983	0.666784	1.42016	1.61661	615	0	0.272491	0	20	20
0.00895047	0.00133871	2164.88	2.80188e-05	4.64735e-18	0.116822	0.650321	1.42057	1.61661	615	0	0.272421	0	20	20
0.00894963	0.00133833	2164.04	2.56846e-05	4.00001e-18	0.112804	0.634264	1.42097	1.61661	615	0	0.272351	0	20	20
0.00894882	0.00133794	2163.17	2.35448e-05	3.44284e-18	0.108924	0.618604	1.42136	1.61661	615	0	0.272282	0	20	20
0.00894802	0.00133753	2162.29	2.15833e-05	2.96328e-18	0.105178	0.603331	1.42174	1.61661	615	0	0.272212	0	20	20
0.00894724	0.00133711	2161.39	1.97852e-05	2.55052e-18	0.10156	0.588435	1.42211	1.61661	615	0	0.272142	0	20	20
0.00894649	0.00133668	2160.48	1.81369e-05	2.19525e-18	0.0980671	0.573906	1.42247	1.61661	615	0	0.272072	0	20	20
0.00894575	0.00133624	2159.55	1.6626e-05	1.88947e-18	0.0946941	0.559736	1.42282	1.61661	615	0	0.272002	0	20	20
0.00894503	0.00133578	2158.6	1.52409e-05	1.62628e-18	0.0914372	0.545916	1.42316	1.61661	615	0	0.271933	0	20	20
0.00894433	0.00133532	2157.64	1.39712e-05	1.39976e-18	0.0882922	0.532438	1.4235	1.61661	615	0	0.271863	0	20	20
0.00894365	0.00133484	2156.67	1.28072e-05	1.20478e-18	0.0852555	0.519292	1.42382	1.61661	615	0	0.271793	0	20	20
0.00894299	0.00133436	2155.68	1.17403e-05	1.03696e-18	0.0823231	0.50647	1.42414	1.61661	615	0	0.271724	0	20	20
0.00894235	0.00133386	2154.68	1.07622e-05	8.92524e-19	0.0794917	0.493966	1.42445	1.61661	615	0	0.271654	0	20	20
0.00894172	0.00133336	2153.67	9.86562e-06	7.68203e-19	0.0767576	0.48177	1.42475	1.61661	615	0	0.271585	0	20	20
0.00894111	0.00133285	2152.65	9.04372e-06	6.61198e-19	0.0741175	0.469875	1.42504	1.61661	615	0	0.271516	0	20	20
0.00894051	0.00133233	2151.62	8.2903e-06	5.69098e-19	0.0715683	0.458273	1.42532	1.61661	615	0	0.271447	0	20	20
0.00893993	0.0013318	2150.57	7.59964e-06	4.89828e-19	0.0691067	0.446959	1.4256	1.61661	615	0	0.271378	0	20	20
0.00893937	0.00133126	2149.52	6.96652e-06	4.21598e-19	0.0667298	0.435923	1.42587	1.61661	615	0	0.271309	0	20	20
0.00893882	0.00133072	2148.46	6.38615e-06	3.62873e-19	0.0644347	0.42516	1.42613	1.61661	615	0	0.271241	0	20	20
0.00893828	0.00133017	2147.4	5.85412e-06	3.12328e-19	0.0622185	0.414663	1.42639	1.61661	615	0	0.271172	0	20	20
0.00893776	0.00132962	2146.32	5.36642e-06	2.68823e-19	0.0600785	0.404425	1.42664	1.61661	615	0	0.271104	0	20	20
0.00893726	0.00132906	2145.24	4.91935e-06	2.31378e-19	0.0580121	0.39444	1.42688	1.61661	615	0	0.271036	0	20	20
0.00893677	0.00132849	2144.15	4.50952e-06	1.99149e-19	0.0560168	0.384701	1.42712	1.61661	615	0	0.270969	0	20	20
0.00893629	0.00132792	2143.06	4.13384e-06	1.71409e-19	0.0540902	0.375203	1.42734	1.61661	615	0	0.270901	0	20	20
0.00893582	0.00132734	2141.96	3.78945e-06	1.47533e-19	0.0522297	0.365939	1.42757	1.61661	615	0	0.270834	0	20	20
0.00893537	0.00132676	2140.85	3.47375e-06	1.26983e-19	0.0504333	0.356904	1.42779	1.61661	615	0	0.270767	0	20	20
0.00893492	0.00132617	2139.74	3.18436e-06	1.09295e-19	0.0486987	0.348092	1.428	1.61661	615	0	0.270701	0	20	20
