0.00890634	
0.00498106	
0.00359698	
0.00292663	
0.00247352	
0.0021195	
0.00181596	
0.00154928	
0.00133505	
0.00121942	
0.00116539	
0.00119015	
0.00127202	
0.00139899	
0.00156343	
0.00176527	
0.00200643	
0.00229737	
0.00265663	
0.00309073	
0.00362489	
0.00428267	
0.00508513	
0.00605743	
0.00719812	
0.00848008	
0.00990693	
0.0114614	
0.013137	
0.0149131	
0.0167621	
0.0186479	
0.0205146	
0.0222887	
0.0238763	
0.0251662	
0.0260403	
0.0264026	
0.0262135	
0.0255228	
0.0244501	
0.0231512	
0.021775	
0.0204344	
0.0191994	
0.0181029	
0.0171526	
0.0163405	
0.0156523	
0.0150711	
0.0145806	
0.014729	
0.0147933	
0.014786	
0.014721	
0.0146114	
0.0144691	
0.0143043	
0.0141253	
0.0139385	
0.0137489	
0.0135599	
0.013374	
0.0131929	
0.0130176	
0.0128487	
0.0126862	
0.0125303	
0.0123807	
0.0122373	
0.0120997	
0.0119675	
0.0118405	
