0.00866132	0.000693393	1101	184.5	76.5	0	0	1.56764	1.61661	615	0	0.149314	0	20	20
0.00883297	0.000723506	1169.28	184.395	76.4694	49.744	16.7635	1.47802	1.61661	615	0	-0.456365	0	20	20
0.00901082	0.000791448	1302.45	184.289	76.4339	145.874	49.4843	1.39222	1.61661	615	0	-1.48277	0	20	20
0.00906929	0.000863745	1430.49	184.18	76.3927	238.819	81.4382	1.36547	1.61661	615	0	-2.27521	0	20	20
0.00906533	0.00093734	1553.17	184.07	76.3448	328.679	112.641	1.36726	1.61661	615	0	-2.89889	0	20	20
0.00902847	0.0010108	1670.85	183.957	76.2893	415.557	143.111	1.38407	1.61661	615	0	-3.40038	0	20	20
0.00897351	0.00108357	1784.06	183.843	76.2249	499.554	172.864	1.40966	1.61661	615	0	-3.81257	0	20	20
0.00890818	0.00115545	1893.3	183.726	76.1502	580.774	201.921	1.4409	1.61661	615	0	-4.15815	0	20	20
0.0088368	0.00122638	1998.94	183.608	76.0636	659.323	230.301	1.4761	1.61661	615	0	-4.45293	0	20	20
0.00876191	0.00129631	2101.29	183.487	75.9633	735.307	258.028	1.51427	1.61661	615	0	-4.70813	0	20	20
0.00868509	0.00136524	2200.55	183.364	75.847	808.84	285.124	1.55481	1.61661	615	0	-4.93193	0	20	20
0.00860731	0.00143317	2296.91	183.239	75.7124	880.034	311.616	1.59734	1.61661	615	0	-5.13041	0	20	20
0.00852922	0.00150012	2390.53	183.111	75.5566	949.012	337.533	1.64162	1.61661	615	0	-5.30823	0	20	20
0.00845122	0.00156612	2481.56	182.982	75.3764	1015.9	362.904	1.68749	1.61661	615	0	-5.46904	0	20	20
0.00837356	0.00163121	2570.15	182.85	75.1681	1080.82	387.764	1.73488	1.61661	615	0	-5.61572	0	20	20
0.00829638	0.00169546	2656.46	182.716	74.9275	1143.92	412.149	1.78375	1.61661	615	0	-5.75057	0	20	20
0.00821975	0.00175896	2740.68	182.579	74.6499	1205.35	436.099	1.83411	1.61661	615	0	-5.87546	0	20	20
0.00814365	0.00182178	2822.98	182.44	74.33	1265.25	459.657	1.886	1.61661	615	0	-5.99194	0	20	20
0.00806805	0.00188406	2903.55	182.298	73.9617	1323.79	482.871	1.93952	1.61661	615	0	-6.10133	0	20	20
0.00799286	0.00194592	2982.62	182.154	73.5383	1381.14	505.791	1.99477	1.61661	615	0	-6.20472	0	20	20
0.00791797	0.00200751	3060.39	182.008	73.0526	1437.48	528.47	2.05191	1.61661	615	0	-6.30306	0	20	20
0.00784324	0.00206899	3137.1	181.859	72.4961	1493	550.967	2.11112	1.61661	615	0	-6.39718	0	20	20
0.00776854	0.00213054	3213	181.707	71.8602	1547.88	573.34	2.17261	1.61661	615	0	-6.4878	0	20	20
0.00769369	0.00219233	3288.31	181.553	71.1353	1602.33	595.65	2.23664	1.61661	615	0	-6.57554	0	20	20
0.00761852	0.00225456	3363.29	181.395	70.3111	1656.52	617.96	2.3035	1.61661	615	0	-6.66097	0	20	20
0.00754288	0.00231742	3438.17	181.236	69.3773	1710.66	640.329	2.37349	1.61661	615	0	-6.74456	0	20	20
0.00746662	0.00238109	3513.16	181.073	68.323	1764.9	662.814	2.44697	1.61661	615	0	-6.82672	0	20	20
0.00738958	0.00244574	3588.46	180.908	67.1377	1819.41	685.466	2.5243	1.61661	615	0	-6.9078	0	20	20
0.00731168	0.0025115	3664.23	180.739	65.8111	1874.31	708.324	2.60584	1.61661	615	0	-6.98807	0	20	20
0.00723285	0.00257848	3740.56	180.568	64.3342	1929.68	731.416	2.69198	1.61661	615	0	-7.06772	0	20	20
0.00715307	0.00264673	3817.47	180.394	62.6995	1985.54	754.75	2.78306	1.61661	615	0	-7.14687	0	20	20
0.00707242	0.0027162	3894.92	180.217	60.9015	2041.86	778.314	2.87936	1.61661	615	0	-7.22553	0	20	20
0.00699102	0.00278681	3972.74	180.036	58.9379	2098.52	802.069	2.98112	1.61661	615	0	-7.30363	0	20	20
0.0069091	0.00285832	4050.66	179.853	56.8097	2155.33	825.944	3.08841	1.61661	615	0	-7.38098	0	20	20
0.00682698	0.00293043	4128.3	179.666	54.5225	2211.97	849.84	3.20121	1.61661	615	0	-7.45733	0	20	20
0.00674508	0.00300269	4205.13	179.477	52.086	2268.07	873.621	3.31924	1.61661	615	0	-7.53231	0	20	20
0.00666388	0.00307455	4280.52	179.284	49.5151	2323.15	897.122	3.44205	1.61661	615	0	-7.60547	0	20	20
0.00658398	0.00314537	4353.75	179.088	46.8297	2376.65	920.149	3.5689	1.61661	615	0	-7.6763	0	20	20
0.00650599	0.00321439	4424	178.888	44.0538	2427.95	942.487	3.69878	1.61661	615	0	-7.74425	0	20	20
0.00643059	0.00328082	4490.42	178.685	41.2153	2476.4	963.908	3.83043	1.61661	615	0	-7.80873	0	20	20
0.00635843	0.00334386	4552.16	178.479	38.3448	2521.36	984.182	3.96232	1.61661	615	0	-7.86919	0	20	20
0.00629016	0.00340268	4608.42	178.269	35.4743	2562.2	1003.09	4.09276	1.61661	615	0	-7.92507	0	20	20
0.00622633	0.00345657	4658.45	178.056	32.6358	2598.38	1020.42	4.21991	1.61661	615	0	-7.97591	0	20	20
0.00616718	0.00350495	4701.65	177.839	29.8599	2629.41	1036	4.3425	1.61661	615	0	-8.0219	0	20	20
0.006113	0.00354734	4737.55	177.618	27.1745	2654.96	1049.71	4.45899	1.61661	615	0	-8.06295	0	20	20
0.00606431	0.00358328	4765.84	177.394	24.6037	2674.78	1061.43	4.56725	1.61661	615	0	-8.09823	0	20	20
0.00602128	0.00361252	4786.41	177.166	22.1672	2688.79	1071.13	4.66589	1.61661	615	0	-8.12759	0	20	20
0.00598393	0.003635	4799.28	176.934	19.8799	2697.01	1078.79	4.75379	1.61661	615	0	-8.15095	0	20	20
0.00595226	0.00365075	4804.63	176.699	17.7517	2699.58	1084.45	4.83008	1.61661	615	0	-8.16824	0	20	20
0.00592609	0.00365997	4802.78	176.459	15.7881	2696.75	1088.16	4.89434	1.61661	615	0	-8.17957	0	20	20
0.00590481	0.00366311	4794.13	176.216	13.9901	2688.82	1090.03	4.94745	1.61661	615	0	-8.18057	0	20	20
0.00588675	0.00366107	4779.18	175.968	12.3554	2676.17	1090.15	4.99313	1.61661	615	0	-8.1569	0	20	20
0.00587167	0.00365425	4758.48	175.717	10.8785	2659.23	1088.68	5.03169	1.61661	615	0	-8.11059	0	20	20
0.00585924	0.00364313	4732.61	175.461	9.55195	2638.41	1085.72	5.0638	1.61661	615	0	-8.04405	0	20	20
0.00584922	0.00362811	4702.12	175.202	8.36659	2614.14	1081.43	5.08987	1.61661	615	0	-7.95954	0	20	20
0.00584125	0.00360967	4667.57	174.938	7.31231	2586.86	1075.95	5.11072	1.61661	615	0	-7.85957	0	20	20
0.00583517	0.0035882	4629.5	174.67	6.37848	2556.96	1069.39	5.12672	1.61661	615	0	-7.74622	0	20	20
0.00583072	0.00356409	4588.38	174.397	5.55436	2524.83	1061.89	5.13847	1.61661	615	0	-7.6216	0	20	20
0.00582768	0.00353769	4544.68	174.12	4.8294	2490.8	1053.56	5.14651	1.61661	615	0	-7.48766	0	20	20
0.00582589	0.00350933	4498.8	173.839	4.19349	2455.2	1044.51	5.15125	1.61661	615	0	-7.3461	0	20	20
0.00582513	0.00347932	4451.11	173.553	3.63707	2418.31	1034.83	5.15328	1.61661	615	0	-7.19858	0	20	20
0.0058253	0.00344788	4401.93	173.263	3.15127	2380.37	1024.6	5.15283	1.61661	615	0	-7.04636	0	20	20
0.00582621	0.00341529	4351.55	172.968	2.72794	2341.61	1013.9	5.1504	1.61661	615	0	-6.89075	0	20	20
0.00582779	0.00338171	4300.23	172.669	2.35965	2302.22	1002.81	5.14622	1.61661	615	0	-6.73273	0	20	20
0.00582993	0.00334734	4248.17	172.365	2.03971	2262.36	991.367	5.14057	1.61661	615	0	-6.57319	0	20	20
0.00583251	0.00331232	4195.56	172.056	1.76213	2222.18	979.635	5.13374	1.61661	615	0	-6.41294	0	20	20
0.00583551	0.00327678	4142.56	171.742	1.52155	2181.79	967.656	5.12582	1.61661	615	0	-6.25252	0	20	20
0.00583882	0.00324084	4089.3	171.423	1.31324	2141.31	955.468	5.11712	1.61661	615	0	-6.09259	0	20	20
0.00584241	0.00320459	4035.91	171.1	1.13301	2100.81	943.105	5.10768	1.61661	615	0	-5.9335	0	20	20
0.00584625	0.0031681	3982.48	170.771	0.977206	2060.37	930.595	5.09763	1.61661	615	0	-5.77563	0	20	20
0.00585027	0.00313146	3929.08	170.438	0.842585	2020.05	917.964	5.08714	1.61661	615	0	-5.61934	0	20	20
0.00585448	0.0030947	3875.8	170.099	0.726331	1979.9	905.234	5.07617	1.61661	615	0	-5.46478	0	20	20
0.00585881	0.00305789	3822.69	169.756	0.625985	1939.96	892.422	5.0649	1.61661	615	0	-5.31225	0	20	20
0.00586329	0.00302106	3769.79	169.407	0.539403	1900.28	879.546	5.05331	1.61661	615	0	-5.16184	0	20	20
0.00586789	0.00298424	3717.16	169.053	0.464724	1860.87	866.619	5.04142	1.61661	615	0	-5.01367	0	20	20
0.00587258	0.00294748	3664.81	168.693	0.400329	1821.76	853.655	5.02938	1.61661	615	0	-4.86792	0	20	20
0.00587738	0.00291078	3612.79	168.328	0.344818	1782.98	840.664	5.01706	1.61661	615	0	-4.72458	0	20	20
0.00588227	0.00287417	3561.11	167.958	0.296973	1744.53	827.656	5.00455	1.61661	615	0	-4.58373	0	20	20
0.00588724	0.00283767	3509.8	167.583	0.255745	1706.43	814.64	4.99188	1.61661	615	0	-4.44545	0	20	20
0.00589233	0.00280129	3458.88	167.202	0.220224	1668.69	801.624	4.97896	1.61661	615	0	-4.30971	0	20	20
0.00589749	0.00276505	3408.36	166.815	0.189625	1631.33	788.616	4.96589	1.61661	615	0	-4.17659	0	20	20
0.00590275	0.00272895	3358.25	166.423	0.163268	1594.34	775.622	4.95263	1.61661	615	0	-4.04608	0	20	20
0.00590814	0.00269301	3308.57	166.025	0.140567	1557.74	762.649	4.93911	1.61661	615	0	-3.91816	0	20	20
0.0059136	0.00265724	3259.34	165.621	0.121018	1521.53	749.702	4.92544	1.61661	615	0	-3.79288	0	20	20
0.00591918	0.00262164	3210.55	165.212	0.104184	1485.72	736.787	4.91152	1.61661	615	0	-3.67021	0	20	20
0.00592489	0.00258623	3162.22	164.797	0.0896893	1450.31	723.909	4.89732	1.61661	615	0	-3.55013	0	20	20
0.00593071	0.00255101	3114.37	164.376	0.0772089	1415.3	711.075	4.88292	1.61661	615	0	-3.43268	0	20	20
0.00593667	0.00251599	3066.99	163.949	0.0664636	1380.71	698.288	4.86824	1.61661	615	0	-3.31783	0	20	20
0.00594278	0.00248117	3020.11	163.516	0.0572127	1346.53	685.554	4.85324	1.61661	615	0	-3.20553	0	20	20
0.00594903	0.00244657	2973.72	163.077	0.0492485	1312.76	672.879	4.83795	1.61661	615	0	-3.09582	0	20	20
0.00595543	0.0024122	2927.84	162.632	0.0423924	1279.42	660.265	4.82238	1.61661	615	0	-2.98869	0	20	20
0.005962	0.00237807	2882.47	162.182	0.0364903	1246.5	647.72	4.80645	1.61661	615	0	-2.88408	0	20	20
0.00596876	0.00234416	2837.64	161.725	0.0314096	1214.02	635.247	4.79013	1.61661	615	0	-2.78199	0	20	20
0.00597568	0.00231052	2793.34	161.261	0.027036	1181.97	622.851	4.77352	1.61661	615	0	-2.68245	0	20	20
0.00598279	0.00227714	2749.59	160.792	0.0232712	1150.37	610.537	4.75652	1.61661	615	0	-2.58541	0	20	20
0.00599011	0.00224403	2706.39	160.317	0.0200306	1119.21	598.31	4.73909	1.61661	615	0	-2.49084	0	20	20
0.00599765	0.00221119	2663.76	159.835	0.0172411	1088.5	586.175	4.72124	1.61661	615	0	-2.39874	0	20	20
0.00600538	0.00217866	2621.71	159.347	0.01484	1058.25	574.137	4.70304	1.61661	615	0	-2.30911	0	20	20
0.00601333	0.00214643	2580.25	158.852	0.0127733	1028.46	562.2	4.68442	1.61661	615	0	-2.22192	0	20	20
0.00602151	0.00211451	2539.39	158.351	0.0109943	999.136	550.369	4.66534	1.61661	615	0	-2.13714	0	20	20
0.00602994	0.00208292	2499.14	157.844	0.00946308	970.29	538.65	4.6458	1.61661	615	0	-2.05476	0	20	20
0.00603861	0.00205167	2459.52	157.331	0.00814509	941.925	527.047	4.62581	1.61661	615	0	-1.97475	0	20	20
0.0060475	0.00202077	2420.53	156.811	0.00701065	914.047	515.565	4.60544	1.61661	615	0	-1.89713	0	20	20
0.00605664	0.00199025	2382.19	156.284	0.0060342	886.662	504.209	4.58463	1.61661	615	0	-1.82184	0	20	20
0.00606604	0.0019601	2344.5	155.751	0.00519374	859.779	492.984	4.56336	1.61661	615	0	-1.74888	0	20	20
0.00607568	0.00193035	2307.49	155.212	0.00447034	833.403	481.894	4.54166	1.61661	615	0	-1.6782	0	20	20
0.00608558	0.00190101	2271.15	154.665	0.00384768	807.542	470.946	4.51953	1.61661	615	0	-1.6098	0	20	20
0.00609573	0.0018721	2235.52	154.113	0.00331176	782.201	460.143	4.49699	1.61661	615	0	-1.54365	0	20	20
0.00610613	0.00184362	2200.58	153.554	0.00285047	757.39	449.491	4.47407	1.61661	615	0	-1.47973	0	20	20
0.00611675	0.00181561	2166.37	152.988	0.00245344	733.114	438.994	4.45079	1.61661	615	0	-1.41801	0	20	20
0.00612759	0.00178807	2132.89	152.415	0.0021117	709.38	428.657	4.42721	1.61661	615	0	-1.35847	0	20	20
0.00613865	0.00176102	2100.15	151.836	0.00181757	686.196	418.485	4.40332	1.61661	615	0	-1.30109	0	20	20
0.00614992	0.00173448	2068.16	151.251	0.0015644	663.57	408.483	4.37917	1.61661	615	0	-1.24582	0	20	20
0.00616137	0.00170846	2036.94	150.658	0.00134649	641.507	398.655	4.35481	1.61661	615	0	-1.19264	0	20	20
0.00617298	0.00168299	2006.49	150.059	0.00115894	620.015	389.007	4.33028	1.61661	615	0	-1.14153	0	20	20
0.00618473	0.00165808	1976.83	149.454	0.000997512	599.101	379.541	4.30564	1.61661	615	0	-1.09245	0	20	20
0.00619659	0.00163375	1947.97	148.841	0.000858568	578.771	370.264	4.28096	1.61661	615	0	-1.04537	0	20	20
0.00620853	0.00161002	1919.92	148.223	0.000738977	559.033	361.179	4.25632	1.61661	615	0	-1.00027	0	20	20
0.0062205	0.0015869	1892.68	147.597	0.000636045	539.893	352.291	4.2318	1.61661	615	0	-0.95712	0	20	20
0.00623246	0.00156442	1866.27	146.965	0.000547449	521.357	343.605	4.20748	1.61661	615	0	-0.91588	0	20	20
0.00624436	0.0015426	1840.7	146.326	0.000471194	503.432	335.123	4.18346	1.61661	615	0	-0.876525	0	20	20
0.00625617	0.00152144	1815.97	145.681	0.000405561	486.117	326.849	4.15982	1.61661	615	0	-0.839006	0	20	20
0.00626787	0.00150094	1792.06	145.029	0.00034907	469.397	318.779	4.13656	1.61661	615	0	-0.803245	0	20	20
0.00627948	0.00148107	1768.94	144.371	0.000300448	453.252	310.909	4.11367	1.61661	615	0	-0.769148	0	20	20
0.006291	0.00146182	1746.58	143.706	0.000258598	437.663	303.232	4.09111	1.61661	615	0	-0.736628	0	20	20
0.00630244	0.00144316	1724.97	143.034	0.000222577	422.609	295.745	4.06886	1.61661	615	0	-0.705603	0	20	20
0.00631382	0.00142507	1704.08	142.356	0.000191574	408.074	288.443	4.04692	1.61661	615	0	-0.675996	0	20	20
0.00632512	0.00140755	1683.88	141.672	0.000164889	394.038	281.322	4.02527	1.61661	615	0	-0.647736	0	20	20
0.00633636	0.00139056	1664.35	140.981	0.000141922	380.486	274.376	4.00387	1.61661	615	0	-0.620749	0	20	20
0.00634756	0.00137409	1645.47	140.283	0.000122153	367.399	267.601	3.98271	1.61661	615	0	-0.59497	0	20	20
0.00635873	0.00135813	1627.22	139.58	0.000105138	354.762	260.994	3.96178	1.61661	615	0	-0.570336	0	20	20
0.00636985	0.00134266	1609.57	138.87	9.04933e-05	342.561	254.55	3.94105	1.61661	615	0	-0.546789	0	20	20
0.00638096	0.00132766	1592.52	138.154	7.78883e-05	330.778	248.266	3.92051	1.61661	615	0	-0.524273	0	20	20
0.00639204	0.00131312	1576.04	137.431	6.70391e-05	319.401	242.136	3.90016	1.61661	615	0	-0.502735	0	20	20
0.0064031	0.00129903	1560.1	136.703	5.77011e-05	308.416	236.157	3.87997	1.61661	615	0	-0.482126	0	20	20
0.00641416	0.00128536	1544.7	135.968	4.96638e-05	297.808	230.327	3.85994	1.61661	615	0	-0.462399	0	20	20
0.00642522	0.0012721	1529.82	135.227	4.2746e-05	287.565	224.64	3.84005	1.61661	615	0	-0.443508	0	20	20
0.00643626	0.00125925	1515.43	134.481	3.67919e-05	277.674	219.094	3.82032	1.61661	615	0	-0.425416	0	20	20
0.0064473	0.00124679	1501.53	133.728	3.1667e-05	268.124	213.684	3.80073	1.61661	615	0	-0.408082	0	20	20
0.00645835	0.00123471	1488.1	132.97	2.72561e-05	258.902	208.408	3.78125	1.61661	615	0	-0.391464	0	20	20
0.00646941	0.00122299	1475.11	132.205	2.34595e-05	249.997	203.263	3.76189	1.61661	615	0	-0.375528	0	20	20
0.00648049	0.00121162	1462.57	131.435	2.01918e-05	241.398	198.244	3.74263	1.61661	615	0	-0.360239	0	20	20
0.00649159	0.00120059	1450.45	130.66	1.73792e-05	233.096	193.349	3.72347	1.61661	615	0	-0.345565	0	20	20
0.00650271	0.0011899	1438.73	129.879	1.49585e-05	225.078	188.576	3.70439	1.61661	615	0	-0.331476	0	20	20
0.00651385	0.00117952	1427.42	129.092	1.28749e-05	217.337	183.92	3.68542	1.61661	615	0	-0.317944	0	20	20
0.00652501	0.00116945	1416.48	128.3	1.10815e-05	209.862	179.379	3.66655	1.61661	615	0	-0.304946	0	20	20
0.00653619	0.00115968	1405.92	127.503	9.53793e-06	202.644	174.95	3.64775	1.61661	615	0	-0.29245	0	20	20
0.00654741	0.00115021	1395.72	126.7	8.20938e-06	195.674	170.63	3.62904	1.61661	615	0	-0.280432	0	20	20
0.00655867	0.00114101	1385.86	125.892	7.06588e-06	188.944	166.417	3.61039	1.61661	615	0	-0.268868	0	20	20
0.00656996	0.00113208	1376.34	125.08	6.08166e-06	182.445	162.309	3.5918	1.61661	615	0	-0.257737	0	20	20
0.00658127	0.00112341	1367.14	124.262	5.23453e-06	176.17	158.301	3.57331	1.61661	615	0	-0.247021	0	20	20
0.00659262	0.001115	1358.26	123.44	4.5054e-06	170.111	154.393	3.55489	1.61661	615	0	-0.2367	0	20	20
0.006604	0.00110684	1349.68	122.613	3.87783e-06	164.26	150.581	3.53654	1.61661	615	0	-0.226752	0	20	20
0.00661542	0.00109891	1341.4	121.781	3.33768e-06	158.61	146.863	3.51825	1.61661	615	0	-0.217158	0	20	20
0.00662689	0.00109121	1333.4	120.945	2.87277e-06	153.155	143.237	3.50003	1.61661	615	0	-0.207903	0	20	20
0.00663838	0.00108373	1325.68	120.105	2.47262e-06	147.887	139.7	3.48188	1.61661	615	0	-0.198973	0	20	20
0.0066499	0.00107647	1318.22	119.26	2.1282e-06	142.8	136.251	3.46381	1.61661	615	0	-0.190353	0	20	20
0.00666146	0.00106942	1311.02	118.412	1.83176e-06	137.889	132.887	3.44581	1.61661	615	0	-0.182025	0	20	20
0.00667306	0.00106258	1304.07	117.559	1.57661e-06	133.146	129.606	3.42788	1.61661	615	0	-0.173976	0	20	20
0.0066847	0.00105592	1297.37	116.702	1.357e-06	128.567	126.406	3.41001	1.61661	615	0	-0.166193	0	20	20
0.00669635	0.00104946	1290.89	115.842	1.16798e-06	124.145	123.285	3.39223	1.61661	615	0	-0.158667	0	20	20
0.00670804	0.00104318	1284.64	114.978	1.00529e-06	119.875	120.241	3.37454	1.61661	615	0	-0.151384	0	20	20
0.00671975	0.00103708	1278.61	114.111	8.65262e-07	115.752	117.272	3.35691	1.61661	615	0	-0.144332	0	20	20
0.0067315	0.00103115	1272.79	113.24	7.44738e-07	111.771	114.377	3.33936	1.61661	615	0	-0.1375	0	20	20
0.00674327	0.00102539	1267.18	112.366	6.41002e-07	107.926	111.553	3.32191	1.61661	615	0	-0.130881	0	20	20
0.00675506	0.00101979	1261.76	111.489	5.51715e-07	104.214	108.799	3.30455	1.61661	615	0	-0.124464	0	20	20
0.00676687	0.00101435	1256.53	110.609	4.74866e-07	100.63	106.112	3.28728	1.61661	615	0	-0.11824	0	20	20
0.0067787	0.00100906	1251.49	109.727	4.08721e-07	97.1687	103.492	3.2701	1.61661	615	0	-0.112199	0	20	20
0.00679054	0.00100392	1246.63	108.842	3.51789e-07	93.8266	100.937	3.25302	1.61661	615	0	-0.106335	0	20	20
0.00680239	0.000998918	1241.95	107.954	3.02788e-07	90.5995	98.4451	3.23606	1.61661	615	0	-0.100641	0	20	20
0.00681424	0.000994058	1237.43	107.064	2.60612e-07	87.4833	96.0145	3.21919	1.61661	615	0	-0.0951085	0	20	20
0.00682611	0.000989333	1233.07	106.172	2.24311e-07	84.4744	93.6439	3.20244	1.61661	615	0	-0.0897294	0	20	20
0.00683797	0.00098474	1228.87	105.278	1.93066e-07	81.5689	91.3318	3.1858	1.61661	615	0	-0.0845001	0	20	20
0.00684982	0.000980275	1224.82	104.383	1.66173e-07	78.7634	89.0768	3.1693	1.61661	615	0	-0.0794139	0	20	20
0.00686166	0.000975933	1220.92	103.485	1.43027e-07	76.0544	86.8775	3.15291	1.61661	615	0	-0.0744634	0	20	20
0.0068735	0.000971711	1217.16	102.586	1.23104e-07	73.4385	84.7325	3.13665	1.61661	615	0	-0.0696435	0	20	20
0.00688531	0.000967607	1213.54	101.686	1.05957e-07	70.9126	82.6404	3.12054	1.61661	615	0	-0.0649517	0	20	20
0.0068971	0.000963617	1210.05	100.784	9.11979e-08	68.4736	80.6	3.10456	1.61661	615	0	-0.0603813	0	20	20
0.00690886	0.000959737	1206.69	99.8814	7.84948e-08	66.1185	78.61	3.08873	1.61661	615	0	-0.0559272	0	20	20
0.0069206	0.000955965	1203.45	98.9779	6.75611e-08	63.8444	76.6691	3.07305	1.61661	615	0	-0.0515855	0	20	20
0.00693228	0.000952299	1200.34	98.0737	5.81504e-08	61.6485	74.7761	3.05753	1.61661	615	0	-0.0473549	0	20	20
0.00694393	0.000948735	1197.34	97.169	5.00505e-08	59.5281	72.9299	3.04218	1.61661	615	0	-0.0432289	0	20	20
0.00695553	0.00094527	1194.46	96.2638	4.30789e-08	57.4807	71.1293	3.02698	1.61661	615	0	-0.0392043	0	20	20
0.00696707	0.000941903	1191.68	95.3585	3.70783e-08	55.5036	69.3731	3.01197	1.61661	615	0	-0.0352788	0	20	20
0.00697854	0.000938631	1189.01	94.4531	3.19136e-08	53.5946	67.6603	2.99713	1.61661	615	0	-0.0314502	0	20	20
0.00698995	0.000935452	1186.44	93.5478	2.74683e-08	51.7512	65.9897	2.98248	1.61661	615	0	-0.0277143	0	20	20
0.00700129	0.000932364	1183.97	92.6428	2.36422e-08	49.9713	64.3604	2.96801	1.61661	615	0	-0.0240685	0	20	20
0.00701255	0.000929364	1181.6	91.7382	2.0349e-08	48.2525	62.7714	2.95374	1.61661	615	0	-0.0205119	0	20	20
0.00702372	0.00092645	1179.32	90.8342	1.75146e-08	46.5929	61.2215	2.93967	1.61661	615	0	-0.0170419	0	20	20
0.00703479	0.000923621	1177.12	89.931	1.50749e-08	44.9904	59.71	2.92581	1.61661	615	0	-0.0136558	0	20	20
0.00704578	0.000920874	1175.02	89.0287	1.29751e-08	43.4429	58.2357	2.91215	1.61661	615	0	-0.0103519	0	20	20
0.00705665	0.000918209	1172.99	88.1275	1.11678e-08	41.9487	56.7979	2.89871	1.61661	615	0	-0.0071298	0	20	20
0.00706741	0.000915623	1171.05	87.2275	9.61219e-09	40.5059	55.3955	2.88549	1.61661	615	0	-0.00398715	0	20	20
0.00707805	0.000913114	1169.19	86.329	8.27329e-09	39.1127	54.0278	2.87249	1.61661	615	0	-0.000922162	0	20	20
0.00708858	0.00091068	1167.4	85.432	7.12089e-09	37.7675	52.6939	2.85972	1.61661	615	0	0.00206635	0	20	20
0.00709897	0.000908321	1165.68	84.5368	6.129e-09	36.4685	51.3928	2.84718	1.61661	615	0	0.0049783	0	20	20
0.00710922	0.000906035	1164.04	83.6434	5.27528e-09	35.2142	50.1239	2.83487	1.61661	615	0	0.00781577	0	20	20
0.00711934	0.000903819	1162.46	82.7521	4.54048e-09	34.003	48.8864	2.8228	1.61661	615	0	0.01058	0	20	20
0.00712931	0.000901673	1160.95	81.863	3.90803e-09	32.8335	47.6794	2.81097	1.61661	615	0	0.0132717	0	20	20
0.00713914	0.000899596	1159.5	80.9762	3.36367e-09	31.7042	46.5022	2.79939	1.61661	615	0	0.0158912	0	20	20
0.0071488	0.000897585	1158.11	80.0919	2.89514e-09	30.6137	45.354	2.78805	1.61661	615	0	0.0184396	0	20	20
0.00715832	0.000895639	1156.78	79.2103	2.49187e-09	29.5608	44.2342	2.77695	1.61661	615	0	0.0209182	0	20	20
0.00716767	0.000893757	1155.51	78.3315	2.14477e-09	28.544	43.1421	2.76609	1.61661	615	0	0.0233278	0	20	20
0.00717685	0.000891937	1154.29	77.4556	1.84602e-09	27.5623	42.0769	2.75549	1.61661	615	0	0.0256688	0	20	20
0.00718586	0.000890179	1153.13	76.5828	1.58888e-09	26.6143	41.038	2.74513	1.61661	615	0	0.0279418	0	20	20
0.00719471	0.00088848	1152.02	75.7132	1.36757e-09	25.6989	40.0248	2.73502	1.61661	615	0	0.0301482	0	20	20
0.00720338	0.000886838	1150.95	74.847	1.17707e-09	24.815	39.0366	2.72515	1.61661	615	0	0.032289	0	20	20
0.00721188	0.000885254	1149.94	73.9843	1.01312e-09	23.9615	38.0728	2.71552	1.61661	615	0	0.0343649	0	20	20
0.00722021	0.000883724	1148.97	73.1252	8.71998e-10	23.1374	37.1327	2.70614	1.61661	615	0	0.0363765	0	20	20
0.00722836	0.000882249	1148.04	72.2699	7.50536e-10	22.3416	36.2159	2.697	1.61661	615	0	0.0383247	0	20	20
0.00723633	0.000880826	1147.16	71.4185	6.45992e-10	21.5731	35.3217	2.6881	1.61661	615	0	0.0402111	0	20	20
0.00724413	0.000879455	1146.31	70.5711	5.56011e-10	20.8311	34.4497	2.67942	1.61661	615	0	0.0420367	0	20	20
0.00725175	0.000878132	1145.51	69.7278	4.78563e-10	20.1147	33.5991	2.67098	1.61661	615	0	0.0438028	0	20	20
0.00725921	0.000876858	1144.74	68.8888	4.11903e-10	19.4228	32.7695	2.66276	1.61661	615	0	0.0455102	0	20	20
0.00726648	0.000875631	1144.02	68.0543	3.54528e-10	18.7548	31.9604	2.65477	1.61661	615	0	0.0471602	0	20	20
0.00727359	0.000874449	1143.32	67.2242	3.05145e-10	18.1097	31.1713	2.64699	1.61661	615	0	0.0487542	0	20	20
0.00728054	0.000873311	1142.66	66.3987	2.62641e-10	17.4868	30.4017	2.63943	1.61661	615	0	0.0502935	0	20	20
0.00728731	0.000872216	1142.03	65.578	2.26057e-10	16.8854	29.6511	2.63207	1.61661	615	0	0.0517796	0	20	20
0.00729393	0.000871162	1141.44	64.7621	1.94569e-10	16.3046	28.919	2.62492	1.61661	615	0	0.0532136	0	20	20
0.00730038	0.000870148	1140.87	63.9511	1.67467e-10	15.7438	28.205	2.61796	1.61661	615	0	0.0545969	0	20	20
0.00730668	0.000869173	1140.33	63.1452	1.4414e-10	15.2023	27.5086	2.6112	1.61661	615	0	0.0559309	0	20	20
0.00731282	0.000868235	1139.82	62.3444	1.24063e-10	14.6794	26.8294	2.60462	1.61661	615	0	0.0572171	0	20	20
0.00731882	0.000867333	1139.34	61.5488	1.06782e-10	14.1746	26.167	2.59823	1.61661	615	0	0.058457	0	20	20
0.00732466	0.000866466	1138.88	60.7586	9.1908e-11	13.687	25.5209	2.59201	1.61661	615	0	0.059652	0	20	20
0.00733037	0.000865632	1138.45	59.9738	7.91059e-11	13.2163	24.8908	2.58597	1.61661	615	0	0.0608034	0	20	20
0.00733593	0.000864831	1138.04	59.1945	6.80871e-11	12.7617	24.2763	2.58009	1.61661	615	0	0.0619128	0	20	20
0.00734136	0.000864061	1137.66	58.4207	5.86031e-11	12.3228	23.6769	2.57437	1.61661	615	0	0.0629813	0	20	20
0.00734666	0.000863321	1137.29	57.6526	5.04402e-11	11.8989	23.0923	2.5688	1.61661	615	0	0.0640106	0	20	20
0.00735183	0.000862611	1136.95	56.8903	4.34142e-11	11.4897	22.5221	2.56339	1.61661	615	0	0.0650019	0	20	20
0.00735687	0.000861928	1136.63	56.1338	3.7367e-11	11.0945	21.9661	2.55812	1.61661	615	0	0.0659567	0	20	20
0.0073618	0.000861272	1136.32	55.3831	3.21621e-11	10.7129	21.4237	2.55299	1.61661	615	0	0.0668762	0	20	20
0.00736661	0.000860642	1136.04	54.6384	2.76821e-11	10.3444	20.8948	2.54799	1.61661	615	0	0.0677618	0	20	20
0.0073713	0.000860036	1135.77	53.8997	2.38262e-11	9.98864	20.3789	2.54313	1.61661	615	0	0.0686148	0	20	20
0.00737588	0.000859455	1135.52	53.1671	2.05074e-11	9.64508	19.8757	2.53839	1.61661	615	0	0.0694363	0	20	20
0.00738036	0.000858897	1135.29	52.4405	1.76509e-11	9.31335	19.385	2.53377	1.61661	615	0	0.0702276	0	20	20
0.00738474	0.00085836	1135.07	51.7202	1.51923e-11	8.99302	18.9064	2.52927	1.61661	615	0	0.0709898	0	20	20
0.00738902	0.000857845	1134.87	51.0061	1.30761e-11	8.68371	18.4396	2.52488	1.61661	615	0	0.0717242	0	20	20
0.0073932	0.000857351	1134.69	50.2983	1.12547e-11	8.38503	17.9843	2.5206	1.61661	615	0	0.0724317	0	20	20
0.00739728	0.000856876	1134.51	49.5968	9.68703e-12	8.09663	17.5403	2.51642	1.61661	615	0	0.0731136	0	20	20
0.00740128	0.000856419	1134.36	48.9016	8.3377e-12	7.81815	17.1072	2.51234	1.61661	615	0	0.0737707	0	20	20
0.0074052	0.000855981	1134.21	48.2129	7.17633e-12	7.54925	16.6848	2.50836	1.61661	615	0	0.0744042	0	20	20
0.00740903	0.00085556	1134.08	47.5306	6.17672e-12	7.2896	16.2729	2.50448	1.61661	615	0	0.075015	0	20	20
0.00741277	0.000855156	1133.95	46.8547	5.31635e-12	7.03888	15.8711	2.50068	1.61661	615	0	0.0756039	0	20	20
0.00741645	0.000854768	1133.84	46.1854	4.57583e-12	6.79678	15.4792	2.49697	1.61661	615	0	0.0761719	0	20	20
0.00742004	0.000854395	1133.75	45.5225	3.93845e-12	6.563	15.097	2.49334	1.61661	615	0	0.0767199	0	20	20
0.00742357	0.000854037	1133.66	44.8663	3.38986e-12	6.33727	14.7243	2.48979	1.61661	615	0	0.0772486	0	20	20
0.00742702	0.000853693	1133.58	44.2166	2.91768e-12	6.1193	14.3608	2.48632	1.61661	615	0	0.077759	0	20	20
0.00743041	0.000853363	1133.51	43.5734	2.51127e-12	5.90883	14.0062	2.48292	1.61661	615	0	0.0782516	0	20	20
0.00743373	0.000853045	1133.45	42.9369	2.16147e-12	5.7056	13.6604	2.47959	1.61661	615	0	0.0787274	0	20	20
0.00743699	0.000852741	1133.4	42.307	1.86039e-12	5.50936	13.3231	2.47633	1.61661	615	0	0.0791869	0	20	20
0.00744019	0.000852448	1133.36	41.6837	1.60125e-12	5.31987	12.9941	2.47314	1.61661	615	0	0.079631	0	20	20
0.00744177	0.000852328	1133.33	41.0671	1.37821e-12	5.13689	12.6733	2.47156	1.61661	615	0	0.0808389	0	20	20
0.00744338	0.000852215	1133.31	40.4571	1.18624e-12	4.96021	12.3604	2.46996	1.61661	615	0	0.0819945	0	20	20
0.00744501	0.000852106	1133.31	39.8537	1.02101e-12	4.78961	12.0552	2.46834	1.61661	615	0	0.0830996	0	20	20
0.00744667	0.000852002	1133.31	39.2569	8.78787e-13	4.62487	11.7576	2.46669	1.61661	615	0	0.0841562	0	20	20
0.00744835	0.000851902	1133.33	38.6668	7.56379e-13	4.4658	11.4673	2.46502	1.61661	615	0	0.085166	0	20	20
0.00745005	0.000851806	1133.35	38.0834	6.51022e-13	4.3122	11.1842	2.46333	1.61661	615	0	0.0861307	0	20	20
0.00745178	0.000851714	1133.39	37.5065	5.60339e-13	4.16388	10.908	2.46161	1.61661	615	0	0.0870521	0	20	20
0.00745353	0.000851626	1133.43	36.9363	4.82289e-13	4.02067	10.6387	2.45988	1.61661	615	0	0.0879318	0	20	20
0.0074553	0.000851541	1133.48	36.3727	4.1511e-13	3.88238	10.376	2.45813	1.61661	615	0	0.0887713	0	20	20
0.00745709	0.000851459	1133.55	35.8156	3.57288e-13	3.74885	10.1199	2.45636	1.61661	615	0	0.0895722	0	20	20
0.0074589	0.000851381	1133.61	35.2652	3.07521e-13	3.61991	9.86999	2.45457	1.61661	615	0	0.0903359	0	20	20
0.00746073	0.000851305	1133.69	34.7212	2.64686e-13	3.4954	9.6263	2.45276	1.61661	615	0	0.0910638	0	20	20
0.00746258	0.000851231	1133.77	34.1839	2.27817e-13	3.37518	9.38863	2.45095	1.61661	615	0	0.0917573	0	20	20
0.00746444	0.00085116	1133.86	33.653	1.96084e-13	3.25909	9.15682	2.44911	1.61661	615	0	0.0924177	0	20	20
0.00746631	0.000851091	1133.96	33.1286	1.68771e-13	3.147	8.93074	2.44727	1.61661	615	0	0.0930462	0	20	20
0.00746821	0.000851025	1134.06	32.6108	1.45263e-13	3.03876	8.71024	2.44541	1.61661	615	0	0.0936442	0	20	20
0.00747011	0.00085096	1134.17	32.0993	1.25029e-13	2.93424	8.49518	2.44354	1.61661	615	0	0.0942127	0	20	20
0.00747203	0.000850897	1134.28	31.5943	1.07613e-13	2.83332	8.28543	2.44166	1.61661	615	0	0.0947529	0	20	20
0.00747395	0.000850836	1134.39	31.0956	9.26235e-14	2.73587	8.08087	2.43977	1.61661	615	0	0.0952659	0	20	20
0.00747589	0.000850776	1134.52	30.6033	7.97218e-14	2.64177	7.88135	2.43787	1.61661	615	0	0.0957529	0	20	20
0.00747784	0.000850718	1134.64	30.1173	6.86172e-14	2.55091	7.68676	2.43597	1.61661	615	0	0.0962147	0	20	20
0.00747979	0.000850661	1134.77	29.6376	5.90593e-14	2.46317	7.49697	2.43406	1.61661	615	0	0.0966524	0	20	20
0.00748176	0.000850606	1134.91	29.1641	5.08329e-14	2.37845	7.31187	2.43214	1.61661	615	0	0.097067	0	20	20
0.00748373	0.000850552	1135.04	28.6969	4.37522e-14	2.29664	7.13134	2.43022	1.61661	615	0	0.0974594	0	20	20
0.00748571	0.000850499	1135.19	28.2358	3.76579e-14	2.21765	6.95526	2.42829	1.61661	615	0	0.0978305	0	20	20
0.00748769	0.000850447	1135.33	27.7808	3.24125e-14	2.14138	6.78354	2.42637	1.61661	615	0	0.0981811	0	20	20
0.00748968	0.000850396	1135.48	27.332	2.78977e-14	2.06772	6.61605	2.42443	1.61661	615	0	0.0985121	0	20	20
0.00749167	0.000850346	1135.63	26.8892	2.40117e-14	1.99661	6.4527	2.4225	1.61661	615	0	0.0988243	0	20	20
0.00749367	0.000850297	1135.78	26.4524	2.06671e-14	1.92793	6.29338	2.42057	1.61661	615	0	0.0991184	0	20	20
0.00749567	0.000850249	1135.93	26.0216	1.77883e-14	1.86162	6.138	2.41863	1.61661	615	0	0.0993952	0	20	20
0.00749767	0.000850201	1136.09	25.5967	1.53106e-14	1.79759	5.98645	2.41669	1.61661	615	0	0.0996555	0	20	20
0.00749967	0.000850154	1136.25	25.1776	1.31779e-14	1.73577	5.83865	2.41476	1.61661	615	0	0.0998998	0	20	20
0.00750167	0.000850108	1136.41	24.7644	1.13423e-14	1.67606	5.69449	2.41282	1.61661	615	0	0.100129	0	20	20
0.00750368	0.000850062	1136.57	24.357	9.76244e-15	1.61842	5.55389	2.41089	1.61661	615	0	0.100344	0	20	20
0.00750568	0.000850017	1136.74	23.9553	8.40261e-15	1.56275	5.41677	2.40896	1.61661	615	0	0.100544	0	20	20
0.00750769	0.000849972	1136.9	23.5593	7.2322e-15	1.509	5.28303	2.40703	1.61661	615	0	0.100732	0	20	20
0.00750969	0.000849928	1137.07	23.1689	6.22481e-15	1.4571	5.15259	2.40511	1.61661	615	0	0.100906	0	20	20
0.00751169	0.000849884	1137.24	22.7841	5.35774e-15	1.40698	5.02537	2.40318	1.61661	615	0	0.101068	0	20	20
0.00751369	0.00084984	1137.41	22.4048	4.61145e-15	1.35859	4.90129	2.40127	1.61661	615	0	0.101219	0	20	20
0.00751569	0.000849797	1137.58	22.0311	3.96911e-15	1.31186	4.78028	2.39935	1.61661	615	0	0.101358	0	20	20
0.00751768	0.000849753	1137.75	21.6627	3.41625e-15	1.26674	4.66225	2.39744	1.61661	615	0	0.101487	0	20	20
0.00751968	0.00084971	1137.92	21.2997	2.94039e-15	1.22317	4.54714	2.39553	1.61661	615	0	0.101606	0	20	20
0.00752167	0.000849668	1138.09	20.9421	2.53082e-15	1.1811	4.43487	2.39363	1.61661	615	0	0.101715	0	20	20
0.00752365	0.000849625	1138.26	20.5897	2.1783e-15	1.14048	4.32538	2.39174	1.61661	615	0	0.101814	0	20	20
0.00752564	0.000849583	1138.43	20.2426	1.87488e-15	1.10125	4.21858	2.38985	1.61661	615	0	0.101905	0	20	20
0.00752762	0.00084954	1138.61	19.9006	1.61372e-15	1.06338	4.11442	2.38796	1.61661	615	0	0.101987	0	20	20
0.00752959	0.000849498	1138.78	19.5637	1.38894e-15	1.0268	4.01284	2.38609	1.61661	615	0	0.102061	0	20	20
0.00753156	0.000849455	1138.95	19.2319	1.19547e-15	0.991485	3.91376	2.38421	1.61661	615	0	0.102127	0	20	20
0.00753353	0.000849413	1139.13	18.9051	1.02895e-15	0.957383	3.81713	2.38235	1.61661	615	0	0.102186	0	20	20
0.00753549	0.00084937	1139.3	18.5832	8.85629e-16	0.924454	3.72289	2.38049	1.61661	615	0	0.102238	0	20	20
0.00753745	0.000849328	1139.47	18.2663	7.62268e-16	0.892658	3.63097	2.37863	1.61661	615	0	0.102284	0	20	20
0.0075394	0.000849285	1139.64	17.9541	6.5609e-16	0.861956	3.54132	2.37679	1.61661	615	0	0.102323	0	20	20
0.00754134	0.000849242	1139.82	17.6468	5.64702e-16	0.832309	3.45388	2.37495	1.61661	615	0	0.102356	0	20	20
0.00754329	0.000849199	1139.99	17.3442	4.86043e-16	0.803682	3.36861	2.37311	1.61661	615	0	0.102383	0	20	20
0.00754522	0.000849156	1140.16	17.0462	4.18342e-16	0.77604	3.28543	2.37129	1.61661	615	0	0.102405	0	20	20
0.00754715	0.000849112	1140.33	16.7529	3.6007e-16	0.749348	3.20432	2.36947	1.61661	615	0	0.102421	0	20	20
0.00754908	0.000849068	1140.5	16.4642	3.09915e-16	0.723575	3.1252	2.36765	1.61661	615	0	0.102433	0	20	20
0.007551	0.000849024	1140.67	16.1799	2.66746e-16	0.698688	3.04804	2.36585	1.61661	615	0	0.10244	0	20	20
0.00755291	0.00084898	1140.84	15.9002	2.29591e-16	0.674657	2.97278	2.36405	1.61661	615	0	0.102442	0	20	20
0.00755482	0.000848936	1141.01	15.6248	1.97611e-16	0.651452	2.89939	2.36226	1.61661	615	0	0.10244	0	20	20
0.00755673	0.000848891	1141.18	15.3538	1.70085e-16	0.629046	2.8278	2.36047	1.61661	615	0	0.102435	0	20	20
0.00755862	0.000848845	1141.35	15.087	1.46393e-16	0.60741	2.75798	2.3587	1.61661	615	0	0.102425	0	20	20
0.00756052	0.0008488	1141.52	14.8246	1.26002e-16	0.586518	2.68989	2.35693	1.61661	615	0	0.102412	0	20	20
0.0075624	0.000848754	1141.68	14.5663	1.08451e-16	0.566345	2.62347	2.35516	1.61661	615	0	0.102395	0	20	20
0.00756428	0.000848707	1141.85	14.3121	9.33446e-17	0.546866	2.5587	2.35341	1.61661	615	0	0.102375	0	20	20
0.00756616	0.000848661	1142.01	14.062	8.03424e-17	0.528057	2.49552	2.35166	1.61661	615	0	0.102352	0	20	20
0.00756803	0.000848613	1142.18	13.8159	6.91514e-17	0.509894	2.43391	2.34992	1.61661	615	0	0.102326	0	20	20
0.00756989	0.000848566	1142.34	13.5738	5.95191e-17	0.492357	2.37382	2.34818	1.61661	615	0	0.102298	0	20	20
0.00757175	0.000848518	1142.5	13.3357	5.12286e-17	0.475422	2.31521	2.34645	1.61661	615	0	0.102267	0	20	20
0.0075736	0.000848469	1142.66	13.1014	4.40929e-17	0.45907	2.25804	2.34473	1.61661	615	0	0.102233	0	20	20
0.00757544	0.00084842	1142.82	12.8709	3.79511e-17	0.443281	2.20229	2.34302	1.61661	615	0	0.102197	0	20	20
0.00757728	0.000848371	1142.98	12.6442	3.26648e-17	0.428034	2.14792	2.34131	1.61661	615	0	0.102159	0	20	20
0.00757912	0.00084832	1143.14	12.4212	2.81149e-17	0.413312	2.09489	2.33961	1.61661	615	0	0.102119	0	20	20
0.00758095	0.00084827	1143.3	12.2018	2.41987e-17	0.399097	2.04316	2.33792	1.61661	615	0	0.102077	0	20	20
0.00758277	0.000848219	1143.45	11.9861	2.0828e-17	0.38537	1.99272	2.33624	1.61661	615	0	0.102033	0	20	20
0.00758459	0.000848167	1143.61	11.7739	1.79268e-17	0.372115	1.94352	2.33456	1.61661	615	0	0.101987	0	20	20
0.0075864	0.000848115	1143.76	11.5653	1.54298e-17	0.359317	1.89553	2.33288	1.61661	615	0	0.10194	0	20	20
0.00758821	0.000848063	1143.91	11.3601	1.32805e-17	0.346958	1.84873	2.33122	1.61661	615	0	0.101891	0	20	20
0.00759001	0.000848009	1144.07	11.1583	1.14306e-17	0.335025	1.80308	2.32956	1.61661	615	0	0.101841	0	20	20
0.0075918	0.000847956	1144.22	10.9599	9.83845e-18	0.323501	1.75857	2.32791	1.61661	615	0	0.10179	0	20	20
0.00759359	0.000847901	1144.37	10.7648	8.46803e-18	0.312375	1.71515	2.32626	1.61661	615	0	0.101737	0	20	20
0.00759538	0.000847846	1144.52	10.573	7.2885e-18	0.301631	1.6728	2.32462	1.61661	615	0	0.101683	0	20	20
0.00759716	0.000847791	1144.66	10.3844	6.27327e-18	0.291256	1.6315	2.32299	1.61661	615	0	0.101628	0	20	20
0.00759893	0.000847735	1144.81	10.1989	5.39946e-18	0.281239	1.59122	2.32136	1.61661	615	0	0.101572	0	20	20
0.0076007	0.000847678	1144.95	10.0166	4.64735e-18	0.271566	1.55193	2.31974	1.61661	615	0	0.101516	0	20	20
0.00760247	0.000847621	1145.1	9.83738	4.00001e-18	0.262225	1.51361	2.31812	1.61661	615	0	0.101458	0	20	20
0.00760423	0.000847563	1145.24	9.66118	3.44284e-18	0.253206	1.47624	2.31651	1.61661	615	0	0.1014	0	20	20
0.00760598	0.000847505	1145.38	9.48797	2.96328e-18	0.244497	1.43979	2.31491	1.61661	615	0	0.10134	0	20	20
0.00760773	0.000847446	1145.52	9.31771	2.55052e-18	0.236088	1.40424	2.31332	1.61661	615	0	0.101281	0	20	20
0.00760947	0.000847386	1145.66	9.15035	2.19525e-18	0.227968	1.36957	2.31173	1.61661	615	0	0.10122	0	20	20
0.00761121	0.000847326	1145.8	8.98585	1.88947e-18	0.220127	1.33576	2.31014	1.61661	615	0	0.101159	0	20	20
0.00761295	0.000847265	1145.94	8.82416	1.62628e-18	0.212556	1.30278	2.30856	1.61661	615	0	0.101098	0	20	20
0.00761468	0.000847204	1146.07	8.66524	1.39976e-18	0.205245	1.27061	2.30699	1.61661	615	0	0.101036	0	20	20
0.0076164	0.000847142	1146.21	8.50905	1.20478e-18	0.198186	1.23924	2.30542	1.61661	615	0	0.100973	0	20	20
0.00761812	0.000847079	1146.34	8.35554	1.03696e-18	0.191369	1.20864	2.30386	1.61661	615	0	0.100911	0	20	20
0.00761984	0.000847016	1146.47	8.20468	8.92524e-19	0.184787	1.1788	2.3023	1.61661	615	0	0.100848	0	20	20
0.00762155	0.000846952	1146.6	8.05642	7.68203e-19	0.178431	1.1497	2.30075	1.61661	615	0	0.100784	0	20	20
0.00762326	0.000846887	1146.73	7.91073	6.61198e-19	0.172294	1.12131	2.29921	1.61661	615	0	0.100721	0	20	20
0.00762496	0.000846822	1146.86	7.76755	5.69098e-19	0.166368	1.09363	2.29767	1.61661	615	0	0.100657	0	20	20
0.00762666	0.000846757	1146.99	7.62686	4.89828e-19	0.160646	1.06662	2.29613	1.61661	615	0	0.100593	0	20	20
0.00762835	0.000846691	1147.12	7.48861	4.21598e-19	0.155121	1.04029	2.2946	1.61661	615	0	0.100528	0	20	20
0.00763004	0.000846624	1147.24	7.35277	3.62873e-19	0.149785	1.0146	2.29308	1.61661	615	0	0.100464	0	20	20
0.00763173	0.000846556	1147.37	7.21929	3.12328e-19	0.144634	0.989554	2.29156	1.61661	615	0	0.1004	0	20	20
0.00763341	0.000846488	1147.49	7.08815	2.68823e-19	0.139659	0.965122	2.29005	1.61661	615	0	0.100335	0	20	20
0.00763509	0.00084642	1147.61	6.95929	2.31378e-19	0.134855	0.941293	2.28854	1.61661	615	0	0.10027	0	20	20
0.00763676	0.000846351	1147.73	6.83269	1.99149e-19	0.130217	0.918052	2.28704	1.61661	615	0	0.100206	0	20	20
0.00763843	0.000846281	1147.85	6.70831	1.71409e-19	0.125738	0.895385	2.28554	1.61661	615	0	0.100141	0	20	20
0.00764009	0.000846211	1147.97	6.58611	1.47533e-19	0.121414	0.873278	2.28404	1.61661	615	0	0.100077	0	20	20
0.00764175	0.00084614	1148.09	6.46606	1.26983e-19	0.117238	0.851717	2.28255	1.61661	615	0	0.100012	0	20	20
0.00764341	0.000846068	1148.2	6.34812	1.09295e-19	0.113205	0.830688	2.28107	1.61661	615	0	0.0999474	0	20	20
