0.00890634	
0.00495244	
0.00357754	
0.00290913	
0.00245704	
0.00210486	
0.00180428	
0.0015411	
0.00132992	
0.00123063	
0.00117601	
0.0011953	
0.00127402	
0.00139791	
0.00155951	
0.00175906	
0.00200232	
0.0022988	
0.00265259	
0.00309837	
0.00364584	
0.00431988	
0.00515367	
0.0061629	
0.00735558	
0.00870326	
0.0102125	
0.0118639	
0.0136525	
0.0155654	
0.0175695	
0.0196236	
0.0216699	
0.0236305	
0.0254074	
0.0268773	
0.0279172	
0.0284215	
0.0283479	
0.0277349	
0.0266968	
0.0253887	
0.0239639	
0.0225445	
0.0212119	
0.0200094	
0.0189519	
0.0186488	
0.0185867	
0.0184164	
0.0181649	
0.0178571	
0.0175147	
0.0171545	
0.0167894	
0.0164288	
0.0160788	
0.0157431	
0.0154239	
0.0151221	
0.0148376	
0.01457	
0.0143184	
0.0140818	
0.013859	
0.013649	
0.0134506	
0.0132629	
0.0130849	
0.0129157	
0.0127545	
0.0126007	
0.0124536	
