0.00866132	0.000693393	1101	184.5	76.5	0	0	1.56764	1.61661	615	0	0.149314	0	20	20
0.00883566	0.000724075	1170.52	184.336	76.4694	50.711	17.0894	1.47667	1.61661	615	0	-0.466176	0	20	20
0.00901327	0.000793487	1306.12	184.169	76.4339	148.709	50.4459	1.39108	1.61661	615	0	-1.50581	0	20	20
0.00906871	0.000867409	1436.49	184	76.3927	243.456	83.0195	1.36573	1.61661	615	0	-2.30413	0	20	20
0.00906101	0.000942679	1561.43	183.827	76.3448	335.054	114.826	1.36921	1.61661	615	0	-2.92928	0	20	20
0.0090203	0.00101784	1681.3	183.652	76.2893	423.605	145.882	1.38783	1.61661	615	0	-3.42964	0	20	20
0.00896152	0.00109234	1796.63	183.474	76.2249	509.211	176.206	1.41532	1.61661	615	0	-3.83909	0	20	20
0.00889244	0.00116595	1907.92	183.292	76.1502	591.977	205.816	1.44856	1.61661	615	0	-4.18089	0	20	20
0.0088174	0.00123862	2015.55	183.108	76.0636	672.006	234.732	1.48586	1.61661	615	0	-4.47115	0	20	20
0.00873893	0.00131029	2119.8	182.92	75.9633	749.406	262.976	1.52625	1.61661	615	0	-4.72132	0	20	20
0.00865859	0.00138096	2220.89	182.73	75.847	824.287	290.572	1.56913	1.61661	615	0	-4.93968	0	20	20
0.00857737	0.00145062	2318.99	182.536	75.7124	896.764	317.544	1.61413	1.61661	615	0	-5.1324	0	20	20
0.00849591	0.00151928	2414.25	182.339	75.5566	966.955	343.92	1.661	1.61661	615	0	-5.30422	0	20	20
0.0084146	0.00158698	2506.83	182.138	75.3764	1034.98	369.73	1.70962	1.61661	615	0	-5.45881	0	20	20
0.00833371	0.00165374	2596.87	181.935	75.1681	1100.98	395.006	1.75989	1.61661	615	0	-5.59905	0	20	20
0.00825336	0.00171964	2684.54	181.727	74.9275	1165.07	419.784	1.81179	1.61661	615	0	-5.72725	0	20	20
0.00817361	0.00178475	2770	181.517	74.6499	1227.42	444.102	1.86534	1.61661	615	0	-5.84529	0	20	20
0.00809447	0.00184915	2853.44	181.303	74.33	1288.15	468.003	1.92059	1.61661	615	0	-5.95472	0	20	20
0.00801589	0.00191297	2935.04	181.085	73.9617	1347.44	491.532	1.97763	1.61661	615	0	-6.05684	0	20	20
0.00793779	0.00197632	3015	180.864	73.5383	1405.46	514.737	2.03658	1.61661	615	0	-6.15274	0	20	20
0.00786006	0.00203935	3093.55	180.639	73.0526	1462.36	537.67	2.0976	1.61661	615	0	-6.24336	0	20	20
0.00778257	0.00210221	3170.9	180.411	72.4961	1518.35	560.387	2.16088	1.61661	615	0	-6.32951	0	20	20
0.00770518	0.00216508	3247.29	180.178	71.8602	1573.59	582.944	2.22665	1.61661	615	0	-6.4119	0	20	20
0.00762772	0.00222812	3322.95	179.942	71.1353	1628.28	605.4	2.29517	1.61661	615	0	-6.49114	0	20	20
0.00755004	0.00229152	3398.12	179.702	70.3111	1682.6	627.815	2.36675	1.61661	615	0	-6.56776	0	20	20
0.00747197	0.00235547	3473.01	179.459	69.3773	1736.74	650.247	2.44172	1.61661	615	0	-6.64225	0	20	20
0.00739336	0.00242014	3547.85	179.211	68.323	1790.87	672.75	2.52043	1.61661	615	0	-6.715	0	20	20
0.00731408	0.00248569	3622.82	178.959	67.1377	1845.12	695.373	2.60328	1.61661	615	0	-6.78634	0	20	20
0.00723403	0.00255226	3698.07	178.704	65.8111	1899.63	718.153	2.69067	1.61661	615	0	-6.85654	0	20	20
0.00715314	0.00261995	3773.68	178.444	64.3342	1954.47	741.117	2.78298	1.61661	615	0	-6.92578	0	20	20
0.00707141	0.0026888	3849.69	178.18	62.6995	2009.66	764.274	2.8806	1.61661	615	0	-6.99417	0	20	20
0.00698889	0.00275878	3926.05	177.912	60.9015	2065.17	787.612	2.98384	1.61661	615	0	-7.06173	0	20	20
0.00690571	0.00282978	4002.6	177.64	58.9379	2120.9	811.091	3.09297	1.61661	615	0	-7.1284	0	20	20
0.00682209	0.00290161	4079.09	177.363	56.8097	2176.64	834.646	3.2081	1.61661	615	0	-7.19402	0	20	20
0.00673833	0.00297395	4155.14	177.082	54.5225	2232.12	858.18	3.32922	1.61661	615	0	-7.25832	0	20	20
0.00665484	0.00304637	4230.25	176.796	52.086	2286.97	881.564	3.4561	1.61661	615	0	-7.32098	0	20	20
0.0065721	0.00311833	4303.83	176.507	49.5151	2340.71	904.638	3.58829	1.61661	615	0	-7.38158	0	20	20
0.00649066	0.00318921	4375.17	176.212	46.8297	2392.83	927.217	3.72506	1.61661	615	0	-7.43963	0	20	20
0.00641114	0.00325829	4443.5	175.913	44.0538	2442.73	949.095	3.86541	1.61661	615	0	-7.49463	0	20	20
0.00633417	0.00332478	4508	175.61	41.2153	2489.79	970.053	4.00803	1.61661	615	0	-7.54604	0	20	20
0.00626041	0.0033879	4567.87	175.302	38.3448	2533.38	989.87	4.15137	1.61661	615	0	-7.59332	0	20	20
0.00619012	0.00344698	4622.32	174.989	35.4743	2572.93	1008.33	4.2944	1.61661	615	0	-7.63677	0	20	20
0.00612372	0.00350137	4670.66	174.671	32.6358	2607.89	1025.25	4.43562	1.61661	615	0	-7.67623	0	20	20
0.006062	0.00355032	4712.3	174.348	29.8599	2637.82	1040.45	4.57249	1.61661	615	0	-7.71063	0	20	20
0.00600529	0.00359332	4746.8	174.021	27.1745	2662.38	1053.81	4.70325	1.61661	615	0	-7.7398	0	20	20
0.00595403	0.00362996	4773.89	173.688	24.6037	2681.36	1065.24	4.82578	1.61661	615	0	-7.76314	0	20	20
0.00590839	0.00365997	4793.43	173.351	22.1672	2694.67	1074.68	4.93847	1.61661	615	0	-7.78049	0	20	20
0.00586843	0.00368329	4805.47	173.009	19.8799	2702.33	1082.13	5.04005	1.61661	615	0	-7.79176	0	20	20
0.00583403	0.00369999	4810.19	172.661	17.7517	2704.49	1087.63	5.12971	1.61661	615	0	-7.79712	0	20	20
0.00580507	0.00371023	4807.89	172.309	15.7881	2701.38	1091.23	5.20689	1.61661	615	0	-7.79663	0	20	20
0.00578125	0.00371433	4798.96	171.951	13.9901	2693.32	1093.02	5.27151	1.61661	615	0	-7.79057	0	20	20
0.00576111	0.00371312	4783.89	171.588	12.3554	2680.65	1093.12	5.32698	1.61661	615	0	-7.76613	0	20	20
0.00574402	0.00370714	4763.21	171.219	10.8785	2663.79	1091.65	5.37468	1.61661	615	0	-7.72041	0	20	20
0.00572961	0.00369686	4737.46	170.846	9.55195	2643.15	1088.74	5.41532	1.61661	615	0	-7.65569	0	20	20
0.00571768	0.00368269	4707.2	170.466	8.36659	2619.14	1084.52	5.4493	1.61661	615	0	-7.57406	0	20	20
0.00570789	0.00366508	4672.97	170.082	7.31231	2592.18	1079.12	5.4774	1.61661	615	0	-7.47782	0	20	20
0.00570003	0.00364441	4635.27	169.692	6.37848	2562.66	1072.68	5.50009	1.61661	615	0	-7.36894	0	20	20
0.00569383	0.00362108	4594.59	169.296	5.55436	2530.93	1065.3	5.51806	1.61661	615	0	-7.24948	0	20	20
0.0056891	0.00359544	4551.35	168.895	4.8294	2497.35	1057.11	5.53183	1.61661	615	0	-7.12118	0	20	20
0.00568565	0.00356781	4505.96	168.488	4.19349	2462.2	1048.2	5.54193	1.61661	615	0	-6.98572	0	20	20
0.00568327	0.00353849	4458.77	168.076	3.63707	2425.77	1038.66	5.54887	1.61661	615	0	-6.84456	0	20	20
0.00568186	0.00350772	4410.1	167.657	3.15127	2388.3	1028.58	5.55301	1.61661	615	0	-6.69893	0	20	20
0.00568122	0.00347574	4360.22	167.233	2.72794	2350	1018.04	5.55488	1.61661	615	0	-6.55007	0	20	20
0.00568131	0.00344273	4309.38	166.803	2.35965	2311.05	1007.09	5.55463	1.61661	615	0	-6.39883	0	20	20
0.00568194	0.0034089	4257.78	166.368	2.03971	2271.62	995.79	5.55276	1.61661	615	0	-6.24616	0	20	20
0.0056831	0.00337436	4205.6	165.926	1.76213	2231.85	984.195	5.54938	1.61661	615	0	-6.09269	0	20	20
0.00568468	0.00333926	4153	165.478	1.52155	2191.84	972.346	5.54476	1.61661	615	0	-5.93906	0	20	20
0.00568661	0.00330371	4100.12	165.025	1.31324	2151.71	960.28	5.53911	1.61661	615	0	-5.78578	0	20	20
0.00568888	0.00326779	4047.06	164.565	1.13301	2111.54	948.031	5.53249	1.61661	615	0	-5.63321	0	20	20
0.00569137	0.0032316	3993.92	164.099	0.977206	2071.4	935.626	5.52523	1.61661	615	0	-5.48183	0	20	20
0.00569412	0.00319519	3940.79	163.627	0.842585	2031.35	923.09	5.51722	1.61661	615	0	-5.33179	0	20	20
0.00569706	0.00315863	3887.72	163.149	0.726331	1991.44	910.444	5.50869	1.61661	615	0	-5.18341	0	20	20
0.00570017	0.00312196	3834.78	162.665	0.625985	1951.71	897.708	5.49967	1.61661	615	0	-5.03687	0	20	20
0.00570347	0.00308522	3782.02	162.175	0.539403	1912.2	884.897	5.49012	1.61661	615	0	-4.89227	0	20	20
0.00570687	0.00304847	3729.47	161.678	0.464724	1872.93	872.026	5.48032	1.61661	615	0	-4.74986	0	20	20
0.00571044	0.0030117	3677.18	161.175	0.400329	1833.94	859.107	5.47006	1.61661	615	0	-4.60961	0	20	20
0.00571412	0.00297495	3625.17	160.666	0.344818	1795.24	846.152	5.45948	1.61661	615	0	-4.47166	0	20	20
0.00571792	0.00293826	3573.47	160.151	0.296973	1756.85	833.17	5.44862	1.61661	615	0	-4.33609	0	20	20
0.00572186	0.00290162	3522.1	159.629	0.255745	1718.78	820.172	5.43736	1.61661	615	0	-4.20288	0	20	20
0.00572589	0.00286507	3471.09	159.1	0.220224	1681.04	807.164	5.42588	1.61661	615	0	-4.07216	0	20	20
0.00573006	0.00282861	3420.44	158.566	0.189625	1643.65	794.154	5.41406	1.61661	615	0	-3.94389	0	20	20
0.00573437	0.00279225	3370.17	158.024	0.163268	1606.62	781.151	5.40184	1.61661	615	0	-3.81807	0	20	20
0.00573877	0.00275603	3320.31	157.477	0.140567	1569.95	768.16	5.38944	1.61661	615	0	-3.69482	0	20	20
0.00574332	0.00271992	3270.85	156.923	0.121018	1533.65	755.187	5.37663	1.61661	615	0	-3.57404	0	20	20
0.00574803	0.00268395	3221.82	156.362	0.104184	1497.72	742.24	5.36342	1.61661	615	0	-3.45576	0	20	20
0.00575285	0.00264814	3173.22	155.795	0.0896893	1462.18	729.323	5.34997	1.61661	615	0	-3.34004	0	20	20
0.00575784	0.00261248	3125.07	155.221	0.0772089	1427.02	716.442	5.33607	1.61661	615	0	-3.22681	0	20	20
0.00576301	0.00257698	3077.38	154.641	0.0664636	1392.26	703.603	5.32173	1.61661	615	0	-3.11608	0	20	20
0.0057683	0.00254167	3030.16	154.055	0.0572127	1357.9	690.812	5.3071	1.61661	615	0	-3.0079	0	20	20
0.00577379	0.00250655	2983.42	153.461	0.0492485	1323.94	678.073	5.29197	1.61661	615	0	-2.90219	0	20	20
0.00577948	0.00247162	2937.17	152.862	0.0423924	1290.39	665.392	5.27635	1.61661	615	0	-2.79896	0	20	20
0.00578533	0.0024369	2891.42	152.255	0.0364903	1257.26	652.774	5.26036	1.61661	615	0	-2.69825	0	20	20
0.00579138	0.0024024	2846.19	151.642	0.0314096	1224.55	640.225	5.24388	1.61661	615	0	-2.60001	0	20	20
0.00579767	0.00236812	2801.49	151.023	0.027036	1192.27	627.749	5.22685	1.61661	615	0	-2.50422	0	20	20
0.00580417	0.00233409	2757.32	150.397	0.0232712	1160.42	615.353	5.20931	1.61661	615	0	-2.41088	0	20	20
0.00581086	0.00230031	2713.7	149.765	0.0200306	1129.01	603.04	5.19133	1.61661	615	0	-2.32001	0	20	20
0.0058178	0.00226679	2670.64	149.125	0.0172411	1098.05	590.817	5.17278	1.61661	615	0	-2.23155	0	20	20
0.00582499	0.00223355	2628.16	148.48	0.01484	1067.54	578.689	5.15364	1.61661	615	0	-2.14549	0	20	20
0.00583244	0.00220059	2586.26	147.828	0.0127733	1037.5	566.661	5.13393	1.61661	615	0	-2.06182	0	20	20
0.0058401	0.00216795	2544.96	147.169	0.0109943	1007.92	554.737	5.11376	1.61661	615	0	-1.98057	0	20	20
0.00584802	0.00213562	2504.28	146.505	0.00946308	978.81	542.925	5.09299	1.61661	615	0	-1.90167	0	20	20
0.00585623	0.00210361	2464.22	145.833	0.00814509	950.186	531.228	5.07162	1.61661	615	0	-1.82511	0	20	20
0.0058647	0.00207195	2424.79	145.155	0.00701065	922.05	519.651	5.04966	1.61661	615	0	-1.75086	0	20	20
0.00587345	0.00204065	2386.01	144.471	0.0060342	894.411	508.201	5.02712	1.61661	615	0	-1.67892	0	20	20
0.00588244	0.00200974	2347.9	143.781	0.00519374	867.276	496.883	5.00412	1.61661	615	0	-1.60929	0	20	20
0.0058917	0.00197922	2310.46	143.084	0.00447034	840.652	485.701	4.98056	1.61661	615	0	-1.54191	0	20	20
0.00590124	0.0019491	2273.72	142.381	0.00384768	814.547	474.66	4.95644	1.61661	615	0	-1.47677	0	20	20
0.00591105	0.00191941	2237.67	141.671	0.00331176	788.969	463.767	4.93181	1.61661	615	0	-1.41383	0	20	20
0.00592112	0.00189016	2202.34	140.956	0.00285047	763.925	453.025	4.90668	1.61661	615	0	-1.35308	0	20	20
0.00593145	0.00186137	2167.73	140.234	0.00245344	739.422	442.44	4.88109	1.61661	615	0	-1.29449	0	20	20
0.00594202	0.00183306	2133.86	139.506	0.0021117	715.468	432.017	4.85509	1.61661	615	0	-1.23802	0	20	20
0.00595282	0.00180525	2100.74	138.773	0.00181757	692.071	421.761	4.82871	1.61661	615	0	-1.18366	0	20	20
0.00596383	0.00177796	2068.39	138.033	0.0015644	669.238	411.677	4.80203	1.61661	615	0	-1.13138	0	20	20
0.00597502	0.0017512	2036.81	137.287	0.00134649	646.976	401.769	4.7751	1.61661	615	0	-1.08114	0	20	20
0.00598638	0.00172499	2006.02	136.535	0.00115894	625.292	392.042	4.74796	1.61661	615	0	-1.03291	0	20	20
0.00599789	0.00169936	1976.02	135.778	0.000997512	604.193	382.5	4.72068	1.61661	615	0	-0.986658	0	20	20
0.00600951	0.00167432	1946.83	135.015	0.000858568	583.686	373.149	4.69336	1.61661	615	0	-0.94235	0	20	20
0.0060212	0.00164989	1918.46	134.246	0.000738977	563.777	363.993	4.66608	1.61661	615	0	-0.899955	0	20	20
0.00603292	0.0016261	1890.91	133.472	0.000636045	544.473	355.035	4.63893	1.61661	615	0	-0.859438	0	20	20
0.00604462	0.00160296	1864.2	132.692	0.000547449	525.779	346.28	4.61204	1.61661	615	0	-0.820766	0	20	20
0.00605625	0.00158049	1838.34	131.906	0.000471194	507.702	337.733	4.58552	1.61661	615	0	-0.783907	0	20	20
0.00606777	0.00155871	1813.32	131.115	0.000405561	490.24	329.394	4.55946	1.61661	615	0	-0.74881	0	20	20
0.00607917	0.0015376	1789.12	130.319	0.00034907	473.378	321.262	4.53386	1.61661	615	0	-0.715397	0	20	20
0.00609045	0.00151715	1765.73	129.518	0.000300448	457.096	313.33	4.50871	1.61661	615	0	-0.683578	0	20	20
0.00610163	0.00149732	1743.11	128.712	0.000258598	441.375	305.593	4.48396	1.61661	615	0	-0.653268	0	20	20
0.00611272	0.00147811	1721.23	127.901	0.000222577	426.194	298.048	4.4596	1.61661	615	0	-0.624386	0	20	20
0.00612373	0.00145949	1700.08	127.084	0.000191574	411.535	290.689	4.4356	1.61661	615	0	-0.596858	0	20	20
0.00613465	0.00144144	1679.63	126.263	0.000164889	397.381	283.512	4.41195	1.61661	615	0	-0.570614	0	20	20
0.0061455	0.00142395	1659.86	125.438	0.000141922	383.713	276.512	4.38863	1.61661	615	0	-0.545587	0	20	20
0.00615628	0.001407	1640.74	124.607	0.000122153	370.515	269.685	4.36561	1.61661	615	0	-0.52171	0	20	20
0.00616701	0.00139057	1622.25	123.773	0.000105138	357.771	263.027	4.34286	1.61661	615	0	-0.498924	0	20	20
0.0061777	0.00137464	1604.38	122.933	9.04933e-05	345.466	256.533	4.32037	1.61661	615	0	-0.477171	0	20	20
0.00618834	0.0013592	1587.1	122.09	7.78883e-05	333.584	250.199	4.29812	1.61661	615	0	-0.456399	0	20	20
0.00619895	0.00134422	1570.4	121.242	6.70391e-05	322.11	244.021	4.27609	1.61661	615	0	-0.436555	0	20	20
0.00620953	0.00132971	1554.25	120.391	5.77011e-05	311.032	237.996	4.25427	1.61661	615	0	-0.417592	0	20	20
0.00622008	0.00131564	1538.64	119.535	4.96638e-05	300.334	232.12	4.23264	1.61661	615	0	-0.399465	0	20	20
0.00623062	0.00130199	1523.55	118.676	4.2746e-05	290.004	226.389	4.2112	1.61661	615	0	-0.38213	0	20	20
0.00624115	0.00128876	1508.97	117.813	3.67919e-05	280.029	220.8	4.18992	1.61661	615	0	-0.365547	0	20	20
0.00625168	0.00127593	1494.87	116.947	3.1667e-05	270.398	215.348	4.1688	1.61661	615	0	-0.349677	0	20	20
0.0062622	0.00126348	1481.24	116.077	2.72561e-05	261.098	210.031	4.14782	1.61661	615	0	-0.334485	0	20	20
0.00627269	0.00125141	1468.07	115.204	2.34595e-05	252.117	204.845	4.12703	1.61661	615	0	-0.319942	0	20	20
0.0062832	0.00123971	1455.34	114.328	2.01918e-05	243.446	199.788	4.10637	1.61661	615	0	-0.30601	0	20	20
0.00629371	0.00122836	1443.03	113.448	1.73792e-05	235.073	194.855	4.08582	1.61661	615	0	-0.292657	0	20	20
0.00630424	0.00121735	1431.14	112.566	1.49585e-05	226.987	190.044	4.06539	1.61661	615	0	-0.279853	0	20	20
0.00631478	0.00120666	1419.65	111.682	1.28749e-05	219.18	185.352	4.04506	1.61661	615	0	-0.267573	0	20	20
0.00632535	0.0011963	1408.55	110.794	1.10815e-05	211.642	180.775	4.02482	1.61661	615	0	-0.255788	0	20	20
0.00633594	0.00118624	1397.82	109.905	9.53793e-06	204.362	176.312	4.00468	1.61661	615	0	-0.244475	0	20	20
0.00634654	0.00117648	1387.46	109.013	8.20938e-06	197.333	171.959	3.98463	1.61661	615	0	-0.233611	0	20	20
0.00635716	0.00116701	1377.44	108.119	7.06588e-06	190.546	167.713	3.96471	1.61661	615	0	-0.223179	0	20	20
0.0063678	0.00115782	1367.76	107.223	6.08166e-06	183.992	163.572	3.94487	1.61661	615	0	-0.213152	0	20	20
0.00637847	0.0011489	1358.42	106.325	5.23453e-06	177.664	159.534	3.9251	1.61661	615	0	-0.203509	0	20	20
0.00638917	0.00114024	1349.38	105.425	4.5054e-06	171.553	155.595	3.90541	1.61661	615	0	-0.194232	0	20	20
0.00639991	0.00113183	1340.66	104.524	3.87783e-06	165.653	151.753	3.88578	1.61661	615	0	-0.185304	0	20	20
0.00641069	0.00112367	1332.24	103.622	3.33768e-06	159.955	148.006	3.86622	1.61661	615	0	-0.176706	0	20	20
0.00642147	0.00111575	1324.1	102.719	2.87277e-06	154.454	144.352	3.84677	1.61661	615	0	-0.168428	0	20	20
0.00643229	0.00110806	1316.24	101.814	2.47262e-06	149.141	140.788	3.8274	1.61661	615	0	-0.160452	0	20	20
0.00644314	0.00110059	1308.65	100.909	2.1282e-06	144.012	137.312	3.80809	1.61661	615	0	-0.15276	0	20	20
0.00645403	0.00109333	1301.32	100.002	1.83176e-06	139.058	133.922	3.78885	1.61661	615	0	-0.145339	0	20	20
0.00646496	0.00108628	1294.25	99.0957	1.57661e-06	134.276	130.615	3.76967	1.61661	615	0	-0.138177	0	20	20
0.00647591	0.00107944	1287.41	98.1885	1.357e-06	129.657	127.39	3.75057	1.61661	615	0	-0.131264	0	20	20
0.00648688	0.00107279	1280.82	97.2811	1.16798e-06	125.198	124.245	3.73158	1.61661	615	0	-0.124588	0	20	20
0.00649788	0.00106633	1274.45	96.3737	1.00529e-06	120.892	121.177	3.71265	1.61661	615	0	-0.118136	0	20	20
0.00650892	0.00106005	1268.31	95.4663	8.65262e-07	116.734	118.186	3.69379	1.61661	615	0	-0.111897	0	20	20
0.00651999	0.00105395	1262.38	94.5591	7.44738e-07	112.719	115.268	3.67501	1.61661	615	0	-0.10586	0	20	20
0.00653109	0.00104802	1256.66	93.6524	6.41002e-07	108.842	112.422	3.65631	1.61661	615	0	-0.100019	0	20	20
0.00654219	0.00104227	1251.14	92.7461	5.51715e-07	105.098	109.646	3.63773	1.61661	615	0	-0.0943663	0	20	20
0.00655332	0.00103667	1245.81	91.8406	4.74866e-07	101.483	106.939	3.61923	1.61661	615	0	-0.0888895	0	20	20
0.00656448	0.00103123	1240.67	90.936	4.08721e-07	97.9928	104.298	3.6008	1.61661	615	0	-0.0835807	0	20	20
0.00657566	0.00102594	1235.72	90.0324	3.51789e-07	94.6224	101.723	3.58247	1.61661	615	0	-0.0784323	0	20	20
0.00658684	0.0010208	1230.94	89.13	3.02788e-07	91.3679	99.2117	3.56426	1.61661	615	0	-0.0734405	0	20	20
0.00659803	0.0010158	1226.33	88.2289	2.60612e-07	88.2253	96.7621	3.54616	1.61661	615	0	-0.068597	0	20	20
0.00660923	0.00101094	1221.88	87.3293	2.24311e-07	85.1909	94.3731	3.52815	1.61661	615	0	-0.0638936	0	20	20
0.00662045	0.00100622	1217.6	86.4314	1.93066e-07	82.2608	92.043	3.51025	1.61661	615	0	-0.0593242	0	20	20
0.00663166	0.00100163	1213.47	85.5352	1.66173e-07	79.4314	89.7704	3.49247	1.61661	615	0	-0.054884	0	20	20
0.00664286	0.000997164	1209.49	84.641	1.43027e-07	76.6994	87.554	3.47483	1.61661	615	0	-0.0505703	0	20	20
0.00665407	0.000992824	1205.66	83.7489	1.23104e-07	74.0614	85.3923	3.45731	1.61661	615	0	-0.0463745	0	20	20
0.00666526	0.000988604	1201.97	82.8591	1.05957e-07	71.5141	83.2839	3.43992	1.61661	615	0	-0.0422917	0	20	20
0.00667645	0.0009845	1198.41	81.9717	9.11979e-08	69.0544	81.2276	3.42266	1.61661	615	0	-0.0383174	0	20	20
0.0066876	0.000980513	1194.99	81.0868	7.84948e-08	66.6793	79.2221	3.40556	1.61661	615	0	-0.0344511	0	20	20
0.00669874	0.000976636	1191.69	80.2046	6.75611e-08	64.3859	77.2661	3.3886	1.61661	615	0	-0.0306853	0	20	20
0.00670985	0.000972866	1188.51	79.3252	5.81504e-08	62.1714	75.3584	3.3718	1.61661	615	0	-0.0270162	0	20	20
0.00672094	0.000969201	1185.46	78.4488	5.00505e-08	60.033	73.4978	3.35514	1.61661	615	0	-0.0234403	0	20	20
0.00673197	0.00096564	1182.52	77.5755	4.30789e-08	57.9682	71.6831	3.33866	1.61661	615	0	-0.0199567	0	20	20
0.00674297	0.000962179	1179.69	76.7055	3.70783e-08	55.9744	69.9133	3.32236	1.61661	615	0	-0.0165608	0	20	20
0.00675392	0.000958815	1176.98	75.8388	3.19136e-08	54.0492	68.1871	3.30623	1.61661	615	0	-0.0132489	0	20	20
0.00676482	0.000955546	1174.36	74.9757	2.74683e-08	52.1902	66.5036	3.29027	1.61661	615	0	-0.0100185	0	20	20
0.00677565	0.00095237	1171.85	74.1162	2.36422e-08	50.3951	64.8616	3.27451	1.61661	615	0	-0.00686868	0	20	20
0.00678642	0.000949286	1169.44	73.2604	2.0349e-08	48.6618	63.2601	3.25895	1.61661	615	0	-0.00379673	0	20	20
0.00679712	0.000946289	1167.12	72.4086	1.75146e-08	46.9881	61.6983	3.24358	1.61661	615	0	-0.000799399	0	20	20
0.00680775	0.000943379	1164.89	71.5607	1.50749e-08	45.372	60.1749	3.22841	1.61661	615	0	0.00212519	0	20	20
0.0068183	0.000940554	1162.76	70.717	1.29751e-08	43.8114	58.6892	3.21346	1.61661	615	0	0.00497782	0	20	20
0.00682875	0.000937812	1160.71	69.8776	1.11678e-08	42.3045	57.2401	3.19872	1.61661	615	0	0.00775978	0	20	20
0.00683911	0.000935151	1158.74	69.0425	9.61219e-09	40.8495	55.8269	3.18421	1.61661	615	0	0.0104739	0	20	20
0.00684938	0.000932569	1156.85	68.2119	8.27329e-09	39.4445	54.4485	3.16991	1.61661	615	0	0.0131215	0	20	20
0.00685954	0.000930064	1155.05	67.3858	7.12089e-09	38.0878	53.1042	3.15585	1.61661	615	0	0.0157036	0	20	20
0.00686958	0.000927637	1153.31	66.5645	6.129e-09	36.7778	51.793	3.14202	1.61661	615	0	0.01822	0	20	20
0.00687951	0.000925283	1151.65	65.748	5.27528e-09	35.5128	50.5143	3.12844	1.61661	615	0	0.0206733	0	20	20
0.00688932	0.000923001	1150.06	64.9363	4.54048e-09	34.2914	49.2671	3.11509	1.61661	615	0	0.0230646	0	20	20
0.00689901	0.000920791	1148.54	64.1297	3.90803e-09	33.112	48.0506	3.10198	1.61661	615	0	0.0253948	0	20	20
0.00690857	0.000918651	1147.09	63.3281	3.36367e-09	31.9731	46.8643	3.08913	1.61661	615	0	0.0276634	0	20	20
0.00691799	0.00091658	1145.7	62.5318	2.89514e-09	30.8734	45.7072	3.07653	1.61661	615	0	0.0298722	0	20	20
0.00692727	0.000914575	1144.37	61.7407	2.49187e-09	29.8115	44.5787	3.06418	1.61661	615	0	0.0320223	0	20	20
0.00693641	0.000912635	1143.1	60.9549	2.14477e-09	28.7861	43.478	3.05208	1.61661	615	0	0.0341143	0	20	20
0.0069454	0.000910759	1141.89	60.1746	1.84602e-09	27.7961	42.4045	3.04024	1.61661	615	0	0.0361488	0	20	20
0.00695424	0.000908946	1140.73	59.3998	1.58888e-09	26.84	41.3576	3.02866	1.61661	615	0	0.0381257	0	20	20
0.00696293	0.000907194	1139.63	58.6306	1.36757e-09	25.9169	40.3365	3.01734	1.61661	615	0	0.0400466	0	20	20
0.00697146	0.000905502	1138.58	57.867	1.17707e-09	25.0255	39.3405	3.00627	1.61661	615	0	0.0419123	0	20	20
0.00697984	0.000903868	1137.58	57.1092	1.01312e-09	24.1647	38.3692	2.99546	1.61661	615	0	0.0437235	0	20	20
0.00698806	0.000902292	1136.62	56.3572	8.71998e-10	23.3336	37.4219	2.9849	1.61661	615	0	0.0454808	0	20	20
0.00699612	0.000900771	1135.72	55.6111	7.50536e-10	22.531	36.4979	2.9746	1.61661	615	0	0.0471843	0	20	20
0.00700402	0.000899304	1134.86	54.8709	6.45992e-10	21.7561	35.5968	2.96455	1.61661	615	0	0.0488355	0	20	20
0.00701175	0.00089789	1134.04	54.1366	5.56011e-10	21.0078	34.7179	2.95475	1.61661	615	0	0.0504353	0	20	20
0.00701933	0.000896527	1133.26	53.4085	4.78563e-10	20.2853	33.8607	2.94519	1.61661	615	0	0.0519845	0	20	20
0.00702675	0.000895215	1132.53	52.6864	4.11903e-10	19.5876	33.0247	2.93587	1.61661	615	0	0.0534839	0	20	20
0.007034	0.000893951	1131.83	51.9704	3.54528e-10	18.9138	32.2093	2.9268	1.61661	615	0	0.0549341	0	20	20
0.00704109	0.000892734	1131.17	51.2607	3.05145e-10	18.2633	31.4141	2.91796	1.61661	615	0	0.0563363	0	20	20
0.00704803	0.000891564	1130.54	50.5572	2.62641e-10	17.6352	30.6384	2.90935	1.61661	615	0	0.0576916	0	20	20
0.00705481	0.000890438	1129.95	49.8599	2.26057e-10	17.0286	29.882	2.90097	1.61661	615	0	0.0590009	0	20	20
0.00706144	0.000889355	1129.4	49.169	1.94569e-10	16.4429	29.1442	2.89281	1.61661	615	0	0.0602654	0	20	20
0.00706791	0.000888314	1128.87	48.4844	1.67467e-10	15.8774	28.4246	2.88487	1.61661	615	0	0.0614861	0	20	20
0.00707424	0.000887314	1128.38	47.8062	1.4414e-10	15.3313	27.7228	2.87714	1.61661	615	0	0.0626639	0	20	20
0.00708042	0.000886353	1127.92	47.1344	1.24063e-10	14.804	27.0383	2.86962	1.61661	615	0	0.0637998	0	20	20
0.00708645	0.000885431	1127.48	46.469	1.06782e-10	14.2948	26.3708	2.86229	1.61661	615	0	0.0648952	0	20	20
0.00709234	0.000884545	1127.07	45.8101	9.1908e-11	13.8031	25.7197	2.85517	1.61661	615	0	0.0659512	0	20	20
0.00709809	0.000883694	1126.69	45.1576	7.91059e-11	13.3284	25.0846	2.84823	1.61661	615	0	0.066969	0	20	20
0.00710371	0.000882878	1126.34	44.5116	6.80871e-11	12.8699	24.4653	2.84148	1.61661	615	0	0.0679495	0	20	20
0.00710919	0.000882095	1126	43.8722	5.86031e-11	12.4273	23.8612	2.83491	1.61661	615	0	0.0688941	0	20	20
0.00711455	0.000881344	1125.7	43.2393	5.04402e-11	11.9999	23.2721	2.82851	1.61661	615	0	0.0698037	0	20	20
0.00711978	0.000880623	1125.41	42.6129	4.34142e-11	11.5871	22.6975	2.82228	1.61661	615	0	0.0706793	0	20	20
0.00712489	0.000879933	1125.15	41.993	3.7367e-11	11.1886	22.1371	2.81622	1.61661	615	0	0.0715223	0	20	20
0.00712987	0.00087927	1124.9	41.3797	3.21621e-11	10.8038	21.5905	2.81031	1.61661	615	0	0.0723336	0	20	20
0.00713475	0.000878636	1124.68	40.773	2.76821e-11	10.4322	21.0575	2.80456	1.61661	615	0	0.0731145	0	20	20
0.00713888	0.000878096	1124.47	40.1728	2.38262e-11	10.0734	20.5376	2.79968	1.61661	615	0	0.074061	0	20	20
0.00714125	0.000877766	1124.29	39.5791	2.05074e-11	9.72689	20.0305	2.7969	1.61661	615	0	0.0755048	0	20	20
0.00714365	0.000877448	1124.13	38.992	1.76509e-11	9.39234	19.5359	2.79409	1.61661	615	0	0.0768869	0	20	20
0.00714607	0.000877141	1123.99	38.4114	1.51923e-11	9.06929	19.0536	2.79125	1.61661	615	0	0.0782097	0	20	20
0.00714851	0.000876846	1123.87	37.8374	1.30761e-11	8.75736	18.5832	2.78839	1.61661	615	0	0.0794755	0	20	20
0.00715098	0.000876561	1123.76	37.2698	1.12547e-11	8.45615	18.1243	2.78551	1.61661	615	0	0.0806865	0	20	20
0.00715346	0.000876287	1123.68	36.7088	9.68703e-12	8.16531	17.6768	2.7826	1.61661	615	0	0.0818448	0	20	20
0.00715597	0.000876023	1123.61	36.1543	8.3377e-12	7.88446	17.2404	2.77968	1.61661	615	0	0.0829524	0	20	20
0.0071585	0.000875768	1123.56	35.6062	7.17633e-12	7.61328	16.8147	2.77674	1.61661	615	0	0.0840111	0	20	20
0.00716104	0.000875522	1123.52	35.0646	6.17672e-12	7.35143	16.3996	2.77378	1.61661	615	0	0.085023	0	20	20
0.00716359	0.000875285	1123.5	34.5294	5.31635e-12	7.09858	15.9947	2.77081	1.61661	615	0	0.0859897	0	20	20
0.00716616	0.000875056	1123.49	34.0007	4.57583e-12	6.85442	15.5998	2.76784	1.61661	615	0	0.086913	0	20	20
0.00716874	0.000874836	1123.49	33.4783	3.93845e-12	6.61867	15.2146	2.76485	1.61661	615	0	0.0877945	0	20	20
0.00717134	0.000874623	1123.51	32.9623	3.38986e-12	6.39102	14.839	2.76185	1.61661	615	0	0.0886359	0	20	20
0.00717394	0.000874417	1123.54	32.4527	2.91768e-12	6.17121	14.4726	2.75885	1.61661	615	0	0.0894387	0	20	20
0.00717655	0.000874218	1123.58	31.9494	2.51127e-12	5.95895	14.1152	2.75584	1.61661	615	0	0.0902042	0	20	20
0.00717916	0.000874027	1123.63	31.4523	2.16147e-12	5.75399	13.7667	2.75283	1.61661	615	0	0.0909341	0	20	20
0.00718178	0.000873842	1123.7	30.9615	1.86039e-12	5.55609	13.4268	2.74982	1.61661	615	0	0.0916295	0	20	20
0.0071844	0.000873663	1123.77	30.4769	1.60125e-12	5.36499	13.0953	2.74681	1.61661	615	0	0.0922919	0	20	20
0.00718703	0.00087349	1123.85	29.9985	1.37821e-12	5.18046	12.772	2.7438	1.61661	615	0	0.0929225	0	20	20
0.00718966	0.000873323	1123.94	29.5263	1.18624e-12	5.00228	12.4567	2.74079	1.61661	615	0	0.0935226	0	20	20
0.00719228	0.000873162	1124.04	29.0602	1.02101e-12	4.83023	12.1491	2.73779	1.61661	615	0	0.0940932	0	20	20
0.00719491	0.000873007	1124.15	28.6001	8.78787e-13	4.6641	11.8491	2.73479	1.61661	615	0	0.0946356	0	20	20
0.00719753	0.000872856	1124.26	28.1461	7.56379e-13	4.50368	11.5566	2.73181	1.61661	615	0	0.0951508	0	20	20
0.00720015	0.000872711	1124.38	27.6981	6.51022e-13	4.34878	11.2713	2.72882	1.61661	615	0	0.0956399	0	20	20
0.00720276	0.000872571	1124.51	27.256	5.60339e-13	4.1992	10.993	2.72585	1.61661	615	0	0.0961039	0	20	20
0.00720537	0.000872435	1124.65	26.8199	4.82289e-13	4.05477	10.7215	2.72289	1.61661	615	0	0.0965438	0	20	20
0.00720798	0.000872304	1124.79	26.3896	4.1511e-13	3.91531	10.4568	2.71994	1.61661	615	0	0.0969605	0	20	20
0.00721058	0.000872177	1124.93	25.9651	3.57288e-13	3.78064	10.1987	2.717	1.61661	615	0	0.0973551	0	20	20
0.00721317	0.000872055	1125.08	25.5465	3.07521e-13	3.65061	9.94685	2.71408	1.61661	615	0	0.0977282	0	20	20
0.00721575	0.000871936	1125.24	25.1335	2.64686e-13	3.52505	9.70126	2.71117	1.61661	615	0	0.0980809	0	20	20
0.00721832	0.000871822	1125.4	24.7263	2.27817e-13	3.40381	9.46173	2.70827	1.61661	615	0	0.0984139	0	20	20
0.00722088	0.000871711	1125.57	24.3247	1.96084e-13	3.28673	9.22812	2.70539	1.61661	615	0	0.098728	0	20	20
0.00722344	0.000871603	1125.74	23.9287	1.68771e-13	3.17369	9.00028	2.70252	1.61661	615	0	0.099024	0	20	20
0.00722598	0.000871499	1125.91	23.5383	1.45263e-13	3.06453	8.77806	2.69966	1.61661	615	0	0.0993026	0	20	20
0.00722851	0.000871398	1126.09	23.1533	1.25029e-13	2.95913	8.56133	2.69683	1.61661	615	0	0.0995646	0	20	20
0.00723103	0.000871301	1126.27	22.7739	1.07613e-13	2.85735	8.34995	2.69401	1.61661	615	0	0.0998105	0	20	20
0.00723354	0.000871206	1126.45	22.3998	9.26235e-14	2.75907	8.14379	2.69121	1.61661	615	0	0.100041	0	20	20
0.00723604	0.000871114	1126.64	22.031	7.97218e-14	2.66417	7.94272	2.68842	1.61661	615	0	0.100257	0	20	20
0.00723853	0.000871025	1126.83	21.6676	6.86172e-14	2.57254	7.74661	2.68565	1.61661	615	0	0.100459	0	20	20
0.007241	0.000870939	1127.02	21.3094	5.90593e-14	2.48406	7.55535	2.6829	1.61661	615	0	0.100647	0	20	20
0.00724346	0.000870855	1127.22	20.9564	5.08329e-14	2.39862	7.36881	2.68017	1.61661	615	0	0.100823	0	20	20
0.00724591	0.000870773	1127.41	20.6086	4.37522e-14	2.31612	7.18687	2.67745	1.61661	615	0	0.100986	0	20	20
0.00724834	0.000870694	1127.61	20.2659	3.76579e-14	2.23646	7.00942	2.67476	1.61661	615	0	0.101137	0	20	20
0.00725076	0.000870616	1127.81	19.9282	3.24125e-14	2.15954	6.83636	2.67208	1.61661	615	0	0.101277	0	20	20
0.00725317	0.000870541	1128.01	19.5955	2.78977e-14	2.08526	6.66757	2.66942	1.61661	615	0	0.101406	0	20	20
0.00725556	0.000870468	1128.21	19.2677	2.40117e-14	2.01354	6.50295	2.66678	1.61661	615	0	0.101525	0	20	20
0.00725794	0.000870396	1128.42	18.9448	2.06671e-14	1.94429	6.34239	2.66415	1.61661	615	0	0.101634	0	20	20
0.00726031	0.000870326	1128.62	18.6268	1.77883e-14	1.87741	6.1858	2.66155	1.61661	615	0	0.101733	0	20	20
0.00726267	0.000870258	1128.83	18.3135	1.53106e-14	1.81284	6.03307	2.65896	1.61661	615	0	0.101823	0	20	20
0.00726501	0.000870191	1129.03	18.005	1.31779e-14	1.75049	5.88411	2.65639	1.61661	615	0	0.101905	0	20	20
0.00726733	0.000870125	1129.24	17.7011	1.13423e-14	1.69028	5.73883	2.65384	1.61661	615	0	0.101978	0	20	20
0.00726965	0.000870061	1129.45	17.4019	9.76244e-15	1.63214	5.59714	2.65131	1.61661	615	0	0.102043	0	20	20
0.00727195	0.000869998	1129.65	17.1072	8.40261e-15	1.57601	5.45895	2.64879	1.61661	615	0	0.102101	0	20	20
0.00727424	0.000869937	1129.86	16.817	7.2322e-15	1.5218	5.32416	2.64629	1.61661	615	0	0.102152	0	20	20
0.00727651	0.000869876	1130.07	16.5313	6.22481e-15	1.46946	5.19271	2.64381	1.61661	615	0	0.102196	0	20	20
0.00727877	0.000869816	1130.28	16.25	5.35774e-15	1.41892	5.0645	2.64135	1.61661	615	0	0.102233	0	20	20
0.00728102	0.000869757	1130.48	15.9731	4.61145e-15	1.37011	4.93946	2.6389	1.61661	615	0	0.102264	0	20	20
0.00728326	0.000869699	1130.69	15.7004	3.96911e-15	1.32299	4.8175	2.63647	1.61661	615	0	0.10229	0	20	20
0.00728548	0.000869642	1130.9	15.432	3.41625e-15	1.27749	4.69856	2.63406	1.61661	615	0	0.102309	0	20	20
0.00728769	0.000869585	1131.1	15.1678	2.94039e-15	1.23355	4.58255	2.63166	1.61661	615	0	0.102323	0	20	20
0.00728989	0.000869529	1131.31	14.9078	2.53082e-15	1.19112	4.46941	2.62928	1.61661	615	0	0.102332	0	20	20
0.00729207	0.000869474	1131.52	14.6518	2.1783e-15	1.15015	4.35906	2.62692	1.61661	615	0	0.102336	0	20	20
0.00729425	0.000869419	1131.72	14.3999	1.87488e-15	1.11059	4.25143	2.62457	1.61661	615	0	0.102336	0	20	20
0.00729641	0.000869364	1131.93	14.152	1.61372e-15	1.07239	4.14646	2.62224	1.61661	615	0	0.102331	0	20	20
0.00729856	0.00086931	1132.13	13.908	1.38894e-15	1.03551	4.04409	2.61992	1.61661	615	0	0.102321	0	20	20
0.0073007	0.000869256	1132.33	13.6679	1.19547e-15	0.999894	3.94424	2.61762	1.61661	615	0	0.102308	0	20	20
0.00730282	0.000869202	1132.54	13.4316	1.02895e-15	0.965503	3.84685	2.61534	1.61661	615	0	0.102291	0	20	20
0.00730494	0.000869149	1132.74	13.1991	8.85629e-16	0.932295	3.75187	2.61307	1.61661	615	0	0.102271	0	20	20
0.00730704	0.000869095	1132.94	12.9704	7.62268e-16	0.900229	3.65924	2.61081	1.61661	615	0	0.102247	0	20	20
0.00730914	0.000869042	1133.14	12.7453	6.5609e-16	0.869266	3.56889	2.60857	1.61661	615	0	0.10222	0	20	20
0.00731122	0.000868989	1133.34	12.5239	5.64702e-16	0.839368	3.48078	2.60634	1.61661	615	0	0.102189	0	20	20
0.00731329	0.000868936	1133.53	12.306	4.86043e-16	0.810499	3.39484	2.60412	1.61661	615	0	0.102156	0	20	20
0.00731535	0.000868882	1133.73	12.0917	4.18342e-16	0.782622	3.31102	2.60192	1.61661	615	0	0.10212	0	20	20
0.0073174	0.000868829	1133.93	11.8809	3.6007e-16	0.755704	3.22927	2.59974	1.61661	615	0	0.102082	0	20	20
0.00731944	0.000868775	1134.12	11.6735	3.09915e-16	0.729712	3.14954	2.59756	1.61661	615	0	0.102041	0	20	20
0.00732147	0.000868722	1134.31	11.4695	2.66746e-16	0.704614	3.07178	2.5954	1.61661	615	0	0.101998	0	20	20
0.00732349	0.000868668	1134.5	11.2689	2.29591e-16	0.680379	2.99593	2.59326	1.61661	615	0	0.101952	0	20	20
0.0073255	0.000868614	1134.69	11.0715	1.97611e-16	0.656977	2.92196	2.59112	1.61661	615	0	0.101905	0	20	20
0.0073275	0.000868559	1134.88	10.8774	1.70085e-16	0.634381	2.84982	2.589	1.61661	615	0	0.101855	0	20	20
0.0073295	0.000868505	1135.07	10.6865	1.46393e-16	0.612562	2.77946	2.58689	1.61661	615	0	0.101804	0	20	20
0.00733148	0.00086845	1135.26	10.4988	1.26002e-16	0.591493	2.71083	2.58479	1.61661	615	0	0.101751	0	20	20
0.00733345	0.000868395	1135.44	10.3141	1.08451e-16	0.571149	2.6439	2.5827	1.61661	615	0	0.101696	0	20	20
0.00733542	0.000868339	1135.63	10.1326	9.33446e-17	0.551504	2.57862	2.58063	1.61661	615	0	0.10164	0	20	20
0.00733737	0.000868283	1135.81	9.95404	8.03424e-17	0.532536	2.51496	2.57857	1.61661	615	0	0.101582	0	20	20
0.00733932	0.000868226	1135.99	9.77848	6.91514e-17	0.514219	2.45286	2.57651	1.61661	615	0	0.101523	0	20	20
0.00734126	0.00086817	1136.17	9.60586	5.95191e-17	0.496533	2.3923	2.57447	1.61661	615	0	0.101463	0	20	20
0.00734319	0.000868112	1136.34	9.43612	5.12286e-17	0.479455	2.33323	2.57244	1.61661	615	0	0.101401	0	20	20
0.00734511	0.000868054	1136.52	9.26924	4.40929e-17	0.462964	2.27563	2.57043	1.61661	615	0	0.101339	0	20	20
0.00734703	0.000867996	1136.7	9.10515	3.79511e-17	0.447041	2.21944	2.56842	1.61661	615	0	0.101275	0	20	20
0.00734893	0.000867937	1136.87	8.94384	3.26648e-17	0.431665	2.16464	2.56642	1.61661	615	0	0.101211	0	20	20
0.00735083	0.000867878	1137.04	8.78524	2.81149e-17	0.416818	2.1112	2.56443	1.61661	615	0	0.101145	0	20	20
0.00735272	0.000867818	1137.21	8.62933	2.41987e-17	0.402482	2.05907	2.56245	1.61661	615	0	0.101079	0	20	20
0.0073546	0.000867757	1137.38	8.47605	2.0828e-17	0.388638	2.00823	2.56048	1.61661	615	0	0.101012	0	20	20
0.00735648	0.000867696	1137.55	8.32538	1.79268e-17	0.375271	1.95865	2.55853	1.61661	615	0	0.100945	0	20	20
0.00735835	0.000867635	1137.71	8.17726	1.54298e-17	0.362364	1.91029	2.55658	1.61661	615	0	0.100876	0	20	20
0.00736021	0.000867572	1137.88	8.03167	1.32805e-17	0.349901	1.86313	2.55464	1.61661	615	0	0.100807	0	20	20
0.00736207	0.00086751	1138.04	7.88856	1.14306e-17	0.337866	1.81712	2.55271	1.61661	615	0	0.100738	0	20	20
0.00736391	0.000867446	1138.2	7.74789	9.83845e-18	0.326245	1.77226	2.55079	1.61661	615	0	0.100668	0	20	20
0.00736576	0.000867382	1138.36	7.60963	8.46803e-18	0.315024	1.7285	2.54887	1.61661	615	0	0.100598	0	20	20
0.00736759	0.000867317	1138.52	7.47373	7.2885e-18	0.304189	1.68583	2.54697	1.61661	615	0	0.100527	0	20	20
0.00736942	0.000867252	1138.67	7.34017	6.27327e-18	0.293727	1.6442	2.54507	1.61661	615	0	0.100456	0	20	20
0.00737124	0.000867186	1138.83	7.2089	5.39946e-18	0.283624	1.60361	2.54319	1.61661	615	0	0.100384	0	20	20
0.00737306	0.000867119	1138.98	7.07989	4.64735e-18	0.273869	1.56401	2.54131	1.61661	615	0	0.100313	0	20	20
0.00737486	0.000867052	1139.13	6.9531	4.00001e-18	0.264449	1.5254	2.53944	1.61661	615	0	0.100241	0	20	20
0.00737667	0.000866984	1139.29	6.8285	3.44284e-18	0.255354	1.48774	2.53758	1.61661	615	0	0.100169	0	20	20
0.00737846	0.000866915	1139.43	6.70606	2.96328e-18	0.246571	1.451	2.53572	1.61661	615	0	0.100096	0	20	20
0.00738026	0.000866846	1139.58	6.58573	2.55052e-18	0.23809	1.41518	2.53388	1.61661	615	0	0.100024	0	20	20
0.00738204	0.000866776	1139.73	6.46748	2.19525e-18	0.229901	1.38024	2.53204	1.61661	615	0	0.0999511	0	20	20
0.00738382	0.000866706	1139.87	6.35129	1.88947e-18	0.221994	1.34616	2.53021	1.61661	615	0	0.0998784	0	20	20
0.0073856	0.000866634	1140.01	6.23711	1.62628e-18	0.214358	1.31292	2.52839	1.61661	615	0	0.0998057	0	20	20
0.00738736	0.000866562	1140.16	6.12492	1.39976e-18	0.206986	1.28051	2.52657	1.61661	615	0	0.0997329	0	20	20
0.00738913	0.00086649	1140.3	6.01468	1.20478e-18	0.199866	1.24889	2.52476	1.61661	615	0	0.0996601	0	20	20
0.00739089	0.000866417	1140.43	5.90637	1.03696e-18	0.192992	1.21806	2.52296	1.61661	615	0	0.0995873	0	20	20
0.00739264	0.000866343	1140.57	5.79994	8.92524e-19	0.186354	1.18798	2.52117	1.61661	615	0	0.0995145	0	20	20
0.00739439	0.000866268	1140.71	5.69537	7.68203e-19	0.179945	1.15865	2.51938	1.61661	615	0	0.0994418	0	20	20
0.00739613	0.000866193	1140.84	5.59264	6.61198e-19	0.173756	1.13004	2.5176	1.61661	615	0	0.0993691	0	20	20
0.00739786	0.000866117	1140.97	5.4917	5.69098e-19	0.167779	1.10214	2.51583	1.61661	615	0	0.0992965	0	20	20
0.0073996	0.00086604	1141.11	5.39253	4.89828e-19	0.162009	1.07493	2.51406	1.61661	615	0	0.0992241	0	20	20
0.00740132	0.000865963	1141.24	5.2951	4.21598e-19	0.156436	1.04839	2.5123	1.61661	615	0	0.0991517	0	20	20
0.00740305	0.000865885	1141.36	5.19939	3.62873e-19	0.151056	1.02251	2.51055	1.61661	615	0	0.0990795	0	20	20
0.00740477	0.000865806	1141.49	5.10535	3.12328e-19	0.14586	0.997259	2.5088	1.61661	615	0	0.0990075	0	20	20
0.00740648	0.000865727	1141.62	5.01297	2.68823e-19	0.140844	0.972637	2.50706	1.61661	615	0	0.0989356	0	20	20
0.00740819	0.000865647	1141.74	4.92222	2.31378e-19	0.135999	0.948622	2.50533	1.61661	615	0	0.0988639	0	20	20
0.00740989	0.000865567	1141.86	4.83308	1.99149e-19	0.131322	0.925201	2.5036	1.61661	615	0	0.0987924	0	20	20
0.00741159	0.000865486	1141.99	4.7455	1.71409e-19	0.126805	0.902358	2.50188	1.61661	615	0	0.0987211	0	20	20
0.00741329	0.000865404	1142.11	4.65947	1.47533e-19	0.122443	0.880078	2.50016	1.61661	615	0	0.0986499	0	20	20
0.00741498	0.000865321	1142.22	4.57497	1.26983e-19	0.118232	0.858349	2.49845	1.61661	615	0	0.0985791	0	20	20
0.00741666	0.000865238	1142.34	4.49196	1.09295e-19	0.114166	0.837156	2.49675	1.61661	615	0	0.0985084	0	20	20
