0.00105405	
0.00131983	
0.00042357	
0.000261127	
0.000213436	
0.000192863	
0.000182898	
0.000178979	
0.000179465	
0.0001828	
0.000187421	
0.000199732	
0.000225918	
0.000265816	
0.000322077	
0.000400647	
0.000512233	
0.000675443	
0.000922896	
0.00131193	
0.00193768	
0.00292267	
0.00431391	
0.00594853	
0.00759997	
0.0091796	
0.0106988	
0.0121708	
0.0135795	
0.0148205	
0.0159233	
0.0169252	
0.017848	
0.0187025	
0.0194898	
0.0202029	
0.0208269	
0.021339	
0.0217093	
0.0219025	
0.0218807	
0.0216099	
0.0210679	
0.0203667	
0.019767	
0.0180624	
0.0163713	
0.0152863	
0.0148618	
0.0149561	
0.0154098	
0.0162368	
0.0174517	
0.0190597	
0.0210514	
0.0233908	
0.026003	
0.0287708	
0.0315467	
0.0341798	
0.0365478	
0.0385781	
0.0402503	
0.0415835	
0.0426184	
0.0434031	
0.0439844	
0.0444041	
0.044697	
0.0448921	
0.0450124	
0.045076	
0.0450974	
