0.00858381	0.000699185	1128	369	76.5	0	0	1.6105	1.61661	615	0	0.147984	0	20	20
0.00876545	0.000715312	1174.99	368.783	76.4694	33.7562	11.3757	1.51244	1.61661	615	0	-2.54868	0	20	20
0.00908245	0.000745898	1263.52	368.561	76.4339	99.0034	33.5845	1.35954	1.61661	615	0	-6.65227	0	20	20
0.00934694	0.000774857	1345.84	368.336	76.3927	162.114	55.2815	1.24736	1.61661	615	0	-9.64255	0	20	20
0.00957357	0.000804182	1426.4	368.107	76.3448	223.155	76.477	1.16085	1.61661	615	0	-12.0214	0	20	20
0.00975654	0.000834465	1504.92	367.874	76.2893	282.194	97.182	1.09676	1.61661	615	0	-14.0106	0	20	20
0.00988819	0.000866473	1581.12	367.637	76.2249	339.297	117.408	1.05354	1.61661	615	0	-15.817	0	20	20
0.00997018	0.00090045	1654.99	367.395	76.1502	394.532	137.167	1.02776	1.61661	615	0	-17.5537	0	20	20
0.0100168	0.000935608	1726.62	367.15	76.0636	447.968	156.472	1.01346	1.61661	615	0	-19.1977	0	20	20
0.0100425	0.000971037	1796.07	366.9	75.9633	499.675	175.338	1.00572	1.61661	615	0	-20.701	0	20	20
0.0100559	0.00100618	1863.43	366.645	75.847	549.726	193.779	1.0017	1.61661	615	0	-22.0462	0	20	20
0.010062	0.00104074	1928.79	366.386	75.7124	598.194	211.812	0.999889	1.61661	615	0	-23.2381	0	20	20
0.0100634	0.0010746	1992.24	366.123	75.5566	645.158	229.455	0.999471	1.61661	615	0	-24.2903	0	20	20
0.0100617	0.00110768	2053.87	365.855	75.3764	690.697	246.727	0.999967	1.61661	615	0	-25.2191	0	20	20
0.010058	0.00113999	2113.79	365.582	75.1681	734.896	263.649	1.00109	1.61661	615	0	-26.0398	0	20	20
0.0100528	0.00117152	2172.1	365.305	74.9275	777.843	280.243	1.00264	1.61661	615	0	-26.7667	0	20	20
0.0100465	0.00120233	2228.92	365.023	74.6499	819.632	296.536	1.00451	1.61661	615	0	-27.412	0	20	20
0.0100395	0.00123245	2284.37	364.736	74.33	860.36	312.555	1.00661	1.61661	615	0	-27.9864	0	20	20
0.010032	0.00126194	2338.57	364.444	73.9617	900.131	328.328	1.00887	1.61661	615	0	-28.4992	0	20	20
0.0100241	0.00129087	2391.65	364.146	73.5383	939.053	343.887	1.01128	1.61661	615	0	-28.9582	0	20	20
0.0100158	0.0013193	2443.76	363.844	73.0526	977.24	359.266	1.01379	1.61661	615	0	-29.3703	0	20	20
0.0100072	0.00134731	2495.04	363.537	72.4961	1014.81	374.501	1.01639	1.61661	615	0	-29.7412	0	20	20
0.00999845	0.00137497	2545.64	363.224	71.8602	1051.88	389.63	1.01907	1.61661	615	0	-30.0761	0	20	20
0.00998945	0.00140238	2595.72	362.906	71.1353	1088.58	404.69	1.02182	1.61661	615	0	-30.3793	0	20	20
0.00998025	0.00142961	2645.41	362.583	70.3111	1125.03	419.721	1.02465	1.61661	615	0	-30.6543	0	20	20
0.00997084	0.00145675	2694.88	362.253	69.3773	1161.35	434.76	1.02755	1.61661	615	0	-30.9045	0	20	20
0.0099612	0.00148387	2744.25	361.919	68.323	1197.64	449.844	1.03054	1.61661	615	0	-31.1325	0	20	20
0.00995134	0.00151103	2793.65	361.578	67.1377	1234.02	465.005	1.03361	1.61661	615	0	-31.3404	0	20	20
0.00994124	0.0015383	2843.17	361.232	65.8111	1270.55	480.27	1.03676	1.61661	615	0	-31.53	0	20	20
0.00993089	0.00156571	2892.88	360.88	64.3342	1307.3	495.656	1.04	1.61661	615	0	-31.7027	0	20	20
0.00992031	0.00159326	2942.81	360.522	62.6995	1344.29	511.172	1.04334	1.61661	615	0	-31.8595	0	20	20
0.00990951	0.00162096	2992.92	360.158	60.9015	1381.51	526.811	1.04675	1.61661	615	0	-32.0011	0	20	20
0.00989851	0.00164875	3043.12	359.788	58.9379	1418.88	542.552	1.05024	1.61661	615	0	-32.1278	0	20	20
0.00988738	0.00167654	3093.27	359.412	56.8097	1456.3	558.354	1.05379	1.61661	615	0	-32.2398	0	20	20
0.00987619	0.0017042	3143.14	359.029	54.5225	1493.59	574.159	1.05738	1.61661	615	0	-32.3369	0	20	20
0.00986501	0.00173158	3192.42	358.64	52.086	1530.52	589.886	1.06098	1.61661	615	0	-32.4188	0	20	20
0.00985397	0.00175845	3240.74	358.244	49.5151	1566.8	605.436	1.06455	1.61661	615	0	-32.4851	0	20	20
0.0098432	0.00178458	3287.67	357.842	46.8297	1602.1	620.693	1.06805	1.61661	615	0	-32.5355	0	20	20
0.00983285	0.0018097	3332.74	357.433	44.0538	1636.05	635.526	1.07143	1.61661	615	0	-32.5694	0	20	20
0.00982305	0.00183352	3375.43	357.017	41.2153	1668.25	649.798	1.07463	1.61661	615	0	-32.5865	0	20	20
0.00981398	0.00185575	3415.25	356.595	38.3448	1698.31	663.368	1.07762	1.61661	615	0	-32.5865	0	20	20
0.00980579	0.00187613	3451.72	356.165	35.4743	1725.85	676.099	1.08032	1.61661	615	0	-32.5694	0	20	20
0.0097986	0.0018944	3484.38	355.729	32.6358	1750.53	687.868	1.0827	1.61661	615	0	-32.535	0	20	20
0.00979254	0.00191036	3512.89	355.285	29.8599	1772.05	698.566	1.08471	1.61661	615	0	-32.4837	0	20	20
0.00978769	0.00192384	3536.95	354.834	27.1745	1790.2	708.108	1.08632	1.61661	615	0	-32.4158	0	20	20
0.00978413	0.00193474	3556.39	354.376	24.6037	1804.83	716.433	1.08751	1.61661	615	0	-32.3318	0	20	20
0.00978189	0.00194301	3571.12	353.91	22.1672	1815.86	723.506	1.08826	1.61661	615	0	-32.2321	0	20	20
0.00978096	0.00194865	3581.14	353.437	19.8799	1823.31	729.318	1.08857	1.61661	615	0	-32.1177	0	20	20
0.00978133	0.00195171	3586.56	352.955	17.7517	1827.24	733.884	1.08844	1.61661	615	0	-31.9891	0	20	20
0.00978295	0.00195229	3587.56	352.467	15.7881	1827.79	737.239	1.0879	1.61661	615	0	-31.8472	0	20	20
0.00978576	0.00195053	3584.36	351.97	13.9901	1825.15	739.436	1.08697	1.61661	615	0	-31.6927	0	20	20
0.00978952	0.0019466	3577.26	351.465	12.3554	1819.54	740.538	1.08571	1.61661	615	0	-31.5006	0	20	20
0.00979392	0.00194072	3566.55	350.953	10.8785	1811.18	740.621	1.08425	1.61661	615	0	-31.2349	0	20	20
0.00979889	0.00193305	3552.56	350.432	9.55195	1800.34	739.762	1.0826	1.61661	615	0	-30.9032	0	20	20
0.00980437	0.00192379	3535.63	349.903	8.36659	1787.27	738.043	1.08079	1.61661	615	0	-30.5131	0	20	20
0.00981029	0.0019131	3516.06	349.365	7.31231	1772.22	735.544	1.07883	1.61661	615	0	-30.0723	0	20	20
0.0098166	0.00190116	3494.17	348.819	6.37848	1755.42	732.341	1.07676	1.61661	615	0	-29.588	0	20	20
0.00982323	0.0018881	3470.24	348.265	5.55436	1737.12	728.509	1.07458	1.61661	615	0	-29.0671	0	20	20
0.00983013	0.0018741	3444.54	347.701	4.8294	1717.5	724.115	1.07231	1.61661	615	0	-28.5157	0	20	20
0.00983725	0.00185926	3417.31	347.129	4.19349	1696.77	719.223	1.06999	1.61661	615	0	-27.9396	0	20	20
0.00984455	0.00184371	3388.77	346.549	3.63707	1675.09	713.889	1.06761	1.61661	615	0	-27.3438	0	20	20
0.00985198	0.00182757	3359.1	345.959	3.15127	1652.62	708.163	1.0652	1.61661	615	0	-26.7328	0	20	20
0.0098595	0.00181091	3328.49	345.36	2.72794	1629.47	702.093	1.06276	1.61661	615	0	-26.1105	0	20	20
0.00986709	0.00179382	3297.08	344.751	2.35965	1605.79	695.717	1.06031	1.61661	615	0	-25.4803	0	20	20
0.00987472	0.00177638	3265	344.134	2.03971	1581.65	689.072	1.05785	1.61661	615	0	-24.8451	0	20	20
0.00988235	0.00175864	3232.37	343.507	1.76213	1557.16	682.19	1.05541	1.61661	615	0	-24.2074	0	20	20
0.00988997	0.00174067	3199.28	342.87	1.52155	1532.39	675.096	1.05297	1.61661	615	0	-23.5694	0	20	20
0.00989755	0.0017225	3165.81	342.224	1.31324	1507.41	667.816	1.05055	1.61661	615	0	-22.9329	0	20	20
0.00990508	0.00170417	3132.05	341.568	1.13301	1482.26	660.37	1.04816	1.61661	615	0	-22.2993	0	20	20
0.00991253	0.00168573	3098.05	340.903	0.977206	1456.99	652.776	1.04579	1.61661	615	0	-21.6701	0	20	20
0.00991991	0.00166719	3063.86	340.227	0.842585	1431.66	645.051	1.04346	1.61661	615	0	-21.0462	0	20	20
0.00992718	0.00164859	3029.53	339.542	0.726331	1406.29	637.209	1.04117	1.61661	615	0	-20.4286	0	20	20
0.00993434	0.00162994	2995.1	338.846	0.625985	1380.9	629.261	1.03892	1.61661	615	0	-19.818	0	20	20
0.00994137	0.00161127	2960.61	338.14	0.539403	1355.54	621.219	1.03672	1.61661	615	0	-19.215	0	20	20
0.00994826	0.00159259	2926.08	337.423	0.464724	1330.21	613.093	1.03457	1.61661	615	0	-18.6203	0	20	20
0.00995501	0.00157392	2891.54	336.697	0.400329	1304.93	604.892	1.03247	1.61661	615	0	-18.0341	0	20	20
0.00996159	0.00155526	2857.01	335.959	0.344818	1279.73	596.623	1.03042	1.61661	615	0	-17.457	0	20	20
0.00996799	0.00153664	2822.52	335.211	0.296973	1254.61	588.293	1.02844	1.61661	615	0	-16.8892	0	20	20
0.00997421	0.00151806	2788.07	334.452	0.255745	1229.6	579.91	1.02651	1.61661	615	0	-16.331	0	20	20
0.00998023	0.00149953	2753.7	333.683	0.220224	1204.69	571.479	1.02466	1.61661	615	0	-15.7825	0	20	20
0.00998604	0.00148106	2719.4	332.902	0.189625	1179.9	563.007	1.02287	1.61661	615	0	-15.2441	0	20	20
0.00999161	0.00146265	2685.2	332.111	0.163268	1155.24	554.498	1.02116	1.61661	615	0	-14.7157	0	20	20
0.00999695	0.00144433	2651.12	331.308	0.140567	1130.71	545.959	1.01952	1.61661	615	0	-14.1977	0	20	20
0.010002	0.00142609	2617.15	330.494	0.121018	1106.33	537.393	1.01797	1.61661	615	0	-13.69	0	20	20
0.0100068	0.00140794	2583.32	329.669	0.104184	1082.1	528.807	1.01651	1.61661	615	0	-13.1928	0	20	20
0.0100113	0.00138989	2549.65	328.833	0.0896893	1058.03	520.204	1.01513	1.61661	615	0	-12.7062	0	20	20
0.0100155	0.00137195	2516.13	327.985	0.0772089	1034.13	511.59	1.01386	1.61661	615	0	-12.2302	0	20	20
0.0100194	0.00135413	2482.78	327.125	0.0664636	1010.4	502.969	1.01269	1.61661	615	0	-11.7649	0	20	20
0.0100229	0.00133642	2449.62	326.254	0.0572127	986.852	494.346	1.01162	1.61661	615	0	-11.3105	0	20	20
0.010026	0.00131885	2416.66	325.371	0.0492485	963.493	485.725	1.01068	1.61661	615	0	-10.8668	0	20	20
0.0100287	0.00130143	2383.91	324.476	0.0423924	940.329	477.111	1.00986	1.61661	615	0	-10.434	0	20	20
0.010031	0.00128415	2351.38	323.569	0.0364903	917.367	468.508	1.00917	1.61661	615	0	-10.0121	0	20	20
0.0100328	0.00126702	2319.08	322.651	0.0314096	894.616	459.922	1.00862	1.61661	615	0	-9.60106	0	20	20
0.0100342	0.00125007	2287.04	321.72	0.027036	872.082	451.356	1.00823	1.61661	615	0	-9.20102	0	20	20
0.0100349	0.00123329	2255.25	320.777	0.0232712	849.774	442.816	1.00799	1.61661	615	0	-8.81195	0	20	20
0.0100351	0.0012167	2223.74	319.822	0.0200306	827.699	434.305	1.00794	1.61661	615	0	-8.43387	0	20	20
0.0100347	0.0012003	2192.53	318.855	0.0172411	805.865	425.829	1.00806	1.61661	615	0	-8.06677	0	20	20
0.0100336	0.00118411	2161.61	317.876	0.01484	784.28	417.393	1.00839	1.61661	615	0	-7.71065	0	20	20
0.0100318	0.00116814	2131.01	316.884	0.0127733	762.952	409	1.00894	1.61661	615	0	-7.36551	0	20	20
0.0100292	0.0011524	2100.75	315.879	0.0109943	741.891	400.657	1.00972	1.61661	615	0	-7.03134	0	20	20
0.0100258	0.00113689	2070.83	314.863	0.00946308	721.104	392.367	1.01074	1.61661	615	0	-6.70809	0	20	20
0.0100216	0.00112164	2041.28	313.833	0.00814509	700.6	384.135	1.01203	1.61661	615	0	-6.39572	0	20	20
0.0100164	0.00110665	2012.1	312.791	0.00701065	680.387	375.967	1.0136	1.61661	615	0	-6.09418	0	20	20
0.0100102	0.00109194	1983.32	311.737	0.0060342	660.476	367.866	1.01547	1.61661	615	0	-5.8034	0	20	20
0.0100031	0.00107751	1954.95	310.67	0.00519374	640.874	359.839	1.01765	1.61661	615	0	-5.52327	0	20	20
0.00999483	0.00106337	1927	309.59	0.00447034	621.59	351.889	1.02017	1.61661	615	0	-5.25368	0	20	20
0.00998551	0.00104953	1899.49	308.497	0.00384768	602.634	344.022	1.02303	1.61661	615	0	-4.99448	0	20	20
0.00997507	0.00103601	1872.44	307.392	0.00331176	584.015	336.242	1.02625	1.61661	615	0	-4.7455	0	20	20
0.0099635	0.00102281	1845.87	306.274	0.00285047	565.742	328.555	1.02983	1.61661	615	0	-4.50656	0	20	20
0.00995082	0.00100993	1819.78	305.143	0.00245344	547.824	320.965	1.03377	1.61661	615	0	-4.27743	0	20	20
0.00993704	0.000997385	1794.2	303.999	0.0021117	530.271	313.477	1.03807	1.61661	615	0	-4.05789	0	20	20
0.00992221	0.000985174	1769.14	302.842	0.00181757	513.09	306.095	1.04274	1.61661	615	0	-3.84766	0	20	20
0.00990636	0.000973301	1744.62	301.672	0.0015644	496.293	298.826	1.04775	1.61661	615	0	-3.64651	0	20	20
0.00988958	0.00096177	1720.65	300.49	0.00134649	479.887	291.673	1.05309	1.61661	615	0	-3.45417	0	20	20
0.00987192	0.000950582	1697.26	299.294	0.00115894	463.882	284.641	1.05875	1.61661	615	0	-3.27038	0	20	20
0.00985347	0.000939739	1674.45	298.086	0.000997512	448.287	277.736	1.06471	1.61661	615	0	-3.09489	0	20	20
0.00983432	0.000929244	1652.25	296.865	0.000858568	433.111	270.96	1.07094	1.61661	615	0	-2.92747	0	20	20
0.00981455	0.000919098	1630.66	295.631	0.000738977	418.363	264.321	1.07743	1.61661	615	0	-2.76789	0	20	20
0.00979424	0.000909303	1609.71	294.384	0.000636045	404.05	257.821	1.08415	1.61661	615	0	-2.61595	0	20	20
0.00977349	0.000899863	1589.41	293.124	0.000547449	390.183	251.465	1.09107	1.61661	615	0	-2.47145	0	20	20
0.00975238	0.00089078	1569.77	291.852	0.000471194	376.768	245.258	1.09817	1.61661	615	0	-2.33421	0	20	20
0.00973098	0.000882054	1550.8	290.566	0.000405561	363.81	239.203	1.10543	1.61661	615	0	-2.204	0	20	20
0.00970936	0.000873674	1532.49	289.268	0.00034907	351.297	233.297	1.11283	1.61661	615	0	-2.08051	0	20	20
0.00968758	0.000865629	1514.82	287.958	0.000300448	339.214	227.537	1.12035	1.61661	615	0	-1.96337	0	20	20
0.00966569	0.000857906	1497.78	286.634	0.000258598	327.547	221.919	1.12798	1.61661	615	0	-1.85226	0	20	20
0.00964375	0.000850495	1481.34	285.298	0.000222577	316.281	216.44	1.1357	1.61661	615	0	-1.74686	0	20	20
0.0096218	0.000843384	1465.49	283.95	0.000191574	305.403	211.096	1.14349	1.61661	615	0	-1.64688	0	20	20
0.0095999	0.000836564	1450.22	282.589	0.000164889	294.898	205.884	1.15133	1.61661	615	0	-1.55205	0	20	20
0.00957807	0.000830023	1435.5	281.216	0.000141922	284.755	200.801	1.15922	1.61661	615	0	-1.46212	0	20	20
0.00955638	0.000823752	1421.32	279.83	0.000122153	274.961	195.843	1.16713	1.61661	615	0	-1.37684	0	20	20
0.00953485	0.000817741	1407.67	278.432	0.000105138	265.504	191.007	1.17506	1.61661	615	0	-1.29597	0	20	20
0.00951351	0.000811982	1394.53	277.022	9.04933e-05	256.372	186.291	1.18298	1.61661	615	0	-1.21931	0	20	20
0.00949241	0.000806466	1381.89	275.6	7.78883e-05	247.554	181.692	1.19089	1.61661	615	0	-1.14664	0	20	20
0.00947158	0.000801183	1369.73	274.166	6.70391e-05	239.04	177.206	1.19876	1.61661	615	0	-1.07777	0	20	20
0.00945104	0.000796125	1358.04	272.72	5.77011e-05	230.818	172.831	1.20659	1.61661	615	0	-1.0125	0	20	20
0.00943082	0.000791284	1346.8	271.262	4.96638e-05	222.879	168.563	1.21437	1.61661	615	0	-0.950651	0	20	20
0.00941095	0.000786652	1336	269.792	4.2746e-05	215.214	164.402	1.22208	1.61661	615	0	-0.892062	0	20	20
0.00939144	0.00078222	1325.62	268.311	3.67919e-05	207.811	160.343	1.22971	1.61661	615	0	-0.836564	0	20	20
0.00937242	0.000777998	1315.7	266.819	3.1667e-05	200.664	156.384	1.23721	1.61661	615	0	-0.784173	0	20	20
0.0093546	0.000774082	1306.48	265.315	2.72561e-05	193.762	152.523	1.2443	1.61661	615	0	-0.735862	0	20	20
0.00933851	0.000770535	1298.13	263.801	2.34595e-05	187.098	148.757	1.25074	1.61661	615	0	-0.692197	0	20	20
0.00932403	0.000767323	1290.59	262.275	2.01918e-05	180.663	145.084	1.25658	1.61661	615	0	-0.6527	0	20	20
0.00931108	0.000764417	1283.77	260.738	1.73792e-05	174.449	141.502	1.26183	1.61661	615	0	-0.616954	0	20	20
0.00929956	0.00076179	1277.62	259.191	1.49585e-05	168.449	138.008	1.26652	1.61661	615	0	-0.584594	0	20	20
0.00928938	0.000759419	1272.08	257.633	1.28749e-05	162.655	134.601	1.27069	1.61661	615	0	-0.555298	0	20	20
0.00928049	0.000757283	1267.11	256.065	1.10815e-05	157.06	131.277	1.27435	1.61661	615	0	-0.528781	0	20	20
0.0092728	0.000755363	1262.66	254.487	9.53793e-06	151.658	128.036	1.27752	1.61661	615	0	-0.504786	0	20	20
0.00926624	0.000753642	1258.7	252.899	8.20938e-06	146.442	124.875	1.28023	1.61661	615	0	-0.483085	0	20	20
0.00926077	0.000752105	1255.18	251.301	7.06588e-06	141.405	121.792	1.28251	1.61661	615	0	-0.463471	0	20	20
0.00925631	0.000750739	1252.09	249.693	6.08166e-06	136.542	118.785	1.28436	1.61661	615	0	-0.445758	0	20	20
0.00925281	0.000749529	1249.37	248.076	5.23453e-06	131.845	115.852	1.28582	1.61661	615	0	-0.429778	0	20	20
0.00925022	0.000748465	1247.02	246.45	4.5054e-06	127.311	112.991	1.2869	1.61661	615	0	-0.415377	0	20	20
0.00924849	0.000747536	1245	244.814	3.87783e-06	122.932	110.202	1.28762	1.61661	615	0	-0.402417	0	20	20
0.00924757	0.000746731	1243.29	243.17	3.33768e-06	118.704	107.481	1.288	1.61661	615	0	-0.390771	0	20	20
0.00924742	0.000746043	1241.88	241.518	2.87277e-06	114.621	104.827	1.28807	1.61661	615	0	-0.380324	0	20	20
0.00924799	0.000745463	1240.73	239.857	2.47262e-06	110.679	102.239	1.28783	1.61661	615	0	-0.370971	0	20	20
0.00924925	0.000744984	1239.84	238.188	2.1282e-06	106.872	99.7146	1.2873	1.61661	615	0	-0.362615	0	20	20
0.00925116	0.000744597	1239.18	236.511	1.83176e-06	103.196	97.2526	1.28651	1.61661	615	0	-0.355169	0	20	20
0.00925367	0.000744298	1238.75	234.826	1.57661e-06	99.6467	94.8515	1.28546	1.61661	615	0	-0.348553	0	20	20
0.00925677	0.00074408	1238.52	233.135	1.357e-06	96.2194	92.5096	1.28417	1.61661	615	0	-0.342693	0	20	20
0.00926041	0.000743938	1238.49	231.435	1.16798e-06	92.91	90.2255	1.28265	1.61661	615	0	-0.337522	0	20	20
0.00926457	0.000743866	1238.64	229.73	1.00529e-06	89.7144	87.9978	1.28093	1.61661	615	0	-0.332978	0	20	20
0.00926922	0.000743862	1238.96	228.017	8.65262e-07	86.6287	85.8252	1.279	1.61661	615	0	-0.329005	0	20	20
0.00927433	0.000743919	1239.45	226.298	7.44738e-07	83.6491	83.7061	1.27689	1.61661	615	0	-0.325552	0	20	20
0.00927987	0.000744035	1240.08	224.573	6.41002e-07	80.772	81.6394	1.2746	1.61661	615	0	-0.32257	0	20	20
0.00928583	0.000744205	1240.86	222.842	5.51715e-07	77.9939	79.6237	1.27215	1.61661	615	0	-0.320016	0	20	20
0.00929219	0.000744428	1241.78	221.106	4.74866e-07	75.3113	77.6578	1.26954	1.61661	615	0	-0.31785	0	20	20
0.00929891	0.000744699	1242.82	219.365	4.08721e-07	72.721	75.7404	1.26679	1.61661	615	0	-0.316037	0	20	20
0.00930599	0.000745016	1243.99	217.618	3.51789e-07	70.2198	73.8704	1.2639	1.61661	615	0	-0.314541	0	20	20
0.0093134	0.000745378	1245.27	215.867	3.02788e-07	67.8046	72.0465	1.26088	1.61661	615	0	-0.313333	0	20	20
0.00932113	0.00074578	1246.67	214.111	2.60612e-07	65.4725	70.2677	1.25775	1.61661	615	0	-0.312384	0	20	20
0.00932917	0.000746222	1248.16	212.352	2.24311e-07	63.2206	68.5328	1.2545	1.61661	615	0	-0.311668	0	20	20
0.00933749	0.000746702	1249.76	210.588	1.93066e-07	61.0462	66.8407	1.25115	1.61661	615	0	-0.311161	0	20	20
0.00934609	0.000747218	1251.46	208.821	1.66173e-07	58.9465	65.1904	1.2477	1.61661	615	0	-0.310841	0	20	20
0.00935494	0.000747768	1253.25	207.051	1.43027e-07	56.9191	63.5808	1.24416	1.61661	615	0	-0.31069	0	20	20
0.00936405	0.000748351	1255.12	205.278	1.23104e-07	54.9614	62.011	1.24053	1.61661	615	0	-0.310687	0	20	20
0.00937339	0.000748967	1257.09	203.502	1.05957e-07	53.071	60.48	1.23683	1.61661	615	0	-0.310816	0	20	20
0.00938297	0.000749613	1259.13	201.724	9.11979e-08	51.2457	58.9867	1.23305	1.61661	615	0	-0.311062	0	20	20
0.00939276	0.000750289	1261.26	199.944	7.84948e-08	49.4831	57.5303	1.22919	1.61661	615	0	-0.31141	0	20	20
0.00940276	0.000750995	1263.46	198.163	6.75611e-08	47.7811	56.1099	1.22528	1.61661	615	0	-0.311847	0	20	20
0.00941296	0.000751728	1265.74	196.38	5.81504e-08	46.1377	54.7245	1.2213	1.61661	615	0	-0.312362	0	20	20
0.00942335	0.00075249	1268.1	194.596	5.00505e-08	44.5508	53.3734	1.21726	1.61661	615	0	-0.312944	0	20	20
0.00943393	0.000753279	1270.53	192.811	4.30789e-08	43.0185	52.0556	1.21317	1.61661	615	0	-0.313581	0	20	20
0.00944469	0.000754094	1273.03	191.026	3.70783e-08	41.5389	50.7703	1.20903	1.61661	615	0	-0.314265	0	20	20
0.00945561	0.000754937	1275.6	189.241	3.19136e-08	40.1102	49.5168	1.20485	1.61661	615	0	-0.314988	0	20	20
0.0094667	0.000755805	1278.23	187.456	2.74683e-08	38.7306	48.2942	1.20062	1.61661	615	0	-0.315741	0	20	20
0.00947795	0.000756699	1280.94	185.671	2.36422e-08	37.3985	47.1018	1.19635	1.61661	615	0	-0.316517	0	20	20
0.00948935	0.000757619	1283.71	183.887	2.0349e-08	36.1122	45.9389	1.19204	1.61661	615	0	-0.31731	0	20	20
0.0095009	0.000758565	1286.56	182.105	1.75146e-08	34.8701	44.8047	1.1877	1.61661	615	0	-0.318114	0	20	20
0.00951258	0.000759537	1289.46	180.324	1.50749e-08	33.6708	43.6984	1.18333	1.61661	615	0	-0.318922	0	20	20
0.0095244	0.000760534	1292.44	178.544	1.29751e-08	32.5127	42.6195	1.17893	1.61661	615	0	-0.319729	0	20	20
0.00953635	0.000761558	1295.48	176.767	1.11678e-08	31.3944	41.5672	1.1745	1.61661	615	0	-0.320531	0	20	20
0.00954843	0.000762607	1298.58	174.992	9.61219e-09	30.3146	40.5409	1.17005	1.61661	615	0	-0.321324	0	20	20
0.00956062	0.000763682	1301.75	173.22	8.27329e-09	29.272	39.54	1.16558	1.61661	615	0	-0.322102	0	20	20
0.00957293	0.000764784	1304.99	171.451	7.12089e-09	28.2652	38.5637	1.16109	1.61661	615	0	-0.322862	0	20	20
0.00958534	0.000765912	1308.29	169.685	6.129e-09	27.293	37.6116	1.15659	1.61661	615	0	-0.323601	0	20	20
0.00959785	0.000767067	1311.65	167.923	5.27528e-09	26.3543	36.683	1.15207	1.61661	615	0	-0.324316	0	20	20
0.00961046	0.000768249	1315.08	166.164	4.54048e-09	25.4478	35.7772	1.14754	1.61661	615	0	-0.325002	0	20	20
0.00962316	0.000769459	1318.58	164.41	3.90803e-09	24.5726	34.8939	1.143	1.61661	615	0	-0.325658	0	20	20
0.00963595	0.000770697	1322.14	162.661	3.36367e-09	23.7274	34.0324	1.13846	1.61661	615	0	-0.326281	0	20	20
0.00964881	0.000771962	1325.77	160.916	2.89514e-09	22.9113	33.1921	1.13391	1.61661	615	0	-0.326869	0	20	20
0.00966174	0.000773257	1329.46	159.176	2.49187e-09	22.1233	32.3726	1.12937	1.61661	615	0	-0.327418	0	20	20
0.00967473	0.00077458	1333.22	157.441	2.14477e-09	21.3624	31.5733	1.12482	1.61661	615	0	-0.327928	0	20	20
0.00968778	0.000775933	1337.05	155.713	1.84602e-09	20.6276	30.7938	1.12028	1.61661	615	0	-0.328396	0	20	20
0.00970088	0.000777315	1340.94	153.99	1.58888e-09	19.9181	30.0335	1.11575	1.61661	615	0	-0.328821	0	20	20
0.00971402	0.000778728	1344.9	152.273	1.36757e-09	19.2331	29.2919	1.11123	1.61661	615	0	-0.329201	0	20	20
0.0097272	0.000780172	1348.92	150.563	1.17707e-09	18.5715	28.5687	1.10672	1.61661	615	0	-0.329535	0	20	20
0.00974039	0.000781647	1353.01	148.859	1.01312e-09	17.9328	27.8633	1.10223	1.61661	615	0	-0.329822	0	20	20
0.00975361	0.000783153	1357.17	147.162	8.71998e-10	17.316	27.1754	1.09775	1.61661	615	0	-0.33006	0	20	20
0.00976683	0.000784691	1361.39	145.473	7.50536e-10	16.7204	26.5044	1.0933	1.61661	615	0	-0.33025	0	20	20
0.00978005	0.000786262	1365.68	143.791	6.45992e-10	16.1453	25.85	1.08887	1.61661	615	0	-0.330389	0	20	20
0.00979326	0.000787865	1370.03	142.116	5.56011e-10	15.59	25.2118	1.08447	1.61661	615	0	-0.330478	0	20	20
0.00980645	0.000789501	1374.45	140.45	4.78563e-10	15.0538	24.5893	1.0801	1.61661	615	0	-0.330517	0	20	20
0.0098196	0.00079117	1378.93	138.792	4.11903e-10	14.536	23.9822	1.07577	1.61661	615	0	-0.330505	0	20	20
0.00983272	0.000792873	1383.47	137.142	3.54528e-10	14.0361	23.3901	1.07147	1.61661	615	0	-0.330443	0	20	20
0.00984662	0.000794632	1388.23	135.501	3.05145e-10	13.5533	22.8126	1.06694	1.61661	615	0	-0.322203	0	20	20
0.0098618	0.000796589	1393.53	133.869	2.62641e-10	13.0871	22.2493	1.06202	1.61661	615	0	-0.304897	0	20	20
0.0098777	0.000798867	1399.5	132.245	2.26057e-10	12.637	21.7	1.0569	1.61661	615	0	-0.28819	0	20	20
0.00989405	0.000801464	1406.13	130.632	1.94569e-10	12.2024	21.1642	1.05167	1.61661	615	0	-0.272002	0	20	20
0.00991062	0.000804377	1413.38	129.027	1.67467e-10	11.7827	20.6417	1.0464	1.61661	615	0	-0.25627	0	20	20
0.00992717	0.000807603	1421.2	127.432	1.4414e-10	11.3774	20.132	1.04117	1.61661	615	0	-0.240944	0	20	20
0.00994349	0.000811137	1429.57	125.847	1.24063e-10	10.9861	19.635	1.03606	1.61661	615	0	-0.225983	0	20	20
0.00995937	0.000814973	1438.46	124.272	1.06782e-10	10.6082	19.1502	1.03111	1.61661	615	0	-0.21136	0	20	20
0.00997466	0.000819104	1447.82	122.708	9.1908e-11	10.2434	18.6774	1.02637	1.61661	615	0	-0.19705	0	20	20
0.00998921	0.000823519	1457.62	121.153	7.91059e-11	9.89105	18.2162	1.0219	1.61661	615	0	-0.183039	0	20	20
0.0100029	0.000828207	1467.82	119.61	6.80871e-11	9.55086	17.7665	1.0177	1.61661	615	0	-0.169313	0	20	20
0.0100157	0.000833155	1478.39	118.077	5.86031e-11	9.22236	17.3278	1.01381	1.61661	615	0	-0.155859	0	20	20
0.0100275	0.000838348	1489.31	116.555	5.04402e-11	8.90516	16.9	1.01024	1.61661	615	0	-0.142667	0	20	20
0.0100382	0.00084377	1500.52	115.044	4.34142e-11	8.59887	16.4827	1.00699	1.61661	615	0	-0.129728	0	20	20
0.010048	0.000849405	1512	113.544	3.7367e-11	8.30312	16.0758	1.00407	1.61661	615	0	-0.117031	0	20	20
0.0100567	0.000855236	1523.73	112.055	3.21621e-11	8.01753	15.6788	1.00145	1.61661	615	0	-0.104565	0	20	20
0.0100645	0.000861247	1535.66	110.578	2.76821e-11	7.74177	15.2917	0.999142	1.61661	615	0	-0.0923219	0	20	20
0.0100713	0.000867421	1547.78	109.112	2.38262e-11	7.4755	14.9142	0.997124	1.61661	615	0	-0.0802922	0	20	20
0.0100771	0.000873743	1560.05	107.659	2.05074e-11	7.21838	14.5459	0.995383	1.61661	615	0	-0.0684679	0	20	20
0.0100821	0.000880196	1572.47	106.216	1.76509e-11	6.97011	14.1868	0.993905	1.61661	615	0	-0.0568424	0	20	20
0.0100863	0.000886765	1584.99	104.786	1.51923e-11	6.73037	13.8365	0.992674	1.61661	615	0	-0.0454102	0	20	20
0.0100897	0.000893437	1597.6	103.368	1.30761e-11	6.49889	13.4949	0.991675	1.61661	615	0	-0.0341675	0	20	20
0.0100923	0.000900199	1610.28	101.962	1.12547e-11	6.27536	13.1617	0.990891	1.61661	615	0	-0.0231118	0	20	20
0.0100943	0.000907037	1623.02	100.568	9.68703e-12	6.05952	12.8368	0.99031	1.61661	615	0	-0.0122421	0	20	20
0.0100956	0.000913941	1635.8	99.1866	8.3377e-12	5.85111	12.5198	0.989917	1.61661	615	0	-0.00155844	0	20	20
0.0100964	0.000920898	1648.59	97.8174	7.17633e-12	5.64986	12.2107	0.989699	1.61661	615	0	0.00893793	0	20	20
0.0100966	0.000927898	1661.39	96.4606	6.17672e-12	5.45554	11.9092	0.989644	1.61661	615	0	0.0192449	0	20	20
0.0100962	0.000934933	1674.18	95.1163	5.31635e-12	5.26789	11.6152	0.989741	1.61661	615	0	0.0293597	0	20	20
0.0100954	0.000942112	1687.18	93.7846	4.57583e-12	5.08671	11.3284	0.989979	1.61661	615	0	0.0392612	0	20	20
0.0100941	0.000949552	1700.59	92.4654	3.93845e-12	4.91175	11.0487	0.990357	1.61661	615	0	0.0489369	0	20	20
0.0100924	0.000957251	1714.41	91.1589	3.38986e-12	4.74281	10.7759	0.990874	1.61661	615	0	0.0583943	0	20	20
0.0100902	0.000965205	1728.64	89.8652	2.91768e-12	4.57969	10.5098	0.991531	1.61661	615	0	0.0676399	0	20	20
0.0100875	0.000973408	1743.26	88.5842	2.51127e-12	4.42217	10.2504	0.992326	1.61661	615	0	0.0766794	0	20	20
0.0100843	0.000981857	1758.27	87.3159	2.16147e-12	4.27007	9.99727	0.99326	1.61661	615	0	0.0855171	0	20	20
0.0100807	0.000990547	1773.66	86.0605	1.86039e-12	4.1232	9.75044	0.994332	1.61661	615	0	0.0941567	0	20	20
0.0100766	0.000999473	1789.41	84.8179	1.60125e-12	3.98139	9.5097	0.995541	1.61661	615	0	0.102601	0	20	20
0.0100721	0.00100863	1805.52	83.5882	1.37821e-12	3.84445	9.2749	0.996887	1.61661	615	0	0.110851	0	20	20
0.0100671	0.00101801	1821.97	82.3713	1.18624e-12	3.71222	9.04591	0.998369	1.61661	615	0	0.118908	0	20	20
0.0100616	0.00102761	1838.76	81.1673	1.02101e-12	3.58454	8.82256	0.999986	1.61661	615	0	0.126774	0	20	20
0.0100558	0.00103743	1855.87	79.9762	8.78787e-13	3.46125	8.60473	1.00174	1.61661	615	0	0.134448	0	20	20
0.0100495	0.00104746	1873.29	78.798	7.56379e-13	3.3422	8.39228	1.00362	1.61661	615	0	0.141929	0	20	20
0.0100427	0.00105768	1891.01	77.6326	6.51022e-13	3.22725	8.18507	1.00564	1.61661	615	0	0.149219	0	20	20
0.0100356	0.00106811	1909.01	76.4802	5.60339e-13	3.11625	7.98298	1.00779	1.61661	615	0	0.156314	0	20	20
0.010028	0.00107872	1927.29	75.3405	4.82289e-13	3.00907	7.78588	1.01008	1.61661	615	0	0.163216	0	20	20
0.01002	0.00108951	1945.83	74.2138	4.1511e-13	2.90557	7.59365	1.0125	1.61661	615	0	0.169923	0	20	20
0.0100116	0.00110048	1964.6	73.0998	3.57288e-13	2.80564	7.40616	1.01505	1.61661	615	0	0.176433	0	20	20
0.0100028	0.00111161	1983.61	71.9986	3.07521e-13	2.70914	7.2233	1.01773	1.61661	615	0	0.182746	0	20	20
0.00999364	0.00112291	2002.82	70.9102	2.64686e-13	2.61596	7.04496	1.02054	1.61661	615	0	0.188862	0	20	20
0.00998406	0.00113435	2022.23	69.8346	2.27817e-13	2.52598	6.87102	1.02348	1.61661	615	0	0.19478	0	20	20
0.00997409	0.00114593	2041.81	68.7716	1.96084e-13	2.4391	6.70137	1.02655	1.61661	615	0	0.2005	0	20	20
0.00996374	0.00115764	2061.55	67.7213	1.68771e-13	2.35521	6.53591	1.02975	1.61661	615	0	0.206021	0	20	20
0.00995302	0.00116948	2081.43	66.6836	1.45263e-13	2.27421	6.37454	1.03308	1.61661	615	0	0.211344	0	20	20
0.00994193	0.00118143	2101.44	65.6585	1.25029e-13	2.19599	6.21715	1.03654	1.61661	615	0	0.21647	0	20	20
0.00993049	0.00119348	2121.54	64.6459	1.07613e-13	2.12046	6.06365	1.04013	1.61661	615	0	0.2214	0	20	20
0.0099187	0.00120562	2141.72	63.6457	9.26235e-14	2.04752	5.91394	1.04385	1.61661	615	0	0.226134	0	20	20
0.00990656	0.00121784	2161.96	62.658	7.97218e-14	1.9771	5.76792	1.04769	1.61661	615	0	0.230676	0	20	20
0.0098941	0.00123014	2182.24	61.6826	6.86172e-14	1.9091	5.62551	1.05165	1.61661	615	0	0.235026	0	20	20
0.00988131	0.00124248	2202.53	60.7195	5.90593e-14	1.84344	5.48662	1.05574	1.61661	615	0	0.239189	0	20	20
0.0098682	0.00125488	2222.82	59.7686	5.08329e-14	1.78003	5.35115	1.05995	1.61661	615	0	0.243166	0	20	20
0.0098548	0.00126731	2243.08	58.8299	4.37522e-14	1.71881	5.21903	1.06428	1.61661	615	0	0.246961	0	20	20
0.00984111	0.00127976	2263.29	57.9032	3.76579e-14	1.65969	5.09017	1.06873	1.61661	615	0	0.250578	0	20	20
0.00982713	0.00129222	2283.42	56.9886	3.24125e-14	1.60261	4.9645	1.0733	1.61661	615	0	0.254022	0	20	20
0.0098129	0.00130467	2303.46	56.0859	2.78977e-14	1.54748	4.84192	1.07797	1.61661	615	0	0.257296	0	20	20
0.00979841	0.00131711	2323.38	55.1951	2.40117e-14	1.49426	4.72238	1.08276	1.61661	615	0	0.260405	0	20	20
0.00978369	0.00132952	2343.16	54.316	2.06671e-14	1.44287	4.60578	1.08766	1.61661	615	0	0.263354	0	20	20
0.00976875	0.00134188	2362.77	53.4487	1.77883e-14	1.39324	4.49206	1.09266	1.61661	615	0	0.266149	0	20	20
0.0097536	0.00135419	2382.2	52.5929	1.53106e-14	1.34532	4.38115	1.09775	1.61661	615	0	0.268794	0	20	20
0.00973827	0.00136643	2401.42	51.7488	1.31779e-14	1.29905	4.27298	1.10295	1.61661	615	0	0.271296	0	20	20
0.00972277	0.00137858	2420.41	50.916	1.13423e-14	1.25437	4.16748	1.10823	1.61661	615	0	0.27366	0	20	20
0.00970712	0.00139064	2439.14	50.0946	9.76244e-15	1.21122	4.06459	1.1136	1.61661	615	0	0.275892	0	20	20
0.00969133	0.00140259	2457.6	49.2845	8.40261e-15	1.16956	3.96423	1.11905	1.61661	615	0	0.277997	0	20	20
0.00967543	0.00141441	2475.77	48.4856	7.2322e-15	1.12934	3.86635	1.12458	1.61661	615	0	0.279981	0	20	20
0.00965943	0.0014261	2493.62	47.6977	6.22481e-15	1.09049	3.77089	1.13017	1.61661	615	0	0.28185	0	20	20
0.00964337	0.00143764	2511.14	46.9209	5.35774e-15	1.05299	3.67779	1.13583	1.61661	615	0	0.283609	0	20	20
0.00962724	0.00144902	2528.32	46.1549	4.61145e-15	1.01677	3.58699	1.14155	1.61661	615	0	0.285264	0	20	20
0.00961108	0.00146023	2545.12	45.3998	3.96911e-15	0.981798	3.49842	1.14732	1.61661	615	0	0.286819	0	20	20
0.00959491	0.00147126	2561.54	44.6554	3.41625e-15	0.94803	3.41205	1.15313	1.61661	615	0	0.288281	0	20	20
0.00957874	0.00148208	2577.56	43.9215	2.94039e-15	0.915423	3.3278	1.15898	1.61661	615	0	0.289654	0	20	20
0.0095626	0.00149271	2593.16	43.1982	2.53082e-15	0.883937	3.24564	1.16486	1.61661	615	0	0.290942	0	20	20
0.0095465	0.00150311	2608.34	42.4853	2.1783e-15	0.853535	3.1655	1.17076	1.61661	615	0	0.292151	0	20	20
0.00953046	0.00151329	2623.07	41.7827	1.87488e-15	0.824178	3.08735	1.17668	1.61661	615	0	0.293284	0	20	20
0.00951451	0.00152324	2637.36	41.0903	1.61372e-15	0.79583	3.01112	1.18261	1.61661	615	0	0.294346	0	20	20
0.00949866	0.00153294	2651.18	40.408	1.38894e-15	0.768458	2.93678	1.18854	1.61661	615	0	0.295341	0	20	20
0.00948293	0.00154239	2664.53	39.7357	1.19547e-15	0.742027	2.86427	1.19446	1.61661	615	0	0.296272	0	20	20
0.00946733	0.00155158	2677.4	39.0734	1.02895e-15	0.716506	2.79355	1.20038	1.61661	615	0	0.297142	0	20	20
0.00945188	0.0015605	2689.79	38.4208	8.85629e-16	0.691862	2.72457	1.20627	1.61661	615	0	0.297955	0	20	20
0.00943661	0.00156915	2701.69	37.7779	7.62268e-16	0.668065	2.6573	1.21214	1.61661	615	0	0.298714	0	20	20
0.00942151	0.00157752	2713.09	37.1446	6.5609e-16	0.645088	2.5917	1.21797	1.61661	615	0	0.299422	0	20	20
0.00940661	0.00158561	2723.99	36.5208	5.64702e-16	0.6229	2.52771	1.22377	1.61661	615	0	0.300081	0	20	20
0.00939193	0.00159341	2734.39	35.9064	4.86043e-16	0.601476	2.4653	1.22952	1.61661	615	0	0.300694	0	20	20
0.00937746	0.00160093	2744.29	35.3012	4.18342e-16	0.580788	2.40443	1.23522	1.61661	615	0	0.301263	0	20	20
0.00936323	0.00160815	2753.69	34.7052	3.6007e-16	0.560812	2.34506	1.24086	1.61661	615	0	0.30179	0	20	20
0.00934924	0.00161508	2762.58	34.1183	3.09915e-16	0.541523	2.28716	1.24644	1.61661	615	0	0.302277	0	20	20
0.0093355	0.00162171	2770.98	33.5404	2.66746e-16	0.522898	2.23069	1.25195	1.61661	615	0	0.302727	0	20	20
0.00932202	0.00162804	2778.88	32.9713	2.29591e-16	0.504913	2.17562	1.25739	1.61661	615	0	0.30314	0	20	20
0.00930881	0.00163408	2786.29	32.4109	1.97611e-16	0.487547	2.1219	1.26275	1.61661	615	0	0.30352	0	20	20
0.00929588	0.00163983	2793.21	31.8593	1.70085e-16	0.470778	2.06951	1.26803	1.61661	615	0	0.303866	0	20	20
0.00928323	0.00164527	2799.65	31.3161	1.46393e-16	0.454586	2.01841	1.27322	1.61661	615	0	0.304181	0	20	20
0.00927086	0.00165043	2805.61	30.7814	1.26002e-16	0.43895	1.96858	1.27832	1.61661	615	0	0.304466	0	20	20
0.00925878	0.00165529	2811.11	30.2551	1.08451e-16	0.423853	1.91998	1.28333	1.61661	615	0	0.304722	0	20	20
0.00924699	0.00165987	2816.14	29.737	9.33446e-17	0.409274	1.87257	1.28825	1.61661	615	0	0.30495	0	20	20
0.0092355	0.00166416	2820.73	29.227	8.03424e-17	0.395198	1.82634	1.29306	1.61661	615	0	0.305153	0	20	20
0.0092243	0.00166818	2824.86	28.725	6.91514e-17	0.381605	1.78124	1.29778	1.61661	615	0	0.30533	0	20	20
0.00921339	0.00167191	2828.57	28.231	5.95191e-17	0.36848	1.73727	1.30239	1.61661	615	0	0.305483	0	20	20
0.00920278	0.00167538	2831.85	27.7448	5.12286e-17	0.355806	1.69437	1.3069	1.61661	615	0	0.305612	0	20	20
0.00919247	0.00167857	2834.71	27.2663	4.40929e-17	0.343568	1.65254	1.3113	1.61661	615	0	0.30572	0	20	20
0.00918245	0.00168151	2837.18	26.7955	3.79511e-17	0.331751	1.61174	1.3156	1.61661	615	0	0.305806	0	20	20
0.00917272	0.00168419	2839.25	26.3322	3.26648e-17	0.320341	1.57194	1.31979	1.61661	615	0	0.305872	0	20	20
0.00916328	0.00168661	2840.93	25.8763	2.81149e-17	0.309323	1.53313	1.32388	1.61661	615	0	0.305918	0	20	20
0.00915412	0.0016888	2842.25	25.4277	2.41987e-17	0.298684	1.49528	1.32785	1.61661	615	0	0.305946	0	20	20
0.00914524	0.00169074	2843.21	24.9864	2.0828e-17	0.288411	1.45836	1.33172	1.61661	615	0	0.305955	0	20	20
0.00913665	0.00169245	2843.82	24.5521	1.79268e-17	0.278491	1.42235	1.33549	1.61661	615	0	0.305948	0	20	20
0.00912832	0.00169394	2844.09	24.125	1.54298e-17	0.268912	1.38723	1.33914	1.61661	615	0	0.305924	0	20	20
0.00912027	0.00169521	2844.04	23.7047	1.32805e-17	0.259663	1.35298	1.34269	1.61661	615	0	0.305885	0	20	20
0.00911248	0.00169626	2843.68	23.2913	1.14306e-17	0.250732	1.31958	1.34614	1.61661	615	0	0.30583	0	20	20
0.00910495	0.00169711	2843.02	22.8847	9.83845e-18	0.242109	1.287	1.34948	1.61661	615	0	0.305761	0	20	20
0.00909767	0.00169777	2842.06	22.4847	8.46803e-18	0.233781	1.25522	1.35273	1.61661	615	0	0.305679	0	20	20
0.00909064	0.00169822	2840.83	22.0913	7.2885e-18	0.22574	1.22423	1.35587	1.61661	615	0	0.305584	0	20	20
0.00908385	0.0016985	2839.33	21.7043	6.27327e-18	0.217976	1.194	1.35891	1.61661	615	0	0.305476	0	20	20
0.00907729	0.00169859	2837.57	21.3237	5.39946e-18	0.210479	1.16452	1.36186	1.61661	615	0	0.305357	0	20	20
0.00907097	0.00169851	2835.57	20.9494	4.64735e-18	0.20324	1.13577	1.36471	1.61661	615	0	0.305226	0	20	20
0.00906487	0.00169827	2833.34	20.5813	4.00001e-18	0.196249	1.10773	1.36746	1.61661	615	0	0.305085	0	20	20
0.00905899	0.00169787	2830.88	20.2193	3.44284e-18	0.189499	1.08038	1.37013	1.61661	615	0	0.304933	0	20	20
0.00905332	0.00169731	2828.21	19.8633	2.96328e-18	0.182982	1.0537	1.3727	1.61661	615	0	0.304772	0	20	20
0.00904786	0.00169661	2825.33	19.5132	2.55052e-18	0.176688	1.02769	1.37519	1.61661	615	0	0.304602	0	20	20
0.0090426	0.00169577	2822.26	19.169	2.19525e-18	0.170611	1.00231	1.37759	1.61661	615	0	0.304423	0	20	20
0.00903753	0.0016948	2819.01	18.8305	1.88947e-18	0.164743	0.977568	1.37991	1.61661	615	0	0.304237	0	20	20
0.00903264	0.0016937	2815.58	18.4977	1.62628e-18	0.159077	0.953431	1.38215	1.61661	615	0	0.304042	0	20	20
0.00902794	0.00169247	2811.99	18.1705	1.39976e-18	0.153605	0.929891	1.38431	1.61661	615	0	0.303841	0	20	20
0.00902342	0.00169113	2808.24	17.8488	1.20478e-18	0.148322	0.906932	1.38639	1.61661	615	0	0.303632	0	20	20
0.00901907	0.00168968	2804.35	17.5325	1.03696e-18	0.143221	0.88454	1.3884	1.61661	615	0	0.303417	0	20	20
0.00901488	0.00168813	2800.31	17.2216	8.92524e-19	0.138295	0.8627	1.39034	1.61661	615	0	0.303197	0	20	20
0.00901085	0.00168647	2796.15	16.9159	7.68203e-19	0.133538	0.8414	1.39221	1.61661	615	0	0.30297	0	20	20
0.00900697	0.00168472	2791.86	16.6154	6.61198e-19	0.128945	0.820626	1.394	1.61661	615	0	0.302739	0	20	20
0.00900324	0.00168288	2787.45	16.32	5.69098e-19	0.12451	0.800365	1.39574	1.61661	615	0	0.302502	0	20	20
0.00899965	0.00168095	2782.94	16.0296	4.89828e-19	0.120228	0.780604	1.39741	1.61661	615	0	0.302262	0	20	20
0.00899621	0.00167895	2778.32	15.7441	4.21598e-19	0.116092	0.76133	1.39901	1.61661	615	0	0.302016	0	20	20
0.00899289	0.00167687	2773.61	15.4636	3.62873e-19	0.112099	0.742533	1.40056	1.61661	615	0	0.301767	0	20	20
0.0089897	0.00167471	2768.81	15.1878	3.12328e-19	0.108244	0.7242	1.40205	1.61661	615	0	0.301515	0	20	20
0.00898664	0.00167249	2763.93	14.9167	2.68823e-19	0.104521	0.706319	1.40349	1.61661	615	0	0.301259	0	20	20
0.00898369	0.00167021	2758.97	14.6503	2.31378e-19	0.100926	0.68888	1.40487	1.61661	615	0	0.301	0	20	20
0.00898086	0.00166787	2753.94	14.3884	1.99149e-19	0.0974545	0.671872	1.4062	1.61661	615	0	0.300738	0	20	20
0.00897814	0.00166547	2748.85	14.1311	1.71409e-19	0.0941026	0.655283	1.40748	1.61661	615	0	0.300474	0	20	20
0.00897552	0.00166302	2743.7	13.8782	1.47533e-19	0.090866	0.639104	1.40871	1.61661	615	0	0.300207	0	20	20
0.00897301	0.00166052	2738.49	13.6296	1.26983e-19	0.0877407	0.623325	1.40989	1.61661	615	0	0.299938	0	20	20
0.00897059	0.00165797	2733.23	13.3853	1.09295e-19	0.0847229	0.607935	1.41103	1.61661	615	0	0.299668	0	20	20
