0.00866132	0.000693393	1101	184.5	76.5	0	0	1.56764	1.61661	615	0	0.149314	0	20	20
0.00909566	0.000791615	1314.05	184.391	76.4694	158.023	53.2529	1.35362	1.61661	615	0	-1.46365	0	20	20
0.00906751	0.00103993	1727	184.281	76.4339	463.399	157.197	1.36627	1.61661	615	0	-3.56142	0	20	20
0.00880862	0.00130444	2125.51	184.168	76.3927	758.654	258.704	1.49031	1.61661	615	0	-4.74508	0	20	20
0.00850485	0.00157477	2510.79	184.054	76.3448	1044.11	357.825	1.65577	1.61661	615	0	-5.52631	0	20	20
0.00819572	0.00184791	2883.81	183.937	76.2893	1320.08	454.613	1.85028	1.61661	615	0	-6.10106	0	20	20
0.00789265	0.00212229	3245.23	183.818	76.2249	1586.9	549.126	2.07172	1.61661	615	0	-6.55775	0	20	20
0.00759901	0.0023969	3595.54	183.698	76.1502	1844.89	641.424	2.32129	1.61661	615	0	-6.94047	0	20	20
0.00731551	0.00267103	3935.16	183.575	76.0636	2094.4	731.572	2.60175	1.61661	615	0	-7.27358	0	20	20
0.00704189	0.00294418	4264.52	183.45	75.9633	2335.75	819.641	2.91698	1.61661	615	0	-7.57158	0	20	20
0.0067775	0.003216	4584.04	183.323	75.847	2569.3	905.706	3.27184	1.61661	615	0	-7.84367	0	20	20
0.0065216	0.00348627	4894.18	183.193	75.7124	2795.43	989.85	3.6723	1.61661	615	0	-8.09597	0	20	20
0.00627342	0.00375486	5195.4	183.061	75.5566	3014.5	1072.16	4.12559	1.61661	615	0	-8.33275	0	20	20
0.00603223	0.00402176	5488.18	182.927	75.3764	3226.92	1152.74	4.64052	1.61661	615	0	-8.55711	0	20	20
0.00579572	0.0042877	5773.04	182.791	75.1681	3433.1	1231.69	5.23214	1.61661	615	0	-8.77514	0	20	20
0.00555979	0.00455449	6050.52	182.652	74.9275	3633.48	1309.13	5.92688	1.61661	615	0	-8.99693	0	20	20
0.00532678	0.00482131	6321.21	182.511	74.6499	3828.52	1385.18	6.73917	1.61661	615	0	-9.21691	0	20	20
0.00509606	0.0050886	6585.72	182.368	74.33	4018.72	1459.98	7.69654	1.61661	615	0	-9.43643	0	20	20
0.00486828	0.00535624	6844.72	182.222	73.9617	4204.58	1533.69	8.82824	1.61661	615	0	-9.65349	0	20	20
0.00464317	0.00562451	7098.89	182.073	73.5383	4386.65	1606.46	10.1755	1.61661	615	0	-9.86809	0	20	20
0.00441904	0.00589462	7348.96	181.922	73.0526	4565.49	1678.45	11.8036	1.61661	615	0	-10.0839	0	20	20
0.00419621	0.0061667	7595.71	181.768	72.4961	4741.7	1749.86	13.7857	1.61661	615	0	-10.2993	0	20	20
0.00397421	0.00644136	7839.92	181.612	71.8602	4915.88	1820.87	16.2274	1.61661	615	0	-10.5144	0	20	20
0.00375185	0.00671972	8082.38	181.453	71.1353	5088.63	1891.68	19.2869	1.61661	615	0	-10.7315	0	20	20
0.00352863	0.00700253	8323.9	181.291	70.3111	5260.58	1962.47	23.1836	1.61661	615	0	-10.9508	0	20	20
0.00330426	0.00729043	8565.24	181.127	69.3773	5432.31	2033.44	28.2344	1.61661	615	0	-11.1721	0	20	20
0.00307811	0.00758426	8807.13	180.959	68.323	5604.37	2104.78	34.9259	1.61661	615	0	-11.3958	0	20	20
0.00284961	0.00788483	9050.21	180.789	67.1377	5777.24	2176.63	44.0192	1.61661	615	0	-11.6227	0	20	20
0.00261793	0.00819312	9294.97	180.616	65.8111	5951.32	2249.13	56.7709	1.61661	615	0	-11.8544	0	20	20
0.00238311	0.00850938	9541.75	180.44	64.3342	6126.85	2322.36	75.261	1.61661	615	0	-12.0899	0	20	20
0.00214499	0.0088339	9790.67	180.261	62.6995	6303.94	2396.35	103.211	1.61661	615	0	-12.3294	0	20	20
0.00190368	0.00916659	10041.6	180.079	60.9015	6482.45	2471.06	147.645	1.61661	615	0	-12.5726	0	20	20
0.00165949	0.00950701	10293.9	179.894	58.9379	6662.02	2546.37	222.883	1.61661	615	0	-12.8193	0	20	20
0.001413	0.00985428	10546.9	179.706	56.8097	6842.01	2622.05	361.055	1.61661	615	0	-13.0688	0	20	20
0.00116509	0.010207	10799.2	179.514	54.5225	7021.49	2697.78	644.048	1.61661	615	0	-13.3203	0	20	20
0.000916961	0.0105631	11049.3	179.32	52.086	7199.22	2773.15	1321.14	1.61661	615	0	-13.5728	0	20	20
0.000670141	0.0109201	11295.1	179.122	49.5151	7373.69	2847.62	3384.55	1.61661	615	0	-13.825	0	20	20
0.000426445	0.0112749	11534.2	178.921	46.8297	7543.13	2920.58	13134.5	1.61661	615	0	-14.0753	0	20	20
0.000187791	0.0116241	11764	178.717	44.0538	7705.6	2991.36	153806	1.61661	615	0	-14.3224	0	20	20
