0.0277139	
0.00757478	
0.00448311	
0.00312546	
0.00247117	
0.00193093	
0.00150597	
0.00116461	
0.000901802	
0.000729919	
0.000637601	
0.000620683	
0.000652001	
0.000714433	
0.000792995	
0.00089279	
0.00102614	
0.00117953	
0.00136999	
0.00160852	
0.00190946	
0.00228689	
0.00274688	
0.00331244	
0.00399239	
0.00477273	
0.00562723	
0.00657802	
0.0076289	
0.00876256	
0.00997627	
0.0112543	
0.0125992	
0.0139528	
0.0152916	
0.0165695	
0.0177022	
0.0186063	
0.0192124	
0.0194651	
0.0193708	
0.0189872	
0.0184074	
0.0177308	
0.0170401	
0.0163897	
0.0158133	
0.0153235	
0.014921	
0.0146015	
0.0143575	
0.0141794	
0.0153686	
0.0164985	
0.0175265	
0.0184322	
0.0192043	
0.0198405	
0.0203459	
0.0207312	
0.0210103	
0.0211986	
0.0213113	
0.0213625	
0.0213644	
0.0213276	
0.0212606	
0.0211704	
0.0210623	
0.0209407	
0.0208087	
0.0206687	
0.0205228	
