0.00882769	0.000681269	1101	184.5	76.5	0	0	1.48067	1.61661	615	0	0.152133	0	20	20
0.008809	0.000725901	1170.2	184.391	76.4694	49.8132	16.7868	1.49012	1.61661	615	0	-0.170545	0	20	20
0.00867612	0.000820703	1304.56	184.281	76.4339	146.077	49.553	1.55964	1.61661	615	0	-0.701472	0	20	20
0.00850326	0.000917769	1433.61	184.168	76.3927	239.149	81.5509	1.6567	1.61661	615	0	-1.10985	0	20	20
0.0083216	0.0010155	1558.14	184.054	76.3448	329.132	112.796	1.76758	1.61661	615	0	-1.43312	0	20	20
0.00814147	0.001113	1678.25	183.937	76.2893	416.127	143.307	1.88752	1.61661	615	0	-1.69687	0	20	20
0.00796648	0.00120987	1794.1	183.818	76.2249	500.236	173.1	2.01465	1.61661	615	0	-1.91765	0	20	20
0.00779788	0.00130587	1905.92	183.698	76.1502	581.563	202.195	2.14818	1.61661	615	0	-2.10658	0	20	20
0.00763591	0.0014009	2013.92	183.575	76.0636	660.213	230.612	2.2878	1.61661	615	0	-2.27134	0	20	20
0.00748038	0.00149489	2118.32	183.45	75.9633	736.294	258.374	2.43348	1.61661	615	0	-2.41737	0	20	20
0.00733093	0.00158783	2219.32	183.323	75.847	809.917	285.504	2.58537	1.61661	615	0	-2.54861	0	20	20
0.0071871	0.00167972	2317.13	183.193	75.7124	881.198	312.029	2.74372	1.61661	615	0	-2.66797	0	20	20
0.00704843	0.00177059	2411.93	183.061	75.5566	950.255	337.976	2.90886	1.61661	615	0	-2.77768	0	20	20
0.00691447	0.0018605	2503.92	182.927	75.3764	1017.22	363.376	3.08122	1.61661	615	0	-2.87945	0	20	20
0.00678479	0.0019495	2593.29	182.791	75.1681	1082.21	388.263	3.26131	1.61661	615	0	-2.97462	0	20	20
0.00665895	0.0020377	2680.24	182.652	74.9275	1145.37	412.674	3.44972	1.61661	615	0	-3.06428	0	20	20
0.00653558	0.00212542	2764.96	182.511	74.6499	1206.86	436.648	3.64877	1.61661	615	0	-3.15036	0	20	20
0.0064136	0.00221303	2847.65	182.368	74.33	1266.81	460.228	3.86095	1.61661	615	0	-3.2344	0	20	20
0.00629352	0.00230048	2928.53	182.222	73.9617	1325.4	483.462	4.08621	1.61661	615	0	-3.31611	0	20	20
0.00617506	0.00238794	3007.83	182.073	73.5383	1382.8	506.4	4.32589	1.61661	615	0	-3.39594	0	20	20
0.00605771	0.00247568	3085.76	181.922	73.0526	1439.17	529.096	4.5822	1.61661	615	0	-3.47462	0	20	20
0.00594172	0.00256376	3162.58	181.768	72.4961	1494.72	551.606	4.85582	1.61661	615	0	-3.55188	0	20	20
0.00582661	0.00265247	3238.53	181.612	71.8602	1549.62	573.99	5.14934	1.61661	615	0	-3.62829	0	20	20
0.00571183	0.00274214	3313.85	181.453	71.1353	1604.08	596.31	5.46605	1.61661	615	0	-3.70447	0	20	20
0.00559752	0.00283289	3388.8	181.291	70.3111	1658.28	618.626	5.80783	1.61661	615	0	-3.78019	0	20	20
0.00548338	0.002925	3463.61	181.127	69.3773	1712.42	640.999	6.17812	1.61661	615	0	-3.85574	0	20	20
0.00536872	0.00301888	3538.5	180.959	68.323	1766.65	663.485	6.58247	1.61661	615	0	-3.93191	0	20	20
0.0052537	0.00311464	3613.67	180.789	67.1377	1821.15	686.135	7.02432	1.61661	615	0	-4.00841	0	20	20
0.00513815	0.00321248	3689.27	180.616	65.8111	1876.02	708.989	7.50897	1.61661	615	0	-4.0854	0	20	20
0.00502192	0.00331257	3765.41	180.44	64.3342	1931.36	732.073	8.04249	1.61661	615	0	-4.16302	0	20	20
0.00490494	0.00341501	3842.11	180.261	62.6995	1987.18	755.398	8.63177	1.61661	615	0	-4.24139	0	20	20
0.00478711	0.00351982	3919.32	180.079	60.9015	2043.45	778.948	9.28498	1.61661	615	0	-4.32071	0	20	20
0.00466873	0.00362682	3996.89	179.894	58.9379	2100.06	802.687	10.0093	1.61661	615	0	-4.40068	0	20	20
0.00455006	0.00373572	4074.53	179.706	56.8097	2156.8	826.543	10.813	1.61661	615	0	-4.48117	0	20	20
0.00443149	0.00384609	4151.87	179.514	54.5225	2213.37	850.418	11.7044	1.61661	615	0	-4.56194	0	20	20
0.00431353	0.00395729	4228.4	179.32	52.086	2269.4	874.175	12.6911	1.61661	615	0	-4.64267	0	20	20
0.00419684	0.00406855	4303.47	179.122	49.5151	2324.4	897.651	13.7795	1.61661	615	0	-4.72292	0	20	20
0.00408214	0.00417889	4376.36	178.921	46.8297	2377.81	920.651	14.9739	1.61661	615	0	-4.80222	0	20	20
0.00397027	0.00428723	4446.27	178.717	44.0538	2429.02	942.961	16.2758	1.61661	615	0	-4.88002	0	20	20
0.00386208	0.00439237	4512.35	178.509	41.2153	2477.39	964.354	17.6822	1.61661	615	0	-4.95573	0	20	20
0.00375845	0.00449308	4573.75	178.297	38.3448	2522.26	984.6	19.1855	1.61661	615	0	-5.02877	0	20	20
0.00366022	0.00458813	4629.66	178.083	35.4743	2563.03	1003.48	20.772	1.61661	615	0	-5.09855	0	20	20
0.00356811	0.00467638	4679.35	177.864	32.6358	2599.12	1020.78	22.4226	1.61661	615	0	-5.16461	0	20	20
0.00348269	0.00475685	4722.21	177.643	29.8599	2630.08	1036.34	24.1133	1.61661	615	0	-5.22659	0	20	20
0.00340459	0.00482863	4757.78	177.417	27.1745	2655.56	1050.02	25.8111	1.61661	615	0	-5.28391	0	20	20
0.00333419	0.00489104	4785.76	177.188	24.6037	2675.32	1061.73	27.4808	1.61661	615	0	-5.3362	0	20	20
0.00327154	0.00494375	4806.03	176.955	22.1672	2689.28	1071.4	29.0899	1.61661	615	0	-5.38353	0	20	20
0.00321672	0.00498657	4818.6	176.718	19.8799	2697.45	1079.05	30.6029	1.61661	615	0	-5.42572	0	20	20
0.00316972	0.00501945	4823.67	176.478	17.7517	2699.97	1084.69	31.9843	1.61661	615	0	-5.46251	0	20	20
0.00313004	0.00504278	4821.55	176.233	15.7881	2697.1	1088.39	33.2162	1.61661	615	0	-5.49449	0	20	20
0.00309727	0.00505699	4812.64	175.985	13.9901	2689.15	1090.24	34.2817	1.61661	615	0	-5.51789	0	20	20
0.0030696	0.00506349	4797.43	175.733	12.3554	2676.48	1090.36	35.2173	1.61661	615	0	-5.5233	0	20	20
0.00304678	0.00506274	4776.49	175.476	10.8785	2659.51	1088.87	36.0146	1.61661	615	0	-5.51177	0	20	20
0.00302827	0.00505545	4750.38	175.216	9.55195	2638.68	1085.91	36.6788	1.61661	615	0	-5.48503	0	20	20
0.0030136	0.0050423	4719.67	174.951	8.36659	2614.4	1081.62	37.2173	1.61661	615	0	-5.4448	0	20	20
0.0030025	0.0050238	4684.91	174.683	7.31231	2587.11	1076.13	37.6315	1.61661	615	0	-5.39241	0	20	20
0.00299434	0.00500073	4646.63	174.41	6.37848	2557.21	1069.57	37.9401	1.61661	615	0	-5.32989	0	20	20
0.00298892	0.00497354	4605.32	174.132	5.55436	2525.07	1062.07	38.1468	1.61661	615	0	-5.25841	0	20	20
0.00298595	0.00494274	4561.44	173.851	4.8294	2491.05	1053.74	38.2606	1.61661	615	0	-5.17929	0	20	20
0.00298489	0.00490896	4515.39	173.565	4.19349	2455.45	1044.68	38.3016	1.61661	615	0	-5.09424	0	20	20
0.00298567	0.00487251	4467.55	173.274	3.63707	2418.55	1035	38.2714	1.61661	615	0	-5.004	0	20	20
0.00298808	0.00483375	4418.24	172.979	3.15127	2380.62	1024.77	38.1791	1.61661	615	0	-4.90956	0	20	20
0.00299169	0.00479315	4367.73	172.68	2.72794	2341.86	1014.07	38.0408	1.61661	615	0	-4.81217	0	20	20
0.00299648	0.00475093	4316.29	172.376	2.35965	2302.47	1002.97	37.8586	1.61661	615	0	-4.71232	0	20	20
0.00300233	0.00470731	4264.13	172.067	2.03971	2262.61	991.533	37.6378	1.61661	615	0	-4.61062	0	20	20
0.00300898	0.0046626	4211.43	171.753	1.76213	2222.42	979.799	37.3889	1.61661	615	0	-4.50783	0	20	20
0.00301632	0.00461698	4158.34	171.435	1.52155	2182.03	967.818	37.1167	1.61661	615	0	-4.40442	0	20	20
0.00302435	0.00457056	4105.02	171.112	1.31324	2141.54	955.628	36.8218	1.61661	615	0	-4.30062	0	20	20
0.00303297	0.00452349	4051.56	170.784	1.13301	2101.04	943.262	36.5086	1.61661	615	0	-4.19681	0	20	20
0.00304193	0.004476	3998.07	170.451	0.977206	2060.59	930.75	36.187	1.61661	615	0	-4.09357	0	20	20
0.00305136	0.00442808	3944.62	170.114	0.842585	2020.27	918.116	35.8525	1.61661	615	0	-3.99081	0	20	20
0.00306121	0.00437981	3891.3	169.771	0.726331	1980.11	905.381	35.5074	1.61661	615	0	-3.88875	0	20	20
0.00307135	0.00433132	3838.14	169.423	0.625985	1940.17	892.566	35.157	1.61661	615	0	-3.78769	0	20	20
0.00308173	0.00428268	3785.21	169.07	0.539403	1900.47	879.685	34.803	1.61661	615	0	-3.68777	0	20	20
0.00309242	0.00423389	3732.54	168.712	0.464724	1861.06	866.754	34.4432	1.61661	615	0	-3.58896	0	20	20
0.00310341	0.00418498	3680.16	168.348	0.400329	1821.94	853.785	34.0788	1.61661	615	0	-3.49134	0	20	20
0.00311452	0.00413609	3628.11	167.98	0.344818	1783.14	840.789	33.7152	1.61661	615	0	-3.39519	0	20	20
0.00312585	0.00408717	3576.41	167.606	0.296973	1744.68	827.777	33.3499	1.61661	615	0	-3.30043	0	20	20
0.00313743	0.00403825	3525.08	167.226	0.255745	1706.57	814.755	32.982	1.61661	615	0	-3.20705	0	20	20
0.00314925	0.00398933	3474.13	166.841	0.220224	1668.82	801.734	32.6121	1.61661	615	0	-3.11508	0	20	20
0.00316114	0.00394054	3423.59	166.451	0.189625	1631.45	788.721	32.2456	1.61661	615	0	-3.02478	0	20	20
0.00317324	0.00389181	3373.46	166.055	0.163268	1594.45	775.721	31.878	1.61661	615	0	-2.93596	0	20	20
0.00318557	0.00384314	3323.76	165.654	0.140567	1557.83	762.741	31.5094	1.61661	615	0	-2.84863	0	20	20
0.00319811	0.00379457	3274.5	165.247	0.121018	1521.61	749.788	31.14	1.61661	615	0	-2.76283	0	20	20
0.00321073	0.00374618	3225.69	164.835	0.104184	1485.78	736.868	30.7744	1.61661	615	0	-2.67873	0	20	20
0.00322356	0.00369791	3177.34	164.416	0.0896893	1450.36	723.984	30.4084	1.61661	615	0	-2.59617	0	20	20
0.00323661	0.00364976	3129.46	163.992	0.0772089	1415.34	711.144	30.0421	1.61661	615	0	-2.51517	0	20	20
0.00324987	0.00360177	3082.06	163.562	0.0664636	1380.73	698.351	29.6757	1.61661	615	0	-2.43573	0	20	20
0.00326324	0.00355399	3035.15	163.127	0.0572127	1346.53	685.611	29.3124	1.61661	615	0	-2.35797	0	20	20
0.00327681	0.0035064	2988.73	162.685	0.0492485	1312.76	672.93	28.9499	1.61661	615	0	-2.28181	0	20	20
0.0032906	0.003459	2942.82	162.238	0.0423924	1279.4	660.311	28.5875	1.61661	615	0	-2.20723	0	20	20
0.0033046	0.0034118	2897.42	161.785	0.0364903	1246.47	647.76	28.2255	1.61661	615	0	-2.13423	0	20	20
0.00331879	0.00336485	2852.54	161.325	0.0314096	1213.98	635.281	27.865	1.61661	615	0	-2.06285	0	20	20
0.00333312	0.00331817	2808.2	160.86	0.027036	1181.92	622.88	27.5072	1.61661	615	0	-1.99313	0	20	20
0.00334768	0.00327174	2764.41	160.389	0.0232712	1150.3	610.561	27.15	1.61661	615	0	-1.925	0	20	20
0.00336245	0.00322558	2721.16	159.911	0.0200306	1119.13	598.33	26.7937	1.61661	615	0	-1.85845	0	20	20
0.00337744	0.00317971	2678.48	159.428	0.0172411	1088.41	586.19	26.4385	1.61661	615	0	-1.7935	0	20	20
0.00339262	0.00313416	2636.37	158.938	0.01484	1058.15	574.147	26.0852	1.61661	615	0	-1.73016	0	20	20
0.00340795	0.00308897	2594.85	158.442	0.0127733	1028.36	562.206	25.7347	1.61661	615	0	-1.66846	0	20	20
0.0034235	0.00304413	2553.93	157.94	0.0109943	999.027	550.372	25.3857	1.61661	615	0	-1.60834	0	20	20
0.00343926	0.00299965	2513.61	157.431	0.00946308	970.174	538.649	25.0383	1.61661	615	0	-1.54981	0	20	20
0.00345522	0.00295556	2473.9	156.917	0.00814509	941.803	527.042	24.6929	1.61661	615	0	-1.49286	0	20	20
0.00347138	0.00291189	2434.83	156.396	0.00701065	913.92	515.557	24.3496	1.61661	615	0	-1.43749	0	20	20
0.00348774	0.00286865	2396.4	155.868	0.0060342	886.531	504.199	24.0087	1.61661	615	0	-1.38369	0	20	20
0.00350422	0.00282589	2358.61	155.335	0.00519374	859.644	492.971	23.6715	1.61661	615	0	-1.3315	0	20	20
0.00352088	0.00278362	2321.5	154.795	0.00447034	833.266	481.88	23.3371	1.61661	615	0	-1.28086	0	20	20
0.00353771	0.00274185	2285.05	154.249	0.00384768	807.402	470.929	23.0057	1.61661	615	0	-1.23178	0	20	20
0.00355469	0.00270062	2249.3	153.696	0.00331176	782.061	460.125	22.6775	1.61661	615	0	-1.18423	0	20	20
0.00357181	0.00265994	2214.24	153.137	0.00285047	757.249	449.471	22.3529	1.61661	615	0	-1.13822	0	20	20
0.00358906	0.00261985	2179.89	152.571	0.00245344	732.973	438.973	22.0322	1.61661	615	0	-1.09373	0	20	20
0.00360641	0.00258038	2146.26	151.999	0.0021117	709.24	428.636	21.7157	1.61661	615	0	-1.05075	0	20	20
0.00362385	0.00254154	2113.37	151.421	0.00181757	686.058	418.463	21.4037	1.61661	615	0	-1.00927	0	20	20
0.00364135	0.00250338	2081.22	150.836	0.0015644	663.433	408.461	21.0966	1.61661	615	0	-0.969278	0	20	20
0.00365888	0.00246592	2049.82	150.245	0.00134649	641.372	398.633	20.7948	1.61661	615	0	-0.930757	0	20	20
0.00367642	0.0024292	2019.19	149.647	0.00115894	619.883	388.984	20.4987	1.61661	615	0	-0.893694	0	20	20
0.00369392	0.00239323	1989.34	149.043	0.000997512	598.972	379.518	20.2087	1.61661	615	0	-0.858074	0	20	20
0.00371135	0.00235806	1960.28	148.432	0.000858568	578.646	370.242	19.9252	1.61661	615	0	-0.823881	0	20	20
0.00372867	0.00232372	1932.01	147.815	0.000738977	558.912	361.157	19.6489	1.61661	615	0	-0.7911	0	20	20
0.00374583	0.00229023	1904.55	147.192	0.000636045	539.776	352.27	19.3801	1.61661	615	0	-0.759714	0	20	20
0.00376278	0.00225764	1877.91	146.562	0.000547449	521.244	343.584	19.1194	1.61661	615	0	-0.729706	0	20	20
0.00377946	0.00222597	1852.09	145.926	0.000471194	503.322	335.103	18.8674	1.61661	615	0	-0.701059	0	20	20
0.00379582	0.00219525	1827.1	145.283	0.000405561	486.011	326.829	18.6244	1.61661	615	0	-0.673743	0	20	20
0.00381187	0.00216546	1802.92	144.634	0.00034907	469.295	318.76	18.3902	1.61661	615	0	-0.647699	0	20	20
0.00382761	0.00213657	1779.52	143.979	0.000300448	453.154	310.889	18.1642	1.61661	615	0	-0.622861	0	20	20
0.00384306	0.00210855	1756.87	143.317	0.000258598	437.567	303.213	17.946	1.61661	615	0	-0.599165	0	20	20
0.00385824	0.00208137	1734.96	142.649	0.000222577	422.518	295.727	17.7351	1.61661	615	0	-0.576549	0	20	20
0.00387314	0.00205501	1713.75	141.975	0.000191574	407.985	288.426	17.5311	1.61661	615	0	-0.554957	0	20	20
0.0038878	0.00202945	1693.22	141.295	0.000164889	393.953	281.304	17.3336	1.61661	615	0	-0.534336	0	20	20
0.00390221	0.00200464	1673.35	140.608	0.000141922	380.403	274.359	17.1423	1.61661	615	0	-0.514634	0	20	20
0.00391639	0.00198058	1654.13	139.915	0.000122153	367.319	267.585	16.9567	1.61661	615	0	-0.495803	0	20	20
0.00393035	0.00195723	1635.52	139.216	0.000105138	354.685	260.978	16.7767	1.61661	615	0	-0.477799	0	20	20
0.0039441	0.00193457	1617.51	138.511	9.04933e-05	342.486	254.535	16.6018	1.61661	615	0	-0.460578	0	20	20
0.00395765	0.00191259	1600.08	137.8	7.78883e-05	330.706	248.25	16.4319	1.61661	615	0	-0.4441	0	20	20
0.00397101	0.00189126	1583.21	137.083	6.70391e-05	319.332	242.121	16.2666	1.61661	615	0	-0.428326	0	20	20
0.00398419	0.00187055	1566.87	136.36	5.77011e-05	308.349	236.143	16.1057	1.61661	615	0	-0.413222	0	20	20
0.0039972	0.00185045	1551.07	135.631	4.96638e-05	297.743	230.313	15.949	1.61661	615	0	-0.398753	0	20	20
0.00401001	0.00183095	1535.76	134.896	4.2746e-05	287.502	224.626	15.7966	1.61661	615	0	-0.384895	0	20	20
0.00402266	0.00181202	1520.95	134.156	3.67919e-05	277.614	219.08	15.648	1.61661	615	0	-0.371608	0	20	20
0.00403517	0.00179364	1506.61	133.41	3.1667e-05	268.065	213.671	15.503	1.61661	615	0	-0.358863	0	20	20
0.00404753	0.00177579	1492.73	132.658	2.72561e-05	258.845	208.395	15.3614	1.61661	615	0	-0.346635	0	20	20
0.00405976	0.00175846	1479.3	131.9	2.34595e-05	249.943	203.25	15.223	1.61661	615	0	-0.334896	0	20	20
0.00407186	0.00174163	1466.29	131.137	2.01918e-05	241.346	198.232	15.0877	1.61661	615	0	-0.323622	0	20	20
0.00408384	0.00172528	1453.69	130.369	1.73792e-05	233.045	193.337	14.9553	1.61661	615	0	-0.31279	0	20	20
0.0040957	0.0017094	1441.5	129.596	1.49585e-05	225.029	188.564	14.8258	1.61661	615	0	-0.302378	0	20	20
0.00410745	0.00169397	1429.7	128.817	1.28749e-05	217.29	183.908	14.6989	1.61661	615	0	-0.292367	0	20	20
0.00411909	0.00167898	1418.27	128.033	1.10815e-05	209.816	179.368	14.5745	1.61661	615	0	-0.282735	0	20	20
0.00413063	0.00166442	1407.21	127.243	9.53793e-06	202.599	174.939	14.4527	1.61661	615	0	-0.273467	0	20	20
0.00414205	0.00165027	1396.49	126.449	8.20938e-06	195.631	170.62	14.3336	1.61661	615	0	-0.26455	0	20	20
0.00415337	0.00163652	1386.12	125.65	7.06588e-06	188.902	166.407	14.2167	1.61661	615	0	-0.25596	0	20	20
0.00416461	0.00162316	1376.08	124.847	6.08166e-06	182.405	162.298	14.1019	1.61661	615	0	-0.247682	0	20	20
0.00417576	0.00161017	1366.35	124.038	5.23453e-06	176.132	158.291	13.9892	1.61661	615	0	-0.2397	0	20	20
0.00418684	0.00159754	1356.94	123.225	4.5054e-06	170.074	154.383	13.8785	1.61661	615	0	-0.232	0	20	20
0.00419784	0.00158525	1347.82	122.407	3.87783e-06	164.224	150.571	13.7697	1.61661	615	0	-0.22457	0	20	20
0.00420877	0.00157331	1338.99	121.585	3.33768e-06	158.576	146.854	13.6627	1.61661	615	0	-0.217396	0	20	20
0.00421963	0.00156169	1330.43	120.759	2.87277e-06	153.121	143.228	13.5575	1.61661	615	0	-0.210466	0	20	20
0.00423041	0.00155039	1322.15	119.928	2.47262e-06	147.855	139.692	13.4541	1.61661	615	0	-0.203772	0	20	20
0.0042411	0.00153941	1314.13	119.094	2.1282e-06	142.769	136.243	13.3526	1.61661	615	0	-0.197307	0	20	20
0.00425173	0.00152872	1306.37	118.255	1.83176e-06	137.859	132.879	13.2527	1.61661	615	0	-0.191053	0	20	20
0.0042623	0.00151832	1298.85	117.413	1.57661e-06	133.117	129.598	13.1543	1.61661	615	0	-0.185002	0	20	20
0.00427282	0.0015082	1291.56	116.567	1.357e-06	128.539	126.398	13.0574	1.61661	615	0	-0.179144	0	20	20
0.00428327	0.00149835	1284.5	115.718	1.16798e-06	124.118	123.277	12.962	1.61661	615	0	-0.173471	0	20	20
0.00429368	0.00148876	1277.67	114.865	1.00529e-06	119.849	120.234	12.868	1.61661	615	0	-0.167974	0	20	20
0.00430403	0.00147942	1271.05	114.009	8.65262e-07	115.727	117.265	12.7754	1.61661	615	0	-0.162646	0	20	20
0.00431433	0.00147033	1264.64	113.149	7.44738e-07	111.746	114.37	12.6841	1.61661	615	0	-0.15748	0	20	20
0.00432454	0.00146149	1258.43	112.287	6.41002e-07	107.903	111.546	12.5945	1.61661	615	0	-0.152474	0	20	20
0.0043347	0.00145288	1252.42	111.421	5.51715e-07	104.192	108.792	12.5061	1.61661	615	0	-0.147616	0	20	20
0.00434481	0.00144449	1246.59	110.553	4.74866e-07	100.608	106.106	12.419	1.61661	615	0	-0.1429	0	20	20
0.00435487	0.00143632	1240.95	109.682	4.08721e-07	97.1475	103.486	12.3331	1.61661	615	0	-0.138318	0	20	20
0.00436489	0.00142836	1235.48	108.809	3.51789e-07	93.8062	100.931	12.2484	1.61661	615	0	-0.133866	0	20	20
0.00437485	0.0014206	1230.18	107.933	3.02788e-07	90.5798	98.439	12.1649	1.61661	615	0	-0.129539	0	20	20
0.00438477	0.00141305	1225.05	107.056	2.60612e-07	87.4643	96.0085	12.0826	1.61661	615	0	-0.125331	0	20	20
0.00439462	0.00140569	1220.08	106.176	2.24311e-07	84.456	93.6381	12.0015	1.61661	615	0	-0.12124	0	20	20
0.0044044	0.00139852	1215.27	105.294	1.93066e-07	81.5512	91.3261	11.9218	1.61661	615	0	-0.117263	0	20	20
0.00441413	0.00139153	1210.6	104.411	1.66173e-07	78.7463	89.0713	11.8431	1.61661	615	0	-0.113391	0	20	20
0.0044238	0.00138472	1206.08	103.526	1.43027e-07	76.0378	86.8721	11.7656	1.61661	615	0	-0.109621	0	20	20
0.00443343	0.00137808	1201.7	102.639	1.23104e-07	73.4225	84.7272	11.6891	1.61661	615	0	-0.105948	0	20	20
0.00444299	0.00137161	1197.46	101.751	1.05957e-07	70.8972	82.6353	11.6138	1.61661	615	0	-0.10237	0	20	20
0.00445251	0.0013653	1193.35	100.862	9.11979e-08	68.4587	80.595	11.5395	1.61661	615	0	-0.0988826	0	20	20
0.00446196	0.00135915	1189.37	99.9722	7.84948e-08	66.1041	78.6051	11.4663	1.61661	615	0	-0.0954827	0	20	20
0.00447134	0.00135316	1185.51	99.0814	6.75611e-08	63.8305	76.6644	11.3943	1.61661	615	0	-0.0921711	0	20	20
0.00448064	0.00134732	1181.77	98.1899	5.81504e-08	61.6351	74.7715	11.3235	1.61661	615	0	-0.0889419	0	20	20
0.00448989	0.00134163	1178.15	97.2979	5.00505e-08	59.5152	72.9254	11.2537	1.61661	615	0	-0.0857914	0	20	20
0.00449907	0.00133608	1174.64	96.4055	4.30789e-08	57.4682	71.1249	11.1849	1.61661	615	0	-0.0827171	0	20	20
0.00450818	0.00133066	1171.24	95.5129	3.70783e-08	55.4916	69.3688	11.1172	1.61661	615	0	-0.0797165	0	20	20
0.00451722	0.00132538	1167.95	94.6203	3.19136e-08	53.583	67.6561	11.0506	1.61661	615	0	-0.0767873	0	20	20
0.00452619	0.00132024	1164.76	93.7278	2.74683e-08	51.74	65.9856	10.985	1.61661	615	0	-0.0739273	0	20	20
0.00453509	0.00131522	1161.67	92.8355	2.36422e-08	49.9604	64.3564	10.9205	1.61661	615	0	-0.0711347	0	20	20
0.00454388	0.00131034	1158.67	91.9436	2.0349e-08	48.242	62.7675	10.8572	1.61661	615	0	-0.0684108	0	20	20
0.0045526	0.00130557	1155.77	91.0524	1.75146e-08	46.5828	61.2177	10.795	1.61661	615	0	-0.0657502	0	20	20
0.00456123	0.00130093	1152.95	90.1618	1.50749e-08	44.9806	59.7063	10.7338	1.61661	615	0	-0.0631512	0	20	20
0.00456978	0.0012964	1150.23	89.2721	1.29751e-08	43.4335	58.2321	10.6737	1.61661	615	0	-0.0606121	0	20	20
0.00457824	0.00129199	1147.58	88.3835	1.11678e-08	41.9396	56.7944	10.6146	1.61661	615	0	-0.0581313	0	20	20
0.00458661	0.00128769	1145.02	87.4961	9.61219e-09	40.4971	55.3921	10.5566	1.61661	615	0	-0.0557075	0	20	20
0.00459488	0.0012835	1142.54	86.61	8.27329e-09	39.1042	54.0245	10.4997	1.61661	615	0	-0.0533393	0	20	20
0.00460306	0.00127942	1140.14	85.7254	7.12089e-09	37.7593	52.6906	10.4438	1.61661	615	0	-0.0510252	0	20	20
0.00461112	0.00127544	1137.81	84.8425	6.129e-09	36.4606	51.3897	10.3892	1.61661	615	0	-0.0487663	0	20	20
0.00461908	0.00127157	1135.55	83.9614	5.27528e-09	35.2065	50.1209	10.3355	1.61661	615	0	-0.0465593	0	20	20
0.00462694	0.0012678	1133.37	83.0822	4.54048e-09	33.9956	48.8834	10.283	1.61661	615	0	-0.0444026	0	20	20
0.00463468	0.00126413	1131.25	82.2051	3.90803e-09	32.8263	47.6764	10.2315	1.61661	615	0	-0.0422954	0	20	20
0.00464232	0.00126056	1129.19	81.3303	3.36367e-09	31.6973	46.4993	10.1811	1.61661	615	0	-0.0402364	0	20	20
0.00464984	0.00125708	1127.2	80.4579	2.89514e-09	30.6071	45.3512	10.1318	1.61661	615	0	-0.0382246	0	20	20
0.00465725	0.00125369	1125.28	79.588	2.49187e-09	29.5543	44.2315	10.0835	1.61661	615	0	-0.036259	0	20	20
0.00466454	0.00125039	1123.41	78.7207	2.14477e-09	28.5378	43.1394	10.0363	1.61661	615	0	-0.0343387	0	20	20
0.00467171	0.00124719	1121.6	77.8563	1.84602e-09	27.5563	42.0743	9.99019	1.61661	615	0	-0.0324628	0	20	20
0.00467874	0.00124407	1119.84	76.9948	1.58888e-09	26.6085	41.0355	9.94518	1.61661	615	0	-0.0306316	0	20	20
0.00468566	0.00124104	1118.14	76.1364	1.36757e-09	25.6933	40.0223	9.90121	1.61661	615	0	-0.0288428	0	20	20
0.00469245	0.00123809	1116.49	75.2813	1.17707e-09	24.8096	39.0342	9.85828	1.61661	615	0	-0.0270955	0	20	20
0.00469912	0.00123522	1114.9	74.4294	1.01312e-09	23.9563	38.0704	9.81639	1.61661	615	0	-0.0253886	0	20	20
0.00470566	0.00123244	1113.35	73.5811	8.71998e-10	23.1323	37.1304	9.77551	1.61661	615	0	-0.0237214	0	20	20
0.00471207	0.00122973	1111.85	72.7364	7.50536e-10	22.3367	36.2137	9.73565	1.61661	615	0	-0.022093	0	20	20
0.00471836	0.0012271	1110.39	71.8953	6.45992e-10	21.5684	35.3196	9.69679	1.61661	615	0	-0.0205024	0	20	20
0.00472451	0.00122454	1108.98	71.0582	5.56011e-10	20.8266	34.4475	9.65892	1.61661	615	0	-0.0189488	0	20	20
0.00473055	0.00122206	1107.62	70.225	4.78563e-10	20.1103	33.597	9.62202	1.61661	615	0	-0.0174313	0	20	20
0.00473645	0.00121965	1106.3	69.3959	4.11903e-10	19.4186	32.7675	9.58609	1.61661	615	0	-0.015949	0	20	20
0.00474222	0.00121731	1105.01	68.571	3.54528e-10	18.7507	31.9585	9.55111	1.61661	615	0	-0.0145016	0	20	20
0.00474787	0.00121503	1103.77	67.7505	3.05145e-10	18.1058	31.1694	9.51708	1.61661	615	0	-0.0130879	0	20	20
0.00475339	0.00121283	1102.56	66.9343	2.62641e-10	17.483	30.3998	9.48395	1.61661	615	0	-0.0117068	0	20	20
0.00475879	0.00121069	1101.4	66.1227	2.26057e-10	16.8817	29.6493	9.45172	1.61661	615	0	-0.0103573	0	20	20
0.00476406	0.00120861	1100.27	65.3158	1.94569e-10	16.3011	28.9172	9.42035	1.61661	615	0	-0.00903876	0	20	20
0.00476922	0.00120659	1099.17	64.5135	1.67467e-10	15.7404	28.2032	9.38984	1.61661	615	0	-0.0077502	0	20	20
0.00477426	0.00120463	1098.11	63.7161	1.4414e-10	15.199	27.5069	9.36015	1.61661	615	0	-0.00649082	0	20	20
0.00477918	0.00120273	1097.07	62.9236	1.24063e-10	14.6763	26.8278	9.33128	1.61661	615	0	-0.00525978	0	20	20
0.00478398	0.00120089	1096.08	62.1362	1.06782e-10	14.1715	26.1654	9.3032	1.61661	615	0	-0.00405629	0	20	20
0.00478867	0.0011991	1095.11	61.3539	9.1908e-11	13.6841	25.5194	9.27588	1.61661	615	0	-0.00287953	0	20	20
0.00479325	0.00119737	1094.17	60.5767	7.91059e-11	13.2134	24.8893	9.24932	1.61661	615	0	-0.00172871	0	20	20
0.00479772	0.00119568	1093.26	59.8049	6.80871e-11	12.7589	24.2748	9.22349	1.61661	615	0	-0.000603072	0	20	20
0.00480209	0.00119405	1092.38	59.0384	5.86031e-11	12.3201	23.6754	9.19836	1.61661	615	0	0.000498154	0	20	20
0.00480634	0.00119247	1091.53	58.2773	5.04402e-11	11.8963	23.0909	9.17393	1.61661	615	0	0.00157564	0	20	20
0.0048105	0.00119093	1090.7	57.5218	4.34142e-11	11.4872	22.5208	9.15017	1.61661	615	0	0.00262996	0	20	20
0.00481456	0.00118944	1089.9	56.7719	3.7367e-11	11.0921	21.9647	9.12706	1.61661	615	0	0.00366207	0	20	20
0.00481852	0.00118799	1089.12	56.0276	3.21621e-11	10.7106	21.4224	9.10457	1.61661	615	0	0.00467265	0	20	20
0.00482239	0.00118659	1088.37	55.289	2.76821e-11	10.3422	20.8935	9.08269	1.61661	615	0	0.00566238	0	20	20
0.00482616	0.00118523	1087.64	54.5562	2.38262e-11	9.98647	20.3776	9.06139	1.61661	615	0	0.00663189	0	20	20
0.00482985	0.00118391	1086.93	53.8293	2.05074e-11	9.64299	19.8745	9.04067	1.61661	615	0	0.00758182	0	20	20
0.00483344	0.00118263	1086.25	53.1082	1.76509e-11	9.31132	19.3838	9.02049	1.61661	615	0	0.00851276	0	20	20
0.00483696	0.00118139	1085.58	52.3932	1.51923e-11	8.99106	18.9052	9.00084	1.61661	615	0	0.00942531	0	20	20
0.00484039	0.00118018	1084.94	51.6841	1.30761e-11	8.68182	18.4384	8.98171	1.61661	615	0	0.01032	0	20	20
0.00484374	0.00117901	1084.32	50.981	1.12547e-11	8.38321	17.9832	8.96307	1.61661	615	0	0.0111975	0	20	20
0.00484702	0.00117788	1083.72	50.2841	9.68703e-12	8.09487	17.5392	8.94491	1.61661	615	0	0.0120582	0	20	20
0.00485022	0.00117678	1083.13	49.5933	8.3377e-12	7.81645	17.1061	8.92722	1.61661	615	0	0.0129026	0	20	20
0.00485335	0.00117571	1082.57	48.9087	7.17633e-12	7.54761	16.6838	8.90997	1.61661	615	0	0.0137313	0	20	20
0.0048564	0.00117467	1082.02	48.2303	6.17672e-12	7.28801	16.2719	8.89315	1.61661	615	0	0.0145447	0	20	20
0.00485939	0.00117366	1081.49	47.5582	5.31635e-12	7.03734	15.8701	8.87675	1.61661	615	0	0.0153433	0	20	20
0.00486232	0.00117268	1080.98	46.8923	4.57583e-12	6.7953	15.4783	8.86075	1.61661	615	0	0.0161275	0	20	20
0.00486517	0.00117174	1080.48	46.2327	3.93845e-12	6.56158	15.0961	8.84514	1.61661	615	0	0.0168977	0	20	20
0.00486797	0.00117081	1080	45.5795	3.38986e-12	6.33589	14.7234	8.82991	1.61661	615	0	0.0176543	0	20	20
0.00487071	0.00116992	1079.54	44.9326	2.91768e-12	6.11797	14.3599	8.81504	1.61661	615	0	0.0183977	0	20	20
0.00487338	0.00116905	1079.09	44.2921	2.51127e-12	5.90755	14.0053	8.80052	1.61661	615	0	0.0191282	0	20	20
0.00487601	0.00116821	1078.65	43.658	2.16147e-12	5.70436	13.6595	8.78633	1.61661	615	0	0.0198462	0	20	20
0.00487857	0.00116739	1078.24	43.0302	1.86039e-12	5.50816	13.3223	8.77247	1.61661	615	0	0.0205521	0	20	20
0.00488108	0.0011666	1077.83	42.409	1.60125e-12	5.31871	12.9933	8.75893	1.61661	615	0	0.0212462	0	20	20
0.00488355	0.00116582	1077.44	41.7941	1.37821e-12	5.13578	12.6725	8.74569	1.61661	615	0	0.0219289	0	20	20
0.00488596	0.00116507	1077.06	41.1856	1.18624e-12	4.95913	12.3597	8.73274	1.61661	615	0	0.0226003	0	20	20
0.00488832	0.00116435	1076.69	40.5837	1.02101e-12	4.78857	12.0545	8.72007	1.61661	615	0	0.0232608	0	20	20
0.00489064	0.00116364	1076.34	39.9881	8.78787e-13	4.62386	11.7569	8.70767	1.61661	615	0	0.0239106	0	20	20
0.00489292	0.00116295	1076	39.399	7.56379e-13	4.46483	11.4666	8.69554	1.61661	615	0	0.0245501	0	20	20
0.00489262	0.00116277	1075.67	38.8163	6.51022e-13	4.31126	11.1835	8.6971	1.61661	615	0	0.0262049	0	20	20
0.00489221	0.00116263	1075.37	38.2401	5.60339e-13	4.16298	10.9074	8.69929	1.61661	615	0	0.0278486	0	20	20
0.00489183	0.00116251	1075.08	37.6703	4.82289e-13	4.0198	10.638	8.70136	1.61661	615	0	0.0294262	0	20	20
0.00489146	0.0011624	1074.81	37.1069	4.1511e-13	3.88154	10.3754	8.7033	1.61661	615	0	0.0309404	0	20	20
0.00489113	0.0011623	1074.56	36.5499	3.57288e-13	3.74803	10.1192	8.7051	1.61661	615	0	0.0323934	0	20	20
0.00489082	0.00116221	1074.33	35.9993	3.07521e-13	3.61912	9.86938	8.70674	1.61661	615	0	0.0337876	0	20	20
0.00489054	0.00116212	1074.11	35.4551	2.64686e-13	3.49464	9.62571	8.70823	1.61661	615	0	0.0351253	0	20	20
0.00489029	0.00116205	1073.91	34.9173	2.27817e-13	3.37445	9.38805	8.70955	1.61661	615	0	0.0364086	0	20	20
0.00489008	0.00116198	1073.72	34.3858	1.96084e-13	3.25838	9.15625	8.7107	1.61661	615	0	0.0376396	0	20	20
0.00488989	0.00116192	1073.55	33.8607	1.68771e-13	3.14631	8.93019	8.71167	1.61661	615	0	0.0388204	0	20	20
0.00488975	0.00116186	1073.38	33.3418	1.45263e-13	3.0381	8.7097	8.71246	1.61661	615	0	0.039953	0	20	20
0.00488964	0.00116181	1073.23	32.8292	1.25029e-13	2.9336	8.49466	8.71306	1.61661	615	0	0.0410392	0	20	20
0.00488956	0.00116176	1073.1	32.3229	1.07613e-13	2.8327	8.28492	8.71346	1.61661	615	0	0.0420809	0	20	20
0.00488952	0.00116172	1072.97	31.8229	9.26235e-14	2.73527	8.08037	8.71366	1.61661	615	0	0.0430799	0	20	20
0.00488952	0.00116167	1072.85	31.329	7.97218e-14	2.64119	7.88086	8.71367	1.61661	615	0	0.0440378	0	20	20
0.00488956	0.00116163	1072.75	30.8413	6.86172e-14	2.55035	7.68628	8.71346	1.61661	615	0	0.0449564	0	20	20
0.00488964	0.00116159	1072.65	30.3597	5.90593e-14	2.46263	7.49651	8.71305	1.61661	615	0	0.0458372	0	20	20
0.00488975	0.00116155	1072.56	29.8843	5.08329e-14	2.37793	7.31142	8.71243	1.61661	615	0	0.0466817	0	20	20
0.00488991	0.00116151	1072.48	29.4149	4.37522e-14	2.29614	7.1309	8.7116	1.61661	615	0	0.0474914	0	20	20
0.0048901	0.00116147	1072.41	28.9516	3.76579e-14	2.21717	6.95484	8.71056	1.61661	615	0	0.0482678	0	20	20
0.00489034	0.00116142	1072.34	28.4943	3.24125e-14	2.14091	6.78312	8.7093	1.61661	615	0	0.0490122	0	20	20
0.00489061	0.00116138	1072.29	28.0429	2.78977e-14	2.06727	6.61564	8.70784	1.61661	615	0	0.0497259	0	20	20
0.00489093	0.00116134	1072.24	27.5975	2.40117e-14	1.99617	6.4523	8.70616	1.61661	615	0	0.0504103	0	20	20
0.00489128	0.00116129	1072.19	27.158	2.06671e-14	1.92751	6.293	8.70428	1.61661	615	0	0.0510665	0	20	20
0.00489167	0.00116124	1072.16	26.7243	1.77883e-14	1.86122	6.13762	8.70219	1.61661	615	0	0.0516957	0	20	20
0.0048921	0.00116119	1072.13	26.2965	1.53106e-14	1.7972	5.98608	8.69989	1.61661	615	0	0.052299	0	20	20
0.00489257	0.00116113	1072.1	25.8744	1.31779e-14	1.73539	5.83829	8.69739	1.61661	615	0	0.0528775	0	20	20
0.00489308	0.00116108	1072.08	25.458	1.13423e-14	1.6757	5.69414	8.69469	1.61661	615	0	0.0534324	0	20	20
0.00489362	0.00116102	1072.06	25.0473	9.76244e-15	1.61806	5.55355	8.69179	1.61661	615	0	0.0539645	0	20	20
0.0048942	0.00116095	1072.05	24.6423	8.40261e-15	1.56241	5.41643	8.6887	1.61661	615	0	0.0544748	0	20	20
0.00489482	0.00116089	1072.05	24.2428	7.2322e-15	1.50867	5.2827	8.68543	1.61661	615	0	0.0549643	0	20	20
0.00489547	0.00116082	1072.05	23.8489	6.22481e-15	1.45678	5.15227	8.68196	1.61661	615	0	0.0554339	0	20	20
0.00489615	0.00116074	1072.05	23.4604	5.35774e-15	1.40668	5.02506	8.67831	1.61661	615	0	0.0558844	0	20	20
0.00489687	0.00116067	1072.05	23.0775	4.61145e-15	1.3583	4.90099	8.67449	1.61661	615	0	0.0563166	0	20	20
0.00489762	0.00116059	1072.06	22.6999	3.96911e-15	1.31158	4.77998	8.6705	1.61661	615	0	0.0567313	0	20	20
0.00489841	0.0011605	1072.08	22.3277	3.41625e-15	1.26647	4.66197	8.66634	1.61661	615	0	0.0571292	0	20	20
0.00489922	0.00116042	1072.09	21.9608	2.94039e-15	1.22291	4.54686	8.66201	1.61661	615	0	0.0575112	0	20	20
0.00490007	0.00116032	1072.11	21.5991	2.53082e-15	1.18085	4.4346	8.65753	1.61661	615	0	0.0578778	0	20	20
0.00490094	0.00116023	1072.14	21.2427	2.1783e-15	1.14023	4.32511	8.6529	1.61661	615	0	0.0582297	0	20	20
0.00490185	0.00116013	1072.16	20.8914	1.87488e-15	1.10101	4.21832	8.64811	1.61661	615	0	0.0585677	0	20	20
0.00490278	0.00116003	1072.19	20.5452	1.61372e-15	1.06314	4.11417	8.64319	1.61661	615	0	0.0588922	0	20	20
0.00490373	0.00115993	1072.22	20.204	1.38894e-15	1.02658	4.01259	8.63813	1.61661	615	0	0.0592038	0	20	20
0.00490472	0.00115982	1072.25	19.8679	1.19547e-15	0.991269	3.91352	8.63294	1.61661	615	0	0.0595032	0	20	20
0.00490572	0.00115971	1072.29	19.5367	1.02895e-15	0.957175	3.81689	8.62762	1.61661	615	0	0.0597909	0	20	20
0.00490676	0.00115959	1072.32	19.2104	8.85629e-16	0.924253	3.72266	8.62218	1.61661	615	0	0.0600673	0	20	20
0.00490781	0.00115947	1072.36	18.8889	7.62268e-16	0.892464	3.63074	8.61662	1.61661	615	0	0.0603329	0	20	20
0.00490889	0.00115935	1072.4	18.5723	6.5609e-16	0.861768	3.5411	8.61095	1.61661	615	0	0.0605883	0	20	20
0.00490998	0.00115923	1072.44	18.2604	5.64702e-16	0.832128	3.45367	8.60518	1.61661	615	0	0.0608339	0	20	20
0.0049111	0.0011591	1072.49	17.9532	4.86043e-16	0.803507	3.3684	8.5993	1.61661	615	0	0.06107	0	20	20
0.00491224	0.00115897	1072.53	17.6506	4.18342e-16	0.775871	3.28523	8.59333	1.61661	615	0	0.0612972	0	20	20
0.0049134	0.00115884	1072.58	17.3526	3.6007e-16	0.749185	3.20412	8.58726	1.61661	615	0	0.0615158	0	20	20
0.00491457	0.0011587	1072.62	17.0592	3.09915e-16	0.723417	3.12501	8.58111	1.61661	615	0	0.0617261	0	20	20
0.00491576	0.00115857	1072.67	16.7702	2.66746e-16	0.698536	3.04785	8.57487	1.61661	615	0	0.0619286	0	20	20
0.00491697	0.00115843	1072.72	16.4856	2.29591e-16	0.67451	2.9726	8.56856	1.61661	615	0	0.0621236	0	20	20
0.00491819	0.00115828	1072.77	16.2055	1.97611e-16	0.65131	2.89921	8.56217	1.61661	615	0	0.0623114	0	20	20
0.00491943	0.00115814	1072.83	15.9296	1.70085e-16	0.628909	2.82763	8.55571	1.61661	615	0	0.0624923	0	20	20
0.00492068	0.00115799	1072.88	15.6581	1.46393e-16	0.607278	2.75781	8.54918	1.61661	615	0	0.0626666	0	20	20
0.00492195	0.00115784	1072.93	15.3907	1.26002e-16	0.586391	2.68972	8.54259	1.61661	615	0	0.0628347	0	20	20
0.00492322	0.00115769	1072.99	15.1275	1.08451e-16	0.566222	2.62331	8.53595	1.61661	615	0	0.0629967	0	20	20
0.00492451	0.00115753	1073.04	14.8685	9.33446e-17	0.546747	2.55854	8.52924	1.61661	615	0	0.063153	0	20	20
0.00492581	0.00115738	1073.1	14.6135	8.03424e-17	0.527942	2.49537	8.52249	1.61661	615	0	0.0633038	0	20	20
0.00492713	0.00115722	1073.16	14.3625	6.91514e-17	0.509784	2.43376	8.51568	1.61661	615	0	0.0634493	0	20	20
0.00492845	0.00115706	1073.21	14.1155	5.95191e-17	0.49225	2.37367	8.50883	1.61661	615	0	0.0635897	0	20	20
0.00492978	0.0011569	1073.27	13.8724	5.12286e-17	0.475319	2.31506	8.50194	1.61661	615	0	0.0637254	0	20	20
0.00493112	0.00115674	1073.33	13.6332	4.40929e-17	0.458971	2.2579	8.495	1.61661	615	0	0.0638564	0	20	20
0.00493247	0.00115657	1073.39	13.3977	3.79511e-17	0.443185	2.20216	8.48804	1.61661	615	0	0.0639831	0	20	20
0.00493383	0.0011564	1073.45	13.1661	3.26648e-17	0.427941	2.14779	8.48103	1.61661	615	0	0.0641055	0	20	20
0.00493519	0.00115624	1073.51	12.9381	2.81149e-17	0.413223	2.09476	8.474	1.61661	615	0	0.0642238	0	20	20
0.00493656	0.00115607	1073.57	12.7138	2.41987e-17	0.39901	2.04304	8.46693	1.61661	615	0	0.0643383	0	20	20
0.00493794	0.0011559	1073.63	12.4932	2.0828e-17	0.385286	1.99259	8.45984	1.61661	615	0	0.0644491	0	20	20
0.00493933	0.00115572	1073.69	12.2761	1.79268e-17	0.372034	1.9434	8.45273	1.61661	615	0	0.0645564	0	20	20
0.00494072	0.00115555	1073.75	12.0625	1.54298e-17	0.359238	1.89541	8.44559	1.61661	615	0	0.0646602	0	20	20
0.00494211	0.00115537	1073.81	11.8524	1.32805e-17	0.346883	1.84862	8.43843	1.61661	615	0	0.0647609	0	20	20
0.00494352	0.0011552	1073.87	11.6457	1.14306e-17	0.334952	1.80297	8.43126	1.61661	615	0	0.0648584	0	20	20
0.00494492	0.00115502	1073.94	11.4423	9.83845e-18	0.323431	1.75846	8.42406	1.61661	615	0	0.0649529	0	20	20
0.00494633	0.00115484	1074	11.2423	8.46803e-18	0.312307	1.71504	8.41686	1.61661	615	0	0.0650446	0	20	20
0.00494775	0.00115466	1074.06	11.0456	7.2885e-18	0.301565	1.6727	8.40964	1.61661	615	0	0.0651335	0	20	20
0.00494917	0.00115448	1074.12	10.8521	6.27327e-18	0.291193	1.6314	8.4024	1.61661	615	0	0.0652198	0	20	20
0.00495059	0.0011543	1074.18	10.6619	5.39946e-18	0.281178	1.59112	8.39516	1.61661	615	0	0.0653037	0	20	20
0.00495202	0.00115412	1074.25	10.4747	4.64735e-18	0.271507	1.55183	8.38791	1.61661	615	0	0.0653851	0	20	20
0.00495345	0.00115394	1074.31	10.2906	4.00001e-18	0.262168	1.51352	8.38065	1.61661	615	0	0.0654642	0	20	20
0.00495488	0.00115375	1074.37	10.1096	3.44284e-18	0.253151	1.47615	8.37338	1.61661	615	0	0.065541	0	20	20
0.00495631	0.00115357	1074.43	9.93164	2.96328e-18	0.244444	1.4397	8.36611	1.61661	615	0	0.0656158	0	20	20
0.00495775	0.00115338	1074.49	9.75661	2.55052e-18	0.236036	1.40416	8.35884	1.61661	615	0	0.0656885	0	20	20
0.00495919	0.00115319	1074.56	9.5845	2.19525e-18	0.227918	1.36949	8.35156	1.61661	615	0	0.0657593	0	20	20
0.00496063	0.00115301	1074.62	9.41527	1.88947e-18	0.220079	1.33568	8.34428	1.61661	615	0	0.0658282	0	20	20
0.00496208	0.00115282	1074.68	9.24887	1.62628e-18	0.212509	1.3027	8.337	1.61661	615	0	0.0658953	0	20	20
0.00496352	0.00115263	1074.74	9.08527	1.39976e-18	0.2052	1.27053	8.32972	1.61661	615	0	0.0659607	0	20	20
0.00496497	0.00115244	1074.81	8.92441	1.20478e-18	0.198142	1.23916	8.32245	1.61661	615	0	0.0660244	0	20	20
0.00496642	0.00115225	1074.87	8.76627	1.03696e-18	0.191327	1.20857	8.31517	1.61661	615	0	0.0660865	0	20	20
0.00496786	0.00115206	1074.93	8.6108	8.92524e-19	0.184747	1.17873	8.30789	1.61661	615	0	0.0661471	0	20	20
0.00496931	0.00115187	1074.99	8.45795	7.68203e-19	0.178393	1.14963	8.30062	1.61661	615	0	0.0662062	0	20	20
0.00497077	0.00115168	1075.05	8.3077	6.61198e-19	0.172257	1.12124	8.29335	1.61661	615	0	0.0662639	0	20	20
0.00497222	0.00115148	1075.11	8.15999	5.69098e-19	0.166332	1.09356	8.28609	1.61661	615	0	0.0663202	0	20	20
0.00497367	0.00115129	1075.18	8.0148	4.89828e-19	0.160611	1.06656	8.27883	1.61661	615	0	0.0663752	0	20	20
0.00497512	0.0011511	1075.24	7.87207	4.21598e-19	0.155087	1.04023	8.27157	1.61661	615	0	0.066429	0	20	20
0.00497658	0.0011509	1075.3	7.73179	3.62873e-19	0.149753	1.01454	8.26433	1.61661	615	0	0.0664815	0	20	20
0.00497803	0.00115071	1075.36	7.59389	3.12328e-19	0.144602	0.989493	8.25708	1.61661	615	0	0.0665329	0	20	20
0.00497949	0.00115051	1075.42	7.45836	2.68823e-19	0.139629	0.965062	8.24985	1.61661	615	0	0.0665832	0	20	20
0.00498094	0.00115032	1075.48	7.32515	2.31378e-19	0.134826	0.941235	8.24262	1.61661	615	0	0.0666323	0	20	20
0.0049824	0.00115012	1075.54	7.19422	1.99149e-19	0.130189	0.917995	8.2354	1.61661	615	0	0.0666805	0	20	20
0.00498385	0.00114993	1075.6	7.06554	1.71409e-19	0.125711	0.89533	8.22819	1.61661	615	0	0.0667276	0	20	20
0.00498531	0.00114973	1075.66	6.93908	1.47533e-19	0.121387	0.873224	8.22099	1.61661	615	0	0.0667737	0	20	20
0.00498676	0.00114953	1075.72	6.8148	1.26983e-19	0.117212	0.851664	8.21379	1.61661	615	0	0.0668189	0	20	20
0.00498822	0.00114934	1075.78	6.69266	1.09295e-19	0.113181	0.830637	8.20661	1.61661	615	0	0.0668632	0	20	20
