0.00890634	
0.00501787	
0.00362269	
0.00294976	
0.00249517	
0.00213853	
0.00183085	
0.00155931	
0.00134087	
0.00119867	
0.0011551	
0.00118159	
0.00126841	
0.00140295	
0.00157303	
0.00177888	
0.00202361	
0.00232268	
0.00267617	
0.00310817	
0.0036328	
0.00427294	
0.00504412	
0.00596446	
0.00702794	
0.00821747	
0.00951107	
0.0109038	
0.012377	
0.0139097	
0.0154706	
0.0170201	
0.0185018	
0.0198435	
0.0209592	
0.0217466	
0.0221046	
0.0219658	
0.0213386	
0.0203271	
0.0190816	
0.0177626	
0.0164912	
0.0153411	
0.0143441	
0.0135027	
0.0128044	
0.0122308	
0.0117628	
0.0113828	
0.0110753	
0.0108275	
0.0106286	
0.0104699	
0.0103439	
0.0102446	
0.010167	
0.0101068	
0.0100604	
0.010025	
0.00999804	
0.010156	
0.0103523	
0.0105025	
0.0106113	
0.0106838	
0.0107253	
0.0107411	
0.0107359	
0.0107141	
0.0106792	
0.0106344	
0.0105821	
