0.00866132	0.000693393	1101	184.5	76.5	0	0	1.56764	1.61661	615	0	0.149314	0	20	20
0.00882971	0.000722823	1167.8	184.461	76.4694	48.5866	16.3735	1.47966	1.61661	615	0	-0.444499	0	20	20
0.00900767	0.000789015	1298.05	184.42	76.4339	142.478	48.3323	1.39368	1.61661	615	0	-1.45463	0	20	20
0.0090696	0.000859373	1423.26	184.38	76.3927	233.255	79.5408	1.36532	1.61661	615	0	-2.2394	0	20	20
0.00907	0.000930963	1543.23	184.338	76.3448	321.017	110.016	1.36514	1.61661	615	0	-2.86062	0	20	20
0.00903766	0.00100239	1658.26	184.296	76.2893	405.868	139.774	1.37985	1.61661	615	0	-3.36278	0	20	20
0.00898718	0.00107309	1768.88	184.252	76.2249	487.908	168.834	1.40323	1.61661	615	0	-3.77757	0	20	20
0.00892626	0.00114289	1875.6	184.208	76.1502	567.242	197.216	1.43216	1.61661	615	0	-4.12704	0	20	20
0.0088592	0.00121172	1978.81	184.164	76.0636	643.975	224.94	1.46493	1.61661	615	0	-4.42659	0	20	20
0.00878855	0.00127956	2078.81	184.118	75.9633	718.217	252.03	1.50054	1.61661	615	0	-4.6872	0	20	20
0.00871588	0.0013464	2175.82	184.071	75.847	790.08	278.51	1.53839	1.61661	615	0	-4.91691	0	20	20
0.00864218	0.00141224	2270.02	184.024	75.7124	859.681	304.407	1.57809	1.61661	615	0	-5.12171	0	20	20
0.00856808	0.00147713	2361.58	183.976	75.5566	927.143	329.751	1.61938	1.61661	615	0	-5.30618	0	20	20
0.008494	0.00154107	2450.66	183.927	75.3764	992.592	354.574	1.66212	1.61661	615	0	-5.47392	0	20	20
0.00842019	0.00160414	2537.41	183.877	75.1681	1056.16	378.91	1.70622	1.61661	615	0	-5.62781	0	20	20
0.00834678	0.0016664	2622	183.826	74.9275	1118	402.798	1.75163	1.61661	615	0	-5.77014	0	20	20
0.00827384	0.00172794	2704.62	183.774	74.6499	1178.25	426.28	1.79837	1.61661	615	0	-5.90277	0	20	20
0.00820137	0.00178885	2785.45	183.721	74.33	1237.08	449.401	1.84646	1.61661	615	0	-6.02727	0	20	20
0.00812932	0.00184927	2864.69	183.668	73.9617	1294.65	472.21	1.896	1.61661	615	0	-6.14496	0	20	20
0.00805759	0.00190932	2942.58	183.613	73.5383	1351.13	494.761	1.94708	1.61661	615	0	-6.25696	0	20	20
0.00798608	0.00196917	3019.32	183.557	73.0526	1406.73	517.109	1.99986	1.61661	615	0	-6.36423	0	20	20
0.00791465	0.00202898	3095.17	183.5	72.4961	1461.62	539.315	2.05449	1.61661	615	0	-6.4676	0	20	20
0.00784314	0.00208894	3170.38	183.443	71.8602	1516	561.442	2.1112	1.61661	615	0	-6.56783	0	20	20
0.00777139	0.00214924	3245.19	183.384	71.1353	1570.09	583.554	2.17022	1.61661	615	0	-6.66556	0	20	20
0.00769922	0.00221007	3319.87	183.324	70.3111	1624.08	605.715	2.23182	1.61661	615	0	-6.76137	0	20	20
0.00762646	0.00227163	3394.66	183.263	69.3773	1678.15	627.99	2.29631	1.61661	615	0	-6.85575	0	20	20
0.00755296	0.00233412	3469.78	183.201	68.323	1732.51	650.438	2.364	1.61661	615	0	-6.94915	0	20	20
0.00747857	0.00239771	3545.45	183.137	67.1377	1787.3	673.111	2.43525	1.61661	615	0	-7.04191	0	20	20
0.0074032	0.00246255	3621.81	183.073	65.8111	1842.64	696.053	2.5104	1.61661	615	0	-7.13433	0	20	20
0.00732676	0.00252873	3698.98	183.007	64.3342	1898.64	719.292	2.58978	1.61661	615	0	-7.2266	0	20	20
0.00724927	0.00259631	3776.98	182.941	62.6995	1955.31	742.837	2.67373	1.61661	615	0	-7.31885	0	20	20
0.00717078	0.00266525	3855.75	182.873	60.9015	2012.61	766.675	2.76249	1.61661	615	0	-7.41108	0	20	20
0.00709144	0.00273545	3935.13	182.803	58.9379	2070.42	790.764	2.85625	1.61661	615	0	-7.50322	0	20	20
0.00701149	0.00280668	4014.82	182.733	56.8097	2128.52	815.032	2.95508	1.61661	615	0	-7.59508	0	20	20
0.00693125	0.00287861	4094.41	182.661	54.5225	2186.61	839.372	3.0589	1.61661	615	0	-7.68636	0	20	20
0.00685117	0.00295077	4173.37	182.588	52.086	2244.27	863.643	3.16742	1.61661	615	0	-7.77667	0	20	20
0.00677177	0.00302261	4251.01	182.514	49.5151	2300.99	887.669	3.28015	1.61661	615	0	-7.86553	0	20	20
0.00669364	0.00309344	4326.56	182.438	46.8297	2356.18	911.247	3.39635	1.61661	615	0	-7.95239	0	20	20
0.00661745	0.00316249	4399.18	182.361	44.0538	2409.2	934.148	3.51502	1.61661	615	0	-8.03665	0	20	20
0.00654389	0.00322893	4467.95	182.282	41.2153	2459.36	956.134	3.6349	1.61661	615	0	-8.11768	0	20	20
0.00647364	0.00329192	4531.97	182.202	38.3448	2505.96	976.96	3.75452	1.61661	615	0	-8.19486	0	20	20
0.00640737	0.00335062	4590.39	182.121	35.4743	2548.37	996.39	3.87223	1.61661	615	0	-8.2676	0	20	20
0.00634567	0.00340427	4642.43	182.038	32.6358	2585.97	1014.21	3.98628	1.61661	615	0	-8.33537	0	20	20
0.00628905	0.0034522	4687.44	181.954	29.8599	2618.29	1030.24	4.09491	1.61661	615	0	-8.39772	0	20	20
0.00623791	0.00349386	4724.91	181.868	27.1745	2644.94	1044.33	4.19647	1.61661	615	0	-8.4543	0	20	20
0.0061925	0.00352887	4754.54	181.781	24.6037	2665.68	1056.38	4.28945	1.61661	615	0	-8.50487	0	20	20
0.00615285	0.00355704	4776.16	181.692	22.1672	2680.39	1066.34	4.37292	1.61661	615	0	-8.54962	0	20	20
0.00611894	0.00357833	4789.81	181.601	19.8799	2689.11	1074.19	4.44602	1.61661	615	0	-8.58858	0	20	20
0.00609079	0.00359276	4795.67	181.509	17.7517	2691.98	1079.97	4.50796	1.61661	615	0	-8.62156	0	20	20
0.00606824	0.00360054	4794.07	181.415	15.7881	2689.25	1083.74	4.5584	1.61661	615	0	-8.6486	0	20	20
0.00604956	0.00360255	4785.43	181.32	13.9901	2681.24	1085.6	4.60076	1.61661	615	0	-8.65174	0	20	20
0.00603406	0.00359932	4770.29	181.223	12.3554	2668.35	1085.67	4.6363	1.61661	615	0	-8.62822	0	20	20
0.00602143	0.0035913	4749.2	181.124	10.8785	2651.01	1084.07	4.66553	1.61661	615	0	-8.5804	0	20	20
0.00601142	0.00357893	4722.77	181.023	9.55195	2629.67	1080.96	4.68887	1.61661	615	0	-8.5107	0	20	20
0.00600377	0.00356265	4691.59	180.92	8.36659	2604.77	1076.48	4.70682	1.61661	615	0	-8.42163	0	20	20
0.00599819	0.00354293	4656.24	180.816	7.31231	2576.77	1070.76	4.71998	1.61661	615	0	-8.3158	0	20	20
0.00599445	0.00352017	4617.25	180.71	6.37848	2546.08	1063.94	4.72882	1.61661	615	0	-8.19555	0	20	20
0.00599228	0.00349479	4575.16	180.602	5.55436	2513.1	1056.17	4.73396	1.61661	615	0	-8.06328	0	20	20
0.00599151	0.00346714	4530.43	180.492	4.8294	2478.19	1047.54	4.73578	1.61661	615	0	-7.92099	0	20	20
0.00599191	0.00343756	4483.49	180.38	4.19349	2441.68	1038.18	4.73482	1.61661	615	0	-7.77067	0	20	20
0.00599334	0.00340634	4434.72	180.266	3.63707	2403.87	1028.19	4.73143	1.61661	615	0	-7.61397	0	20	20
0.00599565	0.00337377	4384.47	180.151	3.15127	2365.01	1017.64	4.72598	1.61661	615	0	-7.45239	0	20	20
0.00599867	0.00334006	4333.03	180.033	2.72794	2325.34	1006.63	4.71885	1.61661	615	0	-7.28731	0	20	20
0.00600231	0.00330544	4280.67	179.913	2.35965	2285.06	995.225	4.71026	1.61661	615	0	-7.11977	0	20	20
0.00600644	0.00327008	4227.6	179.791	2.03971	2244.34	983.48	4.70054	1.61661	615	0	-6.95084	0	20	20
0.00601101	0.00323413	4174.02	179.666	1.76213	2203.33	971.452	4.68984	1.61661	615	0	-6.78126	0	20	20
0.00601595	0.00319772	4120.1	179.54	1.52155	2162.15	959.186	4.6783	1.61661	615	0	-6.61169	0	20	20
0.00602116	0.00316097	4065.98	179.411	1.31324	2120.9	946.723	4.66616	1.61661	615	0	-6.44279	0	20	20
0.00602663	0.00312397	4011.78	179.281	1.13301	2079.69	934.097	4.65346	1.61661	615	0	-6.27494	0	20	20
0.00603231	0.0030868	3957.6	179.147	0.977206	2038.59	921.339	4.64032	1.61661	615	0	-6.10857	0	20	20
0.00603815	0.00304953	3903.53	179.012	0.842585	1997.65	908.474	4.62688	1.61661	615	0	-5.94402	0	20	20
0.00604414	0.00301223	3849.63	178.874	0.726331	1956.93	895.524	4.61314	1.61661	615	0	-5.78149	0	20	20
0.00605024	0.00297493	3795.96	178.734	0.625985	1916.48	882.509	4.5992	1.61661	615	0	-5.62123	0	20	20
0.00605644	0.00293768	3742.58	178.591	0.539403	1876.33	869.445	4.5851	1.61661	615	0	-5.4634	0	20	20
0.00606273	0.00290051	3689.52	178.446	0.464724	1836.5	856.348	4.57083	1.61661	615	0	-5.30809	0	20	20
0.00606909	0.00286346	3636.83	178.299	0.400329	1797.03	843.228	4.55648	1.61661	615	0	-5.15544	0	20	20
0.00607552	0.00282654	3584.52	178.149	0.344818	1757.92	830.099	4.54203	1.61661	615	0	-5.0055	0	20	20
0.00608203	0.00278977	3532.62	177.996	0.296973	1719.2	816.968	4.52746	1.61661	615	0	-4.85829	0	20	20
0.00608858	0.00275318	3481.16	177.841	0.255745	1680.88	803.846	4.51286	1.61661	615	0	-4.71391	0	20	20
0.00609521	0.00271677	3430.15	177.683	0.220224	1642.97	790.74	4.49816	1.61661	615	0	-4.57234	0	20	20
0.00610191	0.00268056	3379.6	177.522	0.189625	1605.48	777.657	4.48335	1.61661	615	0	-4.43357	0	20	20
0.00610866	0.00264456	3329.53	177.359	0.163268	1568.41	764.604	4.46851	1.61661	615	0	-4.29767	0	20	20
0.00611549	0.00260877	3279.94	177.192	0.140567	1531.76	751.586	4.45356	1.61661	615	0	-4.16459	0	20	20
0.00612241	0.00257321	3230.86	177.023	0.121018	1495.55	738.609	4.43847	1.61661	615	0	-4.03431	0	20	20
0.00612939	0.00253789	3182.27	176.851	0.104184	1459.78	725.678	4.42332	1.61661	615	0	-3.90686	0	20	20
0.00613647	0.0025028	3134.21	176.677	0.0896893	1424.45	712.8	4.40803	1.61661	615	0	-3.78219	0	20	20
0.00614365	0.00246796	3086.66	176.499	0.0772089	1389.56	699.977	4.39259	1.61661	615	0	-3.66029	0	20	20
0.00615094	0.00243338	3039.64	176.318	0.0664636	1355.11	687.215	4.377	1.61661	615	0	-3.54114	0	20	20
0.00615832	0.00239906	2993.16	176.134	0.0572127	1321.11	674.519	4.36127	1.61661	615	0	-3.42474	0	20	20
0.00616584	0.002365	2947.23	175.947	0.0492485	1287.56	661.893	4.34534	1.61661	615	0	-3.31104	0	20	20
0.00617349	0.00233121	2901.84	175.757	0.0423924	1254.47	649.341	4.32921	1.61661	615	0	-3.20002	0	20	20
0.00618126	0.00229771	2857.01	175.564	0.0364903	1221.83	636.868	4.3129	1.61661	615	0	-3.09169	0	20	20
0.00618918	0.0022645	2812.75	175.368	0.0314096	1189.65	624.477	4.29637	1.61661	615	0	-2.986	0	20	20
0.00619725	0.00223158	2769.06	175.168	0.027036	1157.93	612.175	4.27959	1.61661	615	0	-2.88292	0	20	20
0.0062055	0.00219897	2725.95	174.965	0.0232712	1126.67	599.963	4.26256	1.61661	615	0	-2.78243	0	20	20
0.0062139	0.00216666	2683.43	174.759	0.0200306	1095.89	587.848	4.24529	1.61661	615	0	-2.68453	0	20	20
0.00622247	0.00213468	2641.5	174.549	0.0172411	1065.57	575.833	4.22777	1.61661	615	0	-2.58919	0	20	20
0.00623124	0.00210303	2600.19	174.336	0.01484	1035.73	563.922	4.20995	1.61661	615	0	-2.49637	0	20	20
0.0062402	0.00207171	2559.48	174.119	0.0127733	1006.37	552.121	4.19184	1.61661	615	0	-2.40604	0	20	20
0.00624936	0.00204075	2519.4	173.899	0.0109943	977.496	540.432	4.17343	1.61661	615	0	-2.3182	0	20	20
0.00625872	0.00201014	2479.95	173.675	0.00946308	949.107	528.861	4.15474	1.61661	615	0	-2.23282	0	20	20
0.00626828	0.0019799	2441.15	173.448	0.00814509	921.211	517.412	4.13576	1.61661	615	0	-2.14989	0	20	20
0.00627806	0.00195004	2402.99	173.216	0.00701065	893.812	506.088	4.11646	1.61661	615	0	-2.06936	0	20	20
0.00628806	0.00192057	2365.49	172.981	0.0060342	866.915	494.896	4.09686	1.61661	615	0	-1.99121	0	20	20
0.00629828	0.0018915	2328.67	172.743	0.00519374	840.526	483.838	4.07695	1.61661	615	0	-1.91542	0	20	20
0.00630872	0.00186285	2292.52	172.5	0.00447034	814.65	472.92	4.05673	1.61661	615	0	-1.84197	0	20	20
0.00631939	0.00183462	2257.07	172.254	0.00384768	789.292	462.145	4.03622	1.61661	615	0	-1.77083	0	20	20
0.00633028	0.00180683	2222.31	172.003	0.00331176	764.457	451.518	4.01543	1.61661	615	0	-1.70197	0	20	20
0.00634138	0.00177949	2188.26	171.749	0.00285047	740.152	441.043	3.99437	1.61661	615	0	-1.63537	0	20	20
0.00635269	0.00175262	2154.94	171.49	0.00245344	716.381	430.725	3.97307	1.61661	615	0	-1.57101	0	20	20
0.00636421	0.00172623	2122.34	171.228	0.0021117	693.15	420.568	3.95154	1.61661	615	0	-1.50885	0	20	20
0.00637593	0.00170033	2090.48	170.961	0.00181757	670.465	410.576	3.92979	1.61661	615	0	-1.44887	0	20	20
0.00638783	0.00167494	2059.37	170.69	0.0015644	648.333	400.753	3.90787	1.61661	615	0	-1.39105	0	20	20
0.0063999	0.00165007	2029.02	170.415	0.00134649	626.758	391.104	3.88579	1.61661	615	0	-1.33534	0	20	20
0.00641213	0.00162573	1999.44	170.136	0.00115894	605.746	381.632	3.86361	1.61661	615	0	-1.28173	0	20	20
0.00642449	0.00160195	1970.64	169.852	0.000997512	585.304	372.343	3.84135	1.61661	615	0	-1.23019	0	20	20
0.00643696	0.00157873	1942.62	169.564	0.000858568	565.436	363.239	3.81907	1.61661	615	0	-1.18069	0	20	20
0.0064495	0.00155609	1915.4	169.271	0.000738977	546.149	354.325	3.79683	1.61661	615	0	-1.1332	0	20	20
0.0064621	0.00153405	1888.99	168.974	0.000636045	527.448	345.605	3.77468	1.61661	615	0	-1.08769	0	20	20
0.0064747	0.00151263	1863.39	168.673	0.000547449	509.339	337.083	3.75268	1.61661	615	0	-1.04414	0	20	20
0.00648726	0.00149184	1838.61	168.366	0.000471194	491.827	328.763	3.73093	1.61661	615	0	-1.00252	0	20	20
0.00649975	0.00147168	1814.65	168.055	0.000405561	474.911	320.645	3.70945	1.61661	615	0	-0.962789	0	20	20
0.00651217	0.00145215	1791.5	167.74	0.00034907	458.576	312.729	3.68827	1.61661	615	0	-0.924858	0	20	20
0.00652453	0.00143323	1769.13	167.419	0.000300448	442.804	305.007	3.66735	1.61661	615	0	-0.888638	0	20	20
0.00653683	0.00141489	1747.5	167.094	0.000258598	427.574	297.477	3.64668	1.61661	615	0	-0.854041	0	20	20
0.00654909	0.00139712	1726.6	166.764	0.000222577	412.867	290.132	3.62624	1.61661	615	0	-0.820982	0	20	20
0.00656131	0.0013799	1706.41	166.429	0.000191574	398.667	282.969	3.60602	1.61661	615	0	-0.789384	0	20	20
0.0065735	0.00136321	1686.9	166.089	0.000164889	384.955	275.982	3.58599	1.61661	615	0	-0.759172	0	20	20
0.00658567	0.00134703	1668.05	165.744	0.000141922	371.715	269.168	3.56615	1.61661	615	0	-0.730274	0	20	20
0.00659782	0.00133136	1649.83	165.394	0.000122153	358.93	262.522	3.54648	1.61661	615	0	-0.702626	0	20	20
0.00660996	0.00131616	1632.23	165.039	0.000105138	346.584	256.041	3.52698	1.61661	615	0	-0.676164	0	20	20
0.00662209	0.00130144	1615.23	164.679	9.04933e-05	334.664	249.719	3.50764	1.61661	615	0	-0.650833	0	20	20
0.00663422	0.00128717	1598.81	164.314	7.78883e-05	323.153	243.553	3.48844	1.61661	615	0	-0.626572	0	20	20
0.00664635	0.00127333	1582.95	163.943	6.70391e-05	312.038	237.54	3.46936	1.61661	615	0	-0.603325	0	20	20
0.0066585	0.00125992	1567.63	163.567	5.77011e-05	301.306	231.675	3.4504	1.61661	615	0	-0.581044	0	20	20
0.00667067	0.00124692	1552.83	163.186	4.96638e-05	290.943	225.955	3.43156	1.61661	615	0	-0.559679	0	20	20
0.00668287	0.00123432	1538.54	162.799	4.2746e-05	280.936	220.376	3.41281	1.61661	615	0	-0.539186	0	20	20
0.00669507	0.0012221	1524.74	162.407	3.67919e-05	271.273	214.935	3.39418	1.61661	615	0	-0.519525	0	20	20
0.00670731	0.00121025	1511.41	162.009	3.1667e-05	261.943	209.628	3.37564	1.61661	615	0	-0.500654	0	20	20
0.00671957	0.00119876	1498.54	161.606	2.72561e-05	252.933	204.453	3.35718	1.61661	615	0	-0.482532	0	20	20
0.00673188	0.00118762	1486.12	161.197	2.34595e-05	244.234	199.405	3.33881	1.61661	615	0	-0.465121	0	20	20
0.00674423	0.00117681	1474.13	160.783	2.01918e-05	235.834	194.481	3.3205	1.61661	615	0	-0.448387	0	20	20
0.00675661	0.00116633	1462.55	160.363	1.73792e-05	227.722	189.679	3.30228	1.61661	615	0	-0.4323	0	20	20
0.00676903	0.00115617	1451.38	159.937	1.49585e-05	219.89	184.996	3.28414	1.61661	615	0	-0.416829	0	20	20
0.00678149	0.00114631	1440.59	159.506	1.28749e-05	212.327	180.429	3.26606	1.61661	615	0	-0.401942	0	20	20
0.00679401	0.00113675	1430.18	159.068	1.10815e-05	205.024	175.974	3.24804	1.61661	615	0	-0.387609	0	20	20
0.00680658	0.00112747	1420.14	158.625	9.53793e-06	197.972	171.629	3.23009	1.61661	615	0	-0.373803	0	20	20
0.00681918	0.00111847	1410.44	158.176	8.20938e-06	191.163	167.392	3.21221	1.61661	615	0	-0.360506	0	20	20
0.00683183	0.00110974	1401.09	157.722	7.06588e-06	184.588	163.259	3.19439	1.61661	615	0	-0.347688	0	20	20
0.00684454	0.00110127	1392.07	157.261	6.08166e-06	178.239	159.228	3.17664	1.61661	615	0	-0.335326	0	20	20
0.0068573	0.00109305	1383.37	156.794	5.23453e-06	172.109	155.296	3.15893	1.61661	615	0	-0.323398	0	20	20
0.0068701	0.00108507	1374.98	156.321	4.5054e-06	166.189	151.462	3.14131	1.61661	615	0	-0.311887	0	20	20
0.00688295	0.00107732	1366.88	155.843	3.87783e-06	160.473	147.723	3.12375	1.61661	615	0	-0.300772	0	20	20
0.00689586	0.0010698	1359.08	155.358	3.33768e-06	154.954	144.075	3.10624	1.61661	615	0	-0.290032	0	20	20
0.00690881	0.0010625	1351.55	154.867	2.87277e-06	149.624	140.518	3.0888	1.61661	615	0	-0.27965	0	20	20
0.0069218	0.00105542	1344.29	154.37	2.47262e-06	144.478	137.049	3.07145	1.61661	615	0	-0.269613	0	20	20
0.00693484	0.00104854	1337.3	153.867	2.1282e-06	139.509	133.665	3.05416	1.61661	615	0	-0.259903	0	20	20
0.00694792	0.00104186	1330.56	153.358	1.83176e-06	134.71	130.365	3.03693	1.61661	615	0	-0.250502	0	20	20
0.00696104	0.00103538	1324.06	152.842	1.57661e-06	130.077	127.146	3.01979	1.61661	615	0	-0.241399	0	20	20
0.0069742	0.00102908	1317.8	152.321	1.357e-06	125.603	124.007	3.00273	1.61661	615	0	-0.232581	0	20	20
0.00698739	0.00102297	1311.76	151.793	1.16798e-06	121.283	120.945	2.98576	1.61661	615	0	-0.224033	0	20	20
0.00700063	0.00101703	1305.95	151.259	1.00529e-06	117.111	117.959	2.96886	1.61661	615	0	-0.215743	0	20	20
0.00701388	0.00101126	1300.35	150.718	8.65262e-07	113.083	115.046	2.95206	1.61661	615	0	-0.207702	0	20	20
0.00702716	0.00100565	1294.96	150.172	7.44738e-07	109.194	112.206	2.93536	1.61661	615	0	-0.199897	0	20	20
0.00704047	0.00100021	1289.77	149.619	6.41002e-07	105.438	109.436	2.91874	1.61661	615	0	-0.192316	0	20	20
0.00705379	0.00099492	1284.77	149.06	5.51715e-07	101.812	106.734	2.90224	1.61661	615	0	-0.184953	0	20	20
0.00706712	0.000989783	1279.95	148.494	4.74866e-07	98.3101	104.098	2.88584	1.61661	615	0	-0.177797	0	20	20
0.00708047	0.000984792	1275.32	147.922	4.08721e-07	94.9287	101.528	2.86955	1.61661	615	0	-0.170837	0	20	20
0.00709382	0.000979942	1270.86	147.344	3.51789e-07	91.6637	99.0214	2.85338	1.61661	615	0	-0.164068	0	20	20
0.00710716	0.000975231	1266.57	146.76	3.02788e-07	88.511	96.5765	2.83734	1.61661	615	0	-0.157483	0	20	20
0.00712051	0.000970653	1262.45	146.169	2.60612e-07	85.4667	94.192	2.82142	1.61661	615	0	-0.15107	0	20	20
0.00713384	0.000966205	1258.48	145.572	2.24311e-07	82.5271	91.8664	2.80563	1.61661	615	0	-0.144826	0	20	20
0.00714715	0.000961884	1254.66	144.969	1.93066e-07	79.6886	89.5982	2.78998	1.61661	615	0	-0.138744	0	20	20
0.00716044	0.000957686	1250.99	144.359	1.66173e-07	76.9477	87.3861	2.77447	1.61661	615	0	-0.132817	0	20	20
0.00717371	0.000953607	1247.46	143.743	1.43027e-07	74.3012	85.2285	2.75911	1.61661	615	0	-0.127039	0	20	20
0.00718693	0.000949645	1244.07	143.121	1.23104e-07	71.7456	83.1242	2.74391	1.61661	615	0	-0.121408	0	20	20
0.0072001	0.000945796	1240.81	142.492	1.05957e-07	69.2779	81.0718	2.72888	1.61661	615	0	-0.115916	0	20	20
0.00721323	0.000942057	1237.67	141.858	9.11979e-08	66.8951	79.0702	2.71401	1.61661	615	0	-0.110559	0	20	20
0.0072263	0.000938426	1234.66	141.217	7.84948e-08	64.5943	77.1179	2.69931	1.61661	615	0	-0.105334	0	20	20
0.0072393	0.000934899	1231.77	140.569	6.75611e-08	62.3726	75.2139	2.68479	1.61661	615	0	-0.100236	0	20	20
0.00725223	0.000931474	1229	139.916	5.81504e-08	60.2273	73.3568	2.67045	1.61661	615	0	-0.0952595	0	20	20
0.00726508	0.000928149	1226.33	139.257	5.00505e-08	58.1558	71.5456	2.65631	1.61661	615	0	-0.0904046	0	20	20
0.00727785	0.000924921	1223.77	138.591	4.30789e-08	56.1556	69.7792	2.64236	1.61661	615	0	-0.0856667	0	20	20
0.00729052	0.000921788	1221.32	137.919	3.70783e-08	54.2242	68.0563	2.6286	1.61661	615	0	-0.0810425	0	20	20
0.00730308	0.000918747	1218.96	137.242	3.19136e-08	52.3591	66.376	2.61506	1.61661	615	0	-0.076531	0	20	20
0.00731553	0.000915797	1216.7	136.558	2.74683e-08	50.5583	64.7372	2.60173	1.61661	615	0	-0.0721295	0	20	20
0.00732787	0.000912935	1214.54	135.868	2.36422e-08	48.8193	63.1388	2.58862	1.61661	615	0	-0.0678353	0	20	20
0.00734007	0.000910159	1212.46	135.173	2.0349e-08	47.1402	61.5799	2.57573	1.61661	615	0	-0.0636476	0	20	20
0.00735214	0.000907468	1210.46	134.471	1.75146e-08	45.5188	60.0595	2.56306	1.61661	615	0	-0.0595648	0	20	20
0.00736406	0.000904859	1208.55	133.764	1.50749e-08	43.9532	58.5766	2.55063	1.61661	615	0	-0.0555847	0	20	20
0.00737583	0.000902332	1206.72	133.051	1.29751e-08	42.4415	57.1304	2.53844	1.61661	615	0	-0.0517066	0	20	20
0.00738744	0.000899883	1204.96	132.332	1.11678e-08	40.9817	55.7198	2.52649	1.61661	615	0	-0.0479301	0	20	20
0.00739888	0.000897512	1203.28	131.607	9.61219e-09	39.5722	54.3441	2.51479	1.61661	615	0	-0.0442538	0	20	20
0.00741015	0.000895217	1201.67	130.877	8.27329e-09	38.2111	53.0023	2.50333	1.61661	615	0	-0.040676	0	20	20
0.00742124	0.000892995	1200.13	130.142	7.12089e-09	36.8969	51.6937	2.49213	1.61661	615	0	-0.0371969	0	20	20
0.00743214	0.000890846	1198.65	129.401	6.129e-09	35.6278	50.4174	2.48118	1.61661	615	0	-0.0338145	0	20	20
0.00744285	0.000888767	1197.23	128.654	5.27528e-09	34.4024	49.1726	2.47048	1.61661	615	0	-0.030528	0	20	20
0.00745336	0.000886757	1195.87	127.902	4.54048e-09	33.2191	47.9585	2.46004	1.61661	615	0	-0.0273374	0	20	20
0.00746368	0.000884815	1194.57	127.145	3.90803e-09	32.0766	46.7744	2.44986	1.61661	615	0	-0.024241	0	20	20
0.00747379	0.000882938	1193.33	126.383	3.36367e-09	30.9733	45.6195	2.43993	1.61661	615	0	-0.0212379	0	20	20
0.00748369	0.000881125	1192.13	125.616	2.89514e-09	29.908	44.4932	2.43026	1.61661	615	0	-0.0183282	0	20	20
0.00749337	0.000879374	1190.99	124.843	2.49187e-09	28.8793	43.3946	2.42085	1.61661	615	0	-0.0155096	0	20	20
0.00750285	0.000877684	1189.9	124.066	2.14477e-09	27.886	42.3232	2.41169	1.61661	615	0	-0.0127811	0	20	20
0.00751211	0.000876053	1188.85	123.284	1.84602e-09	26.9269	41.2782	2.40278	1.61661	615	0	-0.0101416	0	20	20
0.00752116	0.000874479	1187.84	122.497	1.58888e-09	26.0008	40.2591	2.39412	1.61661	615	0	-0.00758992	0	20	20
0.00752999	0.00087296	1186.88	121.706	1.36757e-09	25.1065	39.2651	2.3857	1.61661	615	0	-0.00512362	0	20	20
0.00753861	0.000871495	1185.96	120.91	1.17707e-09	24.243	38.2956	2.37753	1.61661	615	0	-0.00274112	0	20	20
0.00754703	0.000870083	1185.08	120.11	1.01312e-09	23.4091	37.3501	2.36959	1.61661	615	0	-0.000440685	0	20	20
0.00755523	0.00086872	1184.23	119.305	8.71998e-10	22.604	36.4279	2.36188	1.61661	615	0	0.00177952	0	20	20
0.00756322	0.000867406	1183.41	118.496	7.50536e-10	21.8265	35.5285	2.3544	1.61661	615	0	0.00392144	0	20	20
0.00757101	0.000866139	1182.63	117.683	6.45992e-10	21.0758	34.6513	2.34714	1.61661	615	0	0.00598709	0	20	20
0.0075786	0.000864917	1181.88	116.866	5.56011e-10	20.3509	33.7958	2.34009	1.61661	615	0	0.00797858	0	20	20
0.00758599	0.000863739	1181.17	116.045	4.78563e-10	19.651	32.9614	2.33326	1.61661	615	0	0.00989808	0	20	20
0.00759319	0.000862603	1180.48	115.221	4.11903e-10	18.9751	32.1475	2.32663	1.61661	615	0	0.0117478	0	20	20
0.00760019	0.000861508	1179.81	114.393	3.54528e-10	18.3224	31.3538	2.32021	1.61661	615	0	0.0135301	0	20	20
0.00760701	0.000860451	1179.17	113.561	3.05145e-10	17.6922	30.5797	2.31397	1.61661	615	0	0.0152471	0	20	20
0.00761365	0.000859432	1178.56	112.726	2.62641e-10	17.0837	29.8247	2.30792	1.61661	615	0	0.0169013	0	20	20
0.00762011	0.000858448	1177.97	111.887	2.26057e-10	16.4961	29.0883	2.30205	1.61661	615	0	0.0184949	0	20	20
0.00762641	0.000857499	1177.4	111.046	1.94569e-10	15.9288	28.3701	2.29636	1.61661	615	0	0.0200304	0	20	20
0.00763253	0.000856583	1176.85	110.201	1.67467e-10	15.3809	27.6696	2.29084	1.61661	615	0	0.0215099	0	20	20
0.00763849	0.000855698	1176.32	109.354	1.4414e-10	14.8519	26.9865	2.28548	1.61661	615	0	0.0229357	0	20	20
0.0076443	0.000854844	1175.81	108.503	1.24063e-10	14.3411	26.3202	2.28028	1.61661	615	0	0.0243103	0	20	20
0.00764995	0.000854018	1175.32	107.651	1.06782e-10	13.8478	25.6703	2.27522	1.61661	615	0	0.0256356	0	20	20
0.00765546	0.000853221	1174.84	106.795	9.1908e-11	13.3715	25.0365	2.27032	1.61661	615	0	0.026914	0	20	20
0.00766082	0.000852449	1174.38	105.938	7.91059e-11	12.9116	24.4184	2.26555	1.61661	615	0	0.0281475	0	20	20
0.00766605	0.000851703	1173.94	105.078	6.80871e-11	12.4675	23.8155	2.26092	1.61661	615	0	0.0293382	0	20	20
0.00767114	0.000850981	1173.51	104.216	5.86031e-11	12.0387	23.2275	2.25642	1.61661	615	0	0.030488	0	20	20
0.00767611	0.000850283	1173.09	103.353	5.04402e-11	11.6246	22.654	2.25205	1.61661	615	0	0.0315991	0	20	20
0.00768095	0.000849606	1172.68	102.487	4.34142e-11	11.2248	22.0947	2.24779	1.61661	615	0	0.0326731	0	20	20
0.00768567	0.00084895	1172.29	101.62	3.7367e-11	10.8387	21.5491	2.24365	1.61661	615	0	0.033712	0	20	20
0.00769027	0.000848314	1171.91	100.752	3.21621e-11	10.4659	21.0171	2.23962	1.61661	615	0	0.0347175	0	20	20
0.00769477	0.000847698	1171.54	99.882	2.76821e-11	10.106	20.4982	2.2357	1.61661	615	0	0.0356912	0	20	20
0.00769916	0.000847099	1171.18	99.0111	2.38262e-11	9.75838	19.9921	2.23188	1.61661	615	0	0.0366347	0	20	20
0.00770344	0.000846519	1170.82	98.1392	2.05074e-11	9.42274	19.4985	2.22815	1.61661	615	0	0.0375497	0	20	20
0.00770763	0.000845955	1170.48	97.2664	1.76509e-11	9.09865	19.017	2.22453	1.61661	615	0	0.0384374	0	20	20
0.00771172	0.000845406	1170.15	96.3929	1.51923e-11	8.78571	18.5475	2.22099	1.61661	615	0	0.0392995	0	20	20
0.00771572	0.000844874	1169.82	95.5189	1.30761e-11	8.48353	18.0896	2.21754	1.61661	615	0	0.0401371	0	20	20
0.00771963	0.000844355	1169.5	94.6445	1.12547e-11	8.19174	17.6429	2.21417	1.61661	615	0	0.0409515	0	20	20
0.00772345	0.00084385	1169.19	93.7699	9.68703e-12	7.90999	17.2073	2.21088	1.61661	615	0	0.041744	0	20	20
0.0077272	0.000843359	1168.88	92.8952	8.3377e-12	7.63793	16.7825	2.20767	1.61661	615	0	0.0425158	0	20	20
0.00773086	0.00084288	1168.58	92.0205	7.17633e-12	7.37523	16.3681	2.20453	1.61661	615	0	0.0432678	0	20	20
0.00773445	0.000842414	1168.29	91.1461	6.17672e-12	7.12156	15.964	2.20147	1.61661	615	0	0.0440012	0	20	20
0.00773796	0.000841958	1168	90.2721	5.31635e-12	6.87661	15.5698	2.19847	1.61661	615	0	0.0447168	0	20	20
0.0077414	0.000841514	1167.72	89.3986	4.57583e-12	6.6401	15.1854	2.19554	1.61661	615	0	0.0454157	0	20	20
0.00774477	0.000841081	1167.45	88.5258	3.93845e-12	6.41171	14.8105	2.19267	1.61661	615	0	0.0460986	0	20	20
0.00774808	0.000840657	1167.18	87.6538	3.38986e-12	6.19118	14.4448	2.18987	1.61661	615	0	0.0467665	0	20	20
0.00775133	0.000840243	1166.91	86.7828	2.91768e-12	5.97824	14.0882	2.18712	1.61661	615	0	0.0474201	0	20	20
0.00775451	0.000839839	1166.65	85.9129	2.51127e-12	5.77262	13.7403	2.18442	1.61661	615	0	0.0480601	0	20	20
0.00775764	0.000839443	1166.39	85.0444	2.16147e-12	5.57408	13.4011	2.18178	1.61661	615	0	0.0486872	0	20	20
0.00776071	0.000839056	1166.14	84.1773	1.86039e-12	5.38236	13.0702	2.1792	1.61661	615	0	0.049302	0	20	20
0.00776372	0.000838676	1165.89	83.3117	1.60125e-12	5.19723	12.7475	2.17666	1.61661	615	0	0.0499052	0	20	20
0.00776668	0.000838305	1165.64	82.4479	1.37821e-12	5.01848	12.4328	2.17417	1.61661	615	0	0.0504973	0	20	20
0.00776959	0.000837941	1165.4	81.586	1.18624e-12	4.84587	12.1258	2.17173	1.61661	615	0	0.0510789	0	20	20
0.00777245	0.000837585	1165.16	80.7261	1.02101e-12	4.6792	11.8264	2.16933	1.61661	615	0	0.0516504	0	20	20
0.00777527	0.000837235	1164.92	79.8684	8.78787e-13	4.51826	11.5344	2.16698	1.61661	615	0	0.0522124	0	20	20
0.00777804	0.000836892	1164.69	79.013	7.56379e-13	4.36285	11.2496	2.16466	1.61661	615	0	0.0527653	0	20	20
0.00778076	0.000836555	1164.46	78.1601	6.51022e-13	4.2128	10.9719	2.16239	1.61661	615	0	0.0533094	0	20	20
0.00778344	0.000836224	1164.23	77.3097	5.60339e-13	4.0679	10.701	2.16015	1.61661	615	0	0.0538452	0	20	20
0.00778608	0.0008359	1164.01	76.4621	4.82289e-13	3.92798	10.4368	2.15796	1.61661	615	0	0.054373	0	20	20
0.00778869	0.000835581	1163.79	75.6173	4.1511e-13	3.79288	10.1791	2.15579	1.61661	615	0	0.0548931	0	20	20
0.00779125	0.000835267	1163.57	74.7755	3.57288e-13	3.66243	9.92777	2.15367	1.61661	615	0	0.0554059	0	20	20
0.00779378	0.000834959	1163.36	73.9369	3.07521e-13	3.53646	9.68265	2.15157	1.61661	615	0	0.0559117	0	20	20
0.00779627	0.000834657	1163.15	73.1015	2.64686e-13	3.41483	9.44359	2.14951	1.61661	615	0	0.0564107	0	20	20
0.00779873	0.000834359	1162.94	72.2695	2.27817e-13	3.29737	9.21042	2.14748	1.61661	615	0	0.0569032	0	20	20
0.00780115	0.000834066	1162.73	71.441	1.96084e-13	3.18396	8.98302	2.14548	1.61661	615	0	0.0573893	0	20	20
0.00780354	0.000833777	1162.53	70.6162	1.68771e-13	3.07445	8.76122	2.14351	1.61661	615	0	0.0578694	0	20	20
0.0078059	0.000833493	1162.32	69.7951	1.45263e-13	2.96871	8.54491	2.14156	1.61661	615	0	0.0583437	0	20	20
0.00780824	0.000833214	1162.13	68.9778	1.25029e-13	2.8666	8.33393	2.13964	1.61661	615	0	0.0588122	0	20	20
0.00781054	0.000832939	1161.93	68.1646	1.07613e-13	2.768	8.12817	2.13775	1.61661	615	0	0.0592752	0	20	20
0.00781281	0.000832667	1161.74	67.3554	9.26235e-14	2.6728	7.92748	2.13589	1.61661	615	0	0.0597329	0	20	20
0.00781506	0.0008324	1161.54	66.5505	7.97218e-14	2.58087	7.73175	2.13404	1.61661	615	0	0.0601853	0	20	20
0.00781728	0.000832137	1161.36	65.7498	6.86172e-14	2.4921	7.54086	2.13222	1.61661	615	0	0.0606327	0	20	20
0.00781948	0.000831878	1161.17	64.9536	5.90593e-14	2.40639	7.35467	2.13043	1.61661	615	0	0.0610751	0	20	20
0.00782165	0.000831622	1160.98	64.162	5.08329e-14	2.32362	7.17308	2.12865	1.61661	615	0	0.0615127	0	20	20
0.0078238	0.000831371	1160.8	63.3749	4.37522e-14	2.2437	6.99598	2.1269	1.61661	615	0	0.0619456	0	20	20
0.00782592	0.000831122	1160.62	62.5925	3.76579e-14	2.16653	6.82325	2.12517	1.61661	615	0	0.0623739	0	20	20
0.00782802	0.000830877	1160.45	61.815	3.24125e-14	2.09201	6.65478	2.12346	1.61661	615	0	0.0627976	0	20	20
0.00783011	0.000830636	1160.27	61.0424	2.78977e-14	2.02006	6.49047	2.12176	1.61661	615	0	0.0632168	0	20	20
0.00783217	0.000830398	1160.1	60.2748	2.40117e-14	1.95058	6.33022	2.12009	1.61661	615	0	0.0636317	0	20	20
0.00783421	0.000830163	1159.93	59.5122	2.06671e-14	1.88349	6.17393	2.11843	1.61661	615	0	0.0640423	0	20	20
0.00783623	0.000829931	1159.77	58.7548	1.77883e-14	1.81871	6.0215	2.11679	1.61661	615	0	0.0644487	0	20	20
0.00783823	0.000829702	1159.6	58.0027	1.53106e-14	1.75615	5.87282	2.11517	1.61661	615	0	0.0648509	0	20	20
0.00784022	0.000829477	1159.44	57.2558	1.31779e-14	1.69575	5.72782	2.11357	1.61661	615	0	0.0652489	0	20	20
0.00784218	0.000829254	1159.28	56.5144	1.13423e-14	1.63743	5.5864	2.11198	1.61661	615	0	0.0656429	0	20	20
0.00784413	0.000829035	1159.13	55.7784	9.76244e-15	1.58111	5.44847	2.1104	1.61661	615	0	0.0660329	0	20	20
0.00784607	0.000828818	1158.97	55.0479	8.40261e-15	1.52673	5.31395	2.10884	1.61661	615	0	0.0664189	0	20	20
0.00784798	0.000828604	1158.82	54.3231	7.2322e-15	1.47422	5.18275	2.1073	1.61661	615	0	0.0668009	0	20	20
0.00784989	0.000828393	1158.67	53.6039	6.22481e-15	1.42351	5.05479	2.10577	1.61661	615	0	0.0671791	0	20	20
0.00785177	0.000828184	1158.53	52.8904	5.35774e-15	1.37455	4.92998	2.10425	1.61661	615	0	0.0675533	0	20	20
0.00785364	0.000827979	1158.39	52.1826	4.61145e-15	1.32727	4.80826	2.10274	1.61661	615	0	0.0679238	0	20	20
0.0078555	0.000827776	1158.25	51.4807	3.96911e-15	1.28162	4.68955	2.10125	1.61661	615	0	0.0682904	0	20	20
0.00785735	0.000827575	1158.11	50.7847	3.41625e-15	1.23754	4.57376	2.09977	1.61661	615	0	0.0686532	0	20	20
0.00785918	0.000827378	1157.97	50.0946	2.94039e-15	1.19498	4.46083	2.0983	1.61661	615	0	0.0690123	0	20	20
0.007861	0.000827182	1157.84	49.4105	2.53082e-15	1.15388	4.3507	2.09685	1.61661	615	0	0.0693677	0	20	20
0.0078628	0.00082699	1157.71	48.7324	2.1783e-15	1.11419	4.24328	2.0954	1.61661	615	0	0.0697193	0	20	20
0.0078646	0.0008268	1157.58	48.0603	1.87488e-15	1.07587	4.13851	2.09397	1.61661	615	0	0.0700673	0	20	20
0.00786638	0.000826612	1157.46	47.3943	1.61372e-15	1.03886	4.03633	2.09255	1.61661	615	0	0.0704116	0	20	20
0.00786815	0.000826426	1157.34	46.7344	1.38894e-15	1.00313	3.93667	2.09113	1.61661	615	0	0.0707522	0	20	20
0.00786991	0.000826243	1157.22	46.0807	1.19547e-15	0.968629	3.83948	2.08973	1.61661	615	0	0.0710892	0	20	20
0.00787166	0.000826063	1157.1	45.4331	1.02895e-15	0.935313	3.74468	2.08834	1.61661	615	0	0.0714226	0	20	20
0.0078734	0.000825884	1156.99	44.7917	8.85629e-16	0.903144	3.65222	2.08695	1.61661	615	0	0.0717524	0	20	20
0.00787513	0.000825708	1156.88	44.1566	7.62268e-16	0.87208	3.56205	2.08558	1.61661	615	0	0.0720786	0	20	20
0.00787649	0.00082557	1156.77	43.5277	6.5609e-16	0.842086	3.4741	2.0845	1.61661	615	0	0.0727891	0	20	20
0.00787744	0.000825473	1156.67	42.9051	5.64702e-16	0.813122	3.38832	2.08374	1.61661	615	0	0.0739052	0	20	20
0.00787842	0.000825379	1156.58	42.2887	4.86043e-16	0.785155	3.30467	2.08297	1.61661	615	0	0.0749764	0	20	20
0.00787942	0.000825287	1156.5	41.6786	4.18342e-16	0.75815	3.22307	2.08218	1.61661	615	0	0.076004	0	20	20
0.00788044	0.000825197	1156.42	41.0748	3.6007e-16	0.732074	3.1435	2.08137	1.61661	615	0	0.0769897	0	20	20
0.00788148	0.000825108	1156.35	40.4774	3.09915e-16	0.706895	3.06588	2.08054	1.61661	615	0	0.0779348	0	20	20
0.00788255	0.000825022	1156.28	39.8862	2.66746e-16	0.682581	2.99019	2.0797	1.61661	615	0	0.0788409	0	20	20
0.00788363	0.000824936	1156.22	39.3013	2.29591e-16	0.659104	2.91636	2.07884	1.61661	615	0	0.0797093	0	20	20
0.00788474	0.000824852	1156.17	38.7228	1.97611e-16	0.636435	2.84435	2.07797	1.61661	615	0	0.0805414	0	20	20
0.00788586	0.00082477	1156.12	38.1505	1.70085e-16	0.614545	2.77413	2.07708	1.61661	615	0	0.0813384	0	20	20
0.00788701	0.000824688	1156.07	37.5846	1.46393e-16	0.593408	2.70563	2.07617	1.61661	615	0	0.0821017	0	20	20
0.00788817	0.000824608	1156.03	37.025	1.26002e-16	0.572998	2.63883	2.07526	1.61661	615	0	0.0828324	0	20	20
0.00788935	0.000824528	1156	36.4717	1.08451e-16	0.55329	2.57368	2.07432	1.61661	615	0	0.0835317	0	20	20
0.00789055	0.000824449	1155.97	35.9246	9.33446e-17	0.53426	2.51013	2.07338	1.61661	615	0	0.0842009	0	20	20
0.00789176	0.000824371	1155.95	35.3838	8.03424e-17	0.515884	2.44816	2.07242	1.61661	615	0	0.0848409	0	20	20
0.007893	0.000824293	1155.92	34.8493	6.91514e-17	0.49814	2.38771	2.07145	1.61661	615	0	0.085453	0	20	20
0.00789425	0.000824216	1155.91	34.321	5.95191e-17	0.481007	2.32876	2.07047	1.61661	615	0	0.0860381	0	20	20
0.00789551	0.000824139	1155.89	33.799	5.12286e-17	0.464463	2.27126	2.06947	1.61661	615	0	0.0865972	0	20	20
0.00789679	0.000824063	1155.88	33.2831	4.40929e-17	0.448488	2.21518	2.06846	1.61661	615	0	0.0871314	0	20	20
0.00789809	0.000823987	1155.88	32.7735	3.79511e-17	0.433062	2.16049	2.06745	1.61661	615	0	0.0876416	0	20	20
0.00789939	0.000823912	1155.87	32.27	3.26648e-17	0.418167	2.10715	2.06642	1.61661	615	0	0.0881287	0	20	20
0.00790072	0.000823836	1155.87	31.7726	2.81149e-17	0.403785	2.05512	2.06538	1.61661	615	0	0.0885936	0	20	20
0.00790205	0.000823761	1155.88	31.2814	2.41987e-17	0.389897	2.00438	2.06434	1.61661	615	0	0.0890371	0	20	20
0.0079034	0.000823686	1155.88	30.7962	2.0828e-17	0.376486	1.95489	2.06328	1.61661	615	0	0.0894602	0	20	20
0.00790476	0.000823611	1155.89	30.3171	1.79268e-17	0.363537	1.90663	2.06222	1.61661	615	0	0.0898636	0	20	20
0.00790613	0.000823536	1155.9	29.844	1.54298e-17	0.351034	1.85955	2.06114	1.61661	615	0	0.0902481	0	20	20
0.00790751	0.000823462	1155.91	29.3769	1.32805e-17	0.33896	1.81364	2.06006	1.61661	615	0	0.0906144	0	20	20
0.0079089	0.000823387	1155.93	28.9158	1.14306e-17	0.327301	1.76886	2.05898	1.61661	615	0	0.0909633	0	20	20
0.0079103	0.000823312	1155.95	28.4606	9.83845e-18	0.316044	1.72519	2.05788	1.61661	615	0	0.0912954	0	20	20
0.00791172	0.000823238	1155.97	28.0113	8.46803e-18	0.305174	1.68259	2.05678	1.61661	615	0	0.0916115	0	20	20
0.00791314	0.000823163	1155.99	27.5678	7.2885e-18	0.294678	1.64105	2.05567	1.61661	615	0	0.0919123	0	20	20
0.00791457	0.000823089	1156.01	27.1302	6.27327e-18	0.284542	1.60053	2.05456	1.61661	615	0	0.0921982	0	20	20
0.007916	0.000823014	1156.04	26.6983	5.39946e-18	0.274756	1.56101	2.05344	1.61661	615	0	0.09247	0	20	20
0.00791745	0.000822939	1156.07	26.2722	4.64735e-18	0.265305	1.52247	2.05232	1.61661	615	0	0.0927283	0	20	20
0.0079189	0.000822864	1156.1	25.8518	4.00001e-18	0.25618	1.48488	2.05119	1.61661	615	0	0.0929735	0	20	20
0.00792036	0.00082279	1156.13	25.4371	3.44284e-18	0.247369	1.44822	2.05006	1.61661	615	0	0.0932063	0	20	20
0.00792182	0.000822715	1156.16	25.0279	2.96328e-18	0.238861	1.41246	2.04892	1.61661	615	0	0.0934271	0	20	20
0.00792329	0.00082264	1156.2	24.6244	2.55052e-18	0.230645	1.37759	2.04778	1.61661	615	0	0.0936366	0	20	20
0.00792477	0.000822565	1156.23	24.2264	2.19525e-18	0.222713	1.34358	2.04663	1.61661	615	0	0.0938351	0	20	20
0.00792625	0.000822489	1156.27	23.8338	1.88947e-18	0.215052	1.3104	2.04549	1.61661	615	0	0.0940231	0	20	20
0.00792774	0.000822414	1156.31	23.4467	1.62628e-18	0.207656	1.27805	2.04434	1.61661	615	0	0.0942011	0	20	20
0.00792923	0.000822339	1156.34	23.065	1.39976e-18	0.200514	1.2465	2.04318	1.61661	615	0	0.0943696	0	20	20
0.00793072	0.000822263	1156.39	22.6887	1.20478e-18	0.193617	1.21572	2.04203	1.61661	615	0	0.0945289	0	20	20
0.00793222	0.000822188	1156.43	22.3176	1.03696e-18	0.186958	1.1857	2.04087	1.61661	615	0	0.0946794	0	20	20
0.00793372	0.000822112	1156.47	21.9519	8.92524e-19	0.180527	1.15643	2.03971	1.61661	615	0	0.0948215	0	20	20
0.00793523	0.000822036	1156.51	21.5913	7.68203e-19	0.174318	1.12788	2.03855	1.61661	615	0	0.0949557	0	20	20
0.00793674	0.00082196	1156.56	21.2359	6.61198e-19	0.168322	1.10003	2.03739	1.61661	615	0	0.0950822	0	20	20
0.00793825	0.000821884	1156.6	20.8855	5.69098e-19	0.162533	1.07287	2.03623	1.61661	615	0	0.0952013	0	20	20
0.00793976	0.000821808	1156.65	20.5403	4.89828e-19	0.156943	1.04638	2.03506	1.61661	615	0	0.0953135	0	20	20
0.00794128	0.000821732	1156.7	20.2	4.21598e-19	0.151545	1.02054	2.0339	1.61661	615	0	0.0954191	0	20	20
0.0079428	0.000821656	1156.75	19.8648	3.62873e-19	0.146333	0.995347	2.03273	1.61661	615	0	0.0955183	0	20	20
0.00794432	0.000821579	1156.8	19.5344	3.12328e-19	0.141299	0.970771	2.03156	1.61661	615	0	0.0956114	0	20	20
0.00794584	0.000821503	1156.85	19.2089	2.68823e-19	0.13644	0.946803	2.0304	1.61661	615	0	0.0956987	0	20	20
0.00794736	0.000821426	1156.9	18.8882	2.31378e-19	0.131747	0.923426	2.02923	1.61661	615	0	0.0957805	0	20	20
0.00794889	0.00082135	1156.95	18.5723	1.99149e-19	0.127215	0.900627	2.02806	1.61661	615	0	0.095857	0	20	20
0.00795041	0.000821273	1157	18.261	1.71409e-19	0.12284	0.87839	2.0269	1.61661	615	0	0.0959285	0	20	20
0.00795194	0.000821196	1157.05	17.9545	1.47533e-19	0.118615	0.856703	2.02573	1.61661	615	0	0.0959952	0	20	20
0.00795346	0.000821119	1157.1	17.6525	1.26983e-19	0.114535	0.835551	2.02456	1.61661	615	0	0.0960573	0	20	20
0.00795499	0.000821042	1157.16	17.3551	1.09295e-19	0.110596	0.814921	2.0234	1.61661	615	0	0.0961151	0	20	20
