0.00936804	
0.0074373	
0.0058768	
0.00508708	
0.00460694	
0.00427297	
0.00401592	
0.0038073	
0.0036483	
0.00355549	
0.00355512	
0.00367886	
0.00389629	
0.00418637	
0.00454086	
0.00496061	
0.00545216	
0.0060256	
0.00669322	
0.00746817	
0.00836274	
0.00938552	
0.0105368	
0.0118017	
0.0131412	
0.0144958	
0.0158322	
0.0171289	
0.0183661	
0.0195155	
0.0203466	
0.0207595	
0.0207569	
0.0203564	
0.0195936	
0.0185275	
0.0172457	
0.0158612	
0.0144948	
0.0132491	
0.0121891	
0.0113404	
0.0107005	
0.0102518	
0.00997063	
0.00983014	
0.00986518	
0.0111198	
0.0127974	
0.0150742	
0.0174901	
0.0194875	
0.021042	
0.0224188	
0.0238133	
0.0253215	
0.0269674	
0.0287329	
0.0305742	
0.0324329	
0.0342452	
0.0359514	
0.0375037	
0.0388713	
0.0400414	
0.0410171	
0.0418128	
0.0424495	
0.0429506	
0.0433388	
0.0436348	
0.0438562	
0.044018	
