0.00866572	0.000693067	1111.6	256.922	76.5	0	0	1.56526	1.61661	615	0	0.149389	0	20	20
0.00874083	0.000705036	1139.33	256.922	76.4694	18.5315	6.24503	1.52525	1.61661	615	0	-0.0959606	0	20	20
0.00885707	0.000729835	1193.01	256.922	76.4339	54.3225	18.4277	1.46598	1.61661	615	0	-0.54223	0	20	20
0.00893897	0.000754822	1243.71	256.922	76.3927	88.8838	30.31	1.42606	1.61661	615	0	-0.929518	0	20	20
0.00899611	0.000779948	1292.19	256.922	76.3448	122.249	41.8965	1.39906	1.61661	615	0	-1.26962	0	20	20
0.00903436	0.000804827	1338.28	256.922	76.2893	154.452	53.1919	1.38136	1.61661	615	0	-1.5694	0	20	20
0.00905855	0.000829188	1381.98	256.922	76.2249	185.526	64.2011	1.37033	1.61661	615	0	-1.83438	0	20	20
0.00907241	0.000852873	1423.36	256.922	76.1502	215.503	74.9291	1.36405	1.61661	615	0	-2.06966	0	20	20
0.00907875	0.000875817	1462.59	256.922	76.0636	244.416	85.3809	1.3612	1.61661	615	0	-2.27976	0	20	20
0.00907958	0.000898013	1499.87	256.922	75.9633	272.297	95.5621	1.36082	1.61661	615	0	-2.46856	0	20	20
0.0090764	0.00091949	1535.4	256.922	75.847	299.179	105.478	1.36226	1.61661	615	0	-2.63932	0	20	20
0.00907025	0.000940291	1569.38	256.922	75.7124	325.095	115.136	1.36503	1.61661	615	0	-2.79469	0	20	20
0.00906191	0.00096046	1601.96	256.922	75.5566	350.077	124.54	1.3688	1.61661	615	0	-2.93683	0	20	20
0.00905192	0.000980041	1633.28	256.922	75.3764	374.16	133.699	1.37334	1.61661	615	0	-3.06753	0	20	20
0.0090407	0.000999069	1663.45	256.922	75.1681	397.377	142.619	1.37846	1.61661	615	0	-3.18821	0	20	20
0.00902855	0.00101757	1692.56	256.922	74.9275	419.764	151.308	1.38403	1.61661	615	0	-3.30006	0	20	20
0.0090157	0.00103558	1720.67	256.922	74.6499	441.357	159.774	1.38996	1.61661	615	0	-3.40409	0	20	20
0.00900231	0.00105312	1747.86	256.922	74.33	462.191	168.026	1.39617	1.61661	615	0	-3.50114	0	20	20
0.00898853	0.0010702	1774.16	256.922	73.9617	482.307	176.073	1.4026	1.61661	615	0	-3.59194	0	20	20
0.00897443	0.00108684	1799.62	256.922	73.5383	501.741	183.926	1.40922	1.61661	615	0	-3.67711	0	20	20
0.00896011	0.00110307	1824.27	256.922	73.0526	520.535	191.594	1.41599	1.61661	615	0	-3.75723	0	20	20
0.00894561	0.0011189	1848.17	256.922	72.4961	538.73	199.088	1.42289	1.61661	615	0	-3.83278	0	20	20
0.00893098	0.00113434	1871.33	256.922	71.8602	556.366	206.42	1.42989	1.61661	615	0	-3.90423	0	20	20
0.00891623	0.00114943	1893.81	256.922	71.1353	573.484	213.601	1.437	1.61661	615	0	-3.97197	0	20	20
0.00890139	0.00116418	1915.62	256.922	70.3111	590.126	220.643	1.4442	1.61661	615	0	-4.03638	0	20	20
0.00888648	0.00117862	1936.82	256.922	69.3773	606.331	227.557	1.45148	1.61661	615	0	-4.09777	0	20	20
0.00887148	0.00119276	1957.42	256.922	68.323	622.136	234.354	1.45885	1.61661	615	0	-4.15644	0	20	20
0.00885642	0.00120662	1977.45	256.922	67.1377	637.572	241.042	1.46631	1.61661	615	0	-4.21264	0	20	20
0.0088413	0.00122021	1996.94	256.922	65.8111	652.668	247.629	1.47385	1.61661	615	0	-4.2666	0	20	20
0.00882612	0.00123354	2015.89	256.922	64.3342	667.443	254.121	1.48146	1.61661	615	0	-4.31847	0	20	20
0.0088109	0.00124661	2034.31	256.922	62.6995	681.906	260.519	1.48915	1.61661	615	0	-4.3684	0	20	20
0.00879567	0.00125941	2052.18	256.922	60.9015	696.057	266.822	1.4969	1.61661	615	0	-4.41647	0	20	20
0.00878046	0.00127192	2069.47	256.922	58.9379	709.88	273.023	1.5047	1.61661	615	0	-4.46271	0	20	20
0.00876532	0.00128411	2086.15	256.922	56.8097	723.344	279.11	1.5125	1.61661	615	0	-4.50711	0	20	20
0.00875033	0.00129594	2102.16	256.922	54.5225	736.404	285.068	1.52029	1.61661	615	0	-4.54961	0	20	20
0.00873557	0.00130734	2117.41	256.922	52.086	748.997	290.872	1.52801	1.61661	615	0	-4.5901	0	20	20
0.00872113	0.00131824	2131.82	256.922	49.5151	761.045	296.495	1.53561	1.61661	615	0	-4.62843	0	20	20
0.00870714	0.00132856	2145.27	256.922	46.8297	772.458	301.904	1.54303	1.61661	615	0	-4.66442	0	20	20
0.00869372	0.0013382	2157.67	256.922	44.0538	783.134	307.064	1.55019	1.61661	615	0	-4.69786	0	20	20
0.00868099	0.00134709	2168.88	256.922	41.2153	792.969	311.935	1.55701	1.61661	615	0	-4.72854	0	20	20
0.00866909	0.00135511	2178.8	256.922	38.3448	801.858	316.481	1.56343	1.61661	615	0	-4.75623	0	20	20
0.00865815	0.00136219	2187.33	256.922	35.4743	809.702	320.665	1.56937	1.61661	615	0	-4.78074	0	20	20
0.00864828	0.00136825	2194.38	256.922	32.6358	816.416	324.453	1.57475	1.61661	615	0	-4.80191	0	20	20
0.00863957	0.00137322	2199.87	256.922	29.8599	821.928	327.819	1.57951	1.61661	615	0	-4.81958	0	20	20
0.00863211	0.00137706	2203.77	256.922	27.1745	826.188	330.743	1.58362	1.61661	615	0	-4.83367	0	20	20
0.00862593	0.00137976	2206.06	256.922	24.6037	829.17	333.212	1.58702	1.61661	615	0	-4.84414	0	20	20
0.00862106	0.00138129	2206.75	256.922	22.1672	830.869	335.219	1.58971	1.61661	615	0	-4.85099	0	20	20
0.00861741	0.0013817	2205.87	256.922	19.8799	831.303	336.768	1.59173	1.61661	615	0	-4.85366	0	20	20
0.00861413	0.00138114	2203.49	256.922	17.7517	830.508	337.869	1.59355	1.61661	615	0	-4.84707	0	20	20
0.00861118	0.00137965	2199.69	256.922	15.7881	828.541	338.535	1.59519	1.61661	615	0	-4.83169	0	20	20
0.00860855	0.00137729	2194.57	256.922	13.9901	825.469	338.788	1.59665	1.61661	615	0	-4.8081	0	20	20
0.00860622	0.00137414	2188.22	256.922	12.3554	821.369	338.651	1.59795	1.61661	615	0	-4.77694	0	20	20
0.00860415	0.00137024	2180.75	256.922	10.8785	816.326	338.15	1.5991	1.61661	615	0	-4.73891	0	20	20
0.00860233	0.00136568	2172.27	256.922	9.55195	810.424	337.312	1.60011	1.61661	615	0	-4.69469	0	20	20
0.00860074	0.00136052	2162.87	256.922	8.36659	803.75	336.164	1.60101	1.61661	615	0	-4.64498	0	20	20
0.00859934	0.00135481	2152.67	256.922	7.31231	796.387	334.734	1.60179	1.61661	615	0	-4.59043	0	20	20
0.00859811	0.00134863	2141.76	256.922	6.37848	788.416	333.046	1.60248	1.61661	615	0	-4.53169	0	20	20
0.00859704	0.00134202	2130.21	256.922	5.55436	779.91	331.127	1.60308	1.61661	615	0	-4.46933	0	20	20
0.0085961	0.00133504	2118.12	256.922	4.8294	770.938	328.998	1.6036	1.61661	615	0	-4.40389	0	20	20
0.00859528	0.00132774	2105.55	256.922	4.19349	761.563	326.681	1.60406	1.61661	615	0	-4.33585	0	20	20
0.00859456	0.00132016	2092.58	256.922	3.63707	751.841	324.194	1.60446	1.61661	615	0	-4.26566	0	20	20
0.00859393	0.00131233	2079.25	256.922	3.15127	741.822	321.554	1.60482	1.61661	615	0	-4.1937	0	20	20
0.00859338	0.0013043	2065.62	256.922	2.72794	731.552	318.778	1.60512	1.61661	615	0	-4.1203	0	20	20
0.00859289	0.00129608	2051.73	256.922	2.35965	721.068	315.879	1.60539	1.61661	615	0	-4.04577	0	20	20
0.00859247	0.00128771	2037.62	256.922	2.03971	710.406	312.869	1.60563	1.61661	615	0	-3.97037	0	20	20
0.0085921	0.0012792	2023.34	256.922	1.76213	699.596	309.758	1.60584	1.61661	615	0	-3.89432	0	20	20
0.00859178	0.00127058	2008.9	256.922	1.52155	688.664	306.557	1.60602	1.61661	615	0	-3.81783	0	20	20
0.00859149	0.00126187	1994.33	256.922	1.31324	677.634	303.275	1.60618	1.61661	615	0	-3.74105	0	20	20
0.00859125	0.00125308	1979.67	256.922	1.13301	666.524	299.918	1.60631	1.61661	615	0	-3.66414	0	20	20
0.00859105	0.00124422	1964.92	256.922	0.977206	655.352	296.494	1.60643	1.61661	615	0	-3.58724	0	20	20
0.00859088	0.0012353	1950.11	256.922	0.842585	644.135	293.008	1.60652	1.61661	615	0	-3.51044	0	20	20
0.00859075	0.00122634	1935.26	256.922	0.726331	632.884	289.467	1.6066	1.61661	615	0	-3.43384	0	20	20
0.00859065	0.00121735	1920.37	256.922	0.625985	621.611	285.875	1.60665	1.61661	615	0	-3.35754	0	20	20
0.00859059	0.00120833	1905.46	256.922	0.539403	610.328	282.236	1.60669	1.61661	615	0	-3.28159	0	20	20
0.00859056	0.00119929	1890.54	256.922	0.464724	599.043	278.555	1.6067	1.61661	615	0	-3.20608	0	20	20
0.00859057	0.00119023	1875.63	256.922	0.400329	587.764	274.836	1.6067	1.61661	615	0	-3.13106	0	20	20
0.00859062	0.00118117	1860.73	256.922	0.344818	576.499	271.082	1.60667	1.61661	615	0	-3.05658	0	20	20
0.00859072	0.00117211	1845.86	256.922	0.296973	565.255	267.296	1.60661	1.61661	615	0	-2.98269	0	20	20
0.00859086	0.00116305	1831.01	256.922	0.255745	554.037	263.482	1.60654	1.61661	615	0	-2.90942	0	20	20
0.00859105	0.001154	1816.21	256.922	0.220224	542.853	259.643	1.60643	1.61661	615	0	-2.83683	0	20	20
0.00859129	0.00114497	1801.45	256.922	0.189625	531.707	255.781	1.6063	1.61661	615	0	-2.76494	0	20	20
0.00859159	0.00113596	1786.76	256.922	0.163268	520.605	251.9	1.60613	1.61661	615	0	-2.69379	0	20	20
0.00859194	0.00112697	1772.12	256.922	0.140567	509.552	248.001	1.60593	1.61661	615	0	-2.62342	0	20	20
0.00859237	0.00111801	1757.56	256.922	0.121018	498.552	244.088	1.60569	1.61661	615	0	-2.55384	0	20	20
0.00859286	0.00110908	1743.08	256.922	0.104184	487.61	240.164	1.60541	1.61661	615	0	-2.48509	0	20	20
0.00859342	0.00110019	1728.69	256.922	0.0896893	476.731	236.23	1.6051	1.61661	615	0	-2.4172	0	20	20
0.00859407	0.00109134	1714.4	256.922	0.0772089	465.919	232.289	1.60474	1.61661	615	0	-2.35019	0	20	20
0.0085948	0.00108254	1700.2	256.922	0.0664636	455.18	228.344	1.60433	1.61661	615	0	-2.28408	0	20	20
0.00859562	0.00107379	1686.12	256.922	0.0572127	444.516	224.397	1.60387	1.61661	615	0	-2.2189	0	20	20
0.00859653	0.00106509	1672.15	256.922	0.0492485	433.932	220.45	1.60336	1.61661	615	0	-2.15466	0	20	20
0.00859755	0.00105646	1658.31	256.922	0.0423924	423.434	216.507	1.60279	1.61661	615	0	-2.0914	0	20	20
0.00859867	0.00104789	1644.6	256.922	0.0364903	413.025	212.568	1.60216	1.61661	615	0	-2.02913	0	20	20
0.0085999	0.00103938	1631.03	256.922	0.0314096	402.709	208.638	1.60147	1.61661	615	0	-1.96787	0	20	20
0.00860125	0.00103095	1617.61	256.922	0.027036	392.491	204.717	1.60072	1.61661	615	0	-1.90764	0	20	20
0.00860273	0.0010226	1604.35	256.922	0.0232712	382.375	200.809	1.5999	1.61661	615	0	-1.84846	0	20	20
0.00860433	0.00101433	1591.24	256.921	0.0200306	372.366	196.915	1.599	1.61661	615	0	-1.79035	0	20	20
0.00860607	0.00100615	1578.31	256.921	0.0172411	362.467	193.039	1.59803	1.61661	615	0	-1.73331	0	20	20
0.00860795	0.000998055	1565.55	256.921	0.01484	352.684	189.181	1.59698	1.61661	615	0	-1.67737	0	20	20
0.00860998	0.000990059	1552.98	256.921	0.0127733	343.02	185.346	1.59586	1.61661	615	0	-1.62254	0	20	20
0.00861216	0.000982162	1540.6	256.921	0.0109943	333.48	181.534	1.59464	1.61661	615	0	-1.56884	0	20	20
0.0086145	0.000974371	1528.43	256.921	0.00946308	324.067	177.749	1.59334	1.61661	615	0	-1.51628	0	20	20
0.00861701	0.000966688	1516.45	256.921	0.00814509	314.787	173.993	1.59196	1.61661	615	0	-1.46486	0	20	20
0.00861968	0.00095912	1504.7	256.921	0.00701065	305.643	170.267	1.59048	1.61661	615	0	-1.41461	0	20	20
0.00862252	0.000951669	1493.16	256.92	0.0060342	296.64	166.574	1.5889	1.61661	615	0	-1.36553	0	20	20
0.00862554	0.000944342	1481.85	256.92	0.00519374	287.781	162.917	1.58723	1.61661	615	0	-1.31763	0	20	20
0.00862874	0.000937141	1470.77	256.92	0.00447034	279.072	159.297	1.58547	1.61661	615	0	-1.27093	0	20	20
0.00863213	0.000930072	1459.94	256.92	0.00384768	270.515	155.717	1.5836	1.61661	615	0	-1.22542	0	20	20
0.0086357	0.000923138	1449.35	256.92	0.00331176	262.116	152.179	1.58164	1.61661	615	0	-1.18112	0	20	20
0.00863947	0.000916344	1439.02	256.919	0.00285047	253.877	148.685	1.57957	1.61661	615	0	-1.13803	0	20	20
0.00864342	0.000909694	1428.94	256.919	0.00245344	245.804	145.237	1.57741	1.61661	615	0	-1.09616	0	20	20
0.00864756	0.000903192	1419.13	256.919	0.0021117	237.9	141.837	1.57514	1.61661	615	0	-1.05552	0	20	20
0.0086519	0.000896842	1409.6	256.918	0.00181757	230.168	138.488	1.57277	1.61661	615	0	-1.0161	0	20	20
0.00865642	0.000890648	1400.33	256.918	0.0015644	222.613	135.191	1.57031	1.61661	615	0	-0.977913	0	20	20
0.00866114	0.000884614	1391.35	256.918	0.00134649	215.238	131.949	1.56774	1.61661	615	0	-0.94096	0	20	20
0.00866603	0.000878744	1382.66	256.917	0.00115894	208.047	128.763	1.56509	1.61661	615	0	-0.905242	0	20	20
0.00867111	0.000873041	1374.26	256.917	0.000997512	201.044	125.636	1.56234	1.61661	615	0	-0.870762	0	20	20
0.00867636	0.000867508	1366.15	256.916	0.000858568	194.232	122.568	1.5595	1.61661	615	0	-0.83752	0	20	20
0.00868178	0.00086215	1358.34	256.916	0.000738977	187.614	119.563	1.55659	1.61661	615	0	-0.805517	0	20	20
0.00868736	0.000856968	1350.83	256.915	0.000636045	181.193	116.622	1.55359	1.61661	615	0	-0.774752	0	20	20
0.00869309	0.000851968	1343.63	256.915	0.000547449	174.974	113.747	1.55052	1.61661	615	0	-0.745227	0	20	20
0.00869896	0.000847151	1336.74	256.914	0.000471194	168.958	110.94	1.54739	1.61661	615	0	-0.716938	0	20	20
0.00870495	0.000842518	1330.16	256.913	0.000405561	163.147	108.2	1.54419	1.61661	615	0	-0.689873	0	20	20
0.00871107	0.000838066	1323.87	256.912	0.00034907	157.535	105.529	1.54094	1.61661	615	0	-0.663988	0	20	20
0.00871732	0.000833787	1317.88	256.911	0.000300448	152.117	102.923	1.53763	1.61661	615	0	-0.639229	0	20	20
0.00872369	0.000829675	1312.17	256.91	0.000258598	146.885	100.382	1.53426	1.61661	615	0	-0.615545	0	20	20
0.00873018	0.000825725	1306.73	256.909	0.000222577	141.833	97.9038	1.53085	1.61661	615	0	-0.592888	0	20	20
0.00873678	0.000821931	1301.55	256.908	0.000191574	136.955	95.4866	1.52737	1.61661	615	0	-0.57121	0	20	20
0.00874351	0.000818286	1296.62	256.907	0.000164889	132.244	93.129	1.52385	1.61661	615	0	-0.550469	0	20	20
0.00875036	0.000814786	1291.93	256.905	0.000141922	127.696	90.8297	1.52028	1.61661	615	0	-0.530621	0	20	20
0.00875731	0.000811425	1287.47	256.904	0.000122153	123.304	88.5871	1.51666	1.61661	615	0	-0.511626	0	20	20
0.00876438	0.000808199	1283.25	256.902	0.000105138	119.063	86.3998	1.51299	1.61661	615	0	-0.493447	0	20	20
0.00877156	0.000805101	1279.23	256.9	9.04933e-05	114.968	84.2666	1.50928	1.61661	615	0	-0.476048	0	20	20
0.00877885	0.000802129	1275.43	256.898	7.78883e-05	111.013	82.1861	1.50552	1.61661	615	0	-0.459392	0	20	20
0.00878623	0.000799276	1271.83	256.896	6.70391e-05	107.195	80.1569	1.50173	1.61661	615	0	-0.443449	0	20	20
0.00879372	0.000796539	1268.42	256.894	5.77011e-05	103.508	78.1778	1.4979	1.61661	615	0	-0.428185	0	20	20
0.0088013	0.000793913	1265.2	256.891	4.96638e-05	99.948	76.2476	1.49403	1.61661	615	0	-0.413571	0	20	20
0.00880897	0.000791395	1262.16	256.888	4.2746e-05	96.5103	74.365	1.49013	1.61661	615	0	-0.399579	0	20	20
0.00881674	0.000788979	1259.29	256.885	3.67919e-05	93.1909	72.529	1.4862	1.61661	615	0	-0.386181	0	20	20
0.00882458	0.000786663	1256.59	256.881	3.1667e-05	89.9856	70.7382	1.48224	1.61661	615	0	-0.373351	0	20	20
0.00883251	0.000784443	1254.05	256.878	2.72561e-05	86.8906	68.9917	1.47825	1.61661	615	0	-0.361064	0	20	20
0.00884052	0.000782315	1251.66	256.874	2.34595e-05	83.902	67.2883	1.47424	1.61661	615	0	-0.349298	0	20	20
0.00884859	0.000780275	1249.42	256.869	2.01918e-05	81.0162	65.6269	1.4702	1.61661	615	0	-0.338028	0	20	20
0.00885674	0.00077832	1247.32	256.864	1.73792e-05	78.2297	64.0066	1.46615	1.61661	615	0	-0.327234	0	20	20
0.00886495	0.000776448	1245.36	256.859	1.49585e-05	75.539	62.4262	1.46208	1.61661	615	0	-0.316895	0	20	20
0.0088733	0.000774675	1243.57	256.853	1.28749e-05	72.9409	60.8849	1.45796	1.61661	615	0	-0.30709	0	20	20
0.00888212	0.000773077	1242.13	256.847	1.10815e-05	70.4321	59.3817	1.45362	1.61661	615	0	-0.298156	0	20	20
0.00889164	0.000771701	1241.12	256.84	9.53793e-06	68.0096	57.9155	1.44896	1.61661	615	0	-0.290299	0	20	20
0.00890181	0.000770534	1240.55	256.833	8.20938e-06	65.6705	56.4856	1.44399	1.61661	615	0	-0.283448	0	20	20
0.00891262	0.000769565	1240.37	256.825	7.06588e-06	63.4118	55.091	1.43874	1.61661	615	0	-0.277537	0	20	20
0.00892404	0.000768782	1240.57	256.816	6.08166e-06	61.2308	53.7308	1.43323	1.61661	615	0	-0.272507	0	20	20
0.00893604	0.000768176	1241.13	256.806	5.23453e-06	59.1247	52.4042	1.42746	1.61661	615	0	-0.268299	0	20	20
0.0089486	0.000767736	1242.03	256.796	4.5054e-06	57.0912	51.1103	1.42146	1.61661	615	0	-0.264862	0	20	20
0.00896169	0.000767454	1243.26	256.784	3.87783e-06	55.1275	49.8484	1.41524	1.61661	615	0	-0.262145	0	20	20
0.00897527	0.000767321	1244.79	256.772	3.33768e-06	53.2315	48.6176	1.40883	1.61661	615	0	-0.260102	0	20	20
0.00898932	0.000767328	1246.61	256.758	2.87277e-06	51.4006	47.4172	1.40223	1.61661	615	0	-0.258689	0	20	20
0.00900382	0.000767468	1248.71	256.743	2.47262e-06	49.6327	46.2465	1.39547	1.61661	615	0	-0.257864	0	20	20
0.00901872	0.000767734	1251.07	256.727	2.1282e-06	47.9256	45.1047	1.38856	1.61661	615	0	-0.257588	0	20	20
0.00903401	0.000768118	1253.67	256.709	1.83176e-06	46.2772	43.991	1.38153	1.61661	615	0	-0.257823	0	20	20
0.00904964	0.000768614	1256.5	256.69	1.57661e-06	44.6855	42.9049	1.37438	1.61661	615	0	-0.258534	0	20	20
0.0090656	0.000769215	1259.56	256.668	1.357e-06	43.1486	41.8456	1.36713	1.61661	615	0	-0.259688	0	20	20
0.00908185	0.000769915	1262.81	256.645	1.16798e-06	41.6645	40.8124	1.35981	1.61661	615	0	-0.261251	0	20	20
0.00909835	0.000770707	1266.26	256.62	1.00529e-06	40.2315	39.8047	1.35242	1.61661	615	0	-0.263195	0	20	20
0.00911509	0.000771586	1269.88	256.593	8.65262e-07	38.8477	38.8219	1.34498	1.61661	615	0	-0.265489	0	20	20
0.00913203	0.000772546	1273.68	256.563	7.44738e-07	37.5116	37.8634	1.33752	1.61661	615	0	-0.268107	0	20	20
0.00914913	0.000773582	1277.62	256.53	6.41002e-07	36.2214	36.9286	1.33003	1.61661	615	0	-0.271021	0	20	20
0.00916637	0.000774689	1281.71	256.495	5.51715e-07	34.9756	36.0168	1.32254	1.61661	615	0	-0.274207	0	20	20
0.00918372	0.000775861	1285.92	256.456	4.74866e-07	33.7726	35.1276	1.31506	1.61661	615	0	-0.277641	0	20	20
0.00920115	0.000777094	1290.26	256.414	4.08721e-07	32.611	34.2603	1.3076	1.61661	615	0	-0.281301	0	20	20
0.00921863	0.000778382	1294.7	256.367	3.51789e-07	31.4894	33.4144	1.30017	1.61661	615	0	-0.285165	0	20	20
0.00923614	0.000779722	1299.24	256.317	3.02788e-07	30.4063	32.5894	1.29279	1.61661	615	0	-0.289213	0	20	20
0.00925364	0.000781108	1303.86	256.262	2.60612e-07	29.3605	31.7847	1.28547	1.61661	615	0	-0.293427	0	20	20
0.0092711	0.000782536	1308.56	256.202	2.24311e-07	28.3506	31	1.27822	1.61661	615	0	-0.297787	0	20	20
0.00928851	0.000784002	1313.32	256.137	1.93066e-07	27.3755	30.2346	1.27105	1.61661	615	0	-0.302278	0	20	20
0.00930584	0.000785502	1318.14	256.066	1.66173e-07	26.434	29.4881	1.26396	1.61661	615	0	-0.306882	0	20	20
0.00932305	0.000787031	1323	255.988	1.43027e-07	25.5248	28.76	1.25697	1.61661	615	0	-0.311586	0	20	20
0.00934014	0.000788587	1327.9	255.904	1.23104e-07	24.6469	28.0499	1.25009	1.61661	615	0	-0.316375	0	20	20
0.00935707	0.000790164	1332.82	255.812	1.05957e-07	23.7991	27.3574	1.24331	1.61661	615	0	-0.321235	0	20	20
0.00937383	0.000791759	1337.76	255.711	9.11979e-08	22.9806	26.6819	1.23666	1.61661	615	0	-0.326154	0	20	20
0.00939039	0.000793369	1342.7	255.602	7.84948e-08	22.1902	26.0231	1.23012	1.61661	615	0	-0.33112	0	20	20
0.00940674	0.000794989	1347.64	255.482	6.75611e-08	21.427	25.3806	1.22372	1.61661	615	0	-0.336122	0	20	20
0.00942286	0.000796617	1352.57	255.352	5.81504e-08	20.69	24.754	1.21745	1.61661	615	0	-0.341147	0	20	20
0.00943872	0.000798248	1357.48	255.211	5.00505e-08	19.9784	24.1428	1.21132	1.61661	615	0	-0.346186	0	20	20
0.00945433	0.00079988	1362.37	255.056	4.30789e-08	19.2912	23.5467	1.20534	1.61661	615	0	-0.351228	0	20	20
0.00946965	0.000801509	1367.22	254.888	3.70783e-08	18.6277	22.9653	1.19949	1.61661	615	0	-0.356263	0	20	20
0.00948469	0.000803132	1372.02	254.705	3.19136e-08	17.987	22.3983	1.1938	1.61661	615	0	-0.36128	0	20	20
0.00949943	0.000804747	1376.78	254.505	2.74683e-08	17.3683	21.8453	1.18825	1.61661	615	0	-0.36627	0	20	20
0.00951385	0.000806348	1381.48	254.287	2.36422e-08	16.771	21.3059	1.18285	1.61661	615	0	-0.37122	0	20	20
0.00952796	0.000807935	1386.11	254.051	2.0349e-08	16.1941	20.7799	1.17761	1.61661	615	0	-0.376122	0	20	20
0.00954174	0.000809505	1390.68	253.793	1.75146e-08	15.6372	20.2668	1.17251	1.61661	615	0	-0.380963	0	20	20
0.00955519	0.000811053	1395.16	253.512	1.50749e-08	15.0993	19.7664	1.16757	1.61661	615	0	-0.385731	0	20	20
0.00956831	0.000812579	1399.57	253.207	1.29751e-08	14.58	19.2784	1.16277	1.61661	615	0	-0.390416	0	20	20
0.0095811	0.00081408	1403.89	252.874	1.11678e-08	14.0785	18.8024	1.15812	1.61661	615	0	-0.395003	0	20	20
0.00959354	0.000815553	1408.12	252.513	9.61219e-09	13.5943	18.3382	1.15362	1.61661	615	0	-0.399481	0	20	20
0.00960565	0.000816996	1412.25	252.12	8.27329e-09	13.1267	17.8854	1.14926	1.61661	615	0	-0.403835	0	20	20
0.00961742	0.000818409	1416.28	251.692	7.12089e-09	12.6752	17.4438	1.14505	1.61661	615	0	-0.408051	0	20	20
0.00962886	0.000819788	1420.21	251.227	6.129e-09	12.2393	17.0131	1.14097	1.61661	615	0	-0.412114	0	20	20
0.00963997	0.000821133	1424.03	250.722	5.27528e-09	11.8183	16.5931	1.13703	1.61661	615	0	-0.416008	0	20	20
0.00965076	0.000822443	1427.75	250.174	4.54048e-09	11.4118	16.1834	1.13322	1.61661	615	0	-0.419718	0	20	20
0.00966122	0.000823716	1431.35	249.578	3.90803e-09	11.0193	15.7838	1.12955	1.61661	615	0	-0.423227	0	20	20
0.00967137	0.000824952	1434.84	248.931	3.36367e-09	10.6403	15.3941	1.12599	1.61661	615	0	-0.426518	0	20	20
0.00968121	0.00082615	1438.22	248.229	2.89514e-09	10.2743	15.014	1.12256	1.61661	615	0	-0.429574	0	20	20
0.00969074	0.000827311	1441.48	247.468	2.49187e-09	9.92096	14.6433	1.11925	1.61661	615	0	-0.432377	0	20	20
0.00969998	0.000828434	1444.64	246.644	2.14477e-09	9.57973	14.2818	1.11606	1.61661	615	0	-0.434908	0	20	20
0.00970893	0.000829519	1447.67	245.75	1.84602e-09	9.25024	13.9292	1.11298	1.61661	615	0	-0.43715	0	20	20
0.0097176	0.000830568	1450.6	244.783	1.58888e-09	8.93208	13.5853	1.11	1.61661	615	0	-0.439083	0	20	20
0.00972599	0.000831581	1453.42	243.736	1.36757e-09	8.62487	13.2498	1.10713	1.61661	615	0	-0.440689	0	20	20
0.00973412	0.000832559	1456.12	242.604	1.17707e-09	8.32822	12.9227	1.10436	1.61661	615	0	-0.441948	0	20	20
0.00974198	0.000833504	1458.73	241.382	1.01312e-09	8.04177	12.6036	1.10169	1.61661	615	0	-0.442841	0	20	20
0.0097496	0.000834416	1461.22	240.062	8.71998e-10	7.76518	12.2925	1.09911	1.61661	615	0	-0.44335	0	20	20
0.00975696	0.000835299	1463.62	238.639	7.50536e-10	7.4981	11.989	1.09662	1.61661	615	0	-0.443455	0	20	20
0.00976409	0.000836154	1465.92	237.106	6.45992e-10	7.24021	11.6929	1.09422	1.61661	615	0	-0.443136	0	20	20
0.00977099	0.000836984	1468.13	235.455	5.56011e-10	6.99118	11.4042	1.0919	1.61661	615	0	-0.442375	0	20	20
0.00977766	0.000837791	1470.25	233.681	4.78563e-10	6.75072	11.1227	1.08967	1.61661	615	0	-0.441154	0	20	20
0.00978411	0.000838579	1472.28	231.775	4.11903e-10	6.51853	10.8481	1.08752	1.61661	615	0	-0.439454	0	20	20
0.00979034	0.00083935	1474.24	229.732	3.54528e-10	6.29433	10.5802	1.08544	1.61661	615	0	-0.437258	0	20	20
0.00979637	0.000840109	1476.13	227.543	3.05145e-10	6.07784	10.319	1.08344	1.61661	615	0	-0.43455	0	20	20
0.0098022	0.000840858	1477.95	225.203	2.62641e-10	5.8688	10.0642	1.08151	1.61661	615	0	-0.431315	0	20	20
0.00980783	0.000841603	1479.71	222.704	2.26057e-10	5.66694	9.81573	1.07965	1.61661	615	0	-0.427537	0	20	20
0.00981327	0.000842348	1481.43	220.041	1.94569e-10	5.47203	9.57337	1.07785	1.61661	615	0	-0.423206	0	20	20
0.00981852	0.000843098	1483.1	217.207	1.67467e-10	5.28382	9.33701	1.07612	1.61661	615	0	-0.418309	0	20	20
0.00982359	0.000843857	1484.74	214.198	1.4414e-10	5.10209	9.10648	1.07446	1.61661	615	0	-0.412838	0	20	20
0.00982848	0.000844632	1486.36	211.009	1.24063e-10	4.9266	8.88164	1.07286	1.61661	615	0	-0.406788	0	20	20
0.00983319	0.000845429	1487.96	207.637	1.06782e-10	4.75715	8.66235	1.07131	1.61661	615	0	-0.400154	0	20	20
0.00983774	0.000846253	1489.57	204.079	9.1908e-11	4.59353	8.44847	1.06983	1.61661	615	0	-0.392936	0	20	20
0.00984212	0.000847112	1491.19	200.334	7.91059e-11	4.43554	8.23988	1.0684	1.61661	615	0	-0.385136	0	20	20
0.00984633	0.000848014	1492.83	196.403	6.80871e-11	4.28298	8.03644	1.06703	1.61661	615	0	-0.376761	0	20	20
0.00985038	0.000848965	1494.52	192.286	5.86031e-11	4.13567	7.83802	1.06571	1.61661	615	0	-0.367819	0	20	20
0.00985428	0.000849973	1496.26	187.988	5.04402e-11	3.99343	7.6445	1.06445	1.61661	615	0	-0.358325	0	20	20
0.00985801	0.000851048	1498.07	183.513	4.34142e-11	3.85607	7.45575	1.06324	1.61661	615	0	-0.348294	0	20	20
0.00986159	0.000852198	1499.98	178.869	3.7367e-11	3.72345	7.27167	1.06209	1.61661	615	0	-0.337749	0	20	20
0.0098639	0.000853592	1502.12	174.063	3.21621e-11	3.59538	7.09213	1.06134	1.61661	615	0	-0.318512	0	20	20
0.00986295	0.000855659	1504.98	169.107	2.76821e-11	3.47172	6.91703	1.06165	1.61661	615	0	-0.277175	0	20	20
0.00986179	0.000858314	1508.85	164.012	2.38262e-11	3.35231	6.74624	1.06202	1.61661	615	0	-0.2373	0	20	20
0.00986028	0.000861517	1513.64	158.793	2.05074e-11	3.23701	6.57968	1.06251	1.61661	615	0	-0.198863	0	20	20
0.00985827	0.000865229	1519.26	153.466	1.76509e-11	3.12567	6.41723	1.06316	1.61661	615	0	-0.161882	0	20	20
0.00985566	0.00086941	1525.62	148.048	1.51923e-11	3.01817	6.25878	1.064	1.61661	615	0	-0.126398	0	20	20
0.00985237	0.000874024	1532.66	142.558	1.30761e-11	2.91436	6.10425	1.06507	1.61661	615	0	-0.0924746	0	20	20
0.00984837	0.000879029	1540.28	137.015	1.12547e-11	2.81412	5.95354	1.06637	1.61661	615	0	-0.0601865	0	20	20
0.00984363	0.000884387	1548.43	131.44	9.68703e-12	2.71733	5.80655	1.06791	1.61661	615	0	-0.0296132	0	20	20
0.00983818	0.000890059	1557.03	125.854	8.3377e-12	2.62387	5.66318	1.06969	1.61661	615	0	-0.000830416	0	20	20
0.00983204	0.000896005	1566.01	120.278	7.17633e-12	2.53362	5.52336	1.07169	1.61661	615	0	0.0260967	0	20	20
0.0098253	0.000902187	1575.33	114.732	6.17672e-12	2.44648	5.38698	1.0739	1.61661	615	0	0.0511206	0	20	20
0.00981801	0.000908567	1584.92	109.238	5.31635e-12	2.36233	5.25398	1.07629	1.61661	615	0	0.0742156	0	20	20
0.00981028	0.000915107	1594.73	103.815	4.57583e-12	2.28108	5.12426	1.07884	1.61661	615	0	0.0953815	0	20	20
0.0098022	0.000921775	1604.73	98.4812	3.93845e-12	2.20262	4.99774	1.08151	1.61661	615	0	0.114644	0	20	20
0.00979389	0.000928536	1614.86	93.2547	3.38986e-12	2.12687	4.87435	1.08426	1.61661	615	0	0.132056	0	20	20
0.00978544	0.00093536	1625.09	88.1513	2.91768e-12	2.05371	4.754	1.08707	1.61661	615	0	0.147692	0	20	20
0.00977697	0.000942221	1635.39	83.1853	2.51127e-12	1.98308	4.63662	1.0899	1.61661	615	0	0.161648	0	20	20
0.00976857	0.000949094	1645.73	78.3691	2.16147e-12	1.91487	4.52214	1.09272	1.61661	615	0	0.174036	0	20	20
0.00976032	0.000955957	1656.09	73.7134	1.86039e-12	1.84901	4.41049	1.09549	1.61661	615	0	0.184976	0	20	20
0.00975229	0.000962793	1666.46	69.2271	1.60125e-12	1.78541	4.30159	1.0982	1.61661	615	0	0.194599	0	20	20
0.00974455	0.000969586	1676.8	64.917	1.37821e-12	1.724	4.19539	1.10082	1.61661	615	0	0.203035	0	20	20
0.00973712	0.000976325	1687.12	60.7885	1.18624e-12	1.66471	4.0918	1.10334	1.61661	615	0	0.210412	0	20	20
0.00973003	0.000982999	1697.4	56.8447	1.02101e-12	1.60745	3.99078	1.10575	1.61661	615	0	0.216854	0	20	20
0.0097233	0.000989608	1707.63	53.0875	8.78787e-13	1.55216	3.89224	1.10805	1.61661	615	0	0.222478	0	20	20
0.0097168	0.000996266	1718.02	49.5173	7.56379e-13	1.49878	3.79614	1.11027	1.61661	615	0	0.227407	0	20	20
0.00971043	0.00100308	1728.73	46.1327	6.51022e-13	1.44723	3.70242	1.11246	1.61661	615	0	0.231754	0	20	20
0.00970416	0.00101005	1739.75	42.9317	5.60339e-13	1.39745	3.611	1.11462	1.61661	615	0	0.235605	0	20	20
0.00969795	0.00101717	1751.06	39.9107	4.82289e-13	1.34939	3.52185	1.11676	1.61661	615	0	0.239037	0	20	20
0.00969179	0.00102442	1762.66	37.0654	4.1511e-13	1.30297	3.43489	1.11889	1.61661	615	0	0.242114	0	20	20
0.00968564	0.00103181	1774.52	34.3909	3.57288e-13	1.25816	3.35009	1.12102	1.61661	615	0	0.244893	0	20	20
0.00967949	0.00103933	1786.62	31.8813	3.07521e-13	1.21489	3.26737	1.12316	1.61661	615	0	0.247422	0	20	20
0.00967331	0.00104697	1798.96	29.5306	2.64686e-13	1.1731	3.1867	1.12532	1.61661	615	0	0.249741	0	20	20
0.00966707	0.00105472	1811.51	27.3321	2.27817e-13	1.13275	3.10802	1.1275	1.61661	615	0	0.251884	0	20	20
0.00966076	0.00106258	1824.26	25.2792	1.96084e-13	1.09379	3.03128	1.12971	1.61661	615	0	0.253878	0	20	20
0.00965437	0.00107054	1837.19	23.3647	1.68771e-13	1.05617	2.95644	1.13195	1.61661	615	0	0.255746	0	20	20
0.00964789	0.0010786	1850.28	21.5817	1.45263e-13	1.01984	2.88345	1.13424	1.61661	615	0	0.257506	0	20	20
0.00964129	0.00108675	1863.53	19.9232	1.25029e-13	0.984767	2.81225	1.13656	1.61661	615	0	0.259175	0	20	20
0.00963459	0.00109497	1876.91	18.3821	1.07613e-13	0.950896	2.74282	1.13894	1.61661	615	0	0.260763	0	20	20
0.00962775	0.00110327	1890.4	16.9518	9.26235e-14	0.91819	2.6751	1.14137	1.61661	615	0	0.262281	0	20	20
0.0096208	0.00111163	1904	15.6254	7.97218e-14	0.88661	2.60905	1.14384	1.61661	615	0	0.263737	0	20	20
0.00961371	0.00112005	1917.68	14.3966	6.86172e-14	0.856115	2.54463	1.14638	1.61661	615	0	0.265135	0	20	20
0.00960649	0.00112852	1931.43	13.2592	5.90593e-14	0.826669	2.4818	1.14896	1.61661	615	0	0.266482	0	20	20
0.00959914	0.00113703	1945.23	12.207	5.08329e-14	0.798236	2.42053	1.1516	1.61661	615	0	0.26778	0	20	20
0.00959166	0.00114557	1959.08	11.2345	4.37522e-14	0.770781	2.36077	1.1543	1.61661	615	0	0.269032	0	20	20
0.00958405	0.00115414	1972.94	10.3363	3.76579e-14	0.744271	2.30248	1.15705	1.61661	615	0	0.270241	0	20	20
0.00957632	0.00116273	1986.82	9.50702	3.24125e-14	0.718672	2.24563	1.15986	1.61661	615	0	0.271407	0	20	20
0.00956846	0.00117133	2000.69	8.74195	2.78977e-14	0.693953	2.19018	1.16272	1.61661	615	0	0.272533	0	20	20
0.00956048	0.00117994	2014.55	8.03644	2.40117e-14	0.670085	2.13611	1.16563	1.61661	615	0	0.273619	0	20	20
0.00955239	0.00118853	2028.37	7.38618	2.06671e-14	0.647038	2.08337	1.16859	1.61661	615	0	0.274665	0	20	20
0.00954419	0.00119712	2042.14	6.7871	1.77883e-14	0.624783	2.03193	1.17161	1.61661	615	0	0.275673	0	20	20
0.00953588	0.00120569	2055.86	6.2354	1.53106e-14	0.603294	1.98176	1.17467	1.61661	615	0	0.276643	0	20	20
0.00952748	0.00121424	2069.5	5.72751	1.31779e-14	0.582544	1.93283	1.17779	1.61661	615	0	0.277575	0	20	20
0.00951898	0.00122275	2083.06	5.26013	1.13423e-14	0.562508	1.88511	1.18094	1.61661	615	0	0.27847	0	20	20
0.0095104	0.00123122	2096.53	4.83015	9.76244e-15	0.543161	1.83857	1.18414	1.61661	615	0	0.279328	0	20	20
0.00950173	0.00123965	2109.89	4.4347	8.40261e-15	0.524479	1.79317	1.18739	1.61661	615	0	0.28015	0	20	20
0.00949299	0.00124802	2123.12	4.0711	7.2322e-15	0.506439	1.7489	1.19067	1.61661	615	0	0.280935	0	20	20
0.00948419	0.00125633	2136.23	3.73687	6.22481e-15	0.489021	1.70572	1.19399	1.61661	615	0	0.281685	0	20	20
0.00947533	0.00126458	2149.2	3.42971	5.35774e-15	0.472201	1.6636	1.19734	1.61661	615	0	0.2824	0	20	20
0.00946641	0.00127275	2162.01	3.14749	4.61145e-15	0.45596	1.62253	1.20073	1.61661	615	0	0.283081	0	20	20
0.00945745	0.00128085	2174.67	2.88822	3.96911e-15	0.440277	1.58247	1.20414	1.61661	615	0	0.283728	0	20	20
0.00944846	0.00128886	2187.16	2.65009	3.41625e-15	0.425134	1.5434	1.20758	1.61661	615	0	0.284342	0	20	20
0.00943944	0.00129679	2199.47	2.4314	2.94039e-15	0.410512	1.50529	1.21105	1.61661	615	0	0.284924	0	20	20
0.00943039	0.00130462	2211.59	2.2306	2.53082e-15	0.396392	1.46812	1.21454	1.61661	615	0	0.285475	0	20	20
0.00942134	0.00131234	2223.51	2.04625	2.1783e-15	0.382759	1.43188	1.21804	1.61661	615	0	0.285995	0	20	20
0.00941228	0.00131997	2235.24	1.87703	1.87488e-15	0.369594	1.39652	1.22156	1.61661	615	0	0.286485	0	20	20
0.00940322	0.00132748	2246.76	1.7217	1.61372e-15	0.356882	1.36204	1.2251	1.61661	615	0	0.286947	0	20	20
0.00939417	0.00133488	2258.05	1.57915	1.38894e-15	0.344607	1.32841	1.22864	1.61661	615	0	0.28738	0	20	20
0.00938513	0.00134216	2269.13	1.44833	1.19547e-15	0.332754	1.29562	1.23219	1.61661	615	0	0.287787	0	20	20
0.00937613	0.00134932	2279.98	1.3283	1.02895e-15	0.32131	1.26363	1.23575	1.61661	615	0	0.288167	0	20	20
0.00936715	0.00135635	2290.6	1.21816	8.85629e-16	0.310258	1.23243	1.2393	1.61661	615	0	0.288523	0	20	20
0.00935821	0.00136325	2300.97	1.11712	7.62268e-16	0.299587	1.202	1.24286	1.61661	615	0	0.288854	0	20	20
0.00934932	0.00137001	2311.11	1.02442	6.5609e-16	0.289283	1.17232	1.24641	1.61661	615	0	0.289161	0	20	20
0.00934048	0.00137664	2321	0.939392	5.64702e-16	0.279333	1.14338	1.24995	1.61661	615	0	0.289447	0	20	20
0.0093317	0.00138313	2330.64	0.861395	4.86043e-16	0.269726	1.11515	1.25348	1.61661	615	0	0.28971	0	20	20
0.00932298	0.00138947	2340.02	0.789853	4.18342e-16	0.260448	1.08761	1.257	1.61661	615	0	0.289954	0	20	20
0.00931434	0.00139567	2349.15	0.724237	3.6007e-16	0.25149	1.06076	1.2605	1.61661	615	0	0.290177	0	20	20
0.00930577	0.00140172	2358.03	0.664057	3.09915e-16	0.242841	1.03457	1.26399	1.61661	615	0	0.290382	0	20	20
0.00929728	0.00140763	2366.64	0.608866	2.66746e-16	0.234488	1.00903	1.26745	1.61661	615	0	0.290568	0	20	20
0.00928888	0.00141338	2374.99	0.558252	2.29591e-16	0.226423	0.984113	1.2709	1.61661	615	0	0.290737	0	20	20
0.00928057	0.00141898	2383.08	0.511838	1.97611e-16	0.218635	0.959816	1.27431	1.61661	615	0	0.29089	0	20	20
0.00927236	0.00142443	2390.91	0.469275	1.70085e-16	0.211115	0.936118	1.2777	1.61661	615	0	0.291026	0	20	20
0.00926425	0.00142972	2398.48	0.430245	1.46393e-16	0.203854	0.913005	1.28106	1.61661	615	0	0.291148	0	20	20
0.00925625	0.00143486	2405.78	0.394457	1.26002e-16	0.196843	0.890463	1.28439	1.61661	615	0	0.291255	0	20	20
0.00924835	0.00143984	2412.82	0.361641	1.08451e-16	0.190072	0.868477	1.28768	1.61661	615	0	0.291349	0	20	20
0.00924056	0.00144467	2419.6	0.331552	9.33446e-17	0.183535	0.847034	1.29094	1.61661	615	0	0.291429	0	20	20
0.00923289	0.00144934	2426.12	0.303963	8.03424e-17	0.177222	0.826121	1.29416	1.61661	615	0	0.291497	0	20	20
0.00922534	0.00145386	2432.38	0.278668	6.91514e-17	0.171127	0.805724	1.29734	1.61661	615	0	0.291553	0	20	20
0.0092179	0.00145822	2438.39	0.255475	5.95191e-17	0.165241	0.78583	1.30048	1.61661	615	0	0.291598	0	20	20
0.00921059	0.00146243	2444.14	0.234211	5.12286e-17	0.159558	0.766428	1.30358	1.61661	615	0	0.291631	0	20	20
0.0092034	0.00146648	2449.64	0.214716	4.40929e-17	0.15407	0.747505	1.30664	1.61661	615	0	0.291655	0	20	20
0.00919634	0.00147038	2454.89	0.196842	3.79511e-17	0.148771	0.729049	1.30965	1.61661	615	0	0.291668	0	20	20
0.00918941	0.00147413	2459.89	0.180455	3.26648e-17	0.143654	0.711049	1.31262	1.61661	615	0	0.291672	0	20	20
0.0091826	0.00147773	2464.65	0.165431	2.81149e-17	0.138713	0.693493	1.31554	1.61661	615	0	0.291668	0	20	20
0.00917592	0.00148118	2469.17	0.151657	2.41987e-17	0.133942	0.676371	1.31841	1.61661	615	0	0.291654	0	20	20
0.00916938	0.00148448	2473.46	0.139029	2.0828e-17	0.129335	0.659671	1.32124	1.61661	615	0	0.291633	0	20	20
0.00916296	0.00148764	2477.5	0.127453	1.79268e-17	0.124886	0.643384	1.32402	1.61661	615	0	0.291603	0	20	20
0.00915667	0.00149066	2481.32	0.11684	1.54298e-17	0.120591	0.627498	1.32674	1.61661	615	0	0.291567	0	20	20
0.00915052	0.00149353	2484.92	0.10711	1.32805e-17	0.116443	0.612005	1.32942	1.61661	615	0	0.291523	0	20	20
0.00914449	0.00149626	2488.29	0.09819	1.14306e-17	0.112438	0.596895	1.33205	1.61661	615	0	0.291472	0	20	20
0.0091386	0.00149885	2491.45	0.0900127	9.83845e-18	0.108571	0.582158	1.33463	1.61661	615	0	0.291415	0	20	20
0.00913283	0.00150131	2494.39	0.0825162	8.46803e-18	0.104837	0.567784	1.33716	1.61661	615	0	0.291352	0	20	20
0.0091272	0.00150364	2497.12	0.0756439	7.2885e-18	0.101231	0.553765	1.33964	1.61661	615	0	0.291283	0	20	20
0.00912169	0.00150583	2499.65	0.0693438	6.27327e-18	0.0977492	0.540093	1.34207	1.61661	615	0	0.291209	0	20	20
0.00911631	0.0015079	2501.98	0.0635682	5.39946e-18	0.0943871	0.526758	1.34444	1.61661	615	0	0.291129	0	20	20
0.00911106	0.00150984	2504.11	0.0582736	4.64735e-18	0.0911407	0.513752	1.34677	1.61661	615	0	0.291044	0	20	20
0.00910593	0.00151166	2506.06	0.0534199	4.00001e-18	0.088006	0.501068	1.34905	1.61661	615	0	0.290954	0	20	20
0.00910092	0.00151336	2507.81	0.0489704	3.44284e-18	0.0849791	0.488696	1.35127	1.61661	615	0	0.29086	0	20	20
0.00909604	0.00151494	2509.39	0.0448914	2.96328e-18	0.0820562	0.47663	1.35345	1.61661	615	0	0.290761	0	20	20
0.00909128	0.0015164	2510.79	0.0411522	2.55052e-18	0.0792339	0.464862	1.35558	1.61661	615	0	0.290658	0	20	20
0.00908664	0.00151776	2512.01	0.0377243	2.19525e-18	0.0765087	0.453385	1.35766	1.61661	615	0	0.290551	0	20	20
0.00908212	0.001519	2513.07	0.0345819	1.88947e-18	0.0738772	0.442191	1.35969	1.61661	615	0	0.290441	0	20	20
0.00907771	0.00152013	2513.97	0.0317013	1.62628e-18	0.0713363	0.431273	1.36167	1.61661	615	0	0.290327	0	20	20
0.00907341	0.00152116	2514.71	0.0290606	1.39976e-18	0.0688827	0.420625	1.3636	1.61661	615	0	0.290209	0	20	20
0.00906923	0.00152209	2515.29	0.0266398	1.20478e-18	0.0665135	0.410239	1.36549	1.61661	615	0	0.290088	0	20	20
0.00906516	0.00152292	2515.73	0.0244207	1.03696e-18	0.0642258	0.400111	1.36733	1.61661	615	0	0.289964	0	20	20
0.0090612	0.00152366	2516.02	0.0223864	8.92524e-19	0.0620168	0.390232	1.36913	1.61661	615	0	0.289837	0	20	20
0.00905734	0.0015243	2516.17	0.0205216	7.68203e-19	0.0598837	0.380597	1.37088	1.61661	615	0	0.289708	0	20	20
0.00905359	0.00152485	2516.19	0.0188121	6.61198e-19	0.0578241	0.3712	1.37258	1.61661	615	0	0.289576	0	20	20
0.00904994	0.00152531	2516.07	0.0172449	5.69098e-19	0.0558352	0.362035	1.37424	1.61661	615	0	0.289441	0	20	20
0.00904639	0.00152569	2515.83	0.0158084	4.89828e-19	0.0539148	0.353096	1.37586	1.61661	615	0	0.289304	0	20	20
0.00904294	0.00152598	2515.46	0.0144915	4.21598e-19	0.0520604	0.344378	1.37744	1.61661	615	0	0.289165	0	20	20
0.00903958	0.00152619	2514.98	0.0132843	3.62873e-19	0.0502698	0.335876	1.37897	1.61661	615	0	0.289024	0	20	20
0.00903632	0.00152633	2514.38	0.0121776	3.12328e-19	0.0485408	0.327583	1.38046	1.61661	615	0	0.288881	0	20	20
0.00903316	0.00152639	2513.68	0.0111631	2.68823e-19	0.0468713	0.319495	1.38192	1.61661	615	0	0.288736	0	20	20
0.00903008	0.00152637	2512.86	0.0102332	2.31378e-19	0.0452592	0.311606	1.38333	1.61661	615	0	0.288589	0	20	20
0.00902709	0.00152629	2511.95	0.0093807	1.99149e-19	0.0437025	0.303913	1.3847	1.61661	615	0	0.288441	0	20	20
0.00902419	0.00152614	2510.94	0.00859923	1.71409e-19	0.0421994	0.296409	1.38604	1.61661	615	0	0.288291	0	20	20
0.00902137	0.00152592	2509.83	0.00788286	1.47533e-19	0.0407479	0.289091	1.38734	1.61661	615	0	0.28814	0	20	20
0.00901863	0.00152564	2508.63	0.00722616	1.26983e-19	0.0393464	0.281953	1.3886	1.61661	615	0	0.287988	0	20	20
0.00901597	0.0015253	2507.34	0.00662417	1.09295e-19	0.0379931	0.274992	1.38983	1.61661	615	0	0.287835	0	20	20
