0.00121475	
0.00147232	
0.000506205	
0.000317287	
0.000261461	
0.000237984	
0.000227514	
0.00022476	
0.000227631	
0.000233688	
0.000240441	
0.000257151	
0.000292594	
0.000346864	
0.000423913	
0.00053227	
0.000686998	
0.000913526	
0.00125388	
0.00177349	
0.00255715	
0.0036661	
0.00506358	
0.00662968	
0.00827115	
0.00993946	
0.0116218	
0.0133079	
0.0148909	
0.0162905	
0.0175413	
0.0186639	
0.0196674	
0.0205504	
0.0213019	
0.0219011	
0.0223194	
0.0225211	
0.0224678	
0.0221238	
0.0214661	
0.0204974	
0.0192575	
0.0181865	
0.0166515	
0.0150541	
0.0139758	
0.0134996	
0.0135054	
0.0138523	
0.0145659	
0.0156742	
0.0172026	
0.0191674	
0.021559	
0.0243195	
0.0273277	
0.0304065	
0.0333578	
0.0360123	
0.0382692	
0.0401032	
0.0415436	
0.042646	
0.0434718	
0.0440771	
0.0445096	
0.0448082	
0.0450042	
0.0451224	
0.0451821	
0.0451984	
0.045183	
