0.00858545	0.000699061	1125.53	352.087	76.5	0	0	1.60957	1.61661	615	0	0.148013	0	20	20
0.00876834	0.000715511	1173.18	351.88	76.4694	34.2611	11.5459	1.51094	1.61661	615	0	-2.23865	0	20	20
0.00908689	0.00074705	1263.51	351.669	76.4339	100.483	34.0865	1.35755	1.61661	615	0	-5.89912	0	20	20
0.00934808	0.000776995	1347.16	351.454	76.3927	164.534	56.1068	1.2469	1.61661	615	0	-8.55982	0	20	20
0.00956737	0.000807346	1428.61	351.236	76.3448	226.483	77.6175	1.16311	1.61661	615	0	-10.6838	0	20	20
0.009742	0.000838829	1508.17	351.013	76.2893	286.397	98.6296	1.10168	1.61661	615	0	-12.4696	0	20	20
0.0098668	0.000871971	1585.46	350.787	76.2249	344.345	119.155	1.0604	1.61661	615	0	-14.078	0	20	20
0.00994533	0.000906836	1660.41	350.556	76.1502	400.396	139.206	1.03548	1.61661	615	0	-15.5962	0	20	20
0.00999081	0.000942699	1733.09	350.322	76.0636	454.62	158.796	1.02141	1.61661	615	0	-17.0155	0	20	20
0.0100161	0.000978757	1803.57	350.083	75.9633	507.088	177.94	1.01368	1.61661	615	0	-18.3065	0	20	20
0.0100294	0.00101449	1871.93	349.841	75.847	557.875	196.652	1.00965	1.61661	615	0	-19.4594	0	20	20
0.0100354	0.00104964	1938.26	349.594	75.7124	607.055	214.95	1.00785	1.61661	615	0	-20.4799	0	20	20
0.0100367	0.00108406	2002.65	349.342	75.5566	654.708	232.852	1.00746	1.61661	615	0	-21.3802	0	20	20
0.0100349	0.0011177	2065.2	349.087	75.3764	700.915	250.378	1.00801	1.61661	615	0	-22.1743	0	20	20
0.0100309	0.00115055	2126.02	348.826	75.1681	745.764	267.548	1.0092	1.61661	615	0	-22.8756	0	20	20
0.0100255	0.00118263	2185.2	348.562	74.9275	789.343	284.387	1.01083	1.61661	615	0	-23.4964	0	20	20
0.010019	0.00121396	2242.88	348.293	74.6499	831.749	300.921	1.01279	1.61661	615	0	-24.0471	0	20	20
0.0100118	0.00124461	2299.16	348.019	74.33	873.08	317.176	1.01499	1.61661	615	0	-24.537	0	20	20
0.010004	0.00127461	2354.19	347.74	73.9617	913.444	333.184	1.01737	1.61661	615	0	-24.9741	0	20	20
0.00999575	0.00130405	2408.09	347.456	73.5383	952.95	348.976	1.01989	1.61661	615	0	-25.3651	0	20	20
0.00998717	0.00133298	2461.01	347.168	73.0526	991.714	364.587	1.02252	1.61661	615	0	-25.7158	0	20	20
0.0099783	0.0013615	2513.1	346.875	72.4961	1029.86	380.054	1.02525	1.61661	615	0	-26.0313	0	20	20
0.00996919	0.00138968	2564.5	346.576	71.8602	1067.5	395.414	1.02806	1.61661	615	0	-26.3159	0	20	20
0.00995985	0.0014176	2615.39	346.273	71.1353	1104.78	410.708	1.03096	1.61661	615	0	-26.5734	0	20	20
0.00995029	0.00144535	2665.9	345.964	70.3111	1141.8	425.975	1.03393	1.61661	615	0	-26.8068	0	20	20
0.0099405	0.00147301	2716.19	345.65	69.3773	1178.7	441.253	1.03699	1.61661	615	0	-27.0189	0	20	20
0.00993047	0.00150066	2766.41	345.331	68.323	1215.59	456.58	1.04014	1.61661	615	0	-27.212	0	20	20
0.0099202	0.00152838	2816.66	345.006	67.1377	1252.57	471.989	1.04337	1.61661	615	0	-27.388	0	20	20
0.00990966	0.0015562	2867.06	344.676	65.8111	1289.73	487.506	1.0467	1.61661	615	0	-27.5483	0	20	20
0.00989886	0.00158418	2917.67	344.34	64.3342	1327.11	503.151	1.05013	1.61661	615	0	-27.6942	0	20	20
0.00988781	0.00161233	2968.51	343.998	62.6995	1364.74	518.93	1.05366	1.61661	615	0	-27.8265	0	20	20
0.00987651	0.00164063	3019.56	343.651	60.9015	1402.61	534.839	1.05728	1.61661	615	0	-27.9458	0	20	20
0.009865	0.00166903	3070.72	343.298	58.9379	1440.66	550.854	1.06098	1.61661	615	0	-28.0523	0	20	20
0.00985334	0.00169744	3121.83	342.939	56.8097	1478.75	566.934	1.06475	1.61661	615	0	-28.1463	0	20	20
0.0098416	0.00172574	3172.66	342.573	54.5225	1516.72	583.018	1.06857	1.61661	615	0	-28.2275	0	20	20
0.00982987	0.00175375	3222.91	342.202	52.086	1554.32	599.025	1.0724	1.61661	615	0	-28.2957	0	20	20
0.00981827	0.00178125	3272.19	341.825	49.5151	1591.27	614.852	1.07621	1.61661	615	0	-28.3506	0	20	20
0.00980693	0.00180799	3320.05	341.441	46.8297	1627.22	630.38	1.07994	1.61661	615	0	-28.3918	0	20	20
0.00979602	0.0018337	3366.01	341.051	44.0538	1661.78	645.476	1.08355	1.61661	615	0	-28.4188	0	20	20
0.00978569	0.00185808	3409.55	340.654	41.2153	1694.56	659.998	1.08699	1.61661	615	0	-28.4314	0	20	20
0.00977611	0.00188084	3450.15	340.251	38.3448	1725.16	673.802	1.09019	1.61661	615	0	-28.4294	0	20	20
0.00976744	0.00190169	3487.32	339.841	35.4743	1753.17	686.749	1.09309	1.61661	615	0	-28.4126	0	20	20
0.00975982	0.00192038	3520.61	339.425	32.6358	1778.26	698.712	1.09566	1.61661	615	0	-28.381	0	20	20
0.00975337	0.0019367	3549.64	339.001	29.8599	1800.12	709.579	1.09783	1.61661	615	0	-28.3347	0	20	20
0.0097482	0.00195047	3574.12	338.571	27.1745	1818.52	719.264	1.09958	1.61661	615	0	-28.2742	0	20	20
0.00974437	0.0019616	3593.87	338.133	24.6037	1833.33	727.703	1.10088	1.61661	615	0	-28.1997	0	20	20
0.00974192	0.00197001	3608.79	337.689	22.1672	1844.46	734.862	1.10171	1.61661	615	0	-28.1117	0	20	20
0.00974085	0.00197572	3618.9	337.237	19.8799	1851.92	740.732	1.10207	1.61661	615	0	-28.0109	0	20	20
0.00974115	0.00197879	3624.31	336.778	17.7517	1855.78	745.328	1.10197	1.61661	615	0	-27.8979	0	20	20
0.00974275	0.00197931	3625.19	336.312	15.7881	1856.2	748.686	1.10143	1.61661	615	0	-27.7734	0	20	20
0.00974561	0.00197742	3621.78	335.838	13.9901	1853.35	750.86	1.10046	1.61661	615	0	-27.638	0	20	20
0.00974942	0.00197332	3614.37	335.357	12.3554	1847.46	751.916	1.09917	1.61661	615	0	-27.4664	0	20	20
0.00975386	0.00196722	3603.28	334.867	10.8785	1838.77	751.931	1.09767	1.61661	615	0	-27.2304	0	20	20
0.00975886	0.0019593	3588.85	334.37	9.55195	1827.55	750.986	1.09598	1.61661	615	0	-26.9367	0	20	20
0.00976437	0.00194975	3571.41	333.866	8.36659	1814.06	749.163	1.09413	1.61661	615	0	-26.592	0	20	20
0.00977032	0.00193875	3551.28	333.353	7.31231	1798.54	746.545	1.09213	1.61661	615	0	-26.203	0	20	20
0.00977663	0.00192646	3528.79	332.832	6.37848	1781.26	743.21	1.09001	1.61661	615	0	-25.7763	0	20	20
0.00978326	0.00191306	3504.22	332.303	5.55436	1762.43	739.235	1.0878	1.61661	615	0	-25.3177	0	20	20
0.00979015	0.00189868	3477.86	331.765	4.8294	1742.28	734.689	1.0855	1.61661	615	0	-24.8327	0	20	20
0.00979725	0.00188346	3449.95	331.219	4.19349	1720.99	729.636	1.08315	1.61661	615	0	-24.3264	0	20	20
0.0098045	0.00186752	3420.7	330.665	3.63707	1698.75	724.135	1.08075	1.61661	615	0	-23.8032	0	20	20
0.00981188	0.00185098	3390.33	330.102	3.15127	1675.7	718.238	1.07831	1.61661	615	0	-23.2671	0	20	20
0.00981933	0.00183393	3359	329.531	2.72794	1651.98	711.992	1.07586	1.61661	615	0	-22.7214	0	20	20
0.00982683	0.00181645	3326.87	328.95	2.35965	1627.71	705.439	1.07339	1.61661	615	0	-22.1692	0	20	20
0.00983435	0.00179861	3294.07	328.361	2.03971	1603	698.613	1.07094	1.61661	615	0	-21.613	0	20	20
0.00984186	0.00178048	3260.72	327.763	1.76213	1577.94	691.549	1.06849	1.61661	615	0	-21.055	0	20	20
0.00984933	0.00176212	3226.92	327.155	1.52155	1552.6	684.274	1.06606	1.61661	615	0	-20.4971	0	20	20
0.00985675	0.00174357	3192.76	326.539	1.31324	1527.04	676.811	1.06365	1.61661	615	0	-19.9408	0	20	20
0.00986409	0.00172487	3158.3	325.913	1.13301	1501.34	669.183	1.06128	1.61661	615	0	-19.3875	0	20	20
0.00987134	0.00170606	3123.62	325.278	0.977206	1475.53	661.409	1.05894	1.61661	615	0	-18.8383	0	20	20
0.00987848	0.00168716	3088.76	324.633	0.842585	1449.66	653.504	1.05665	1.61661	615	0	-18.2942	0	20	20
0.0098855	0.00166821	3053.78	323.979	0.726331	1423.75	645.483	1.0544	1.61661	615	0	-17.7559	0	20	20
0.00989238	0.00164922	3018.71	323.315	0.625985	1397.85	637.359	1.0522	1.61661	615	0	-17.224	0	20	20
0.0098991	0.00163022	2983.59	322.642	0.539403	1371.98	629.143	1.05006	1.61661	615	0	-16.6992	0	20	20
0.00990566	0.00161122	2948.45	321.958	0.464724	1346.15	620.844	1.04797	1.61661	615	0	-16.1818	0	20	20
0.00991204	0.00159223	2913.31	321.265	0.400329	1320.39	612.472	1.04595	1.61661	615	0	-15.6723	0	20	20
0.00991823	0.00157328	2878.2	320.561	0.344818	1294.71	604.035	1.04399	1.61661	615	0	-15.1709	0	20	20
0.00992421	0.00155437	2843.14	319.847	0.296973	1269.13	595.54	1.04211	1.61661	615	0	-14.678	0	20	20
0.00992997	0.00153551	2808.14	319.123	0.255745	1243.66	586.994	1.0403	1.61661	615	0	-14.1936	0	20	20
0.00993549	0.00151671	2773.23	318.389	0.220224	1218.31	578.402	1.03856	1.61661	615	0	-13.7181	0	20	20
0.00994076	0.00149798	2738.42	317.644	0.189625	1193.09	569.772	1.03691	1.61661	615	0	-13.2515	0	20	20
0.00994577	0.00147934	2703.72	316.889	0.163268	1168.01	561.108	1.03535	1.61661	615	0	-12.7941	0	20	20
0.00995049	0.00146078	2669.15	316.123	0.140567	1143.07	552.415	1.03387	1.61661	615	0	-12.3458	0	20	20
0.00995491	0.00144232	2634.71	315.347	0.121018	1118.29	543.7	1.0325	1.61661	615	0	-11.9067	0	20	20
0.00995901	0.00142396	2600.43	314.559	0.104184	1093.68	534.966	1.03122	1.61661	615	0	-11.4771	0	20	20
0.00996277	0.00140571	2566.31	313.761	0.0896893	1069.23	526.218	1.03005	1.61661	615	0	-11.0568	0	20	20
0.00996616	0.00138759	2532.37	312.952	0.0772089	1044.96	517.462	1.029	1.61661	615	0	-10.646	0	20	20
0.00996917	0.00136959	2498.62	312.132	0.0664636	1020.88	508.702	1.02807	1.61661	615	0	-10.2447	0	20	20
0.00997178	0.00135173	2465.06	311.3	0.0572127	996.985	499.942	1.02727	1.61661	615	0	-9.85298	0	20	20
0.00997394	0.00133401	2431.72	310.458	0.0492485	973.289	491.187	1.0266	1.61661	615	0	-9.4708	0	20	20
0.00997564	0.00131645	2398.61	309.604	0.0423924	949.798	482.441	1.02607	1.61661	615	0	-9.09822	0	20	20
0.00997685	0.00129904	2365.73	308.739	0.0364903	926.52	473.71	1.0257	1.61661	615	0	-8.73523	0	20	20
0.00997754	0.00128181	2333.11	307.863	0.0314096	903.461	464.998	1.02549	1.61661	615	0	-8.38185	0	20	20
0.00997766	0.00126475	2300.74	306.975	0.027036	880.628	456.308	1.02545	1.61661	615	0	-8.03807	0	20	20
0.0099772	0.00124788	2268.65	306.075	0.0232712	858.03	447.647	1.02559	1.61661	615	0	-7.70389	0	20	20
0.00997611	0.00123121	2236.86	305.164	0.0200306	835.674	439.018	1.02593	1.61661	615	0	-7.37928	0	20	20
0.00997437	0.00121474	2205.36	304.241	0.0172411	813.568	430.427	1.02646	1.61661	615	0	-7.06422	0	20	20
0.00997192	0.00119849	2174.19	303.306	0.01484	791.72	421.877	1.02722	1.61661	615	0	-6.75868	0	20	20
0.00996875	0.00118246	2143.34	302.36	0.0127733	770.137	413.374	1.0282	1.61661	615	0	-6.46259	0	20	20
0.00996481	0.00116667	2112.84	301.402	0.0109943	748.828	404.923	1.02942	1.61661	615	0	-6.17591	0	20	20
0.00996008	0.00115112	2082.71	300.431	0.00946308	727.802	396.527	1.03089	1.61661	615	0	-5.89855	0	20	20
0.00995452	0.00113582	2052.95	299.449	0.00814509	707.066	388.192	1.03262	1.61661	615	0	-5.63043	0	20	20
0.00994812	0.00112078	2023.57	298.455	0.00701065	686.63	379.923	1.03461	1.61661	615	0	-5.37143	0	20	20
0.00994085	0.00110601	1994.61	297.449	0.0060342	666.502	371.725	1.03688	1.61661	615	0	-5.12145	0	20	20
0.00993271	0.00109152	1966.07	296.431	0.00519374	646.691	363.601	1.03943	1.61661	615	0	-4.88035	0	20	20
0.0099237	0.0010773	1937.96	295.4	0.00447034	627.205	355.558	1.04227	1.61661	615	0	-4.64797	0	20	20
0.00991381	0.00106338	1910.31	294.358	0.00384768	608.055	347.6	1.04539	1.61661	615	0	-4.42417	0	20	20
0.00990307	0.00104975	1883.13	293.303	0.00331176	589.247	339.731	1.04879	1.61661	615	0	-4.20876	0	20	20
0.0098915	0.00103642	1856.43	292.236	0.00285047	570.792	331.957	1.05248	1.61661	615	0	-4.00158	0	20	20
0.00987912	0.0010234	1830.23	291.157	0.00245344	552.699	324.282	1.05644	1.61661	615	0	-3.80244	0	20	20
0.00986597	0.00101069	1804.55	290.065	0.0021117	534.976	316.712	1.06067	1.61661	615	0	-3.61115	0	20	20
0.0098521	0.000998289	1779.4	288.962	0.00181757	517.632	309.25	1.06516	1.61661	615	0	-3.42755	0	20	20
0.00983756	0.000986209	1754.81	287.846	0.0015644	500.677	301.902	1.06989	1.61661	615	0	-3.25145	0	20	20
0.00982239	0.000974452	1730.78	286.717	0.00134649	484.12	294.673	1.07485	1.61661	615	0	-3.08268	0	20	20
0.00980665	0.000963023	1707.33	285.577	0.00115894	467.969	287.567	1.08004	1.61661	615	0	-2.92108	0	20	20
0.00979039	0.000951926	1684.48	284.424	0.000997512	452.232	280.589	1.08542	1.61661	615	0	-2.76649	0	20	20
0.00977368	0.000941165	1662.24	283.259	0.000858568	436.92	273.743	1.091	1.61661	615	0	-2.61876	0	20	20
0.00975656	0.000930746	1640.63	282.081	0.000738977	422.04	267.034	1.09676	1.61661	615	0	-2.47774	0	20	20
0.00973909	0.000920673	1619.67	280.891	0.000636045	407.601	260.467	1.10267	1.61661	615	0	-2.34331	0	20	20
0.00972133	0.000910952	1599.36	279.689	0.000547449	393.611	254.046	1.10872	1.61661	615	0	-2.21534	0	20	20
0.00970332	0.000901587	1579.72	278.475	0.000471194	380.079	247.776	1.11491	1.61661	615	0	-2.09369	0	20	20
0.00968511	0.00089258	1560.76	277.249	0.000405561	367.006	241.658	1.12121	1.61661	615	0	-1.97819	0	20	20
0.00966676	0.000883923	1542.46	276.01	0.00034907	354.383	235.692	1.12761	1.61661	615	0	-1.86859	0	20	20
0.00964829	0.000875604	1524.81	274.76	0.000300448	342.195	229.872	1.1341	1.61661	615	0	-1.76457	0	20	20
0.00962974	0.000867611	1507.79	273.497	0.000258598	330.425	224.197	1.14066	1.61661	615	0	-1.66586	0	20	20
0.00961116	0.000859935	1491.38	272.222	0.000222577	319.06	218.661	1.14729	1.61661	615	0	-1.57218	0	20	20
0.00959257	0.000852564	1475.55	270.936	0.000191574	308.086	213.263	1.15397	1.61661	615	0	-1.4833	0	20	20
0.00957402	0.000845489	1460.31	269.637	0.000164889	297.49	207.997	1.16069	1.61661	615	0	-1.39897	0	20	20
0.00955553	0.000838699	1445.62	268.327	0.000141922	287.258	202.862	1.16744	1.61661	615	0	-1.31896	0	20	20
0.00953714	0.000832185	1431.48	267.004	0.000122153	277.377	197.853	1.17421	1.61661	615	0	-1.24306	0	20	20
0.00951887	0.000825937	1417.86	265.671	0.000105138	267.837	192.968	1.18098	1.61661	615	0	-1.17108	0	20	20
0.00950076	0.000819946	1404.75	264.325	9.04933e-05	258.625	188.204	1.18775	1.61661	615	0	-1.1028	0	20	20
0.00948283	0.000814204	1392.13	262.968	7.78883e-05	249.73	183.557	1.1945	1.61661	615	0	-1.03806	0	20	20
0.0094651	0.000808701	1380	261.6	6.70391e-05	241.14	179.025	1.20122	1.61661	615	0	-0.976671	0	20	20
0.00944761	0.000803428	1368.33	260.22	5.77011e-05	232.846	174.605	1.20791	1.61661	615	0	-0.918471	0	20	20
0.00943036	0.000798378	1357.11	258.829	4.96638e-05	224.838	170.294	1.21455	1.61661	615	0	-0.863298	0	20	20
0.00941389	0.00079363	1346.55	257.427	4.2746e-05	217.105	166.089	1.22094	1.61661	615	0	-0.811831	0	20	20
0.00939879	0.000789276	1336.87	256.014	3.67919e-05	209.637	161.988	1.22683	1.61661	615	0	-0.764832	0	20	20
0.00938517	0.000785311	1328.07	254.59	3.1667e-05	202.427	157.989	1.23218	1.61661	615	0	-0.722123	0	20	20
0.00937295	0.000781701	1320.09	253.155	2.72561e-05	195.465	154.088	1.237	1.61661	615	0	-0.683289	0	20	20
0.00936207	0.000778418	1312.85	251.71	2.34595e-05	188.742	150.284	1.24132	1.61661	615	0	-0.647965	0	20	20
0.00935245	0.000775435	1306.3	250.254	2.01918e-05	182.25	146.573	1.24516	1.61661	615	0	-0.615829	0	20	20
0.00934405	0.000772729	1300.38	248.788	1.73792e-05	175.982	142.954	1.24852	1.61661	615	0	-0.586593	0	20	20
0.0093368	0.000770279	1295.06	247.312	1.49585e-05	169.929	139.425	1.25143	1.61661	615	0	-0.560002	0	20	20
0.00933065	0.000768067	1290.29	245.825	1.28749e-05	164.084	135.982	1.2539	1.61661	615	0	-0.535825	0	20	20
0.00932556	0.000766074	1286.04	244.329	1.10815e-05	158.441	132.625	1.25596	1.61661	615	0	-0.513854	0	20	20
0.00932148	0.000764286	1282.26	242.823	9.53793e-06	152.991	129.35	1.25761	1.61661	615	0	-0.493901	0	20	20
0.00931836	0.000762688	1278.93	241.308	8.20938e-06	147.729	126.157	1.25887	1.61661	615	0	-0.475795	0	20	20
0.00931616	0.000761266	1276.01	239.783	7.06588e-06	142.648	123.042	1.25977	1.61661	615	0	-0.45938	0	20	20
0.00931483	0.000760009	1273.49	238.249	6.08166e-06	137.742	120.004	1.2603	1.61661	615	0	-0.444515	0	20	20
0.00931434	0.000758905	1271.33	236.706	5.23453e-06	133.004	117.041	1.2605	1.61661	615	0	-0.43107	0	20	20
0.00931464	0.000757944	1269.52	235.154	4.5054e-06	128.429	114.151	1.26038	1.61661	615	0	-0.418926	0	20	20
0.00931571	0.000757116	1268.02	233.594	3.87783e-06	124.012	111.333	1.25995	1.61661	615	0	-0.407974	0	20	20
0.00931749	0.000756413	1266.83	232.025	3.33768e-06	119.747	108.584	1.25922	1.61661	615	0	-0.398116	0	20	20
0.00931997	0.000755827	1265.92	230.448	2.87277e-06	115.628	105.903	1.25822	1.61661	615	0	-0.389259	0	20	20
0.0093231	0.00075535	1265.28	228.863	2.47262e-06	111.651	103.288	1.25695	1.61661	615	0	-0.38132	0	20	20
0.00932686	0.000754975	1264.89	227.271	2.1282e-06	107.811	100.738	1.25543	1.61661	615	0	-0.37422	0	20	20
0.00933121	0.000754695	1264.73	225.671	1.83176e-06	104.103	98.2509	1.25368	1.61661	615	0	-0.36789	0	20	20
0.00933612	0.000754506	1264.8	224.064	1.57661e-06	100.522	95.8251	1.2517	1.61661	615	0	-0.362264	0	20	20
0.00934157	0.000754402	1265.08	222.449	1.357e-06	97.0649	93.4592	1.24951	1.61661	615	0	-0.357282	0	20	20
0.00934754	0.000754377	1265.55	220.828	1.16798e-06	93.7264	91.1516	1.24712	1.61661	615	0	-0.352887	0	20	20
0.00935399	0.000754427	1266.22	219.2	1.00529e-06	90.5027	88.9011	1.24454	1.61661	615	0	-0.349029	0	20	20
0.0093609	0.000754547	1267.06	217.566	8.65262e-07	87.3899	86.7061	1.24179	1.61661	615	0	-0.345661	0	20	20
0.00936825	0.000754735	1268.07	215.926	7.44738e-07	84.3841	84.5653	1.23887	1.61661	615	0	-0.342739	0	20	20
0.00937601	0.000754985	1269.24	214.28	6.41002e-07	81.4818	82.4774	1.23579	1.61661	615	0	-0.340223	0	20	20
0.00938417	0.000755296	1270.56	212.629	5.51715e-07	78.6792	80.441	1.23257	1.61661	615	0	-0.338076	0	20	20
0.00939271	0.000755663	1272.03	210.972	4.74866e-07	75.9731	78.455	1.22921	1.61661	615	0	-0.336263	0	20	20
0.00940161	0.000756084	1273.64	209.31	4.08721e-07	73.36	76.5179	1.22573	1.61661	615	0	-0.334754	0	20	20
0.00941084	0.000756556	1275.38	207.644	3.51789e-07	70.8369	74.6287	1.22212	1.61661	615	0	-0.333519	0	20	20
0.0094204	0.000757078	1277.24	205.973	3.02788e-07	68.4004	72.7861	1.21841	1.61661	615	0	-0.33253	0	20	20
0.00943027	0.000757646	1279.22	204.298	2.60612e-07	66.0478	70.989	1.21459	1.61661	615	0	-0.331764	0	20	20
0.00944042	0.00075826	1281.32	202.619	2.24311e-07	63.7762	69.2363	1.21067	1.61661	615	0	-0.331197	0	20	20
0.00945085	0.000758916	1283.53	200.936	1.93066e-07	61.5826	67.5268	1.20667	1.61661	615	0	-0.330808	0	20	20
0.00946155	0.000759614	1285.85	199.25	1.66173e-07	59.4645	65.8596	1.20258	1.61661	615	0	-0.330578	0	20	20
0.00947249	0.000760352	1288.27	197.561	1.43027e-07	57.4192	64.2335	1.19841	1.61661	615	0	-0.330488	0	20	20
0.00948367	0.000761129	1290.79	195.869	1.23104e-07	55.4443	62.6476	1.19418	1.61661	615	0	-0.330521	0	20	20
0.00949508	0.000761944	1293.4	194.175	1.05957e-07	53.5373	61.1008	1.18988	1.61661	615	0	-0.330662	0	20	20
0.00950669	0.000762795	1296.11	192.479	9.11979e-08	51.6959	59.5922	1.18553	1.61661	615	0	-0.330898	0	20	20
0.00951851	0.000763682	1298.91	190.78	7.84948e-08	49.9179	58.1209	1.18112	1.61661	615	0	-0.331214	0	20	20
0.00953052	0.000764604	1301.8	189.08	6.75611e-08	48.201	56.6858	1.17666	1.61661	615	0	-0.331598	0	20	20
0.0095427	0.00076556	1304.77	187.379	5.81504e-08	46.5431	55.2863	1.17216	1.61661	615	0	-0.33204	0	20	20
0.00955506	0.000766549	1307.83	185.677	5.00505e-08	44.9423	53.9212	1.16762	1.61661	615	0	-0.332528	0	20	20
0.00956757	0.000767572	1310.97	183.974	4.30789e-08	43.3965	52.5899	1.16304	1.61661	615	0	-0.333054	0	20	20
0.00958024	0.000768627	1314.19	182.27	3.70783e-08	41.9039	51.2915	1.15843	1.61661	615	0	-0.333608	0	20	20
0.00959304	0.000769714	1317.49	180.567	3.19136e-08	40.4627	50.0251	1.1538	1.61661	615	0	-0.334182	0	20	20
0.00960598	0.000770833	1320.87	178.864	2.74683e-08	39.071	48.79	1.14915	1.61661	615	0	-0.334769	0	20	20
0.00961904	0.000771984	1324.32	177.161	2.36422e-08	37.7271	47.5853	1.14447	1.61661	615	0	-0.335362	0	20	20
0.00963221	0.000773167	1327.85	175.459	2.0349e-08	36.4295	46.4104	1.13978	1.61661	615	0	-0.335954	0	20	20
0.00964548	0.000774381	1331.45	173.758	1.75146e-08	35.1765	45.2646	1.13508	1.61661	615	0	-0.33654	0	20	20
0.00965885	0.000775626	1335.13	172.059	1.50749e-08	33.9667	44.147	1.13038	1.61661	615	0	-0.337114	0	20	20
0.00967231	0.000776903	1338.88	170.361	1.29751e-08	32.7984	43.057	1.12567	1.61661	615	0	-0.337671	0	20	20
0.00968584	0.000778211	1342.7	168.665	1.11678e-08	31.6703	41.9939	1.12096	1.61661	615	0	-0.338206	0	20	20
0.00969943	0.000779551	1346.59	166.972	9.61219e-09	30.581	40.9571	1.11625	1.61661	615	0	-0.338717	0	20	20
0.00971309	0.000780923	1350.55	165.281	8.27329e-09	29.5292	39.9458	1.11155	1.61661	615	0	-0.339198	0	20	20
0.00972679	0.000782326	1354.58	163.593	7.12089e-09	28.5135	38.9596	1.10686	1.61661	615	0	-0.339646	0	20	20
0.00974053	0.000783761	1358.68	161.908	6.129e-09	27.5328	37.9977	1.10218	1.61661	615	0	-0.34006	0	20	20
0.0097543	0.000785229	1362.85	160.226	5.27528e-09	26.5859	37.0595	1.09752	1.61661	615	0	-0.340435	0	20	20
0.00976808	0.000786728	1367.08	158.549	4.54048e-09	25.6714	36.1445	1.09288	1.61661	615	0	-0.34077	0	20	20
0.00978188	0.00078826	1371.38	156.875	3.90803e-09	24.7885	35.2521	1.08826	1.61661	615	0	-0.341062	0	20	20
0.00979567	0.000789825	1375.75	155.205	3.36367e-09	23.9359	34.3817	1.08367	1.61661	615	0	-0.341311	0	20	20
0.00980945	0.000791423	1380.18	153.54	2.89514e-09	23.1126	33.5328	1.07911	1.61661	615	0	-0.341514	0	20	20
0.0098232	0.000793054	1384.68	151.88	2.49187e-09	22.3177	32.7049	1.07459	1.61661	615	0	-0.341671	0	20	20
0.00983691	0.000794717	1389.24	150.225	2.14477e-09	21.5501	31.8974	1.0701	1.61661	615	0	-0.34178	0	20	20
0.00985058	0.000796415	1393.86	148.576	1.84602e-09	20.8089	31.1099	1.06565	1.61661	615	0	-0.341843	0	20	20
0.00986419	0.000798145	1398.55	146.932	1.58888e-09	20.0932	30.3417	1.06124	1.61661	615	0	-0.341857	0	20	20
0.00987773	0.000799909	1403.29	145.294	1.36757e-09	19.4021	29.5926	1.05689	1.61661	615	0	-0.341824	0	20	20
0.00989119	0.000801707	1408.09	143.662	1.17707e-09	18.7347	28.862	1.05258	1.61661	615	0	-0.341744	0	20	20
0.00990455	0.000803537	1412.95	142.036	1.01312e-09	18.0904	28.1494	1.04832	1.61661	615	0	-0.341617	0	20	20
0.00991781	0.000805402	1417.86	140.417	8.71998e-10	17.4682	27.4543	1.04413	1.61661	615	0	-0.341445	0	20	20
0.00993094	0.000807299	1422.83	138.805	7.50536e-10	16.8673	26.7765	1.03999	1.61661	615	0	-0.341228	0	20	20
0.00994395	0.000809229	1427.85	137.2	6.45992e-10	16.2872	26.1154	1.03591	1.61661	615	0	-0.340967	0	20	20
0.00995681	0.000811192	1432.92	135.603	5.56011e-10	15.727	25.4706	1.0319	1.61661	615	0	-0.340665	0	20	20
0.00996952	0.000813187	1438.03	134.013	4.78563e-10	15.1861	24.8417	1.02796	1.61661	615	0	-0.340322	0	20	20
0.00998242	0.000815323	1443.44	132.431	4.11903e-10	14.6638	24.2284	1.02398	1.61661	615	0	-0.32644	0	20	20
0.00999568	0.000817756	1449.45	130.856	3.54528e-10	14.1594	23.6302	1.01991	1.61661	615	0	-0.308689	0	20	20
0.0100092	0.000820515	1456.1	129.29	3.05145e-10	13.6724	23.0467	1.01579	1.61661	615	0	-0.291527	0	20	20
0.0100227	0.000823593	1463.35	127.733	2.62641e-10	13.2021	22.4777	1.01168	1.61661	615	0	-0.2749	0	20	20
0.0100361	0.000826982	1471.16	126.184	2.26057e-10	12.7481	21.9227	1.00764	1.61661	615	0	-0.258766	0	20	20
0.0100491	0.000830673	1479.5	124.644	1.94569e-10	12.3096	21.3815	1.00372	1.61661	615	0	-0.243086	0	20	20
0.0100617	0.000834656	1488.33	123.113	1.67467e-10	11.8862	20.8536	0.999964	1.61661	615	0	-0.22783	0	20	20
0.0100737	0.000838917	1497.6	121.592	1.4414e-10	11.4774	20.3387	0.996402	1.61661	615	0	-0.212969	0	20	20
0.010085	0.000843444	1507.29	120.079	1.24063e-10	11.0826	19.8365	0.993061	1.61661	615	0	-0.198479	0	20	20
0.0100955	0.000848223	1517.35	118.577	1.06782e-10	10.7015	19.3468	0.989959	1.61661	615	0	-0.184334	0	20	20
0.0101052	0.000853239	1527.75	117.084	9.1908e-11	10.3334	18.8691	0.987107	1.61661	615	0	-0.170513	0	20	20
0.0101141	0.000858476	1538.47	115.601	7.91059e-11	9.97797	18.4032	0.98451	1.61661	615	0	-0.156994	0	20	20
0.0101221	0.000863918	1549.46	114.128	6.80871e-11	9.63478	17.9488	0.982167	1.61661	615	0	-0.143755	0	20	20
0.0101293	0.000869549	1560.7	112.665	5.86031e-11	9.30339	17.5057	0.980075	1.61661	615	0	-0.130777	0	20	20
0.0101357	0.000875355	1572.16	111.213	5.04402e-11	8.98341	17.0734	0.978226	1.61661	615	0	-0.118044	0	20	20
0.0101413	0.000881319	1583.82	109.771	4.34142e-11	8.67443	16.6519	0.976612	1.61661	615	0	-0.105538	0	20	20
0.0101461	0.000887427	1595.65	108.34	3.7367e-11	8.37607	16.2408	0.975221	1.61661	615	0	-0.0932465	0	20	20
0.0101502	0.000893665	1607.63	106.919	3.21621e-11	8.08798	15.8398	0.974044	1.61661	615	0	-0.0811576	0	20	20
0.0101536	0.000900019	1619.74	105.51	2.76821e-11	7.8098	15.4487	0.973067	1.61661	615	0	-0.0692623	0	20	20
0.0101563	0.000906477	1631.95	104.111	2.38262e-11	7.54119	15.0673	0.972279	1.61661	615	0	-0.0575536	0	20	20
0.0101584	0.000913026	1644.26	102.724	2.05074e-11	7.28181	14.6953	0.97167	1.61661	615	0	-0.0460268	0	20	20
0.01016	0.000919655	1656.64	101.348	1.76509e-11	7.03135	14.3324	0.971227	1.61661	615	0	-0.0346792	0	20	20
0.010161	0.000926353	1669.07	99.9836	1.51923e-11	6.78951	13.9786	0.97094	1.61661	615	0	-0.0235095	0	20	20
0.0101615	0.000933111	1681.55	98.6304	1.30761e-11	6.55599	13.6334	0.970799	1.61661	615	0	-0.0125181	0	20	20
0.0101615	0.00093993	1694.08	97.2888	1.12547e-11	6.3305	13.2968	0.970794	1.61661	615	0	-0.00170944	0	20	20
0.0101611	0.000946923	1706.87	95.9589	9.68703e-12	6.11277	12.9685	0.970919	1.61661	615	0	0.0088921	0	20	20
0.0101602	0.000954195	1720.12	94.6406	8.3377e-12	5.90252	12.6483	0.971171	1.61661	615	0	0.0192729	0	20	20
0.0101589	0.000961741	1733.82	93.3341	7.17633e-12	5.69951	12.336	0.971552	1.61661	615	0	0.0294428	0	20	20
0.0101571	0.000969557	1747.96	92.0395	6.17672e-12	5.50347	12.0315	0.972062	1.61661	615	0	0.0394103	0	20	20
0.0101548	0.000977641	1762.53	90.7568	5.31635e-12	5.31418	11.7344	0.972702	1.61661	615	0	0.0491821	0	20	20
0.0101522	0.000985989	1777.53	89.4861	4.57583e-12	5.1314	11.4447	0.973471	1.61661	615	0	0.0587638	0	20	20
0.010149	0.000994596	1792.94	88.2274	3.93845e-12	4.95491	11.1621	0.97437	1.61661	615	0	0.0681595	0	20	20
0.0101455	0.00100346	1808.77	86.9808	3.38986e-12	4.78449	10.8865	0.975399	1.61661	615	0	0.0773724	0	20	20
0.0101415	0.00101257	1824.99	85.7464	2.91768e-12	4.61993	10.6177	0.976557	1.61661	615	0	0.0864043	0	20	20
0.010137	0.00102194	1841.61	84.5241	2.51127e-12	4.46103	10.3556	0.977845	1.61661	615	0	0.0952561	0	20	20
0.0101321	0.00103154	1858.61	83.3139	2.16147e-12	4.30759	10.0999	0.979263	1.61661	615	0	0.103928	0	20	20
0.0101268	0.00104138	1875.98	82.1161	1.86039e-12	4.15944	9.85052	0.98081	1.61661	615	0	0.11242	0	20	20
0.010121	0.00105146	1893.71	80.9304	1.60125e-12	4.01637	9.60731	0.982487	1.61661	615	0	0.12073	0	20	20
0.0101148	0.00106176	1911.8	79.757	1.37821e-12	3.87823	9.37011	0.984293	1.61661	615	0	0.128857	0	20	20
0.0101082	0.00107229	1930.22	78.5959	1.18624e-12	3.74484	9.13876	0.986231	1.61661	615	0	0.136798	0	20	20
0.0101011	0.00108303	1948.96	77.4471	1.02101e-12	3.61604	8.91312	0.988298	1.61661	615	0	0.144551	0	20	20
0.0100937	0.00109398	1968.02	76.3106	8.78787e-13	3.49167	8.69306	0.990497	1.61661	615	0	0.152113	0	20	20
0.0100858	0.00110514	1987.38	75.1864	7.56379e-13	3.37157	8.47842	0.992826	1.61661	615	0	0.159482	0	20	20
0.0100774	0.00111649	2007.02	74.0745	6.51022e-13	3.25561	8.26909	0.995288	1.61661	615	0	0.166655	0	20	20
0.0100687	0.00112803	2026.94	72.9748	5.60339e-13	3.14363	8.06493	0.997882	1.61661	615	0	0.173628	0	20	20
0.0100596	0.00113975	2047.1	71.8874	4.82289e-13	3.03551	7.8658	1.00061	1.61661	615	0	0.180399	0	20	20
0.01005	0.00115165	2067.5	70.8123	4.1511e-13	2.9311	7.6716	1.00347	1.61661	615	0	0.186965	0	20	20
0.01004	0.00116371	2088.12	69.7494	3.57288e-13	2.83029	7.48218	1.00646	1.61661	615	0	0.193325	0	20	20
0.0100296	0.00117593	2108.94	68.6987	3.07521e-13	2.73294	7.29745	1.00959	1.61661	615	0	0.199475	0	20	20
0.0100188	0.0011883	2129.94	67.6602	2.64686e-13	2.63895	7.11727	1.01286	1.61661	615	0	0.205415	0	20	20
0.0100076	0.0012008	2151.09	66.6338	2.27817e-13	2.54818	6.94155	1.01626	1.61661	615	0	0.211143	0	20	20
0.00999606	0.00121343	2172.39	65.6196	1.96084e-13	2.46054	6.77016	1.0198	1.61661	615	0	0.216659	0	20	20
0.00998409	0.00122617	2193.81	64.6174	1.68771e-13	2.37591	6.603	1.02347	1.61661	615	0	0.221961	0	20	20
0.00997173	0.00123902	2215.32	63.6273	1.45263e-13	2.29419	6.43997	1.02728	1.61661	615	0	0.227052	0	20	20
0.009959	0.00125197	2236.9	62.6491	1.25029e-13	2.21528	6.28097	1.03122	1.61661	615	0	0.231931	0	20	20
0.0099459	0.00126499	2258.54	61.6829	1.07613e-13	2.13909	6.12589	1.0353	1.61661	615	0	0.2366	0	20	20
0.00993243	0.00127808	2280.19	60.7286	9.26235e-14	2.06551	5.97464	1.03952	1.61661	615	0	0.241061	0	20	20
0.00991862	0.00129123	2301.85	59.7862	7.97218e-14	1.99447	5.82713	1.04387	1.61661	615	0	0.245317	0	20	20
0.00990446	0.00130443	2323.49	58.8555	6.86172e-14	1.92587	5.68326	1.04835	1.61661	615	0	0.249371	0	20	20
0.00988997	0.00131765	2345.07	57.9365	5.90593e-14	1.85963	5.54294	1.05297	1.61661	615	0	0.253227	0	20	20
0.00987516	0.00133089	2366.58	57.0292	5.08329e-14	1.79567	5.40608	1.05771	1.61661	615	0	0.256889	0	20	20
0.00986005	0.00134412	2387.99	56.1335	4.37522e-14	1.73391	5.27261	1.06258	1.61661	615	0	0.260363	0	20	20
0.00984465	0.00135735	2409.27	55.2493	3.76579e-14	1.67427	5.14242	1.06758	1.61661	615	0	0.263653	0	20	20
0.00982898	0.00137055	2430.39	54.3766	3.24125e-14	1.61669	5.01546	1.07269	1.61661	615	0	0.266765	0	20	20
0.00981305	0.0013837	2451.34	53.5153	2.78977e-14	1.56108	4.89163	1.07793	1.61661	615	0	0.269706	0	20	20
0.00979688	0.0013968	2472.09	52.6653	2.40117e-14	1.50739	4.77085	1.08327	1.61661	615	0	0.272482	0	20	20
0.00978049	0.00140982	2492.6	51.8265	2.06671e-14	1.45554	4.65306	1.08873	1.61661	615	0	0.275099	0	20	20
0.0097639	0.00142276	2512.86	50.9989	1.77883e-14	1.40548	4.53817	1.09429	1.61661	615	0	0.277563	0	20	20
0.00974713	0.00143559	2532.84	50.1824	1.53106e-14	1.35714	4.42613	1.09994	1.61661	615	0	0.279883	0	20	20
0.0097302	0.00144831	2552.52	49.3769	1.31779e-14	1.31046	4.31684	1.10569	1.61661	615	0	0.282064	0	20	20
0.00971314	0.00146089	2571.88	48.5824	1.13423e-14	1.26539	4.21026	1.11153	1.61661	615	0	0.284114	0	20	20
0.00969597	0.00147333	2590.88	47.7986	9.76244e-15	1.22187	4.10631	1.11745	1.61661	615	0	0.28604	0	20	20
0.0096787	0.0014856	2609.51	47.0256	8.40261e-15	1.17984	4.00492	1.12344	1.61661	615	0	0.287847	0	20	20
0.00966137	0.0014977	2627.76	46.2633	7.2322e-15	1.13926	3.90604	1.12949	1.61661	615	0	0.289542	0	20	20
0.009644	0.00150961	2645.59	45.5116	6.22481e-15	1.10008	3.8096	1.13561	1.61661	615	0	0.291132	0	20	20
0.0096266	0.00152132	2662.99	44.7704	5.35774e-15	1.06224	3.71554	1.14178	1.61661	615	0	0.292623	0	20	20
0.00960921	0.00153281	2679.95	44.0395	4.61145e-15	1.0257	3.62381	1.14799	1.61661	615	0	0.294019	0	20	20
0.00959184	0.00154407	2696.45	43.319	3.96911e-15	0.990426	3.53433	1.15423	1.61661	615	0	0.295328	0	20	20
0.00957453	0.00155509	2712.46	42.6087	3.41625e-15	0.95636	3.44707	1.16051	1.61661	615	0	0.296553	0	20	20
0.00955728	0.00156587	2727.99	41.9085	2.94039e-15	0.923467	3.36196	1.1668	1.61661	615	0	0.297699	0	20	20
0.00954013	0.00157638	2743.01	41.2183	2.53082e-15	0.891704	3.27895	1.17311	1.61661	615	0	0.298772	0	20	20
0.00952309	0.00158662	2757.51	40.5381	2.1783e-15	0.861035	3.198	1.17941	1.61661	615	0	0.299775	0	20	20
0.00950619	0.00159658	2771.49	39.8677	1.87488e-15	0.83142	3.11904	1.18572	1.61661	615	0	0.300713	0	20	20
0.00948944	0.00160626	2784.94	39.207	1.61372e-15	0.802823	3.04203	1.19201	1.61661	615	0	0.301589	0	20	20
0.00947286	0.00161564	2797.84	38.556	1.38894e-15	0.775211	2.96692	1.19828	1.61661	615	0	0.302406	0	20	20
0.00945647	0.00162471	2810.19	37.9145	1.19547e-15	0.748547	2.89367	1.20452	1.61661	615	0	0.303168	0	20	20
0.00944029	0.00163348	2822	37.2825	1.02895e-15	0.722802	2.82222	1.21072	1.61661	615	0	0.303878	0	20	20
0.00942433	0.00164194	2833.25	36.6598	8.85629e-16	0.697941	2.75254	1.21688	1.61661	615	0	0.304538	0	20	20
0.00940861	0.00165007	2843.94	36.0464	7.62268e-16	0.673936	2.68458	1.22299	1.61661	615	0	0.305151	0	20	20
0.00939314	0.00165789	2854.07	35.4421	6.5609e-16	0.650756	2.6183	1.22905	1.61661	615	0	0.30572	0	20	20
0.00937793	0.00166538	2863.65	34.8469	5.64702e-16	0.628373	2.55365	1.23504	1.61661	615	0	0.306246	0	20	20
0.00936299	0.00167254	2872.67	34.2606	4.86043e-16	0.606761	2.4906	1.24095	1.61661	615	0	0.306731	0	20	20
0.00934834	0.00167938	2881.14	33.6832	4.18342e-16	0.585892	2.42911	1.2468	1.61661	615	0	0.307178	0	20	20
0.00933399	0.00168589	2889.06	33.1146	3.6007e-16	0.56574	2.36913	1.25256	1.61661	615	0	0.307588	0	20	20
0.00931993	0.00169208	2896.44	32.5546	3.09915e-16	0.546282	2.31064	1.25823	1.61661	615	0	0.307963	0	20	20
0.00930619	0.00169793	2903.28	32.0031	2.66746e-16	0.527493	2.25359	1.26382	1.61661	615	0	0.308304	0	20	20
0.00929275	0.00170346	2909.59	31.4601	2.29591e-16	0.50935	2.19795	1.26931	1.61661	615	0	0.308612	0	20	20
0.00927964	0.00170867	2915.37	30.9254	1.97611e-16	0.491831	2.14368	1.2747	1.61661	615	0	0.30889	0	20	20
0.00926685	0.00171356	2920.65	30.3991	1.70085e-16	0.474914	2.09075	1.27998	1.61661	615	0	0.309138	0	20	20
0.00925438	0.00171814	2925.41	29.8808	1.46393e-16	0.45858	2.03913	1.28516	1.61661	615	0	0.309358	0	20	20
0.00924224	0.0017224	2929.69	29.3706	1.26002e-16	0.442807	1.98879	1.29023	1.61661	615	0	0.30955	0	20	20
0.00923042	0.00172636	2933.48	28.8684	1.08451e-16	0.427577	1.93968	1.29519	1.61661	615	0	0.309716	0	20	20
0.00921894	0.00173001	2936.79	28.374	9.33446e-17	0.412871	1.89179	1.30004	1.61661	615	0	0.309857	0	20	20
0.00920778	0.00173336	2939.65	27.8874	8.03424e-17	0.39867	1.84508	1.30477	1.61661	615	0	0.309974	0	20	20
0.00919695	0.00173643	2942.05	27.4085	6.91514e-17	0.384958	1.79953	1.30939	1.61661	615	0	0.310068	0	20	20
0.00918643	0.00173921	2944.02	26.9371	5.95191e-17	0.371718	1.7551	1.31389	1.61661	615	0	0.310139	0	20	20
0.00917624	0.00174171	2945.56	26.4732	5.12286e-17	0.358933	1.71176	1.31827	1.61661	615	0	0.31019	0	20	20
0.00916637	0.00174394	2946.7	26.0166	4.40929e-17	0.346587	1.6695	1.32254	1.61661	615	0	0.310219	0	20	20
0.00915681	0.00174591	2947.43	25.5674	3.79511e-17	0.334667	1.62828	1.32668	1.61661	615	0	0.310229	0	20	20
0.00914756	0.00174761	2947.78	25.1253	3.26648e-17	0.323156	1.58808	1.33071	1.61661	615	0	0.31022	0	20	20
0.00913861	0.00174907	2947.76	24.6903	2.81149e-17	0.312041	1.54887	1.33463	1.61661	615	0	0.310193	0	20	20
0.00912996	0.00175029	2947.37	24.2623	2.41987e-17	0.301309	1.51063	1.33842	1.61661	615	0	0.310149	0	20	20
0.0091216	0.00175127	2946.65	23.8411	2.0828e-17	0.290945	1.47333	1.34211	1.61661	615	0	0.310089	0	20	20
0.00911353	0.00175202	2945.59	23.4268	1.79268e-17	0.280938	1.43695	1.34568	1.61661	615	0	0.310012	0	20	20
0.00910574	0.00175256	2944.21	23.0192	1.54298e-17	0.271275	1.40147	1.34913	1.61661	615	0	0.309921	0	20	20
0.00909822	0.00175288	2942.52	22.6183	1.32805e-17	0.261945	1.36687	1.35248	1.61661	615	0	0.309815	0	20	20
0.00909097	0.001753	2940.54	22.2238	1.14306e-17	0.252936	1.33312	1.35572	1.61661	615	0	0.309695	0	20	20
0.00908398	0.00175292	2938.29	21.8358	9.83845e-18	0.244236	1.30021	1.35885	1.61661	615	0	0.309563	0	20	20
0.00907725	0.00175265	2935.76	21.4541	8.46803e-18	0.235836	1.26811	1.36188	1.61661	615	0	0.309418	0	20	20
0.00907076	0.00175221	2932.98	21.0787	7.2885e-18	0.227724	1.2368	1.3648	1.61661	615	0	0.309261	0	20	20
0.00906451	0.00175158	2929.95	20.7095	6.27327e-18	0.219892	1.20626	1.36762	1.61661	615	0	0.309093	0	20	20
0.0090585	0.0017508	2926.7	20.3464	5.39946e-18	0.212329	1.17648	1.37035	1.61661	615	0	0.308915	0	20	20
0.00905271	0.00174985	2923.22	19.9892	4.64735e-18	0.205026	1.14743	1.37298	1.61661	615	0	0.308726	0	20	20
0.00904714	0.00174875	2919.53	19.638	4.00001e-18	0.197974	1.1191	1.37552	1.61661	615	0	0.308528	0	20	20
0.00904178	0.0017475	2915.65	19.2926	3.44284e-18	0.191165	1.09147	1.37796	1.61661	615	0	0.308321	0	20	20
0.00903663	0.00174612	2911.58	18.9529	2.96328e-18	0.18459	1.06452	1.38032	1.61661	615	0	0.308105	0	20	20
0.00903168	0.0017446	2907.33	18.6189	2.55052e-18	0.178241	1.03824	1.38259	1.61661	615	0	0.307882	0	20	20
0.00902692	0.00174296	2902.92	18.2904	2.19525e-18	0.17211	1.0126	1.38478	1.61661	615	0	0.307651	0	20	20
0.00902235	0.0017412	2898.34	17.9675	1.88947e-18	0.16619	0.987602	1.38689	1.61661	615	0	0.307412	0	20	20
0.00901795	0.00173933	2893.63	17.6499	1.62628e-18	0.160474	0.963218	1.38892	1.61661	615	0	0.307168	0	20	20
0.00901373	0.00173735	2888.77	17.3377	1.39976e-18	0.154955	0.939436	1.39087	1.61661	615	0	0.306917	0	20	20
0.00900968	0.00173527	2883.78	17.0308	1.20478e-18	0.149625	0.916241	1.39275	1.61661	615	0	0.30666	0	20	20
0.00900578	0.00173309	2878.67	16.729	1.03696e-18	0.144479	0.893619	1.39455	1.61661	615	0	0.306398	0	20	20
0.00900205	0.00173083	2873.45	16.4323	8.92524e-19	0.13951	0.871556	1.39629	1.61661	615	0	0.306131	0	20	20
0.00899846	0.00172848	2868.12	16.1406	7.68203e-19	0.134711	0.850037	1.39796	1.61661	615	0	0.305859	0	20	20
0.00899501	0.00172604	2862.69	15.8539	6.61198e-19	0.130078	0.829049	1.39957	1.61661	615	0	0.305583	0	20	20
0.0089917	0.00172354	2857.17	15.572	5.69098e-19	0.125604	0.80858	1.40112	1.61661	615	0	0.305303	0	20	20
0.00898853	0.00172096	2851.57	15.2949	4.89828e-19	0.121284	0.788616	1.4026	1.61661	615	0	0.30502	0	20	20
0.00898548	0.00171832	2845.9	15.0225	4.21598e-19	0.117112	0.769145	1.40403	1.61661	615	0	0.304733	0	20	20
0.00898255	0.00171561	2840.15	14.7548	3.62873e-19	0.113084	0.750155	1.4054	1.61661	615	0	0.304443	0	20	20
0.00897975	0.00171285	2834.33	14.4917	3.12328e-19	0.109195	0.731634	1.40672	1.61661	615	0	0.30415	0	20	20
0.00897705	0.00171003	2828.46	14.233	2.68823e-19	0.105439	0.71357	1.40799	1.61661	615	0	0.303855	0	20	20
0.00897447	0.00170717	2822.53	13.9788	2.31378e-19	0.101813	0.695951	1.4092	1.61661	615	0	0.303558	0	20	20
0.00897199	0.00170426	2816.56	13.729	1.99149e-19	0.0983109	0.678768	1.41037	1.61661	615	0	0.303259	0	20	20
0.00896961	0.0017013	2810.54	13.4834	1.71409e-19	0.0949295	0.662009	1.4115	1.61661	615	0	0.302957	0	20	20
0.00896733	0.00169831	2804.49	13.2421	1.47533e-19	0.0916645	0.645664	1.41257	1.61661	615	0	0.302655	0	20	20
0.00896514	0.00169528	2798.4	13.0049	1.26983e-19	0.0885117	0.629723	1.41361	1.61661	615	0	0.302351	0	20	20
0.00896303	0.00169222	2792.28	12.7718	1.09295e-19	0.0854674	0.614175	1.4146	1.61661	615	0	0.302046	0	20	20
