0.00890634	
0.00506475	
0.00366978	
0.00301197	
0.0025859	
0.00227443	
0.0020304	
0.00183367	
0.00168326	
0.0015866	
0.00155362	
0.00159415	
0.0016878	
0.00182208	
0.0019927	
0.00220123	
0.00245333	
0.00277021	
0.00315201	
0.00360782	
0.00416005	
0.00482792	
0.00562501	
0.00656084	
0.00762331	
0.00878171	
0.0100054	
0.0112848	
0.0126208	
0.0139888	
0.0153568	
0.016719	
0.0181052	
0.019623	
0.021521	
0.0242365	
0.0282812	
0.0337503	
0.0396275	
0.0506953	
0.0510637	
0.0474282	
0.0431871	
0.0391205	
0.035435	
0.0321973	
0.0294109	
0.0270432	
0.0250445	
0.02336	
0.0219376	
0.0207313	
0.0197023	
0.0188182	
0.0180531	
0.0173857	
0.0168005	
0.0163019	
0.0158789	
0.0155166	
0.0152034	
0.0149303	
0.0146905	
0.0144783	
0.0142893	
0.0141198	
0.013967	
0.0138285	
0.0137024	
0.013587	
0.0134811	
0.0133834	
0.0132932	
