0.00866132	0.000693393	1101	184.5	76.5	0	0	1.56764	1.61661	615	0	0.149314	0	20	20
0.00882651	0.000722169	1166.37	184.5	76.4694	47.485	16.0022	1.48127	1.61661	615	0	-0.432873	0	20	20
0.00900417	0.00078667	1293.73	184.5	76.4339	139.191	47.2173	1.39531	1.61661	615	0	-1.42604	0	20	20
0.00906899	0.000855076	1416.02	184.5	76.3927	227.735	77.6592	1.3656	1.61661	615	0	-2.20092	0	20	20
0.00907331	0.000924546	1532.98	184.5	76.3448	313.203	107.339	1.36365	1.61661	615	0	-2.81653	0	20	20
0.00904522	0.000993691	1644.88	184.5	76.2893	395.68	136.269	1.37639	1.61661	615	0	-3.31556	0	20	20
0.00899916	0.00106195	1752.22	184.5	76.2249	475.247	164.459	1.39764	1.61661	615	0	-3.72865	0	20	20
0.00894281	0.00112911	1855.46	184.5	76.1502	551.987	191.923	1.42423	1.61661	615	0	-4.07723	0	20	20
0.00888048	0.00119508	1954.98	184.5	76.0636	625.981	218.673	1.45442	1.61661	615	0	-4.37635	0	20	20
0.00881477	0.00125981	2051.03	184.5	75.9633	697.309	244.722	1.48719	1.61661	615	0	-4.63673	0	20	20
0.00874727	0.00132328	2143.81	184.5	75.847	766.052	270.082	1.52189	1.61661	615	0	-4.86622	0	20	20
0.00867903	0.00138545	2233.44	184.5	75.7124	832.29	294.769	1.55807	1.61661	615	0	-5.07067	0	20	20
0.00861072	0.0014463	2320.04	184.5	75.5566	896.103	318.797	1.59544	1.61661	615	0	-5.25456	0	20	20
0.00854282	0.00150581	2403.71	184.5	75.3764	957.575	342.182	1.63379	1.61661	615	0	-5.42136	0	20	20
0.00847565	0.00156398	2484.53	184.5	75.1681	1016.79	364.94	1.67295	1.61661	615	0	-5.57386	0	20	20
0.0084094	0.00162081	2562.59	184.5	74.9275	1073.82	387.089	1.7128	1.61661	615	0	-5.71425	0	20	20
0.00834421	0.00167632	2637.99	184.5	74.6499	1128.77	408.648	1.75325	1.61661	615	0	-5.84432	0	20	20
0.00828017	0.00173052	2710.81	184.5	74.33	1181.71	429.637	1.79424	1.61661	615	0	-5.96555	0	20	20
0.00821732	0.00178345	2781.16	184.5	73.9617	1232.74	450.076	1.83573	1.61661	615	0	-6.07915	0	20	20
0.00815567	0.00183514	2849.13	184.5	73.5383	1281.95	469.988	1.87768	1.61661	615	0	-6.18614	0	20	20
0.0080952	0.00188564	2914.83	184.5	73.0526	1329.44	489.396	1.92007	1.61661	615	0	-6.28737	0	20	20
0.00803588	0.00193498	2978.36	184.5	72.4961	1375.28	508.325	1.9629	1.61661	615	0	-6.3836	0	20	20
0.00797769	0.00198324	3039.84	184.5	71.8602	1419.59	526.799	2.00617	1.61661	615	0	-6.47545	0	20	20
0.00792056	0.00203045	3099.36	184.5	71.1353	1462.45	544.844	2.0499	1.61661	615	0	-6.56346	0	20	20
0.00786445	0.00207669	3157.04	184.5	70.3111	1503.97	562.484	2.09409	1.61661	615	0	-6.64811	0	20	20
0.00780929	0.00212201	3212.98	184.5	69.3773	1544.21	579.745	2.13878	1.61661	615	0	-6.72981	0	20	20
0.00775503	0.00216646	3267.26	184.5	68.323	1583.28	596.648	2.18399	1.61661	615	0	-6.80891	0	20	20
0.00770163	0.00221008	3319.97	184.5	67.1377	1621.24	613.213	2.22973	1.61661	615	0	-6.8857	0	20	20
0.00764904	0.00225292	3371.17	184.5	65.8111	1658.14	629.456	2.27603	1.61661	615	0	-6.96045	0	20	20
0.00759726	0.00229499	3420.91	184.5	64.3342	1694.04	645.387	2.32289	1.61661	615	0	-7.03333	0	20	20
0.00754627	0.00233629	3469.19	184.5	62.6995	1728.96	661.008	2.37029	1.61661	615	0	-7.10451	0	20	20
0.00749611	0.0023768	3516.01	184.5	60.9015	1762.88	676.313	2.4182	1.61661	615	0	-7.17406	0	20	20
0.00744683	0.00241644	3561.3	184.5	58.9379	1795.76	691.287	2.46652	1.61661	615	0	-7.24203	0	20	20
0.00739852	0.00245513	3604.97	184.5	56.8097	1827.55	705.9	2.51516	1.61661	615	0	-7.3084	0	20	20
0.00735131	0.00249273	3646.87	184.5	54.5225	1858.13	720.114	2.56393	1.61661	615	0	-7.3731	0	20	20
0.00730535	0.00252907	3686.82	184.5	52.086	1887.35	733.875	2.61262	1.61661	615	0	-7.43599	0	20	20
0.00726084	0.00256395	3724.59	184.5	49.5151	1915.04	747.119	2.66096	1.61661	615	0	-7.49692	0	20	20
0.00721801	0.00259712	3759.92	184.5	46.8297	1941.01	759.772	2.70862	1.61661	615	0	-7.55566	0	20	20
0.00717708	0.00262832	3792.53	184.5	44.0538	1965.01	771.753	2.75522	1.61661	615	0	-7.61197	0	20	20
0.00713832	0.00265728	3822.13	184.5	41.2153	1986.82	782.975	2.80035	1.61661	615	0	-7.66559	0	20	20
0.00710196	0.00268372	3848.43	184.5	38.3448	2006.22	793.356	2.84358	1.61661	615	0	-7.71626	0	20	20
0.00706824	0.0027074	3871.18	184.5	35.4743	2022.98	802.814	2.88447	1.61661	615	0	-7.76373	0	20	20
0.00703736	0.00272807	3890.14	184.5	32.6358	2036.92	811.28	2.92261	1.61661	615	0	-7.80777	0	20	20
0.00700948	0.00274556	3905.14	184.5	29.8599	2047.9	818.696	2.95762	1.61661	615	0	-7.8482	0	20	20
0.00698472	0.00275974	3916.08	184.5	27.1745	2055.82	825.021	2.98918	1.61661	615	0	-7.88486	0	20	20
0.00696315	0.00277053	3922.91	184.5	24.6037	2060.63	830.23	3.01705	1.61661	615	0	-7.91768	0	20	20
0.00694479	0.00277791	3925.65	184.5	22.1672	2062.36	834.32	3.04104	1.61661	615	0	-7.94661	0	20	20
0.00692942	0.00278198	3924.39	184.5	19.8799	2061.04	837.301	3.06133	1.61661	615	0	-7.96972	0	20	20
0.00691579	0.00278316	3919.28	184.5	17.7517	2056.8	839.2	3.07946	1.61661	615	0	-7.97497	0	20	20
0.00690381	0.0027816	3910.52	184.5	15.7881	2049.77	840.061	3.09552	1.61661	615	0	-7.96322	0	20	20
0.00689336	0.00277747	3898.35	184.5	13.9901	2040.13	839.933	3.10962	1.61661	615	0	-7.93553	0	20	20
0.00688433	0.00277094	3883.03	184.5	12.3554	2028.07	838.877	3.12187	1.61661	615	0	-7.8931	0	20	20
0.0068766	0.00276221	3864.81	184.5	10.8785	2013.8	836.958	3.13241	1.61661	615	0	-7.83723	0	20	20
0.00687005	0.00275148	3843.98	184.5	9.55195	1997.53	834.242	3.14138	1.61661	615	0	-7.76925	0	20	20
0.00686456	0.00273893	3820.8	184.5	8.36659	1979.47	830.798	3.14892	1.61661	615	0	-7.6905	0	20	20
0.00686004	0.00272475	3795.52	184.5	7.31231	1959.82	826.689	3.15516	1.61661	615	0	-7.60228	0	20	20
0.00685636	0.00270913	3768.4	184.5	6.37848	1938.78	821.98	3.16023	1.61661	615	0	-7.50581	0	20	20
0.00685345	0.00269222	3739.66	184.5	5.55436	1916.51	816.73	3.16426	1.61661	615	0	-7.40225	0	20	20
0.00685122	0.00267418	3709.51	184.5	4.8294	1893.19	810.993	3.16735	1.61661	615	0	-7.29264	0	20	20
0.00684959	0.00265514	3678.13	184.5	4.19349	1868.97	804.819	3.16962	1.61661	615	0	-7.17795	0	20	20
0.00684849	0.00263524	3645.7	184.5	3.63707	1843.98	798.255	3.17115	1.61661	615	0	-7.05903	0	20	20
0.00684786	0.00261457	3612.36	184.5	3.15127	1818.33	791.342	3.17202	1.61661	615	0	-6.93665	0	20	20
0.00684765	0.00259325	3578.25	184.5	2.72794	1792.14	784.116	3.17231	1.61661	615	0	-6.81149	0	20	20
0.00684781	0.00257134	3543.48	184.5	2.35965	1765.5	776.61	3.17209	1.61661	615	0	-6.68412	0	20	20
0.0068483	0.00254894	3508.16	184.5	2.03971	1738.49	768.853	3.1714	1.61661	615	0	-6.55508	0	20	20
0.0068491	0.00252611	3472.38	184.5	1.76213	1711.18	760.871	3.1703	1.61661	615	0	-6.4248	0	20	20
0.00685016	0.00250289	3436.22	184.5	1.52155	1683.62	752.687	3.16882	1.61661	615	0	-6.29367	0	20	20
0.00685147	0.00247936	3399.74	184.5	1.31324	1655.88	744.321	3.167	1.61661	615	0	-6.16204	0	20	20
0.00685301	0.00245554	3363.01	184.5	1.13301	1628.01	735.791	3.16487	1.61661	615	0	-6.03018	0	20	20
0.00685476	0.00243148	3326.07	184.5	0.977206	1600.03	727.113	3.16245	1.61661	615	0	-5.89836	0	20	20
0.0068567	0.0024072	3288.97	184.5	0.842585	1571.98	718.301	3.15977	1.61661	615	0	-5.76679	0	20	20
0.00685883	0.00238275	3251.75	184.5	0.726331	1543.9	709.368	3.15683	1.61661	615	0	-5.63565	0	20	20
0.00686113	0.00235814	3214.46	184.5	0.625985	1515.82	700.326	3.15365	1.61661	615	0	-5.50512	0	20	20
0.0068636	0.0023334	3177.11	184.5	0.539403	1487.75	691.185	3.15025	1.61661	615	0	-5.37533	0	20	20
0.00686623	0.00230855	3139.74	184.5	0.464724	1459.71	681.955	3.14663	1.61661	615	0	-5.24641	0	20	20
0.00686902	0.00228361	3102.37	184.5	0.400329	1431.73	672.645	3.14279	1.61661	615	0	-5.11847	0	20	20
0.00687197	0.00225859	3065.03	184.5	0.344818	1403.82	663.262	3.13874	1.61661	615	0	-4.9916	0	20	20
0.00687508	0.00223351	3027.74	184.5	0.296973	1375.99	653.816	3.13449	1.61661	615	0	-4.86591	0	20	20
0.00687834	0.00220838	2990.52	184.5	0.255745	1348.26	644.311	3.13003	1.61661	615	0	-4.74146	0	20	20
0.00688176	0.00218323	2953.38	184.5	0.220224	1320.65	634.757	3.12537	1.61661	615	0	-4.61833	0	20	20
0.00688534	0.00215805	2916.36	184.5	0.189625	1293.16	625.159	3.1205	1.61661	615	0	-4.49659	0	20	20
0.00688907	0.00213286	2879.46	184.5	0.163268	1265.81	615.524	3.11543	1.61661	615	0	-4.37628	0	20	20
0.00689296	0.00210768	2842.69	184.5	0.140567	1238.6	605.858	3.11015	1.61661	615	0	-4.25749	0	20	20
0.00689699	0.00208253	2806.09	184.5	0.121018	1211.55	596.167	3.10471	1.61661	615	0	-4.14028	0	20	20
0.00690118	0.0020574	2769.66	184.5	0.104184	1184.67	586.456	3.09906	1.61661	615	0	-4.02468	0	20	20
0.00690554	0.00203232	2733.42	184.5	0.0896893	1157.97	576.733	3.0932	1.61661	615	0	-3.91073	0	20	20
0.00691006	0.00200728	2697.38	184.5	0.0772089	1131.45	567.002	3.08712	1.61661	615	0	-3.79846	0	20	20
0.00691476	0.00198231	2661.56	184.5	0.0664636	1105.13	557.268	3.08084	1.61661	615	0	-3.68793	0	20	20
0.00691964	0.00195742	2625.98	184.5	0.0572127	1079.01	547.539	3.07433	1.61661	615	0	-3.57916	0	20	20
0.0069247	0.00193261	2590.65	184.499	0.0492485	1053.12	537.818	3.06759	1.61661	615	0	-3.47218	0	20	20
0.00692995	0.00190789	2555.59	184.499	0.0423924	1027.44	528.112	3.06062	1.61661	615	0	-3.36703	0	20	20
0.00693541	0.00188328	2520.8	184.499	0.0364903	1002.01	518.427	3.05339	1.61661	615	0	-3.26373	0	20	20
0.00694108	0.0018588	2486.32	184.499	0.0314096	976.813	508.767	3.04592	1.61661	615	0	-3.16231	0	20	20
0.00694695	0.00183444	2452.15	184.499	0.027036	951.874	499.138	3.03821	1.61661	615	0	-3.06281	0	20	20
0.00695303	0.00181023	2418.31	184.499	0.0232712	927.198	489.546	3.03024	1.61661	615	0	-2.96524	0	20	20
0.00695934	0.00178617	2384.81	184.499	0.0200306	902.796	479.995	3.02201	1.61661	615	0	-2.86963	0	20	20
0.00696588	0.00176228	2351.67	184.499	0.0172411	878.677	470.492	3.01351	1.61661	615	0	-2.77599	0	20	20
0.00697265	0.00173857	2318.91	184.498	0.01484	854.85	461.042	3.00474	1.61661	615	0	-2.68434	0	20	20
0.00697965	0.00171506	2286.53	184.498	0.0127733	831.326	451.65	2.99571	1.61661	615	0	-2.59472	0	20	20
0.00698689	0.00169175	2254.57	184.498	0.0109943	808.113	442.321	2.98641	1.61661	615	0	-2.50713	0	20	20
0.00699437	0.00166865	2223.02	184.498	0.00946308	785.221	433.061	2.97684	1.61661	615	0	-2.42158	0	20	20
0.0070021	0.0016458	2191.91	184.497	0.00814509	762.661	423.875	2.96699	1.61661	615	0	-2.33809	0	20	20
0.00701008	0.00162318	2161.26	184.497	0.00701065	740.44	414.768	2.95687	1.61661	615	0	-2.25666	0	20	20
0.00701832	0.00160082	2131.07	184.497	0.0060342	718.57	405.746	2.94647	1.61661	615	0	-2.1773	0	20	20
0.00702681	0.00157874	2101.36	184.496	0.00519374	697.059	396.813	2.9358	1.61661	615	0	-2.10002	0	20	20
0.00703556	0.00155694	2072.16	184.495	0.00447034	675.916	387.975	2.92485	1.61661	615	0	-2.02482	0	20	20
0.00704457	0.00153543	2043.46	184.495	0.00384768	655.152	379.238	2.91365	1.61661	615	0	-1.9517	0	20	20
0.00705383	0.00151424	2015.29	184.494	0.00331176	634.775	370.605	2.90219	1.61661	615	0	-1.88067	0	20	20
0.00706334	0.00149338	1987.66	184.493	0.00285047	614.794	362.082	2.89047	1.61661	615	0	-1.81172	0	20	20
0.00707311	0.00147285	1960.59	184.492	0.00245344	595.218	353.674	2.87852	1.61661	615	0	-1.74486	0	20	20
0.00708312	0.00145268	1934.09	184.491	0.0021117	576.056	345.386	2.86634	1.61661	615	0	-1.68007	0	20	20
0.00709336	0.00143288	1908.17	184.49	0.00181757	557.318	337.222	2.85394	1.61661	615	0	-1.61735	0	20	20
0.00710383	0.00141345	1882.85	184.488	0.0015644	539.011	329.188	2.84134	1.61661	615	0	-1.5567	0	20	20
0.00711451	0.00139442	1858.14	184.487	0.00134649	521.144	321.288	2.82856	1.61661	615	0	-1.4981	0	20	20
0.0071254	0.0013758	1834.05	184.485	0.00115894	503.725	313.527	2.81561	1.61661	615	0	-1.44155	0	20	20
0.00713646	0.0013576	1810.59	184.482	0.000997512	486.763	305.909	2.80253	1.61661	615	0	-1.38704	0	20	20
0.00714769	0.00133984	1787.78	184.48	0.000858568	470.265	298.439	2.78934	1.61661	615	0	-1.33454	0	20	20
0.00715907	0.00132252	1765.63	184.477	0.000738977	454.239	291.121	2.77607	1.61661	615	0	-1.28406	0	20	20
0.00717055	0.00130567	1744.15	184.474	0.000636045	438.693	283.959	2.76275	1.61661	615	0	-1.23557	0	20	20
0.00718213	0.0012893	1723.35	184.47	0.000547449	423.634	276.959	2.74942	1.61661	615	0	-1.18907	0	20	20
0.00719375	0.00127342	1703.25	184.465	0.000471194	409.07	270.122	2.73611	1.61661	615	0	-1.14453	0	20	20
0.0072054	0.00125803	1683.83	184.46	0.000405561	395	263.453	2.72286	1.61661	615	0	-1.10193	0	20	20
0.00721707	0.00124314	1665.09	184.455	0.00034907	381.414	256.948	2.70968	1.61661	615	0	-1.06118	0	20	20
0.00722876	0.00122871	1647.01	184.448	0.000300448	368.295	250.604	2.69655	1.61661	615	0	-1.0222	0	20	20
0.00724049	0.00121474	1629.56	184.44	0.000258598	355.628	244.417	2.68347	1.61661	615	0	-0.984897	0	20	20
0.00725225	0.00120122	1612.73	184.432	0.000222577	343.396	238.382	2.67043	1.61661	615	0	-0.949183	0	20	20
0.00726406	0.00118812	1596.49	184.422	0.000191574	331.585	232.497	2.65743	1.61661	615	0	-0.914982	0	20	20
0.00727592	0.00117544	1580.83	184.41	0.000164889	320.181	226.756	2.64446	1.61661	615	0	-0.882218	0	20	20
0.00728783	0.00116316	1565.72	184.397	0.000141922	309.168	221.158	2.63151	1.61661	615	0	-0.850819	0	20	20
0.00729979	0.00115127	1551.15	184.383	0.000122153	298.534	215.697	2.61859	1.61661	615	0	-0.820722	0	20	20
0.00731182	0.00113976	1537.11	184.366	0.000105138	288.266	210.372	2.6057	1.61661	615	0	-0.79186	0	20	20
0.0073239	0.00112861	1523.56	184.346	9.04933e-05	278.352	205.177	2.59282	1.61661	615	0	-0.764171	0	20	20
0.00733605	0.00111781	1510.51	184.324	7.78883e-05	268.778	200.112	2.57996	1.61661	615	0	-0.737597	0	20	20
0.00734827	0.00110735	1497.93	184.298	6.70391e-05	259.533	195.171	2.56711	1.61661	615	0	-0.712086	0	20	20
0.00736055	0.00109723	1485.81	184.269	5.77011e-05	250.607	190.352	2.55428	1.61661	615	0	-0.687585	0	20	20
0.00737291	0.00108742	1474.12	184.236	4.96638e-05	241.987	185.652	2.54146	1.61661	615	0	-0.664044	0	20	20
0.00738532	0.00107792	1462.87	184.197	4.2746e-05	233.664	181.068	2.52867	1.61661	615	0	-0.641415	0	20	20
0.0073978	0.00106872	1452.02	184.154	3.67919e-05	225.627	176.598	2.51589	1.61661	615	0	-0.619655	0	20	20
0.00741036	0.00105981	1441.58	184.103	3.1667e-05	217.867	172.238	2.50312	1.61661	615	0	-0.598716	0	20	20
0.00742297	0.00105118	1431.52	184.046	2.72561e-05	210.374	167.985	2.49038	1.61661	615	0	-0.578561	0	20	20
0.00743564	0.00104283	1421.83	183.98	2.34595e-05	203.138	163.838	2.47768	1.61661	615	0	-0.559152	0	20	20
0.00744838	0.00103473	1412.5	183.905	2.01918e-05	196.151	159.792	2.46499	1.61661	615	0	-0.540446	0	20	20
0.00746117	0.00102688	1403.51	183.819	1.73792e-05	189.405	155.847	2.45233	1.61661	615	0	-0.522405	0	20	20
0.00747402	0.00101928	1394.86	183.721	1.49585e-05	182.89	151.999	2.4397	1.61661	615	0	-0.504994	0	20	20
0.00748693	0.00101192	1386.52	183.609	1.28749e-05	176.6	148.246	2.4271	1.61661	615	0	-0.488178	0	20	20
0.00749989	0.00100478	1378.5	183.48	1.10815e-05	170.526	144.586	2.41455	1.61661	615	0	-0.471925	0	20	20
0.00751288	0.000997855	1370.76	183.333	9.53793e-06	164.66	141.016	2.40204	1.61661	615	0	-0.456203	0	20	20
0.00752591	0.000991145	1363.32	183.165	8.20938e-06	158.997	137.535	2.38959	1.61661	615	0	-0.44098	0	20	20
0.00753896	0.000984639	1356.14	182.973	7.06588e-06	153.528	134.139	2.3772	1.61661	615	0	-0.426227	0	20	20
0.00755203	0.000978329	1349.21	182.753	6.08166e-06	148.248	130.827	2.36488	1.61661	615	0	-0.411914	0	20	20
0.00756509	0.000972208	1342.54	182.503	5.23453e-06	143.149	127.597	2.35265	1.61661	615	0	-0.398011	0	20	20
0.00757815	0.000966267	1336.09	182.217	4.5054e-06	138.225	124.446	2.34051	1.61661	615	0	-0.384489	0	20	20
0.00759117	0.0009605	1329.87	181.89	3.87783e-06	133.471	121.374	2.32849	1.61661	615	0	-0.371321	0	20	20
0.00760415	0.0009549	1323.85	181.518	3.33768e-06	128.88	118.377	2.31659	1.61661	615	0	-0.358478	0	20	20
0.00761706	0.000949459	1318.02	181.093	2.87277e-06	124.448	115.454	2.30483	1.61661	615	0	-0.345932	0	20	20
0.00762988	0.00094417	1312.37	180.609	2.47262e-06	120.167	112.604	2.29323	1.61661	615	0	-0.333655	0	20	20
0.00764259	0.000939025	1306.88	180.059	2.1282e-06	116.034	109.824	2.2818	1.61661	615	0	-0.321617	0	20	20
0.00765517	0.000934017	1301.54	179.432	1.83176e-06	112.043	107.112	2.27057	1.61661	615	0	-0.309792	0	20	20
0.00766758	0.000929138	1296.34	178.72	1.57661e-06	108.19	104.467	2.25957	1.61661	615	0	-0.29815	0	20	20
0.00767979	0.00092438	1291.24	177.911	1.357e-06	104.468	101.888	2.24881	1.61661	615	0	-0.286663	0	20	20
0.00769177	0.000919736	1286.24	176.995	1.16798e-06	100.875	99.3725	2.23832	1.61661	615	0	-0.275302	0	20	20
0.00770348	0.000915197	1281.32	175.956	1.00529e-06	97.4057	96.919	2.22813	1.61661	615	0	-0.264037	0	20	20
0.00771487	0.000910755	1276.46	174.782	8.65262e-07	94.0555	94.526	2.21827	1.61661	615	0	-0.252841	0	20	20
0.00772591	0.000906401	1271.64	173.457	7.44738e-07	90.8205	92.1922	2.20877	1.61661	615	0	-0.241684	0	20	20
0.00773655	0.000902126	1266.83	171.964	6.41002e-07	87.6968	89.916	2.19967	1.61661	615	0	-0.23054	0	20	20
0.00774674	0.000897921	1262.02	170.286	5.51715e-07	84.6805	87.6959	2.19101	1.61661	615	0	-0.219381	0	20	20
0.00775642	0.000893778	1257.18	168.404	4.74866e-07	81.7679	85.5307	2.18281	1.61661	615	0	-0.208184	0	20	20
0.00776554	0.000889686	1252.29	166.3	4.08721e-07	78.9556	83.4189	2.17513	1.61661	615	0	-0.196926	0	20	20
0.00777405	0.000885637	1247.32	163.954	3.51789e-07	76.2399	81.3593	2.168	1.61661	615	0	-0.185589	0	20	20
0.00778189	0.000881622	1242.26	161.347	3.02788e-07	73.6177	79.3506	2.16145	1.61661	615	0	-0.174159	0	20	20
0.00778902	0.000877632	1237.08	158.463	2.60612e-07	71.0856	77.3914	2.15552	1.61661	615	0	-0.162626	0	20	20
0.00779537	0.00087366	1231.76	155.284	2.24311e-07	68.6407	75.4806	2.15026	1.61661	615	0	-0.15099	0	20	20
0.00780091	0.000869699	1226.29	151.798	1.93066e-07	66.2798	73.617	2.14568	1.61661	615	0	-0.139255	0	20	20
0.00780559	0.000865743	1220.65	147.993	1.66173e-07	64.0001	71.7993	2.14182	1.61661	615	0	-0.127436	0	20	20
0.0078094	0.000861787	1214.83	143.864	1.43027e-07	61.7989	70.0266	2.13869	1.61661	615	0	-0.115556	0	20	20
0.0078123	0.00085783	1208.83	139.41	1.23104e-07	59.6733	68.2977	2.1363	1.61661	615	0	-0.10365	0	20	20
0.00781431	0.000853871	1202.65	134.637	1.05957e-07	57.6209	66.6114	2.13466	1.61661	615	0	-0.0917615	0	20	20
0.00781544	0.000849913	1196.3	129.558	9.11979e-08	55.639	64.9667	2.13374	1.61661	615	0	-0.0799421	0	20	20
0.00781571	0.000845959	1189.8	124.193	7.84948e-08	53.7254	63.3627	2.13351	1.61661	615	0	-0.0682527	0	20	20
0.0078152	0.000842017	1183.16	118.572	6.75611e-08	51.8775	61.7983	2.13392	1.61661	615	0	-0.0567593	0	20	20
0.00781399	0.000838095	1176.43	112.729	5.81504e-08	50.0932	60.2725	2.13492	1.61661	615	0	-0.0455314	0	20	20
0.00781216	0.000834206	1169.64	106.708	5.00505e-08	48.3703	58.7843	2.13642	1.61661	615	0	-0.0346384	0	20	20
0.00780986	0.000830361	1162.83	100.558	4.30789e-08	46.7066	57.3329	2.13831	1.61661	615	0	-0.0241467	0	20	20
0.00780722	0.000826575	1156.05	94.3322	3.70783e-08	45.1001	55.9174	2.14048	1.61661	615	0	-0.0141161	0	20	20
0.00780439	0.000822861	1149.36	88.0877	3.19136e-08	43.5489	54.5368	2.1428	1.61661	615	0	-0.00459764	0	20	20
0.00780156	0.000819233	1142.8	81.8813	2.74683e-08	42.0511	53.1903	2.14514	1.61661	615	0	0.00436928	0	20	20
0.00779889	0.000815704	1136.43	75.7685	2.36422e-08	40.6048	51.877	2.14735	1.61661	615	0	0.012758	0	20	20
0.00779655	0.000812285	1130.28	69.8016	2.0349e-08	39.2082	50.5961	2.14928	1.61661	615	0	0.0205552	0	20	20
0.0077947	0.000808986	1124.42	64.0279	1.75146e-08	37.8596	49.3469	2.15081	1.61661	615	0	0.0277607	0	20	20
0.00779351	0.000805814	1118.86	58.4882	1.50749e-08	36.5575	48.1285	2.1518	1.61661	615	0	0.0343862	0	20	20
0.0077931	0.000802773	1113.63	53.2161	1.29751e-08	35.3001	46.9402	2.15214	1.61661	615	0	0.0404537	0	20	20
0.0077717	0.000801912	1108.78	48.2374	1.11678e-08	34.0859	45.7813	2.16996	1.61661	615	0	0.0494133	0	20	20
0.0077523	0.000801092	1104.3	43.5698	9.61219e-09	32.9136	44.6509	2.18629	1.61661	615	0	0.0571783	0	20	20
0.00773967	0.000799869	1100.21	39.2239	8.27329e-09	31.7815	43.5485	2.19702	1.61661	615	0	0.0633344	0	20	20
0.00773347	0.000798271	1096.49	35.2032	7.12089e-09	30.6884	42.4733	2.2023	1.61661	615	0	0.0682209	0	20	20
0.00773301	0.000796362	1093.15	31.5052	6.129e-09	29.6329	41.4246	2.2027	1.61661	615	0	0.0721328	0	20	20
0.00773735	0.000794223	1090.17	28.1226	5.27528e-09	28.6137	40.4018	2.19899	1.61661	615	0	0.075318	0	20	20
0.00774553	0.000791941	1087.53	25.0436	4.54048e-09	27.6295	39.4043	2.19203	1.61661	615	0	0.0779768	0	20	20
0.00775659	0.000789594	1085.23	22.2538	3.90803e-09	26.6792	38.4314	2.18267	1.61661	615	0	0.0802649	0	20	20
0.00776973	0.000787248	1083.23	19.7363	3.36367e-09	25.7616	37.4825	2.17161	1.61661	615	0	0.0822987	0	20	20
0.0077843	0.000784953	1081.52	17.473	2.89514e-09	24.8755	36.5571	2.15944	1.61661	615	0	0.0841627	0	20	20
0.00779978	0.000782743	1080.08	15.4448	2.49187e-09	24.02	35.6545	2.14661	1.61661	615	0	0.0859161	0	20	20
0.00781581	0.00078064	1078.88	13.6329	2.14477e-09	23.1938	34.7742	2.13343	1.61661	615	0	0.0875991	0	20	20
0.0078321	0.000778657	1077.91	12.0184	1.84602e-09	22.3961	33.9156	2.12014	1.61661	615	0	0.0892386	0	20	20
0.00784847	0.0007768	1077.15	10.5833	1.58888e-09	21.6258	33.0782	2.10691	1.61661	615	0	0.0908518	0	20	20
0.00786477	0.000775068	1076.58	9.31028	1.36757e-09	20.882	32.2615	2.09383	1.61661	615	0	0.092449	0	20	20
0.00788092	0.000773459	1076.18	8.18319	1.17707e-09	20.1637	31.465	2.08099	1.61661	615	0	0.0940364	0	20	20
0.00789685	0.000771969	1075.93	7.18695	1.01312e-09	19.4702	30.6881	2.06842	1.61661	615	0	0.0956171	0	20	20
0.00791251	0.00077059	1075.82	6.30765	8.71998e-10	18.8005	29.9304	2.05616	1.61661	615	0	0.0971919	0	20	20
0.00792789	0.000769317	1075.84	5.53258	7.50536e-10	18.1539	29.1914	2.04422	1.61661	615	0	0.0987608	0	20	20
0.00794297	0.000768143	1075.97	4.85015	6.45992e-10	17.5295	28.4707	2.0326	1.61661	615	0	0.100323	0	20	20
0.00795772	0.000767062	1076.2	4.2499	5.56011e-10	16.9266	27.7678	2.02132	1.61661	615	0	0.101876	0	20	20
0.00797215	0.000766068	1076.52	3.7224	4.78563e-10	16.3444	27.0822	2.01036	1.61661	615	0	0.103418	0	20	20
0.00798625	0.000765154	1076.93	3.25918	4.11903e-10	15.7822	26.4135	1.99973	1.61661	615	0	0.104948	0	20	20
0.00800002	0.000764316	1077.4	2.8527	3.54528e-10	15.2394	25.7614	1.98942	1.61661	615	0	0.106463	0	20	20
0.00801346	0.000763548	1077.95	2.49622	3.05145e-10	14.7153	25.1253	1.97943	1.61661	615	0	0.107961	0	20	20
0.00802657	0.000762845	1078.54	2.18375	2.62641e-10	14.2091	24.505	1.96974	1.61661	615	0	0.10944	0	20	20
0.00803936	0.000762204	1079.2	1.90998	2.26057e-10	13.7204	23.8999	1.96036	1.61661	615	0	0.110897	0	20	20
0.00805182	0.000761621	1079.89	1.67022	1.94569e-10	13.2485	23.3098	1.95127	1.61661	615	0	0.112332	0	20	20
0.00806397	0.000761091	1080.63	1.46032	1.67467e-10	12.7928	22.7343	1.94247	1.61661	615	0	0.113741	0	20	20
0.0080758	0.000760611	1081.41	1.27661	1.4414e-10	12.3528	22.173	1.93394	1.61661	615	0	0.115124	0	20	20
0.00808732	0.000760179	1082.21	1.11587	1.24063e-10	11.928	21.6255	1.92569	1.61661	615	0	0.116478	0	20	20
0.00809854	0.000759792	1083.05	0.975261	1.06782e-10	11.5177	21.0916	1.9177	1.61661	615	0	0.117803	0	20	20
0.00810946	0.000759446	1083.91	0.852288	9.1908e-11	11.1216	20.5709	1.90996	1.61661	615	0	0.119096	0	20	20
0.00812008	0.00075914	1084.79	0.744758	7.91059e-11	10.739	20.063	1.90247	1.61661	615	0	0.120358	0	20	20
0.00813043	0.000758871	1085.7	0.650747	6.80871e-11	10.3697	19.5676	1.89522	1.61661	615	0	0.121586	0	20	20
0.00814049	0.000758637	1086.62	0.568567	5.86031e-11	10.013	19.0845	1.8882	1.61661	615	0	0.122781	0	20	20
0.00815028	0.000758436	1087.56	0.496736	5.04402e-11	9.66862	18.6133	1.88141	1.61661	615	0	0.123941	0	20	20
0.0081598	0.000758266	1088.51	0.433959	4.34142e-11	9.33607	18.1537	1.87483	1.61661	615	0	0.125066	0	20	20
0.00816907	0.000758126	1089.47	0.379099	3.7367e-11	9.01496	17.7055	1.86845	1.61661	615	0	0.126155	0	20	20
0.00817808	0.000758013	1090.44	0.331162	3.21621e-11	8.70489	17.2684	1.86228	1.61661	615	0	0.127209	0	20	20
0.00818685	0.000757926	1091.42	0.289277	2.76821e-11	8.40549	16.842	1.8563	1.61661	615	0	0.128226	0	20	20
0.00819539	0.000757863	1092.41	0.252683	2.38262e-11	8.11639	16.4262	1.85051	1.61661	615	0	0.129208	0	20	20
0.00820369	0.000757824	1093.4	0.220712	2.05074e-11	7.83723	16.0206	1.8449	1.61661	615	0	0.130154	0	20	20
0.00821177	0.000757806	1094.4	0.192782	1.76509e-11	7.56767	15.6251	1.83946	1.61661	615	0	0.131064	0	20	20
0.00821964	0.000757809	1095.4	0.168383	1.51923e-11	7.30738	15.2393	1.83418	1.61661	615	0	0.131938	0	20	20
0.00822729	0.000757831	1096.41	0.14707	1.30761e-11	7.05605	14.863	1.82907	1.61661	615	0	0.132777	0	20	20
0.00823475	0.000757871	1097.42	0.128452	1.12547e-11	6.81336	14.496	1.8241	1.61661	615	0	0.133582	0	20	20
0.00824201	0.000757929	1098.43	0.11219	9.68703e-12	6.57902	14.1381	1.81929	1.61661	615	0	0.134353	0	20	20
0.00824908	0.000758002	1099.44	0.0979859	8.3377e-12	6.35273	13.7891	1.81461	1.61661	615	0	0.13509	0	20	20
0.00825597	0.00075809	1100.45	0.0855791	7.17633e-12	6.13423	13.4486	1.81007	1.61661	615	0	0.135794	0	20	20
0.00826268	0.000758192	1101.46	0.0747426	6.17672e-12	5.92325	13.1166	1.80566	1.61661	615	0	0.136465	0	20	20
0.00826923	0.000758307	1102.46	0.0652777	5.31635e-12	5.71952	12.7927	1.80138	1.61661	615	0	0.137105	0	20	20
0.00827561	0.000758434	1103.47	0.0570111	4.57583e-12	5.5228	12.4769	1.79721	1.61661	615	0	0.137714	0	20	20
0.00828184	0.000758573	1104.47	0.049791	3.93845e-12	5.33285	12.1688	1.79316	1.61661	615	0	0.138292	0	20	20
0.00828791	0.000758722	1105.47	0.0434851	3.38986e-12	5.14943	11.8684	1.78922	1.61661	615	0	0.138841	0	20	20
0.00829384	0.000758882	1106.47	0.0379777	2.91768e-12	4.97231	11.5753	1.78539	1.61661	615	0	0.139362	0	20	20
0.00829963	0.00075905	1107.46	0.0331676	2.51127e-12	4.80129	11.2895	1.78166	1.61661	615	0	0.139854	0	20	20
0.00830528	0.000759226	1108.45	0.0289667	2.16147e-12	4.63615	11.0108	1.77802	1.61661	615	0	0.140319	0	20	20
0.00831081	0.000759411	1109.44	0.0252978	1.86039e-12	4.4767	10.7389	1.77448	1.61661	615	0	0.140758	0	20	20
0.0083162	0.000759603	1110.42	0.0220935	1.60125e-12	4.32272	10.4738	1.77103	1.61661	615	0	0.141171	0	20	20
0.00832148	0.000759801	1111.4	0.0192951	1.37821e-12	4.17404	10.2152	1.76766	1.61661	615	0	0.14156	0	20	20
0.00832664	0.000760005	1112.37	0.0168511	1.18624e-12	4.03048	9.96297	1.76437	1.61661	615	0	0.141924	0	20	20
0.0083317	0.000760215	1113.33	0.0147166	1.02101e-12	3.89185	9.71699	1.76116	1.61661	615	0	0.142266	0	20	20
0.00833664	0.00076043	1114.3	0.0128525	8.78787e-13	3.75799	9.47707	1.75803	1.61661	615	0	0.142584	0	20	20
0.00834148	0.000760649	1115.25	0.0112244	7.56379e-13	3.62874	9.24308	1.75497	1.61661	615	0	0.142882	0	20	20
0.00834622	0.000760873	1116.2	0.00980264	6.51022e-13	3.50393	9.01487	1.75199	1.61661	615	0	0.143158	0	20	20
0.00835087	0.0007611	1117.14	0.00856093	5.60339e-13	3.38341	8.79229	1.74906	1.61661	615	0	0.143414	0	20	20
0.00835542	0.00076133	1118.07	0.0074765	4.82289e-13	3.26704	8.57521	1.74621	1.61661	615	0	0.14365	0	20	20
0.00835989	0.000761563	1119	0.00652943	4.1511e-13	3.15467	8.36349	1.74341	1.61661	615	0	0.143868	0	20	20
0.00836426	0.000761799	1119.93	0.00570232	3.57288e-13	3.04617	8.15699	1.74067	1.61661	615	0	0.144067	0	20	20
0.00836856	0.000762037	1120.84	0.00497999	3.07521e-13	2.9414	7.95559	1.73799	1.61661	615	0	0.144249	0	20	20
0.00837278	0.000762276	1121.75	0.00434915	2.64686e-13	2.84023	7.75917	1.73537	1.61661	615	0	0.144414	0	20	20
0.00837692	0.000762517	1122.65	0.00379823	2.27817e-13	2.74254	7.5676	1.73279	1.61661	615	0	0.144563	0	20	20
0.00838099	0.000762759	1123.54	0.00331709	1.96084e-13	2.64821	7.38075	1.73027	1.61661	615	0	0.144696	0	20	20
0.00838499	0.000763002	1124.43	0.00289689	1.68771e-13	2.55713	7.19852	1.72779	1.61661	615	0	0.144815	0	20	20
0.00838892	0.000763246	1125.31	0.00252993	1.45263e-13	2.46918	7.02079	1.72537	1.61661	615	0	0.144919	0	20	20
0.00839279	0.00076349	1126.18	0.00220945	1.25029e-13	2.38425	6.84744	1.72298	1.61661	615	0	0.145009	0	20	20
0.00839659	0.000763734	1127.04	0.00192956	1.07613e-13	2.30225	6.67838	1.72064	1.61661	615	0	0.145086	0	20	20
0.00840033	0.000763977	1127.9	0.00168513	9.26235e-14	2.22306	6.51349	1.71835	1.61661	615	0	0.14515	0	20	20
0.00840401	0.000764221	1128.75	0.00147167	7.97218e-14	2.1466	6.35267	1.71609	1.61661	615	0	0.145201	0	20	20
0.00840764	0.000764464	1129.59	0.00128524	6.86172e-14	2.07277	6.19582	1.71387	1.61661	615	0	0.145241	0	20	20
0.00841121	0.000764706	1130.42	0.00112243	5.90593e-14	2.00148	6.04285	1.71169	1.61661	615	0	0.14527	0	20	20
0.00841473	0.000764947	1131.24	0.000980247	5.08329e-14	1.93264	5.89365	1.70954	1.61661	615	0	0.145288	0	20	20
0.0084182	0.000765187	1132.06	0.000856073	4.37522e-14	1.86616	5.74813	1.70743	1.61661	615	0	0.145295	0	20	20
0.00842162	0.000765426	1132.87	0.000747628	3.76579e-14	1.80198	5.60621	1.70535	1.61661	615	0	0.145293	0	20	20
0.00842499	0.000765664	1133.67	0.000652921	3.24125e-14	1.74	5.46779	1.7033	1.61661	615	0	0.145281	0	20	20
0.00842832	0.0007659	1134.46	0.000570211	2.78977e-14	1.68015	5.33279	1.70129	1.61661	615	0	0.145259	0	20	20
0.0084316	0.000766134	1135.25	0.000497979	2.40117e-14	1.62237	5.20113	1.6993	1.61661	615	0	0.145229	0	20	20
0.00843483	0.000766377	1136.04	0.000434896	2.06671e-14	1.56656	5.07271	1.69735	1.61661	615	0	0.145193	0	20	20
0.00843799	0.000766653	1136.87	0.000379805	1.77883e-14	1.51268	4.94747	1.69544	1.61661	615	0	0.145154	0	20	20
0.00844107	0.000766971	1137.76	0.000331692	1.53106e-14	1.46066	4.82531	1.69359	1.61661	615	0	0.145116	0	20	20
0.00844407	0.000767329	1138.71	0.000289675	1.31779e-14	1.41042	4.70617	1.69178	1.61661	615	0	0.145079	0	20	20
0.00844701	0.000767726	1139.7	0.00025298	1.13423e-14	1.36191	4.58998	1.69002	1.61661	615	0	0.145043	0	20	20
0.00844987	0.000768158	1140.74	0.000220933	9.76244e-15	1.31506	4.47665	1.6883	1.61661	615	0	0.145007	0	20	20
0.00845267	0.000768623	1141.82	0.000192946	8.40261e-15	1.26983	4.36612	1.68662	1.61661	615	0	0.144972	0	20	20
0.00845541	0.000769121	1142.95	0.000168504	7.2322e-15	1.22616	4.25832	1.68499	1.61661	615	0	0.144938	0	20	20
0.00845809	0.000769649	1144.11	0.000147158	6.22481e-15	1.18398	4.15318	1.68339	1.61661	615	0	0.144905	0	20	20
0.00846071	0.000770204	1145.31	0.000128517	5.35774e-15	1.14326	4.05064	1.68182	1.61661	615	0	0.144873	0	20	20
0.00846327	0.000770787	1146.55	0.000112237	4.61145e-15	1.10394	3.95063	1.68029	1.61661	615	0	0.144842	0	20	20
0.00846578	0.000771394	1147.82	9.80188e-05	3.96911e-15	1.06597	3.85309	1.6788	1.61661	615	0	0.144812	0	20	20
0.00846825	0.000772025	1149.12	8.56021e-05	3.41625e-15	1.02931	3.75796	1.67733	1.61661	615	0	0.144783	0	20	20
0.00847066	0.000772678	1150.44	7.47583e-05	2.94039e-15	0.993904	3.66517	1.6759	1.61661	615	0	0.144755	0	20	20
0.00847303	0.000773351	1151.8	6.52881e-05	2.53082e-15	0.959719	3.57468	1.67449	1.61661	615	0	0.144728	0	20	20
0.00847536	0.000774045	1153.18	5.70176e-05	2.1783e-15	0.92671	3.48642	1.67312	1.61661	615	0	0.144702	0	20	20
0.00847764	0.000774756	1154.58	4.97948e-05	1.87488e-15	0.894836	3.40034	1.67177	1.61661	615	0	0.144678	0	20	20
0.00847988	0.000775485	1156.01	4.34869e-05	1.61372e-15	0.864058	3.31639	1.67044	1.61661	615	0	0.144654	0	20	20
0.00848209	0.00077623	1157.45	3.79781e-05	1.38894e-15	0.83434	3.2345	1.66914	1.61661	615	0	0.144632	0	20	20
0.00848425	0.00077699	1158.92	3.31671e-05	1.19547e-15	0.805643	3.15464	1.66786	1.61661	615	0	0.144611	0	20	20
0.00848638	0.000777764	1160.4	2.89656e-05	1.02895e-15	0.777933	3.07675	1.6666	1.61661	615	0	0.144591	0	20	20
0.00848848	0.000778551	1161.9	2.52963e-05	8.85629e-16	0.751176	3.00079	1.66537	1.61661	615	0	0.144573	0	20	20
0.00849054	0.00077935	1163.42	2.20919e-05	7.62268e-16	0.72534	2.9267	1.66416	1.61661	615	0	0.144555	0	20	20
0.00849257	0.000780161	1164.95	1.92933e-05	6.5609e-16	0.700392	2.85444	1.66296	1.61661	615	0	0.144539	0	20	20
0.00849458	0.000780982	1166.49	1.68493e-05	5.64702e-16	0.676303	2.78396	1.66179	1.61661	615	0	0.144524	0	20	20
0.00849655	0.000781813	1168.05	1.47149e-05	4.86043e-16	0.653041	2.71523	1.66063	1.61661	615	0	0.14451	0	20	20
0.00849849	0.000782654	1169.62	1.28508e-05	4.18342e-16	0.63058	2.64819	1.65949	1.61661	615	0	0.144498	0	20	20
0.00850041	0.000783503	1171.19	1.12229e-05	3.6007e-16	0.608892	2.5828	1.65837	1.61661	615	0	0.144487	0	20	20
0.0085023	0.00078436	1172.78	9.80125e-06	3.09915e-16	0.587949	2.51903	1.65726	1.61661	615	0	0.144477	0	20	20
0.00850417	0.000785224	1174.38	8.55966e-06	2.66746e-16	0.567727	2.45684	1.65617	1.61661	615	0	0.144468	0	20	20
0.00850601	0.000786095	1175.98	7.47534e-06	2.29591e-16	0.5482	2.39618	1.65509	1.61661	615	0	0.144461	0	20	20
0.00850783	0.000786972	1177.59	6.52839e-06	1.97611e-16	0.529345	2.33702	1.65403	1.61661	615	0	0.144455	0	20	20
0.00850963	0.000787855	1179.21	5.70139e-06	1.70085e-16	0.511138	2.27932	1.65298	1.61661	615	0	0.14445	0	20	20
0.00851141	0.000788742	1180.83	4.97915e-06	1.46393e-16	0.493558	2.22304	1.65195	1.61661	615	0	0.144446	0	20	20
0.00851316	0.000789635	1182.46	4.34841e-06	1.26002e-16	0.476582	2.16815	1.65093	1.61661	615	0	0.144444	0	20	20
0.0085149	0.000790531	1184.09	3.79756e-06	1.08451e-16	0.46019	2.11462	1.64992	1.61661	615	0	0.144443	0	20	20
0.00851661	0.000791432	1185.73	3.3165e-06	9.33446e-17	0.444362	2.06241	1.64892	1.61661	615	0	0.144443	0	20	20
0.00851831	0.000792336	1187.37	2.89638e-06	8.03424e-17	0.429079	2.01149	1.64793	1.61661	615	0	0.144445	0	20	20
0.00851999	0.000793243	1189.01	2.52947e-06	6.91514e-17	0.414321	1.96183	1.64696	1.61661	615	0	0.144448	0	20	20
0.00852165	0.000794152	1190.66	2.20904e-06	5.95191e-17	0.40007	1.91339	1.64599	1.61661	615	0	0.144452	0	20	20
0.0085233	0.000795064	1192.31	1.92921e-06	5.12286e-17	0.38631	1.86615	1.64504	1.61661	615	0	0.144457	0	20	20
0.00852493	0.000795978	1193.96	1.68482e-06	4.40929e-17	0.373023	1.82007	1.6441	1.61661	615	0	0.144464	0	20	20
0.00852655	0.000796894	1195.61	1.47139e-06	3.79511e-17	0.360193	1.77513	1.64316	1.61661	615	0	0.144471	0	20	20
0.00852815	0.000797811	1197.26	1.285e-06	3.26648e-17	0.347804	1.7313	1.64224	1.61661	615	0	0.144481	0	20	20
0.00852973	0.00079873	1198.91	1.12222e-06	2.81149e-17	0.335842	1.68856	1.64132	1.61661	615	0	0.144491	0	20	20
0.00853131	0.000799649	1200.57	9.80061e-07	2.41987e-17	0.324291	1.64687	1.64041	1.61661	615	0	0.144503	0	20	20
0.00853286	0.000800569	1202.22	8.5591e-07	2.0828e-17	0.313137	1.60621	1.63952	1.61661	615	0	0.144516	0	20	20
0.00853441	0.000801489	1203.87	7.47486e-07	1.79268e-17	0.302367	1.56655	1.63863	1.61661	615	0	0.14453	0	20	20
0.00853594	0.00080241	1205.52	6.52796e-07	1.54298e-17	0.291967	1.52787	1.63774	1.61661	615	0	0.144545	0	20	20
0.00853746	0.000803331	1207.17	5.70102e-07	1.32805e-17	0.281925	1.49015	1.63687	1.61661	615	0	0.144562	0	20	20
0.00853897	0.000804251	1208.82	4.97883e-07	1.14306e-17	0.272228	1.45336	1.636	1.61661	615	0	0.14458	0	20	20
0.00854047	0.000805172	1210.47	4.34813e-07	9.83845e-18	0.262865	1.41747	1.63514	1.61661	615	0	0.144599	0	20	20
0.00854196	0.000806091	1212.12	3.79732e-07	8.46803e-18	0.253824	1.38248	1.63429	1.61661	615	0	0.144619	0	20	20
0.00854343	0.000807011	1213.76	3.31628e-07	7.2885e-18	0.245094	1.34834	1.63344	1.61661	615	0	0.144641	0	20	20
0.0085449	0.000807929	1215.41	2.89619e-07	6.27327e-18	0.236664	1.31505	1.6326	1.61661	615	0	0.144664	0	20	20
0.00854635	0.000808846	1217.05	2.52931e-07	5.39946e-18	0.228524	1.28258	1.63177	1.61661	615	0	0.144688	0	20	20
0.0085478	0.000809763	1218.68	2.2089e-07	4.64735e-18	0.220664	1.25092	1.63094	1.61661	615	0	0.144713	0	20	20
0.00854923	0.000810678	1220.32	1.92908e-07	4.00001e-18	0.213074	1.22003	1.63012	1.61661	615	0	0.14474	0	20	20
0.00855066	0.000811592	1221.95	1.68471e-07	3.44284e-18	0.205746	1.18991	1.6293	1.61661	615	0	0.144767	0	20	20
0.00855208	0.000812504	1223.58	1.4713e-07	2.96328e-18	0.198669	1.16053	1.62849	1.61661	615	0	0.144796	0	20	20
0.00855349	0.000813415	1225.21	1.28492e-07	2.55052e-18	0.191836	1.13187	1.62769	1.61661	615	0	0.144826	0	20	20
0.00855489	0.000814324	1226.83	1.12215e-07	2.19525e-18	0.185238	1.10393	1.62689	1.61661	615	0	0.144858	0	20	20
0.00855628	0.000815232	1228.45	9.79998e-08	1.88947e-18	0.178867	1.07667	1.62609	1.61661	615	0	0.14489	0	20	20
0.00855766	0.000816137	1230.07	8.55855e-08	1.62628e-18	0.172715	1.05009	1.6253	1.61661	615	0	0.144924	0	20	20
0.00855904	0.000817041	1231.68	7.47437e-08	1.39976e-18	0.166774	1.02416	1.62452	1.61661	615	0	0.144959	0	20	20
0.00856041	0.000817943	1233.29	6.52754e-08	1.20478e-18	0.161038	0.998876	1.62374	1.61661	615	0	0.144995	0	20	20
0.00856177	0.000818843	1234.9	5.70065e-08	1.03696e-18	0.155499	0.974214	1.62296	1.61661	615	0	0.145032	0	20	20
0.00856313	0.000819741	1236.5	4.97851e-08	8.92524e-19	0.150151	0.95016	1.62219	1.61661	615	0	0.145071	0	20	20
0.00856448	0.000820637	1238.1	4.34784e-08	7.68203e-19	0.144986	0.926701	1.62143	1.61661	615	0	0.145111	0	20	20
0.00856582	0.000821531	1239.7	3.79707e-08	6.61198e-19	0.14	0.90382	1.62067	1.61661	615	0	0.145151	0	20	20
0.00856715	0.000822422	1241.29	3.31607e-08	5.69098e-19	0.135184	0.881505	1.61991	1.61661	615	0	0.145193	0	20	20
0.00856848	0.000823311	1242.87	2.896e-08	4.89828e-19	0.130535	0.859741	1.61916	1.61661	615	0	0.145236	0	20	20
0.0085698	0.000824198	1244.46	2.52914e-08	4.21598e-19	0.126045	0.838513	1.61841	1.61661	615	0	0.145281	0	20	20
0.00857112	0.000825082	1246.04	2.20876e-08	3.62873e-19	0.12171	0.817811	1.61766	1.61661	615	0	0.145326	0	20	20
0.00857243	0.000825964	1247.61	1.92896e-08	3.12328e-19	0.117524	0.797619	1.61692	1.61661	615	0	0.145373	0	20	20
0.00857373	0.000826844	1249.18	1.6846e-08	2.68823e-19	0.113482	0.777925	1.61618	1.61661	615	0	0.145421	0	20	20
0.00857503	0.000827721	1250.75	1.4712e-08	2.31378e-19	0.109578	0.758718	1.61545	1.61661	615	0	0.145469	0	20	20
0.00857632	0.000828596	1252.31	1.28483e-08	1.99149e-19	0.10581	0.739986	1.61472	1.61661	615	0	0.145519	0	20	20
0.00857761	0.000829468	1253.87	1.12208e-08	1.71409e-19	0.10217	0.721715	1.61399	1.61661	615	0	0.145571	0	20	20
0.00857889	0.000830338	1255.43	9.79934e-09	1.47533e-19	0.0986561	0.703896	1.61327	1.61661	615	0	0.145623	0	20	20
0.00858017	0.000831205	1256.98	8.55799e-09	1.26983e-19	0.0952629	0.686517	1.61255	1.61661	615	0	0.145676	0	20	20
0.00858144	0.00083207	1258.52	7.47389e-09	1.09295e-19	0.0919864	0.669567	1.61183	1.61661	615	0	0.145731	0	20	20
