0.00936804	
0.00744216	
0.00588563	
0.00510112	
0.0046299	
0.00431096	
0.00407721	
0.00389954	
0.00377331	
0.00370673	
0.00373157	
0.00386343	
0.00407731	
0.0043583	
0.00470182	
0.00511057	
0.00559196	
0.00615638	
0.00681619	
0.00758479	
0.00847546	
0.00949989	
0.0106667	
0.0119813	
0.0134496	
0.0151045	
0.0171064	
0.0198111	
0.0238644	
0.0300071	
0.0458514	
0.0566296	
0.0559937	
0.0525683	
0.0492076	
0.0463182	
0.0439293	
0.0419933	
0.0404437	
0.0392147	
0.0382477	
0.0374931	
0.03691	
0.0364649	
0.0361307	
0.0358855	
0.0357117	
0.0355949	
0.0355236	
0.0354888	
0.0355048	
0.0355797	
0.0357034	
0.035867	
0.0360626	
0.0362832	
0.0365226	
0.0367757	
0.0370376	
0.0373044	
0.0375725	
0.0378392	
0.038102	
0.0383588	
0.038608	
0.0388485	
0.0390793	
0.0392998	
0.0395094	
0.039708	
0.0398956	
0.0400721	
0.0402378	
