0.00866572	0.000693067	1111.6	256.922	76.5	0	0	1.56526	1.61661	615	0	0.149389	0	20	20
0.00874074	0.000705018	1139.29	256.922	76.4694	18.5002	6.23449	1.5253	1.61661	615	0	-0.0956128	0	20	20
0.00885687	0.000729774	1192.89	256.922	76.4339	54.2258	18.3949	1.46609	1.61661	615	0	-0.541207	0	20	20
0.00893871	0.000754707	1243.49	256.922	76.3927	88.7133	30.2519	1.42619	1.61661	615	0	-0.927835	0	20	20
0.00899584	0.000779768	1291.86	256.922	76.3448	121.995	41.8095	1.39918	1.61661	615	0	-1.2673	0	20	20
0.00903413	0.000804571	1337.83	256.922	76.2893	154.103	53.0721	1.38147	1.61661	615	0	-1.56643	0	20	20
0.00905839	0.000828844	1381.38	256.922	76.2249	185.069	64.0436	1.3704	1.61661	615	0	-1.83076	0	20	20
0.00907234	0.000852427	1422.6	256.922	76.1502	214.923	74.7285	1.36409	1.61661	615	0	-2.06535	0	20	20
0.00907879	0.000875253	1461.65	256.922	76.0636	243.696	85.1309	1.36118	1.61661	615	0	-2.27471	0	20	20
0.00907976	0.000897314	1498.72	256.922	75.9633	271.416	95.2554	1.36074	1.61661	615	0	-2.46272	0	20	20
0.00907674	0.000918633	1534.02	256.922	75.847	298.114	105.107	1.3621	1.61661	615	0	-2.63261	0	20	20
0.00907078	0.000939251	1567.71	256.922	75.7124	323.819	114.689	1.36479	1.61661	615	0	-2.78702	0	20	20
0.00906266	0.000959208	1599.97	256.922	75.5566	348.56	124.008	1.36846	1.61661	615	0	-2.9281	0	20	20
0.00905293	0.000978544	1630.92	256.922	75.3764	372.367	133.069	1.37288	1.61661	615	0	-3.05761	0	20	20
0.00904202	0.000997289	1660.67	256.922	75.1681	395.268	141.877	1.37786	1.61661	615	0	-3.17697	0	20	20
0.00903023	0.00101547	1689.29	256.922	74.9275	417.293	150.437	1.38326	1.61661	615	0	-3.28736	0	20	20
0.00901779	0.0010331	1716.85	256.922	74.6499	438.472	158.756	1.38899	1.61661	615	0	-3.38974	0	20	20
0.00900488	0.00105021	1743.39	256.922	74.33	458.834	166.839	1.39497	1.61661	615	0	-3.48496	0	20	20
0.00899165	0.0010668	1768.96	256.922	73.9617	478.411	174.695	1.40114	1.61661	615	0	-3.57371	0	20	20
0.0089782	0.00108288	1793.59	256.922	73.5383	497.233	182.328	1.40745	1.61661	615	0	-3.6566	0	20	20
0.00896462	0.00109846	1817.31	256.922	73.0526	515.331	189.748	1.41385	1.61661	615	0	-3.73417	0	20	20
0.00895096	0.00111355	1840.13	256.922	72.4961	532.737	196.96	1.42033	1.61661	615	0	-3.80689	0	20	20
0.0089373	0.00112817	1862.09	256.922	71.8602	549.481	203.973	1.42686	1.61661	615	0	-3.87519	0	20	20
0.00892365	0.00114232	1883.2	256.922	71.1353	565.594	210.794	1.43342	1.61661	615	0	-3.93944	0	20	20
0.00891006	0.00115601	1903.49	256.922	70.3111	581.108	217.432	1.43999	1.61661	615	0	-3.99998	0	20	20
0.00889655	0.00116926	1922.97	256.922	69.3773	596.05	223.892	1.44656	1.61661	615	0	-4.05712	0	20	20
0.00888314	0.00118207	1941.66	256.922	68.323	610.448	230.183	1.45312	1.61661	615	0	-4.11113	0	20	20
0.00886984	0.00119445	1959.58	256.922	67.1377	624.327	236.311	1.45966	1.61661	615	0	-4.16223	0	20	20
0.00885667	0.00120641	1976.73	256.922	65.8111	637.707	242.28	1.46618	1.61661	615	0	-4.21064	0	20	20
0.00884366	0.00121794	1993.13	256.922	64.3342	650.603	248.093	1.47267	1.61661	615	0	-4.25653	0	20	20
0.00883081	0.00122905	2008.77	256.922	62.6995	663.024	253.753	1.4791	1.61661	615	0	-4.30004	0	20	20
0.00881815	0.00123974	2023.64	256.922	60.9015	674.973	259.257	1.48548	1.61661	615	0	-4.34126	0	20	20
0.00880572	0.00124997	2037.73	256.922	58.9379	686.443	264.603	1.49178	1.61661	615	0	-4.38027	0	20	20
0.00879355	0.00125975	2051.02	256.922	56.8097	697.417	269.782	1.49799	1.61661	615	0	-4.4171	0	20	20
0.00878169	0.00126903	2063.46	256.922	54.5225	707.869	274.784	1.50406	1.61661	615	0	-4.45174	0	20	20
0.0087702	0.00127778	2075.02	256.922	52.086	717.762	279.596	1.50998	1.61661	615	0	-4.48416	0	20	20
0.00875914	0.00128596	2085.65	256.922	49.5151	727.051	284.199	1.51571	1.61661	615	0	-4.5143	0	20	20
0.00874859	0.00129353	2095.29	256.922	46.8297	735.681	288.574	1.5212	1.61661	615	0	-4.54205	0	20	20
0.00873863	0.00130042	2103.89	256.922	44.0538	743.595	292.699	1.5264	1.61661	615	0	-4.56732	0	20	20
0.00872934	0.0013066	2111.39	256.922	41.2153	750.73	296.55	1.53128	1.61661	615	0	-4.58999	0	20	20
0.0087208	0.00131201	2117.73	256.922	38.3448	757.027	300.106	1.53579	1.61661	615	0	-4.60994	0	20	20
0.00871309	0.0013166	2122.87	256.922	35.4743	762.429	303.344	1.53987	1.61661	615	0	-4.62706	0	20	20
0.00870627	0.00132034	2126.78	256.922	32.6358	766.889	306.247	1.54349	1.61661	615	0	-4.64126	0	20	20
0.00870039	0.00132321	2129.43	256.922	29.8599	770.371	308.798	1.54662	1.61661	615	0	-4.65248	0	20	20
0.0086955	0.00132518	2130.82	256.922	27.1745	772.853	310.988	1.54923	1.61661	615	0	-4.66067	0	20	20
0.00869161	0.00132625	2130.95	256.922	24.6037	774.325	312.812	1.55131	1.61661	615	0	-4.66583	0	20	20
0.00868855	0.00132647	2129.87	256.922	22.1672	774.796	314.268	1.55295	1.61661	615	0	-4.6668	0	20	20
0.00868574	0.00132592	2127.6	256.922	19.8799	774.287	315.362	1.55446	1.61661	615	0	-4.66029	0	20	20
0.00868317	0.00132465	2124.22	256.922	17.7517	772.83	316.102	1.55584	1.61661	615	0	-4.64664	0	20	20
0.00868083	0.00132269	2119.78	256.922	15.7881	770.472	316.502	1.5571	1.61661	615	0	-4.62626	0	20	20
0.00867871	0.00132008	2114.36	256.922	13.9901	767.264	316.576	1.55824	1.61661	615	0	-4.59961	0	20	20
0.0086768	0.00131687	2108.04	256.922	12.3554	763.265	316.343	1.55927	1.61661	615	0	-4.56718	0	20	20
0.00867507	0.00131312	2100.88	256.922	10.8785	758.537	315.823	1.5602	1.61661	615	0	-4.52948	0	20	20
0.00867351	0.00130886	2092.97	256.922	9.55195	753.143	315.035	1.56105	1.61661	615	0	-4.48703	0	20	20
0.0086721	0.00130414	2084.38	256.922	8.36659	747.145	313.999	1.5618	1.61661	615	0	-4.44033	0	20	20
0.00867083	0.00129901	2075.18	256.921	7.31231	740.604	312.734	1.56249	1.61661	615	0	-4.38986	0	20	20
0.00866969	0.00129352	2065.43	256.921	6.37848	733.577	311.26	1.56311	1.61661	615	0	-4.33606	0	20	20
0.00866865	0.00128769	2055.19	256.921	5.55436	726.117	309.594	1.56367	1.61661	615	0	-4.27937	0	20	20
0.00866771	0.00128157	2044.51	256.921	4.8294	718.275	307.752	1.56418	1.61661	615	0	-4.22015	0	20	20
0.00866684	0.00127518	2033.45	256.921	4.19349	710.094	305.751	1.56465	1.61661	615	0	-4.15877	0	20	20
0.00866606	0.00126857	2022.06	256.92	3.63707	701.616	303.602	1.56508	1.61661	615	0	-4.09553	0	20	20
0.00866533	0.00126174	2010.36	256.92	3.15127	692.877	301.32	1.56547	1.61661	615	0	-4.03072	0	20	20
0.00866466	0.00125474	1998.4	256.92	2.72794	683.91	298.914	1.56583	1.61661	615	0	-3.96458	0	20	20
0.00866404	0.00124757	1986.2	256.919	2.35965	674.744	296.397	1.56617	1.61661	615	0	-3.89733	0	20	20
0.00866346	0.00124025	1973.8	256.919	2.03971	665.405	293.776	1.56648	1.61661	615	0	-3.82918	0	20	20
0.00866292	0.00123281	1961.21	256.919	1.76213	655.914	291.059	1.56678	1.61661	615	0	-3.76029	0	20	20
0.00866241	0.00122526	1948.47	256.918	1.52155	646.293	288.255	1.56705	1.61661	615	0	-3.69081	0	20	20
0.00866194	0.0012176	1935.59	256.917	1.31324	636.559	285.37	1.56731	1.61661	615	0	-3.62089	0	20	20
0.00866149	0.00120986	1922.59	256.917	1.13301	626.727	282.41	1.56755	1.61661	615	0	-3.55063	0	20	20
0.00866107	0.00120204	1909.48	256.916	0.977206	616.812	279.38	1.56778	1.61661	615	0	-3.48015	0	20	20
0.00866067	0.00119415	1896.28	256.915	0.842585	606.826	276.285	1.568	1.61661	615	0	-3.40954	0	20	20
0.00866031	0.00118619	1883	256.914	0.726331	596.781	273.13	1.5682	1.61661	615	0	-3.33889	0	20	20
0.00865997	0.00117819	1869.66	256.913	0.625985	586.685	269.919	1.56838	1.61661	615	0	-3.26827	0	20	20
0.00865965	0.00117014	1856.26	256.911	0.539403	576.55	266.656	1.56855	1.61661	615	0	-3.19775	0	20	20
0.00865936	0.00116205	1842.82	256.909	0.464724	566.383	263.345	1.56871	1.61661	615	0	-3.1274	0	20	20
0.00865911	0.00115393	1829.34	256.908	0.400329	556.191	259.989	1.56885	1.61661	615	0	-3.05729	0	20	20
0.00865888	0.00114578	1815.84	256.905	0.344818	545.983	256.592	1.56897	1.61661	615	0	-2.98745	0	20	20
0.00865869	0.0011376	1802.33	256.903	0.296973	535.764	253.156	1.56907	1.61661	615	0	-2.91795	0	20	20
0.00865854	0.00112942	1788.81	256.9	0.255745	525.543	249.685	1.56916	1.61661	615	0	-2.84883	0	20	20
0.00865842	0.00112122	1775.29	256.897	0.220224	515.324	246.181	1.56922	1.61661	615	0	-2.78014	0	20	20
0.00865835	0.00111301	1761.78	256.893	0.189625	505.113	242.648	1.56926	1.61661	615	0	-2.71192	0	20	20
0.00865832	0.00110481	1748.3	256.889	0.163268	494.917	239.088	1.56927	1.61661	615	0	-2.64421	0	20	20
0.00865835	0.00109661	1734.84	256.884	0.140567	484.741	235.504	1.56926	1.61661	615	0	-2.57705	0	20	20
0.00865842	0.00108842	1721.42	256.879	0.121018	474.59	231.898	1.56922	1.61661	615	0	-2.51049	0	20	20
0.00865855	0.00108024	1708.05	256.872	0.104184	464.47	228.273	1.56915	1.61661	615	0	-2.44454	0	20	20
0.00865875	0.00107209	1694.73	256.865	0.0896893	454.387	224.633	1.56904	1.61661	615	0	-2.37926	0	20	20
0.00865901	0.00106395	1681.48	256.857	0.0772089	444.344	220.979	1.5689	1.61661	615	0	-2.31467	0	20	20
0.00865934	0.00105585	1668.29	256.847	0.0664636	434.349	217.314	1.56872	1.61661	615	0	-2.2508	0	20	20
0.00865975	0.00104778	1655.18	256.836	0.0572127	424.404	213.64	1.5685	1.61661	615	0	-2.18769	0	20	20
0.00866023	0.00103975	1642.16	256.824	0.0492485	414.517	209.96	1.56824	1.61661	615	0	-2.12537	0	20	20
0.0086608	0.00103176	1629.23	256.81	0.0423924	404.692	206.278	1.56793	1.61661	615	0	-2.06386	0	20	20
0.00866146	0.00102382	1616.41	256.793	0.0364903	394.933	202.594	1.56757	1.61661	615	0	-2.00319	0	20	20
0.00866222	0.00101593	1603.7	256.775	0.0314096	385.246	198.912	1.56716	1.61661	615	0	-1.94339	0	20	20
0.00866307	0.0010081	1591.11	256.753	0.027036	375.637	195.234	1.5667	1.61661	615	0	-1.88448	0	20	20
0.00866402	0.00100034	1578.65	256.729	0.0232712	366.109	191.563	1.56618	1.61661	615	0	-1.82648	0	20	20
0.00866509	0.000992641	1566.32	256.701	0.0200306	356.669	187.9	1.5656	1.61661	615	0	-1.76943	0	20	20
0.00866626	0.000985016	1554.13	256.668	0.0172411	347.32	184.25	1.56496	1.61661	615	0	-1.71334	0	20	20
0.00866756	0.000977468	1542.1	256.632	0.01484	338.069	180.613	1.56426	1.61661	615	0	-1.65822	0	20	20
0.00866897	0.000970002	1530.22	256.59	0.0127733	328.919	176.993	1.5635	1.61661	615	0	-1.60411	0	20	20
0.00867051	0.000962622	1518.51	256.541	0.0109943	319.875	173.392	1.56267	1.61661	615	0	-1.551	0	20	20
0.00867218	0.000955334	1506.97	256.486	0.00946308	310.944	169.812	1.56176	1.61661	615	0	-1.49893	0	20	20
0.00867398	0.000948142	1495.61	256.423	0.00814509	302.128	166.256	1.56079	1.61661	615	0	-1.44791	0	20	20
0.00867591	0.000941051	1484.44	256.351	0.00701065	293.433	162.726	1.55975	1.61661	615	0	-1.39794	0	20	20
0.00867798	0.000934064	1473.46	256.268	0.0060342	284.864	159.224	1.55864	1.61661	615	0	-1.34903	0	20	20
0.00868018	0.000927186	1462.68	256.173	0.00519374	276.425	155.753	1.55745	1.61661	615	0	-1.30121	0	20	20
0.00868252	0.000920421	1452.1	256.065	0.00447034	268.12	152.315	1.55619	1.61661	615	0	-1.25447	0	20	20
0.00868499	0.000913774	1441.74	255.941	0.00384768	259.955	148.912	1.55486	1.61661	615	0	-1.20881	0	20	20
0.0086876	0.000907247	1431.59	255.799	0.00331176	251.933	145.547	1.55346	1.61661	615	0	-1.16425	0	20	20
0.00869034	0.000900845	1421.66	255.637	0.00285047	244.059	142.222	1.55199	1.61661	615	0	-1.12079	0	20	20
0.0086932	0.000894571	1411.95	255.452	0.00245344	236.337	138.938	1.55046	1.61661	615	0	-1.07842	0	20	20
0.00869618	0.000888428	1402.46	255.24	0.0021117	228.772	135.698	1.54887	1.61661	615	0	-1.03714	0	20	20
0.00869927	0.00088242	1393.21	254.998	0.00181757	221.366	132.505	1.54722	1.61661	615	0	-0.996949	0	20	20
0.00870247	0.000876548	1384.18	254.721	0.0015644	214.125	129.36	1.54551	1.61661	615	0	-0.957838	0	20	20
0.00870575	0.000870816	1375.39	254.405	0.00134649	207.053	126.265	1.54377	1.61661	615	0	-0.919798	0	20	20
0.0087091	0.000865225	1366.83	254.044	0.00115894	200.152	123.222	1.54199	1.61661	615	0	-0.882819	0	20	20
0.00871251	0.000859779	1358.5	253.632	0.000997512	193.427	120.234	1.54018	1.61661	615	0	-0.846886	0	20	20
0.00871595	0.000854477	1350.39	253.161	0.000858568	186.882	117.302	1.53835	1.61661	615	0	-0.811984	0	20	20
0.0087194	0.000849323	1342.52	252.625	0.000738977	180.521	114.428	1.53653	1.61661	615	0	-0.778094	0	20	20
0.00872283	0.000844316	1334.86	252.013	0.000636045	174.346	111.615	1.53472	1.61661	615	0	-0.745197	0	20	20
0.00872621	0.000839458	1327.43	251.317	0.000547449	168.363	108.863	1.53293	1.61661	615	0	-0.71327	0	20	20
0.0087295	0.000834749	1320.2	250.524	0.000471194	162.575	106.176	1.5312	1.61661	615	0	-0.682288	0	20	20
0.00873266	0.000830186	1313.18	249.622	0.000405561	156.983	103.555	1.52954	1.61661	615	0	-0.652211	0	20	20
0.00873566	0.000825763	1306.33	248.598	0.00034907	151.584	100.998	1.52796	1.61661	615	0	-0.622963	0	20	20
0.00873846	0.000821468	1299.65	247.435	0.000300448	146.37	98.5045	1.5265	1.61661	615	0	-0.594455	0	20	20
0.00874101	0.00081729	1293.09	246.117	0.000258598	141.336	96.0724	1.52516	1.61661	615	0	-0.5666	0	20	20
0.00874328	0.000813218	1286.64	244.624	0.000222577	136.475	93.7004	1.52397	1.61661	615	0	-0.539309	0	20	20
0.00874521	0.000809241	1280.27	242.937	0.000191574	131.781	91.3869	1.52296	1.61661	615	0	-0.512497	0	20	20
0.00874676	0.000805347	1273.95	241.034	0.000164889	127.248	89.1305	1.52215	1.61661	615	0	-0.486082	0	20	20
0.00874787	0.000801523	1267.64	238.892	0.000141922	122.872	86.9299	1.52158	1.61661	615	0	-0.459983	0	20	20
0.00874848	0.000797756	1261.33	236.484	0.000122153	118.645	84.7836	1.52126	1.61661	615	0	-0.434127	0	20	20
0.00874853	0.000794035	1254.97	233.787	0.000105138	114.565	82.6903	1.52123	1.61661	615	0	-0.408445	0	20	20
0.00874796	0.000790346	1248.54	230.772	9.04933e-05	110.624	80.6486	1.52153	1.61661	615	0	-0.382878	0	20	20
0.00874671	0.000786675	1242	227.415	7.78883e-05	106.819	78.6574	1.52218	1.61661	615	0	-0.357377	0	20	20
0.00874474	0.00078301	1235.32	223.688	6.70391e-05	103.145	76.7154	1.52321	1.61661	615	0	-0.33191	0	20	20
0.00874199	0.000779338	1228.47	219.568	5.77011e-05	99.5977	74.8213	1.52465	1.61661	615	0	-0.306456	0	20	20
0.00873842	0.000775646	1221.44	215.034	4.96638e-05	96.1721	72.9739	1.52652	1.61661	615	0	-0.281019	0	20	20
0.008734	0.000771923	1214.18	210.066	4.2746e-05	92.8643	71.1722	1.52883	1.61661	615	0	-0.255621	0	20	20
0.00872873	0.000768158	1206.7	204.652	3.67919e-05	89.6703	69.4149	1.5316	1.61661	615	0	-0.230312	0	20	20
0.00872262	0.000764343	1198.96	198.785	3.1667e-05	86.5861	67.7011	1.53483	1.61661	615	0	-0.205164	0	20	20
0.0087157	0.00076047	1190.98	192.468	2.72561e-05	83.608	66.0295	1.53848	1.61661	615	0	-0.180278	0	20	20
0.00870806	0.000756533	1182.75	185.71	2.34595e-05	80.7323	64.3993	1.54254	1.61661	615	0	-0.155778	0	20	20
0.00869992	0.000752569	1174.36	178.532	2.01918e-05	77.9556	62.8092	1.54687	1.61661	615	0	-0.13194	0	20	20
0.00869172	0.000748654	1166	170.966	1.73792e-05	75.2743	61.2585	1.55125	1.61661	615	0	-0.109143	0	20	20
0.00868374	0.000744822	1157.76	163.053	1.49585e-05	72.6853	59.746	1.55554	1.61661	615	0	-0.0875922	0	20	20
0.00867612	0.000741069	1149.67	154.847	1.28749e-05	70.1853	58.2709	1.55964	1.61661	615	0	-0.0673526	0	20	20
0.00866907	0.000737399	1141.75	146.41	1.10815e-05	67.7713	56.8321	1.56345	1.61661	615	0	-0.0484922	0	20	20
0.0086628	0.000733817	1134.06	137.811	9.53793e-06	65.4404	55.429	1.56684	1.61661	615	0	-0.0310711	0	20	20
0.00864916	0.000730981	1126.63	129.128	8.20938e-06	63.1896	54.0604	1.57427	1.61661	615	0	-0.00848929	0	20	20
0.00863797	0.000728145	1119.52	120.438	7.06588e-06	61.0162	52.7256	1.58039	1.61661	615	0	0.0107142	0	20	20
0.0086306	0.000725233	1112.77	111.822	6.08166e-06	58.9176	51.4238	1.58445	1.61661	615	0	0.0263215	0	20	20
0.00862758	0.000722247	1106.47	103.355	5.23453e-06	56.8911	50.1542	1.58611	1.61661	615	0	0.0387979	0	20	20
0.00862922	0.000719221	1100.71	95.1087	4.5054e-06	54.9344	48.9159	1.5852	1.61661	615	0	0.0486314	0	20	20
0.00863549	0.000716218	1095.58	87.1473	3.87783e-06	53.0449	47.7081	1.58176	1.61661	615	0	0.056317	0	20	20
0.00864597	0.000713328	1091.18	79.5248	3.33768e-06	51.2205	46.5302	1.57601	1.61661	615	0	0.0623348	0	20	20
0.00865992	0.000710657	1087.58	72.2851	2.87277e-06	49.4588	45.3814	1.56841	1.61661	615	0	0.0671265	0	20	20
0.00867639	0.000708312	1084.85	65.4613	2.47262e-06	47.7576	44.2609	1.55949	1.61661	615	0	0.0710736	0	20	20
0.00869443	0.000706385	1083.02	59.0756	2.1282e-06	46.115	43.1681	1.54981	1.61661	615	0	0.0744829	0	20	20
0.00871315	0.000704944	1082.09	53.1399	1.83176e-06	44.5289	42.1023	1.53984	1.61661	615	0	0.0775827	0	20	20
0.0087319	0.000704027	1082.06	47.657	1.57661e-06	42.9974	41.0628	1.52994	1.61661	615	0	0.0805295	0	20	20
0.00875021	0.000703649	1082.89	42.6214	1.357e-06	41.5185	40.0489	1.52035	1.61661	615	0	0.0834213	0	20	20
0.00876782	0.000703802	1084.54	38.0213	1.16798e-06	40.0905	39.0601	1.51121	1.61661	615	0	0.0863137	0	20	20
0.0087846	0.000704465	1086.97	33.8392	1.00529e-06	38.7116	38.0957	1.50257	1.61661	615	0	0.0892339	0	20	20
0.00880049	0.000705606	1090.12	30.054	8.65262e-07	37.3801	37.1551	1.49445	1.61661	615	0	0.0921918	0	20	20
0.00881551	0.000707192	1093.94	26.6416	7.44738e-07	36.0945	36.2378	1.48682	1.61661	615	0	0.095188	0	20	20
0.00882969	0.000709186	1098.38	23.5764	6.41002e-07	34.853	35.3431	1.47967	1.61661	615	0	0.0982182	0	20	20
0.00884308	0.000711552	1103.37	20.832	5.51715e-07	33.6542	34.4704	1.47295	1.61661	615	0	0.101276	0	20	20
0.00885574	0.000714257	1108.88	18.3819	4.74866e-07	32.4967	33.6194	1.46665	1.61661	615	0	0.104356	0	20	20
0.0088677	0.000717267	1114.85	16.2001	4.08721e-07	31.379	32.7893	1.46072	1.61661	615	0	0.10745	0	20	20
0.00887902	0.000720551	1121.23	14.2619	3.51789e-07	30.2997	31.9797	1.45514	1.61661	615	0	0.110553	0	20	20
0.00888973	0.000724083	1127.98	12.5434	3.02788e-07	29.2576	31.1901	1.44989	1.61661	615	0	0.11366	0	20	20
0.00889987	0.000727835	1135.06	11.0226	2.60612e-07	28.2513	30.4201	1.44494	1.61661	615	0	0.116764	0	20	20
0.00890946	0.000731784	1142.44	9.67891	2.24311e-07	27.2796	29.669	1.44028	1.61661	615	0	0.119861	0	20	20
0.00891854	0.000735907	1150.07	8.49334	1.93066e-07	26.3413	28.9364	1.43588	1.61661	615	0	0.122947	0	20	20
0.00892713	0.000740184	1157.93	7.44862	1.66173e-07	25.4353	28.222	1.43174	1.61661	615	0	0.126017	0	20	20
0.00893526	0.000744597	1165.99	6.52903	1.43027e-07	24.5605	27.5252	1.42784	1.61661	615	0	0.129066	0	20	20
0.00894295	0.000749127	1174.21	5.72037	1.23104e-07	23.7157	26.8456	1.42416	1.61661	615	0	0.132092	0	20	20
0.00895022	0.00075376	1182.58	5.00986	1.05957e-07	22.9001	26.1828	1.42069	1.61661	615	0	0.135091	0	20	20
0.0089571	0.000758482	1191.07	4.38606	9.11979e-08	22.1124	25.5363	1.41742	1.61661	615	0	0.13806	0	20	20
0.00896359	0.000763279	1199.66	3.83875	7.84948e-08	21.3519	24.9058	1.41434	1.61661	615	0	0.140995	0	20	20
0.00896973	0.000768139	1208.33	3.35882	6.75611e-08	20.6175	24.2909	1.41144	1.61661	615	0	0.143893	0	20	20
0.00897553	0.000773051	1217.06	2.9382	5.81504e-08	19.9083	23.6912	1.4087	1.61661	615	0	0.146754	0	20	20
0.008981	0.000778005	1225.85	2.56972	5.00505e-08	19.2236	23.1062	1.40613	1.61661	615	0	0.149573	0	20	20
0.00898617	0.000782993	1234.66	2.24704	4.30789e-08	18.5624	22.5357	1.40371	1.61661	615	0	0.15235	0	20	20
0.00899105	0.000788005	1243.5	1.96457	3.70783e-08	17.924	21.9793	1.40142	1.61661	615	0	0.155082	0	20	20
0.00899565	0.000793035	1252.35	1.71737	3.19136e-08	17.3075	21.4366	1.39927	1.61661	615	0	0.157769	0	20	20
0.00899998	0.000798075	1261.19	1.50109	2.74683e-08	16.7122	20.9074	1.39725	1.61661	615	0	0.160409	0	20	20
0.00900407	0.000803118	1270.03	1.3119	2.36422e-08	16.1374	20.3912	1.39535	1.61661	615	0	0.163	0	20	20
0.00900793	0.00080816	1278.84	1.14646	2.0349e-08	15.5824	19.8877	1.39356	1.61661	615	0	0.165543	0	20	20
0.00901156	0.000813194	1287.63	1.00179	1.75146e-08	15.0464	19.3967	1.39188	1.61661	615	0	0.168036	0	20	20
0.00901498	0.000818217	1296.38	0.875322	1.50749e-08	14.5289	18.9178	1.39029	1.61661	615	0	0.170479	0	20	20
0.00901819	0.000823223	1305.08	0.764769	1.29751e-08	14.0292	18.4507	1.38881	1.61661	615	0	0.172871	0	20	20
0.00902122	0.000828208	1313.74	0.668142	1.11678e-08	13.5466	17.9951	1.38741	1.61661	615	0	0.175213	0	20	20
0.00902407	0.000833169	1322.34	0.583696	9.61219e-09	13.0807	17.5508	1.38609	1.61661	615	0	0.177504	0	20	20
0.00902675	0.000838102	1330.89	0.509902	8.27329e-09	12.6308	17.1175	1.38486	1.61661	615	0	0.179745	0	20	20
0.00902927	0.000843005	1339.37	0.445421	7.12089e-09	12.1964	16.6949	1.3837	1.61661	615	0	0.181935	0	20	20
0.00903164	0.000847874	1347.78	0.389082	6.129e-09	11.7769	16.2827	1.38261	1.61661	615	0	0.184074	0	20	20
0.00903387	0.000852707	1356.12	0.339859	5.27528e-09	11.3718	15.8807	1.38159	1.61661	615	0	0.186164	0	20	20
0.00903596	0.000857502	1364.38	0.296856	4.54048e-09	10.9807	15.4886	1.38063	1.61661	615	0	0.188204	0	20	20
0.00903792	0.000862256	1372.57	0.259289	3.90803e-09	10.603	15.1062	1.37973	1.61661	615	0	0.190195	0	20	20
0.00903976	0.000866968	1380.68	0.226472	3.36367e-09	10.2383	14.7332	1.37889	1.61661	615	0	0.192138	0	20	20
0.00904149	0.000871636	1388.7	0.197806	2.89514e-09	9.88619	14.3694	1.3781	1.61661	615	0	0.194032	0	20	20
0.00904311	0.000876259	1396.64	0.172765	2.49187e-09	9.54616	14.0146	1.37736	1.61661	615	0	0.19588	0	20	20
0.00904463	0.000880834	1404.5	0.150892	2.14477e-09	9.21783	13.6686	1.37666	1.61661	615	0	0.19768	0	20	20
0.00904605	0.000885362	1412.26	0.131788	1.84602e-09	8.90078	13.3311	1.37601	1.61661	615	0	0.199435	0	20	20
0.00904739	0.00088984	1419.94	0.115101	1.58888e-09	8.59464	13.002	1.37541	1.61661	615	0	0.201145	0	20	20
0.00904864	0.000894268	1427.52	0.100526	1.36757e-09	8.29903	12.681	1.37483	1.61661	615	0	0.20281	0	20	20
0.00904981	0.000898645	1435.01	0.0877957	1.17707e-09	8.01359	12.3679	1.3743	1.61661	615	0	0.204432	0	20	20
0.00905091	0.00090297	1442.41	0.0766773	1.01312e-09	7.73797	12.0625	1.3738	1.61661	615	0	0.206011	0	20	20
0.00905194	0.000907243	1449.72	0.0669666	8.71998e-10	7.47182	11.7647	1.37333	1.61661	615	0	0.207549	0	20	20
0.0090529	0.000911463	1456.93	0.0584854	7.50536e-10	7.21483	11.4742	1.37289	1.61661	615	0	0.209045	0	20	20
0.0090538	0.000915629	1464.05	0.0510781	6.45992e-10	6.96668	11.1909	1.37248	1.61661	615	0	0.210501	0	20	20
0.00905465	0.000919742	1471.08	0.0446088	5.56011e-10	6.72707	10.9146	1.3721	1.61661	615	0	0.211918	0	20	20
0.00905544	0.000923801	1478	0.0389587	4.78563e-10	6.49569	10.6451	1.37174	1.61661	615	0	0.213296	0	20	20
0.00905618	0.000927805	1484.84	0.0340242	4.11903e-10	6.27228	10.3823	1.3714	1.61661	615	0	0.214637	0	20	20
0.00905688	0.000931755	1491.58	0.0297146	3.54528e-10	6.05654	10.126	1.37109	1.61661	615	0	0.215942	0	20	20
0.00905753	0.00093565	1498.22	0.0259508	3.05145e-10	5.84823	9.87595	1.37079	1.61661	615	0	0.21721	0	20	20
0.00905814	0.000939491	1504.77	0.0226637	2.62641e-10	5.64708	9.63211	1.37051	1.61661	615	0	0.218444	0	20	20
0.00905871	0.000943278	1511.23	0.019793	2.26057e-10	5.45285	9.39429	1.37025	1.61661	615	0	0.219643	0	20	20
0.00905925	0.00094701	1517.59	0.0172858	1.94569e-10	5.26531	9.16234	1.37001	1.61661	615	0	0.220809	0	20	20
0.00905976	0.000950688	1523.86	0.0150962	1.67467e-10	5.08421	8.93612	1.36978	1.61661	615	0	0.221943	0	20	20
0.00906024	0.000954312	1530.03	0.013184	1.4414e-10	4.90934	8.71549	1.36956	1.61661	615	0	0.223046	0	20	20
0.00906069	0.000957881	1536.12	0.011514	1.24063e-10	4.74048	8.5003	1.36936	1.61661	615	0	0.224117	0	20	20
0.00906111	0.000961398	1542.11	0.0100555	1.06782e-10	4.57744	8.29043	1.36916	1.61661	615	0	0.225159	0	20	20
0.00906152	0.000964861	1548.01	0.00878171	9.1908e-11	4.42	8.08574	1.36898	1.61661	615	0	0.226172	0	20	20
0.0090619	0.000968271	1553.82	0.0076693	7.91059e-11	4.26797	7.8861	1.36881	1.61661	615	0	0.227156	0	20	20
0.00906226	0.000971628	1559.54	0.0066978	6.80871e-11	4.12118	7.69139	1.36864	1.61661	615	0	0.228113	0	20	20
0.0090626	0.000974933	1565.17	0.00584936	5.86031e-11	3.97943	7.50149	1.36849	1.61661	615	0	0.229043	0	20	20
0.00906293	0.000978186	1570.72	0.00510839	5.04402e-11	3.84256	7.31628	1.36834	1.61661	615	0	0.229946	0	20	20
0.00906325	0.000981388	1576.17	0.00446129	4.34142e-11	3.7104	7.13564	1.3682	1.61661	615	0	0.230825	0	20	20
0.00906355	0.000984539	1581.54	0.00389615	3.7367e-11	3.58278	6.95946	1.36806	1.61661	615	0	0.231679	0	20	20
0.00906384	0.00098764	1586.83	0.00340261	3.21621e-11	3.45955	6.78763	1.36793	1.61661	615	0	0.232508	0	20	20
0.00906412	0.00099069	1592.03	0.00297158	2.76821e-11	3.34056	6.62004	1.3678	1.61661	615	0	0.233315	0	20	20
0.00906439	0.000993691	1597.15	0.00259515	2.38262e-11	3.22567	6.45659	1.36768	1.61661	615	0	0.234099	0	20	20
0.00906466	0.000996643	1602.19	0.00226641	2.05074e-11	3.11472	6.29718	1.36756	1.61661	615	0	0.234861	0	20	20
0.00906491	0.000999547	1607.14	0.00197931	1.76509e-11	3.00759	6.1417	1.36744	1.61661	615	0	0.235602	0	20	20
0.00906517	0.0010024	1612.02	0.00172858	1.51923e-11	2.90415	5.99006	1.36733	1.61661	615	0	0.236322	0	20	20
0.00906541	0.00100521	1616.81	0.00150961	1.30761e-11	2.80426	5.84217	1.36722	1.61661	615	0	0.237022	0	20	20
0.00906566	0.00100797	1621.53	0.00131837	1.12547e-11	2.70781	5.69792	1.36711	1.61661	615	0	0.237703	0	20	20
0.0090659	0.00101069	1626.17	0.00115137	9.68703e-12	2.61467	5.55724	1.367	1.61661	615	0	0.238365	0	20	20
0.00906614	0.00101336	1630.74	0.00100552	8.3377e-12	2.52474	5.42003	1.36689	1.61661	615	0	0.239008	0	20	20
0.00906638	0.00101598	1635.23	0.000878141	7.17633e-12	2.43791	5.28621	1.36678	1.61661	615	0	0.239634	0	20	20
0.00906662	0.00101857	1639.64	0.000766901	6.17672e-12	2.35405	5.1557	1.36667	1.61661	615	0	0.240242	0	20	20
0.00906686	0.0010211	1643.98	0.000669752	5.31635e-12	2.27309	5.0284	1.36656	1.61661	615	0	0.240834	0	20	20
0.0090671	0.0010236	1648.26	0.00058491	4.57583e-12	2.19491	4.90425	1.36646	1.61661	615	0	0.241409	0	20	20
0.00906734	0.00102605	1652.46	0.000510815	3.93845e-12	2.11941	4.78316	1.36635	1.61661	615	0	0.241969	0	20	20
0.00906757	0.00102846	1656.6	0.000446107	3.38986e-12	2.04652	4.66507	1.36624	1.61661	615	0	0.242513	0	20	20
0.00906777	0.00103087	1660.72	0.000389595	2.91768e-12	1.97613	4.54989	1.36615	1.61661	615	0	0.243044	0	20	20
0.00906791	0.00103329	1664.85	0.000340243	2.51127e-12	1.90816	4.43755	1.36609	1.61661	615	0	0.243561	0	20	20
0.00906799	0.00103572	1668.98	0.000297142	2.16147e-12	1.84253	4.32798	1.36605	1.61661	615	0	0.244066	0	20	20
0.00906802	0.00103815	1673.12	0.000259501	1.86039e-12	1.77916	4.22113	1.36604	1.61661	615	0	0.244558	0	20	20
0.00906799	0.00104059	1677.27	0.000226628	1.60125e-12	1.71796	4.11691	1.36605	1.61661	615	0	0.245038	0	20	20
0.00906791	0.00104304	1681.42	0.000197919	1.37821e-12	1.65887	4.01526	1.36609	1.61661	615	0	0.245506	0	20	20
0.00906778	0.0010455	1685.57	0.000172847	1.18624e-12	1.60182	3.91612	1.36615	1.61661	615	0	0.245962	0	20	20
0.0090676	0.00104796	1689.71	0.000150952	1.02101e-12	1.54672	3.81943	1.36623	1.61661	615	0	0.246407	0	20	20
0.00906738	0.00105042	1693.86	0.00013183	8.78787e-13	1.49353	3.72513	1.36633	1.61661	615	0	0.246841	0	20	20
0.00906711	0.00105288	1698	0.00011513	7.56379e-13	1.44216	3.63316	1.36645	1.61661	615	0	0.247265	0	20	20
0.0090668	0.00105534	1702.14	0.000100545	6.51022e-13	1.39255	3.54345	1.36659	1.61661	615	0	0.247678	0	20	20
0.00906645	0.00105781	1706.27	8.78086e-05	5.60339e-13	1.34466	3.45597	1.36675	1.61661	615	0	0.248081	0	20	20
0.00906606	0.00106027	1710.4	7.66853e-05	4.82289e-13	1.29841	3.37064	1.36692	1.61661	615	0	0.248474	0	20	20
0.00906563	0.00106274	1714.51	6.6971e-05	4.1511e-13	1.25375	3.28742	1.36712	1.61661	615	0	0.248857	0	20	20
0.00906517	0.0010652	1718.62	5.84873e-05	3.57288e-13	1.21063	3.20625	1.36733	1.61661	615	0	0.249231	0	20	20
0.00906467	0.00106765	1722.72	5.10783e-05	3.07521e-13	1.16899	3.12709	1.36755	1.61661	615	0	0.249596	0	20	20
0.00906414	0.00107011	1726.8	4.46079e-05	2.64686e-13	1.12878	3.04988	1.36779	1.61661	615	0	0.249952	0	20	20
0.00906357	0.00107255	1730.87	3.89571e-05	2.27817e-13	1.08996	2.97458	1.36805	1.61661	615	0	0.2503	0	20	20
0.00906298	0.001075	1734.92	3.40221e-05	1.96084e-13	1.05247	2.90114	1.36832	1.61661	615	0	0.250638	0	20	20
0.00906236	0.00107743	1738.96	2.97123e-05	1.68771e-13	1.01627	2.82951	1.3686	1.61661	615	0	0.250969	0	20	20
0.00906171	0.00107986	1742.98	2.59484e-05	1.45263e-13	0.981316	2.75964	1.36889	1.61661	615	0	0.251292	0	20	20
0.00906103	0.00108228	1746.99	2.26613e-05	1.25029e-13	0.947564	2.69151	1.3692	1.61661	615	0	0.251607	0	20	20
0.00906033	0.0010847	1750.98	1.97907e-05	1.07613e-13	0.914973	2.62506	1.36952	1.61661	615	0	0.251914	0	20	20
0.00905961	0.0010871	1754.94	1.72836e-05	9.26235e-14	0.883503	2.56024	1.36985	1.61661	615	0	0.252213	0	20	20
0.00905886	0.00108949	1758.89	1.50942e-05	7.97218e-14	0.853115	2.49703	1.37019	1.61661	615	0	0.252506	0	20	20
0.00905809	0.00109188	1762.82	1.31821e-05	6.86172e-14	0.823773	2.43538	1.37053	1.61661	615	0	0.252791	0	20	20
0.0090573	0.00109425	1766.72	1.15122e-05	5.90593e-14	0.795439	2.37525	1.37089	1.61661	615	0	0.25307	0	20	20
0.00905649	0.00109661	1770.6	1.00539e-05	5.08329e-14	0.76808	2.3166	1.37126	1.61661	615	0	0.253342	0	20	20
0.00905567	0.00109896	1774.46	8.7803e-06	4.37522e-14	0.741663	2.25941	1.37164	1.61661	615	0	0.253607	0	20	20
0.00905482	0.0011013	1778.3	7.66803e-06	3.76579e-14	0.716153	2.20362	1.37202	1.61661	615	0	0.253866	0	20	20
0.00905397	0.00110362	1782.11	6.69667e-06	3.24125e-14	0.691522	2.14921	1.37241	1.61661	615	0	0.254119	0	20	20
0.00905309	0.00110593	1785.89	5.84835e-06	2.78977e-14	0.667737	2.09615	1.37281	1.61661	615	0	0.254366	0	20	20
0.0090522	0.00110823	1789.65	5.1075e-06	2.40117e-14	0.644771	2.0444	1.37321	1.61661	615	0	0.254607	0	20	20
0.0090513	0.00111051	1793.38	4.4605e-06	2.06671e-14	0.622594	1.99392	1.37362	1.61661	615	0	0.254842	0	20	20
0.00905039	0.00111278	1797.08	3.89545e-06	1.77883e-14	0.60118	1.94469	1.37404	1.61661	615	0	0.255072	0	20	20
0.00904946	0.00111503	1800.75	3.40199e-06	1.53106e-14	0.580503	1.89667	1.37446	1.61661	615	0	0.255296	0	20	20
0.00904853	0.00111727	1804.4	2.97103e-06	1.31779e-14	0.560537	1.84985	1.37489	1.61661	615	0	0.255515	0	20	20
0.00904758	0.00111949	1808.01	2.59467e-06	1.13423e-14	0.541257	1.80417	1.37532	1.61661	615	0	0.255728	0	20	20
0.00904663	0.00112169	1811.6	2.26599e-06	9.76244e-15	0.522641	1.75963	1.37575	1.61661	615	0	0.255937	0	20	20
0.00904566	0.00112388	1815.16	1.97894e-06	8.40261e-15	0.504665	1.71618	1.37619	1.61661	615	0	0.25614	0	20	20
0.00904469	0.00112605	1818.69	1.72825e-06	7.2322e-15	0.487307	1.67381	1.37663	1.61661	615	0	0.256339	0	20	20
0.00904372	0.0011282	1822.18	1.50932e-06	6.22481e-15	0.470546	1.63248	1.37708	1.61661	615	0	0.256533	0	20	20
0.00904273	0.00113034	1825.65	1.31812e-06	5.35774e-15	0.454362	1.59218	1.37753	1.61661	615	0	0.256723	0	20	20
0.00904174	0.00113245	1829.08	1.15115e-06	4.61145e-15	0.438735	1.55287	1.37798	1.61661	615	0	0.256908	0	20	20
0.00904075	0.00113455	1832.48	1.00532e-06	3.96911e-15	0.423644	1.51453	1.37844	1.61661	615	0	0.257088	0	20	20
0.00903975	0.00113663	1835.85	8.77973e-07	3.41625e-15	0.409073	1.47713	1.37889	1.61661	615	0	0.257265	0	20	20
0.00903875	0.00113869	1839.18	7.66754e-07	2.94039e-15	0.395003	1.44066	1.37935	1.61661	615	0	0.257437	0	20	20
0.00903775	0.00114074	1842.49	6.69623e-07	2.53082e-15	0.381417	1.40509	1.37981	1.61661	615	0	0.257605	0	20	20
0.00903675	0.00114276	1845.75	5.84797e-07	2.1783e-15	0.368299	1.3704	1.38027	1.61661	615	0	0.25777	0	20	20
0.00903574	0.00114476	1848.99	5.10717e-07	1.87488e-15	0.355631	1.33656	1.38073	1.61661	615	0	0.25793	0	20	20
0.00903473	0.00114675	1852.19	4.46021e-07	1.61372e-15	0.343399	1.30356	1.38119	1.61661	615	0	0.258087	0	20	20
0.00903372	0.00114871	1855.36	3.8952e-07	1.38894e-15	0.331588	1.27138	1.38166	1.61661	615	0	0.25824	0	20	20
0.00903271	0.00115066	1858.5	3.40177e-07	1.19547e-15	0.320184	1.23999	1.38212	1.61661	615	0	0.258389	0	20	20
0.00903171	0.00115258	1861.6	2.97084e-07	1.02895e-15	0.309171	1.20937	1.38258	1.61661	615	0	0.258535	0	20	20
0.0090307	0.00115449	1864.66	2.5945e-07	8.85629e-16	0.298537	1.17951	1.38304	1.61661	615	0	0.258678	0	20	20
0.00902969	0.00115637	1867.7	2.26584e-07	7.62268e-16	0.288269	1.15039	1.38351	1.61661	615	0	0.258817	0	20	20
0.00902869	0.00115824	1870.69	1.97881e-07	6.5609e-16	0.278354	1.12199	1.38397	1.61661	615	0	0.258953	0	20	20
0.00902768	0.00116008	1873.66	1.72814e-07	5.64702e-16	0.26878	1.09429	1.38443	1.61661	615	0	0.259086	0	20	20
0.00902669	0.00116191	1876.59	1.50922e-07	4.86043e-16	0.259536	1.06727	1.38489	1.61661	615	0	0.259216	0	20	20
0.00902569	0.00116371	1879.48	1.31804e-07	4.18342e-16	0.250609	1.04092	1.38535	1.61661	615	0	0.259343	0	20	20
0.0090247	0.00116549	1882.34	1.15107e-07	3.6007e-16	0.24199	1.01522	1.38581	1.61661	615	0	0.259466	0	20	20
0.00902371	0.00116726	1885.17	1.00526e-07	3.09915e-16	0.233666	0.990151	1.38626	1.61661	615	0	0.259587	0	20	20
0.00902272	0.001169	1887.96	8.77916e-08	2.66746e-16	0.22563	0.965704	1.38672	1.61661	615	0	0.259706	0	20	20
0.00902174	0.00117072	1890.71	7.66704e-08	2.29591e-16	0.217869	0.941861	1.38717	1.61661	615	0	0.259821	0	20	20
0.00902076	0.00117242	1893.43	6.6958e-08	1.97611e-16	0.210376	0.918606	1.38762	1.61661	615	0	0.259934	0	20	20
0.00901979	0.0011741	1896.12	5.84759e-08	1.70085e-16	0.20314	0.895926	1.38807	1.61661	615	0	0.260044	0	20	20
0.00901882	0.00117576	1898.77	5.10684e-08	1.46393e-16	0.196153	0.873805	1.38851	1.61661	615	0	0.260151	0	20	20
0.00901786	0.0011774	1901.39	4.45992e-08	1.26002e-16	0.189406	0.852231	1.38896	1.61661	615	0	0.260256	0	20	20
0.00901691	0.00117902	1903.97	3.89495e-08	1.08451e-16	0.182892	0.831189	1.3894	1.61661	615	0	0.260359	0	20	20
0.00901596	0.00118061	1906.52	3.40155e-08	9.33446e-17	0.176601	0.810667	1.38984	1.61661	615	0	0.260459	0	20	20
0.00901501	0.00118219	1909.04	2.97065e-08	8.03424e-17	0.170527	0.790652	1.39028	1.61661	615	0	0.260557	0	20	20
0.00901408	0.00118375	1911.52	2.59434e-08	6.91514e-17	0.164662	0.77113	1.39071	1.61661	615	0	0.260653	0	20	20
0.00901315	0.00118528	1913.97	2.26569e-08	5.95191e-17	0.158998	0.752091	1.39114	1.61661	615	0	0.260747	0	20	20
0.00901222	0.0011868	1916.38	1.97868e-08	5.12286e-17	0.15353	0.733522	1.39157	1.61661	615	0	0.260838	0	20	20
0.00901131	0.00118829	1918.76	1.72803e-08	4.40929e-17	0.148249	0.715411	1.39199	1.61661	615	0	0.260927	0	20	20
0.0090104	0.00118977	1921.11	1.50913e-08	3.79511e-17	0.14315	0.697748	1.39241	1.61661	615	0	0.261014	0	20	20
0.0090095	0.00119122	1923.43	1.31795e-08	3.26648e-17	0.138227	0.68052	1.39283	1.61661	615	0	0.261099	0	20	20
0.0090086	0.00119266	1925.71	1.151e-08	2.81149e-17	0.133472	0.663718	1.39325	1.61661	615	0	0.261183	0	20	20
0.00900771	0.00119407	1927.96	1.00519e-08	2.41987e-17	0.128882	0.647331	1.39366	1.61661	615	0	0.261264	0	20	20
0.00900684	0.00119547	1930.17	8.77859e-09	2.0828e-17	0.124449	0.631348	1.39407	1.61661	615	0	0.261343	0	20	20
0.00900596	0.00119684	1932.35	7.66654e-09	1.79268e-17	0.120168	0.61576	1.39447	1.61661	615	0	0.261421	0	20	20
0.0090051	0.0011982	1934.51	6.69536e-09	1.54298e-17	0.116035	0.600557	1.39487	1.61661	615	0	0.261497	0	20	20
0.00900425	0.00119953	1936.63	5.84721e-09	1.32805e-17	0.112044	0.585729	1.39527	1.61661	615	0	0.261571	0	20	20
0.0090034	0.00120085	1938.71	5.10651e-09	1.14306e-17	0.108191	0.571267	1.39566	1.61661	615	0	0.261643	0	20	20
0.00900256	0.00120215	1940.77	4.45963e-09	9.83845e-18	0.104469	0.557163	1.39605	1.61661	615	0	0.261714	0	20	20
0.00900173	0.00120343	1942.8	3.8947e-09	8.46803e-18	0.100876	0.543406	1.39644	1.61661	615	0	0.261783	0	20	20
0.00900091	0.00120469	1944.79	3.40133e-09	7.2885e-18	0.0974066	0.52999	1.39682	1.61661	615	0	0.26185	0	20	20
0.0090001	0.00120593	1946.75	2.97046e-09	6.27327e-18	0.0940564	0.516904	1.3972	1.61661	615	0	0.261916	0	20	20
0.00899929	0.00120715	1948.69	2.59417e-09	5.39946e-18	0.0908214	0.504142	1.39757	1.61661	615	0	0.26198	0	20	20
0.0089985	0.00120835	1950.59	2.26555e-09	4.64735e-18	0.0876976	0.491694	1.39795	1.61661	615	0	0.262043	0	20	20
0.00899771	0.00120954	1952.46	1.97855e-09	4.00001e-18	0.0846813	0.479554	1.39831	1.61661	615	0	0.262105	0	20	20
0.00899693	0.0012107	1954.31	1.72791e-09	3.44284e-18	0.0817687	0.467714	1.39867	1.61661	615	0	0.262165	0	20	20
0.00899616	0.00121185	1956.12	1.50903e-09	2.96328e-18	0.0789563	0.456166	1.39903	1.61661	615	0	0.262223	0	20	20
0.0089954	0.00121298	1957.91	1.31787e-09	2.55052e-18	0.0762406	0.444903	1.39939	1.61661	615	0	0.262281	0	20	20
0.00899465	0.0012141	1959.67	1.15092e-09	2.19525e-18	0.0736184	0.433919	1.39974	1.61661	615	0	0.262337	0	20	20
0.00899391	0.00121519	1961.39	1.00513e-09	1.88947e-18	0.0710863	0.423205	1.40009	1.61661	615	0	0.262391	0	20	20
0.00899317	0.00121627	1963.09	8.77802e-10	1.62628e-18	0.0686413	0.412756	1.40043	1.61661	615	0	0.262445	0	20	20
0.00899245	0.00121733	1964.77	7.66604e-10	1.39976e-18	0.0662804	0.402565	1.40077	1.61661	615	0	0.262497	0	20	20
0.00899173	0.00121838	1966.41	6.69493e-10	1.20478e-18	0.0640007	0.392626	1.4011	1.61661	615	0	0.262548	0	20	20
0.00899102	0.0012194	1968.03	5.84684e-10	1.03696e-18	0.0617995	0.382932	1.40143	1.61661	615	0	0.262598	0	20	20
0.00899032	0.00122041	1969.62	5.10617e-10	8.92524e-19	0.0596739	0.373477	1.40176	1.61661	615	0	0.262646	0	20	20
0.00898963	0.00122141	1971.18	4.45934e-10	7.68203e-19	0.0576214	0.364256	1.40208	1.61661	615	0	0.262694	0	20	20
0.00898895	0.00122238	1972.72	3.89444e-10	6.61198e-19	0.0556396	0.355263	1.4024	1.61661	615	0	0.26274	0	20	20
0.00898828	0.00122334	1974.23	3.40111e-10	5.69098e-19	0.0537259	0.346491	1.40272	1.61661	615	0	0.262786	0	20	20
0.00898762	0.00122429	1975.72	2.97026e-10	4.89828e-19	0.051878	0.337936	1.40303	1.61661	615	0	0.26283	0	20	20
0.00898696	0.00122522	1977.18	2.594e-10	4.21598e-19	0.0500937	0.329593	1.40333	1.61661	615	0	0.262873	0	20	20
0.00898632	0.00122613	1978.61	2.2654e-10	3.62873e-19	0.0483707	0.321455	1.40364	1.61661	615	0	0.262915	0	20	20
0.00898568	0.00122703	1980.02	1.97842e-10	3.12328e-19	0.046707	0.313518	1.40394	1.61661	615	0	0.262957	0	20	20
0.00898505	0.00122791	1981.41	1.7278e-10	2.68823e-19	0.0451006	0.305777	1.40423	1.61661	615	0	0.262997	0	20	20
0.00898443	0.00122878	1982.77	1.50893e-10	2.31378e-19	0.0435493	0.298228	1.40452	1.61661	615	0	0.263036	0	20	20
0.00898382	0.00122963	1984.11	1.31778e-10	1.99149e-19	0.0420515	0.290864	1.40481	1.61661	615	0	0.263075	0	20	20
0.00898321	0.00123047	1985.42	1.15085e-10	1.71409e-19	0.0406051	0.283683	1.40509	1.61661	615	0	0.263112	0	20	20
0.00898262	0.00123129	1986.71	1.00506e-10	1.47533e-19	0.0392085	0.276679	1.40537	1.61661	615	0	0.263149	0	20	20
0.00898203	0.0012321	1987.98	8.77745e-11	1.26983e-19	0.03786	0.269848	1.40565	1.61661	615	0	0.263185	0	20	20
0.00898145	0.0012329	1989.22	7.66554e-11	1.09295e-19	0.0365578	0.263185	1.40592	1.61661	615	0	0.26322	0	20	20
