0.00205392	
0.00243275	
0.00216538	
0.00153182	
0.00109352	
0.000862704	
0.000732882	
0.000654324	
0.000607706	
0.000584685	
0.000588457	
0.000637091	
0.0007292	
0.000871065	
0.00108018	
0.0013888	
0.00184649	
0.00250715	
0.00336889	
0.00430304	
0.00514977	
0.00587591	
0.00653172	
0.00716861	
0.00782806	
0.00855991	
0.00945975	
0.010673	
0.0123542	
0.0147635	
0.0245129	
0.037885	
0.0358575	
0.0326464	
0.032164	
0.0323367	
0.032523	
0.0326848	
0.0328609	
0.0330681	
0.0333098	
0.0336587	
0.0341259	
0.0346857	
0.0353131	
0.0359843	
0.0366771	
0.0373715	
0.0380501	
0.0386989	
0.0393074	
0.0398683	
0.0403774	
0.040833	
0.0412357	
0.0415875	
0.0418917	
0.042152	
0.0423724	
0.0425572	
0.0427104	
0.0428359	
0.0429371	
0.0430172	
0.0430793	
0.0431258	
0.043159	
0.0431808	
0.0431932	
0.0431974	
0.0431949	
0.0431867	
0.0431739	
