0.00859397	0.00069842	1111.6	256.922	76.5	0	0	1.60479	1.61661	615	0	0.148159	0	20	20
0.00869399	0.000707915	1138.33	256.922	76.4694	18.5317	6.2451	1.55004	1.61661	615	0	-0.700441	0	20	20
0.00887752	0.000726679	1190.42	256.922	76.4339	54.3232	18.4279	1.45588	1.61661	615	0	-2.1803	0	20	20
0.00903339	0.00074435	1238.47	256.922	76.3927	88.8849	30.3103	1.38181	1.61661	615	0	-3.36492	0	20	20
0.00916327	0.000760881	1282.27	256.922	76.3448	122.251	41.897	1.32388	1.61661	615	0	-4.33187	0	20	20
0.00927415	0.000776743	1323.21	256.922	76.2893	154.454	53.1926	1.27696	1.61661	615	0	-5.15516	0	20	20
0.00937163	0.000792405	1362.66	256.922	76.2249	185.529	64.202	1.23753	1.61661	615	0	-5.88297	0	20	20
0.00945814	0.000808071	1401.17	256.922	76.1502	215.506	74.9302	1.20388	1.61661	615	0	-6.53912	0	20	20
0.00953443	0.00082375	1438.79	256.922	76.0636	244.42	85.3822	1.17521	1.61661	615	0	-7.13532	0	20	20
0.00960093	0.000839391	1475.4	256.922	75.9633	272.302	95.5636	1.15096	1.61661	615	0	-7.67967	0	20	20
0.00965819	0.000854943	1510.91	256.921	75.847	299.184	105.48	1.13061	1.61661	615	0	-8.17946	0	20	20
0.00970696	0.000870367	1545.28	256.921	75.7124	325.101	115.138	1.11366	1.61661	615	0	-8.64123	0	20	20
0.00974808	0.000885631	1578.51	256.921	75.5566	350.084	124.542	1.09962	1.61661	615	0	-9.07044	0	20	20
0.00978248	0.000900702	1610.62	256.921	75.3764	374.167	133.701	1.08806	1.61661	615	0	-9.47125	0	20	20
0.00981111	0.000915544	1641.64	256.921	75.1681	397.385	142.622	1.07856	1.61661	615	0	-9.84669	0	20	20
0.00983487	0.000930126	1671.59	256.92	74.9275	419.773	151.311	1.07077	1.61661	615	0	-10.199	0	20	20
0.00985458	0.000944416	1700.51	256.92	74.6499	441.366	159.777	1.06435	1.61661	615	0	-10.5297	0	20	20
0.00987097	0.000958392	1728.44	256.92	74.33	462.202	168.03	1.05906	1.61661	615	0	-10.8402	0	20	20
0.00988464	0.000972037	1755.41	256.92	73.9617	482.319	176.077	1.05467	1.61661	615	0	-11.1317	0	20	20
0.00989609	0.000985341	1781.47	256.919	73.5383	501.755	183.93	1.05102	1.61661	615	0	-11.4055	0	20	20
0.00990573	0.000998302	1806.66	256.919	73.0526	520.55	191.599	1.04795	1.61661	615	0	-11.6627	0	20	20
0.00991388	0.00101092	1831.01	256.919	72.4961	538.746	199.094	1.04537	1.61661	615	0	-11.9044	0	20	20
0.00992081	0.00102321	1854.59	256.918	71.8602	556.383	206.426	1.04318	1.61661	615	0	-12.1317	0	20	20
0.00992673	0.00103517	1877.41	256.918	71.1353	573.503	213.608	1.04131	1.61661	615	0	-12.3458	0	20	20
0.00993181	0.00104683	1899.53	256.917	70.3111	590.147	220.651	1.03972	1.61661	615	0	-12.5477	0	20	20
0.00993619	0.00105819	1920.99	256.917	69.3773	606.353	227.565	1.03834	1.61661	615	0	-12.7384	0	20	20
0.00993998	0.00106926	1941.83	256.916	68.323	622.16	234.363	1.03715	1.61661	615	0	-12.9187	0	20	20
0.00994327	0.00108007	1962.06	256.916	67.1377	637.598	241.051	1.03613	1.61661	615	0	-13.0895	0	20	20
0.00994613	0.00109062	1981.72	256.915	65.8111	652.697	247.64	1.03523	1.61661	615	0	-13.2513	0	20	20
0.00994863	0.00110091	2000.83	256.914	64.3342	667.474	254.132	1.03445	1.61661	615	0	-13.4048	0	20	20
0.00995081	0.00111095	2019.38	256.913	62.6995	681.94	260.531	1.03377	1.61661	615	0	-13.5504	0	20	20
0.00995273	0.00112073	2037.37	256.913	60.9015	696.093	266.835	1.03317	1.61661	615	0	-13.6885	0	20	20
0.00995443	0.00113023	2054.78	256.912	58.9379	709.919	273.037	1.03264	1.61661	615	0	-13.8191	0	20	20
0.00995596	0.00113944	2071.56	256.911	56.8097	723.387	279.126	1.03217	1.61661	615	0	-13.9423	0	20	20
0.00995734	0.0011483	2087.65	256.909	54.5225	736.45	285.084	1.03174	1.61661	615	0	-14.058	0	20	20
0.00995864	0.00115679	2102.98	256.908	52.086	749.047	290.89	1.03134	1.61661	615	0	-14.1659	0	20	20
0.00995988	0.00116483	2117.46	256.907	49.5151	761.099	296.514	1.03095	1.61661	615	0	-14.2658	0	20	20
0.00996112	0.00117238	2130.99	256.905	46.8297	772.515	301.925	1.03056	1.61661	615	0	-14.3571	0	20	20
0.00996241	0.00117937	2143.44	256.904	44.0538	783.196	307.087	1.03016	1.61661	615	0	-14.4395	0	20	20
0.00996379	0.00118571	2154.72	256.902	41.2153	793.036	311.96	1.02974	1.61661	615	0	-14.5125	0	20	20
0.0099653	0.00119135	2164.69	256.9	38.3448	801.93	316.508	1.02927	1.61661	615	0	-14.5756	0	20	20
0.00996699	0.00119622	2173.27	256.898	35.4743	809.781	320.693	1.02875	1.61661	615	0	-14.6284	0	20	20
0.00996889	0.00120027	2180.37	256.896	32.6358	816.5	324.484	1.02816	1.61661	615	0	-14.6707	0	20	20
0.00997104	0.00120346	2185.9	256.893	29.8599	822.018	327.853	1.02749	1.61661	615	0	-14.7021	0	20	20
0.00997346	0.00120574	2189.85	256.89	27.1745	826.286	330.779	1.02674	1.61661	615	0	-14.7227	0	20	20
0.00997617	0.00120712	2192.18	256.887	24.6037	829.275	333.25	1.02591	1.61661	615	0	-14.7323	0	20	20
0.00997916	0.00120759	2192.91	256.884	22.1672	830.982	335.261	1.02499	1.61661	615	0	-14.7312	0	20	20
0.00998242	0.00120717	2192.07	256.881	19.8799	831.424	336.813	1.02398	1.61661	615	0	-14.7185	0	20	20
0.00998565	0.00120594	2189.72	256.877	17.7517	830.639	337.917	1.02299	1.61661	615	0	-14.675	0	20	20
0.00998883	0.00120391	2185.94	256.872	15.7881	828.682	338.587	1.02201	1.61661	615	0	-14.6023	0	20	20
0.00999197	0.00120115	2180.82	256.868	13.9901	825.62	338.844	1.02105	1.61661	615	0	-14.5025	0	20	20
0.00999507	0.00119771	2174.46	256.863	12.3554	821.531	338.711	1.0201	1.61661	615	0	-14.3775	0	20	20
0.00999811	0.00119365	2166.96	256.857	10.8785	816.499	338.214	1.01917	1.61661	615	0	-14.2298	0	20	20
0.0100011	0.00118901	2158.42	256.851	9.55195	810.61	337.381	1.01826	1.61661	615	0	-14.0617	0	20	20
0.010004	0.00118387	2148.95	256.845	8.36659	803.949	336.238	1.01737	1.61661	615	0	-13.8756	0	20	20
0.0100068	0.00117827	2138.65	256.838	7.31231	796.601	334.813	1.01651	1.61661	615	0	-13.6737	0	20	20
0.0100096	0.00117227	2127.62	256.83	6.37848	788.645	333.131	1.01567	1.61661	615	0	-13.4582	0	20	20
0.0100122	0.00116592	2115.94	256.822	5.55436	780.155	331.218	1.01487	1.61661	615	0	-13.2311	0	20	20
0.0100147	0.00115926	2103.7	256.812	4.8294	771.2	329.096	1.0141	1.61661	615	0	-12.9942	0	20	20
0.0100171	0.00115234	2090.96	256.802	4.19349	761.843	326.785	1.01338	1.61661	615	0	-12.7493	0	20	20
0.0100194	0.00114519	2077.8	256.791	3.63707	752.141	324.305	1.0127	1.61661	615	0	-12.4979	0	20	20
0.0100215	0.00113785	2064.27	256.779	3.15127	742.142	321.674	1.01206	1.61661	615	0	-12.2411	0	20	20
0.0100234	0.00113034	2050.42	256.766	2.72794	731.893	318.905	1.01148	1.61661	615	0	-11.9804	0	20	20
0.0100251	0.0011227	2036.31	256.752	2.35965	721.432	316.015	1.01095	1.61661	615	0	-11.7166	0	20	20
0.0100267	0.00111494	2021.96	256.736	2.03971	710.794	313.013	1.01048	1.61661	615	0	-11.4507	0	20	20
0.010028	0.00110709	2007.42	256.719	1.76213	700.01	309.912	1.01007	1.61661	615	0	-11.1836	0	20	20
0.0100291	0.00109916	1992.72	256.701	1.52155	689.105	306.722	1.00974	1.61661	615	0	-10.9158	0	20	20
0.01003	0.00109118	1977.88	256.681	1.31324	678.102	303.45	1.00947	1.61661	615	0	-10.648	0	20	20
0.0100306	0.00108315	1962.93	256.659	1.13301	667.022	300.104	1.00929	1.61661	615	0	-10.3807	0	20	20
0.010031	0.00107509	1947.88	256.635	0.977206	655.882	296.692	1.00919	1.61661	615	0	-10.1145	0	20	20
0.010031	0.00106701	1932.76	256.609	0.842585	644.697	293.219	1.00918	1.61661	615	0	-9.8496	0	20	20
0.0100307	0.00105892	1917.59	256.58	0.726331	633.481	289.69	1.00927	1.61661	615	0	-9.58652	0	20	20
0.01003	0.00105083	1902.37	256.549	0.625985	622.245	286.112	1.00947	1.61661	615	0	-9.32554	0	20	20
0.010029	0.00104276	1887.11	256.515	0.539403	610.999	282.488	1.00977	1.61661	615	0	-9.06697	0	20	20
0.0100276	0.0010347	1871.84	256.478	0.464724	599.754	278.822	1.0102	1.61661	615	0	-8.81106	0	20	20
0.0100257	0.00102667	1856.57	256.438	0.400329	588.516	275.118	1.01077	1.61661	615	0	-8.55807	0	20	20
0.0100234	0.00101867	1841.29	256.394	0.344818	577.294	271.381	1.01147	1.61661	615	0	-8.30821	0	20	20
0.0100206	0.00101071	1826.02	256.346	0.296973	566.095	267.612	1.01233	1.61661	615	0	-8.06171	0	20	20
0.0100172	0.0010028	1810.78	256.293	0.255745	554.925	263.816	1.01335	1.61661	615	0	-7.81875	0	20	20
0.0100133	0.000994953	1795.56	256.236	0.220224	543.789	259.995	1.01455	1.61661	615	0	-7.57953	0	20	20
0.0100087	0.000987166	1780.38	256.174	0.189625	532.693	256.153	1.01594	1.61661	615	0	-7.34421	0	20	20
0.0100035	0.000979449	1765.24	256.106	0.163268	521.643	252.291	1.01753	1.61661	615	0	-7.11296	0	20	20
0.00999752	0.000971809	1750.15	256.032	0.140567	510.643	248.413	1.01935	1.61661	615	0	-6.88593	0	20	20
0.00999082	0.000964254	1735.11	255.951	0.121018	499.699	244.522	1.0214	1.61661	615	0	-6.66325	0	20	20
0.00998331	0.000956788	1720.15	255.863	0.104184	488.814	240.619	1.02371	1.61661	615	0	-6.44504	0	20	20
0.00997496	0.00094942	1705.25	255.768	0.0896893	477.993	236.707	1.02628	1.61661	615	0	-6.23141	0	20	20
0.00996572	0.000942154	1690.43	255.663	0.0772089	467.241	232.79	1.02914	1.61661	615	0	-6.02242	0	20	20
0.00995557	0.000934996	1675.69	255.549	0.0664636	456.562	228.868	1.03229	1.61661	615	0	-5.81815	0	20	20
0.00994448	0.000927949	1661.04	255.425	0.0572127	445.96	224.945	1.03575	1.61661	615	0	-5.61863	0	20	20
0.00993242	0.00092102	1646.49	255.29	0.0492485	435.439	221.023	1.03953	1.61661	615	0	-5.42385	0	20	20
0.00991939	0.000914209	1632.04	255.142	0.0423924	425.004	217.104	1.04363	1.61661	615	0	-5.23381	0	20	20
0.00990539	0.00090752	1617.7	254.982	0.0364903	414.658	213.191	1.04806	1.61661	615	0	-5.04844	0	20	20
0.00989043	0.000900954	1603.48	254.807	0.0314096	404.407	209.286	1.05282	1.61661	615	0	-4.86769	0	20	20
0.00987453	0.000894512	1589.38	254.616	0.027036	394.252	205.39	1.05791	1.61661	615	0	-4.69145	0	20	20
0.00985773	0.000888193	1575.4	254.409	0.0232712	384.2	201.507	1.06333	1.61661	615	0	-4.51962	0	20	20
0.00984006	0.000881998	1561.56	254.183	0.0200306	374.253	197.639	1.06907	1.61661	615	0	-4.35208	0	20	20
0.00982158	0.000875925	1547.86	253.936	0.0172411	364.416	193.787	1.07512	1.61661	615	0	-4.18871	0	20	20
0.00980233	0.000869972	1534.3	253.668	0.01484	354.693	189.955	1.08146	1.61661	615	0	-4.0294	0	20	20
0.00978237	0.00086414	1520.9	253.377	0.0127733	345.086	186.143	1.0881	1.61661	615	0	-3.87401	0	20	20
0.00976176	0.000858425	1507.65	253.059	0.0109943	335.601	182.355	1.095	1.61661	615	0	-3.72245	0	20	20
0.00974055	0.000852827	1494.57	252.714	0.00946308	326.241	178.592	1.10217	1.61661	615	0	-3.57461	0	20	20
0.00971881	0.000847346	1481.65	252.338	0.00814509	317.009	174.856	1.10959	1.61661	615	0	-3.4304	0	20	20
0.00969658	0.000841979	1468.92	251.929	0.00701065	307.91	171.15	1.11723	1.61661	615	0	-3.28975	0	20	20
0.00967394	0.000836725	1456.36	251.485	0.0060342	298.946	167.475	1.1251	1.61661	615	0	-3.15258	0	20	20
0.00965092	0.000831586	1444	251.002	0.00519374	290.123	163.835	1.13317	1.61661	615	0	-3.01884	0	20	20
0.00962758	0.000826559	1431.82	250.478	0.00447034	281.442	160.229	1.14143	1.61661	615	0	-2.88846	0	20	20
0.00960398	0.000821644	1419.84	249.908	0.00384768	272.908	156.661	1.14986	1.61661	615	0	-2.76142	0	20	20
0.00958017	0.000816842	1408.07	249.29	0.00331176	264.525	153.133	1.15846	1.61661	615	0	-2.63766	0	20	20
0.00955619	0.000812153	1396.5	248.618	0.00285047	256.295	149.646	1.1672	1.61661	615	0	-2.51717	0	20	20
0.00953209	0.000807575	1385.15	247.89	0.00245344	248.222	146.203	1.17608	1.61661	615	0	-2.3999	0	20	20
0.00950792	0.000803111	1374.01	247.101	0.0021117	240.311	142.806	1.18507	1.61661	615	0	-2.28584	0	20	20
0.00948373	0.000798758	1363.09	246.245	0.00181757	232.564	139.455	1.19416	1.61661	615	0	-2.17497	0	20	20
0.00945956	0.000794519	1352.4	245.318	0.0015644	224.985	136.154	1.20334	1.61661	615	0	-2.06726	0	20	20
0.00943546	0.000790392	1341.94	244.315	0.00134649	217.577	132.905	1.21258	1.61661	615	0	-1.9627	0	20	20
0.00941146	0.000786379	1331.71	243.231	0.00115894	210.346	129.709	1.22188	1.61661	615	0	-1.86128	0	20	20
0.00938761	0.00078248	1321.72	242.058	0.000997512	203.295	126.569	1.23122	1.61661	615	0	-1.76299	0	20	20
0.00936396	0.000778695	1311.97	240.792	0.000858568	196.427	123.486	1.24057	1.61661	615	0	-1.66782	0	20	20
0.00934054	0.000775025	1302.46	239.426	0.000738977	189.748	120.463	1.24993	1.61661	615	0	-1.57576	0	20	20
0.00931738	0.000771469	1293.2	237.953	0.000636045	183.263	117.503	1.25927	1.61661	615	0	-1.4868	0	20	20
0.00929454	0.00076803	1284.18	236.367	0.000547449	176.975	114.607	1.26858	1.61661	615	0	-1.40095	0	20	20
0.00927204	0.000764707	1275.42	234.661	0.000471194	170.892	111.778	1.27783	1.61661	615	0	-1.3182	0	20	20
0.00924991	0.000761499	1266.91	232.828	0.000405561	165.014	109.019	1.28703	1.61661	615	0	-1.23852	0	20	20
0.00922816	0.000758401	1258.63	230.86	0.00034907	159.338	106.327	1.29615	1.61661	615	0	-1.16178	0	20	20
0.00920678	0.000755406	1250.59	228.751	0.000300448	153.858	103.702	1.3052	1.61661	615	0	-1.08784	0	20	20
0.00918577	0.000752508	1242.75	226.494	0.000258598	148.566	101.141	1.31417	1.61661	615	0	-1.01655	0	20	20
0.00916514	0.0007497	1235.1	224.082	0.000222577	143.456	98.6441	1.32307	1.61661	615	0	-0.947786	0	20	20
0.00914487	0.000746976	1227.64	221.509	0.000191574	138.522	96.2086	1.33189	1.61661	615	0	-0.881426	0	20	20
0.00912496	0.000744329	1220.35	218.768	0.000164889	133.758	93.8332	1.34063	1.61661	615	0	-0.817366	0	20	20
0.00910539	0.000741753	1213.21	215.855	0.000141922	129.157	91.5165	1.34929	1.61661	615	0	-0.755512	0	20	20
0.00908618	0.000739242	1206.21	212.764	0.000122153	124.715	89.2569	1.35786	1.61661	615	0	-0.695782	0	20	20
0.0090673	0.000736791	1199.35	209.492	0.000105138	120.425	87.0531	1.36636	1.61661	615	0	-0.638105	0	20	20
0.00904875	0.000734394	1192.6	206.035	9.04933e-05	116.283	84.9038	1.37478	1.61661	615	0	-0.582424	0	20	20
0.00903054	0.000732046	1185.96	202.392	7.78883e-05	112.284	82.8075	1.38312	1.61661	615	0	-0.528692	0	20	20
0.00901265	0.000729741	1179.43	198.562	6.70391e-05	108.422	80.763	1.39137	1.61661	615	0	-0.476874	0	20	20
0.00899509	0.000727475	1172.98	194.546	5.77011e-05	104.693	78.7689	1.39953	1.61661	615	0	-0.426948	0	20	20
0.00897886	0.000725347	1166.91	190.346	4.96638e-05	101.092	76.8241	1.40714	1.61661	615	0	-0.380608	0	20	20
0.00896487	0.000723449	1161.47	185.967	4.2746e-05	97.6148	74.9273	1.41373	1.61661	615	0	-0.339253	0	20	20
0.00895302	0.000721762	1156.62	181.413	3.67919e-05	94.2574	73.0774	1.41936	1.61661	615	0	-0.302362	0	20	20
0.0089431	0.00072026	1152.29	176.694	3.1667e-05	91.0154	71.2731	1.42408	1.61661	615	0	-0.269379	0	20	20
0.008935	0.000718923	1148.42	171.818	2.72561e-05	87.885	69.5133	1.42796	1.61661	615	0	-0.239839	0	20	20
0.00892858	0.000717736	1144.99	166.796	2.34595e-05	84.8622	67.7971	1.43104	1.61661	615	0	-0.213352	0	20	20
0.00892378	0.000716686	1141.95	161.643	2.01918e-05	81.9434	66.1231	1.43335	1.61661	615	0	-0.189588	0	20	20
0.00892053	0.000715761	1139.29	156.373	1.73792e-05	79.125	64.4906	1.43492	1.61661	615	0	-0.168267	0	20	20
0.00891879	0.000714954	1136.99	151.002	1.49585e-05	76.4035	62.8983	1.43576	1.61661	615	0	-0.14915	0	20	20
0.00891855	0.000714259	1135.03	145.549	1.28749e-05	73.7757	61.3453	1.43588	1.61661	615	0	-0.132032	0	20	20
0.00891978	0.000713672	1133.42	140.032	1.10815e-05	71.2382	59.8307	1.43528	1.61661	615	0	-0.116732	0	20	20
0.00892252	0.00071319	1132.16	134.472	9.53793e-06	68.788	58.3535	1.43396	1.61661	615	0	-0.103091	0	20	20
0.00893358	0.000712452	1131.47	128.89	8.20938e-06	66.422	56.9127	1.42864	1.61661	615	0	-0.0777908	0	20	20
0.00895165	0.000711744	1131.67	123.305	7.06588e-06	64.1375	55.5075	1.42001	1.61661	615	0	-0.0521872	0	20	20
0.00897515	0.000711223	1132.82	117.74	6.08166e-06	61.9315	54.137	1.40888	1.61661	615	0	-0.0306818	0	20	20
0.00900413	0.000710889	1134.93	112.216	5.23453e-06	59.8014	52.8004	1.39532	1.61661	615	0	-0.0123461	0	20	20
0.00903855	0.000710757	1138.03	106.751	4.5054e-06	57.7446	51.4968	1.37944	1.61661	615	0	0.00357532	0	20	20
0.00907815	0.000710865	1142.15	101.367	3.87783e-06	55.7585	50.2253	1.36147	1.61661	615	0	0.0177079	0	20	20
0.00912232	0.000711273	1147.33	96.0801	3.33768e-06	53.8407	48.9852	1.34179	1.61661	615	0	0.0305752	0	20	20
0.00917	0.000712068	1153.59	90.9079	2.87277e-06	51.9888	47.7758	1.32097	1.61661	615	0	0.0426134	0	20	20
0.00921957	0.000713362	1160.95	85.8656	2.47262e-06	50.2007	46.5962	1.29977	1.61661	615	0	0.0541712	0	20	20
0.00926898	0.00071528	1169.37	80.9665	2.1282e-06	48.4741	45.4457	1.2791	1.61661	615	0	0.0654971	0	20	20
0.00931601	0.000717939	1178.82	76.2224	1.83176e-06	46.8068	44.3237	1.25983	1.61661	615	0	0.0767255	0	20	20
0.00935867	0.000721421	1189.2	71.6431	1.57661e-06	45.1969	43.2293	1.24268	1.61661	615	0	0.0878748	0	20	20
0.00939557	0.000725753	1200.4	67.2365	1.357e-06	43.6424	42.162	1.22809	1.61661	615	0	0.0988699	0	20	20
0.00942609	0.000730906	1212.3	63.0088	1.16798e-06	42.1413	41.121	1.2162	1.61661	615	0	0.109583	0	20	20
0.00945029	0.000736801	1224.77	58.9643	1.00529e-06	40.6919	40.1057	1.20688	1.61661	615	0	0.119878	0	20	20
0.00946871	0.000743335	1237.7	55.1056	8.65262e-07	39.2923	39.1155	1.19985	1.61661	615	0	0.129639	0	20	20
0.00948214	0.000750394	1250.98	51.4339	7.44738e-07	37.9409	38.1497	1.19476	1.61661	615	0	0.138785	0	20	20
0.00949143	0.000757868	1264.51	47.9486	6.41002e-07	36.6359	37.2078	1.19125	1.61661	615	0	0.14727	0	20	20
0.00949741	0.000765657	1278.23	44.6482	5.51715e-07	35.3758	36.2891	1.18901	1.61661	615	0	0.155082	0	20	20
0.00950079	0.000773675	1292.05	41.5299	4.74866e-07	34.1591	35.3932	1.18774	1.61661	615	0	0.162232	0	20	20
0.0095022	0.000781851	1305.93	38.5897	4.08721e-07	32.9842	34.5193	1.18721	1.61661	615	0	0.16875	0	20	20
0.00950212	0.000790125	1319.82	35.8231	3.51789e-07	31.8497	33.667	1.18724	1.61661	615	0	0.174681	0	20	20
0.00950096	0.000798449	1333.7	33.2246	3.02788e-07	30.7543	32.8358	1.18768	1.61661	615	0	0.180072	0	20	20
0.00949902	0.000806786	1347.52	30.7884	2.60612e-07	29.6965	32.0251	1.1884	1.61661	615	0	0.184977	0	20	20
0.00949655	0.000815106	1361.26	28.5081	2.24311e-07	28.6751	31.2344	1.18933	1.61661	615	0	0.189448	0	20	20
0.00949372	0.000823385	1374.92	26.3769	1.93066e-07	27.6888	30.4632	1.19039	1.61661	615	0	0.193536	0	20	20
0.00949066	0.000831606	1388.46	24.3881	1.66173e-07	26.7365	29.711	1.19155	1.61661	615	0	0.197287	0	20	20
0.00948746	0.000839754	1401.88	22.5345	1.43027e-07	25.8169	28.9775	1.19275	1.61661	615	0	0.200743	0	20	20
0.00948419	0.00084782	1415.17	20.8092	1.23104e-07	24.9289	28.262	1.19399	1.61661	615	0	0.203943	0	20	20
0.00948089	0.000855796	1428.32	19.2052	1.05957e-07	24.0715	27.5642	1.19523	1.61661	615	0	0.20692	0	20	20
0.00947759	0.000863675	1441.32	17.7156	9.11979e-08	23.2436	26.8837	1.19648	1.61661	615	0	0.209702	0	20	20
0.00947431	0.000871453	1454.17	16.3335	7.84948e-08	22.4441	26.2199	1.19773	1.61661	615	0	0.212313	0	20	20
0.00947106	0.000879127	1466.85	15.0525	6.75611e-08	21.6722	25.5725	1.19896	1.61661	615	0	0.214775	0	20	20
0.00946785	0.000886694	1479.37	13.8662	5.81504e-08	20.9268	24.9411	1.20018	1.61661	615	0	0.217105	0	20	20
0.00946467	0.000894152	1491.72	12.7684	5.00505e-08	20.207	24.3253	1.20139	1.61661	615	0	0.219318	0	20	20
0.00946154	0.000901499	1503.89	11.7534	4.30789e-08	19.512	23.7247	1.20258	1.61661	615	0	0.221426	0	20	20
0.00945844	0.000908735	1515.89	10.8154	3.70783e-08	18.8409	23.139	1.20376	1.61661	615	0	0.223439	0	20	20
0.00945539	0.000915859	1527.71	9.94928	3.19136e-08	18.1929	22.5677	1.20493	1.61661	615	0	0.225367	0	20	20
0.00945237	0.00092287	1539.36	9.14994	2.74683e-08	17.5671	22.0105	1.20609	1.61661	615	0	0.227217	0	20	20
0.00944938	0.000929768	1550.82	8.41262	2.36422e-08	16.9629	21.467	1.20723	1.61661	615	0	0.228994	0	20	20
0.00944643	0.000936552	1562.09	7.73287	2.0349e-08	16.3795	20.937	1.20836	1.61661	615	0	0.230704	0	20	20
0.00944352	0.000943222	1573.19	7.10647	1.75146e-08	15.8161	20.4201	1.20948	1.61661	615	0	0.232352	0	20	20
0.00944064	0.000949779	1584.09	6.52948	1.50749e-08	15.2721	19.9159	1.21059	1.61661	615	0	0.233941	0	20	20
0.00943779	0.000956223	1594.82	5.99821	1.29751e-08	14.7468	19.4242	1.21168	1.61661	615	0	0.235474	0	20	20
0.00943498	0.000962553	1605.35	5.50922	1.11678e-08	14.2396	18.9446	1.21277	1.61661	615	0	0.236955	0	20	20
0.0094322	0.000968771	1615.71	5.05929	9.61219e-09	13.7499	18.4769	1.21384	1.61661	615	0	0.238385	0	20	20
0.00942945	0.000974877	1625.88	4.64543	8.27329e-09	13.2769	18.0207	1.2149	1.61661	615	0	0.239768	0	20	20
0.00942674	0.000980871	1635.86	4.26485	7.12089e-09	12.8203	17.5757	1.21595	1.61661	615	0	0.241104	0	20	20
0.00942406	0.000986754	1645.66	3.91496	6.129e-09	12.3793	17.1418	1.21699	1.61661	615	0	0.242397	0	20	20
0.00942142	0.000992527	1655.28	3.59337	5.27528e-09	11.9536	16.7185	1.21801	1.61661	615	0	0.243648	0	20	20
0.00941881	0.000998191	1664.72	3.29785	4.54048e-09	11.5424	16.3058	1.21902	1.61661	615	0	0.244857	0	20	20
0.00941624	0.00100375	1673.97	3.02635	3.90803e-09	11.1454	15.9032	1.22002	1.61661	615	0	0.246027	0	20	20
0.00941369	0.00100921	1683.08	2.77695	3.36367e-09	10.7621	15.5105	1.22101	1.61661	615	0	0.247161	0	20	20
0.00941106	0.00101467	1692.16	2.5479	2.89514e-09	10.3919	15.1276	1.22204	1.61661	615	0	0.248261	0	20	20
0.00940828	0.00102017	1701.3	2.33757	2.49187e-09	10.0345	14.7541	1.22312	1.61661	615	0	0.249332	0	20	20
0.00940536	0.00102571	1710.49	2.14445	2.14477e-09	9.68937	14.3898	1.22426	1.61661	615	0	0.250374	0	20	20
0.00940231	0.0010313	1719.73	1.96717	1.84602e-09	9.3561	14.0345	1.22545	1.61661	615	0	0.251387	0	20	20
0.00939913	0.00103691	1729	1.80443	1.58888e-09	9.0343	13.688	1.2267	1.61661	615	0	0.252373	0	20	20
0.00939583	0.00104256	1738.31	1.65508	1.36757e-09	8.72357	13.35	1.22799	1.61661	615	0	0.253331	0	20	20
0.0093924	0.00104823	1747.64	1.51801	1.17707e-09	8.42353	13.0204	1.22933	1.61661	615	0	0.254262	0	20	20
0.00938886	0.00105393	1757	1.39223	1.01312e-09	8.13381	12.6989	1.23073	1.61661	615	0	0.255166	0	20	20
0.00938521	0.00105964	1766.36	1.27682	8.71998e-10	7.85405	12.3854	1.23216	1.61661	615	0	0.256045	0	20	20
0.00938145	0.00106537	1775.74	1.17093	7.50536e-10	7.58391	12.0796	1.23364	1.61661	615	0	0.256897	0	20	20
0.0093776	0.00107111	1785.11	1.07379	6.45992e-10	7.32307	11.7814	1.23517	1.61661	615	0	0.257725	0	20	20
0.00937364	0.00107686	1794.49	0.984679	5.56011e-10	7.07119	11.4905	1.23673	1.61661	615	0	0.258527	0	20	20
0.0093696	0.00108262	1803.85	0.902934	4.78563e-10	6.82798	11.2068	1.23833	1.61661	615	0	0.259306	0	20	20
0.00936546	0.00108837	1813.19	0.827954	4.11903e-10	6.59314	10.9301	1.23997	1.61661	615	0	0.26006	0	20	20
0.00936124	0.00109412	1822.52	0.759182	3.54528e-10	6.36637	10.6602	1.24165	1.61661	615	0	0.260791	0	20	20
0.00935695	0.00109987	1831.81	0.696106	3.05145e-10	6.1474	10.397	1.24336	1.61661	615	0	0.261499	0	20	20
0.00935258	0.0011056	1841.08	0.638258	2.62641e-10	5.93596	10.1403	1.24511	1.61661	615	0	0.262185	0	20	20
0.00934814	0.00111133	1850.31	0.585207	2.26057e-10	5.7318	9.88995	1.24688	1.61661	615	0	0.262848	0	20	20
0.00934363	0.00111703	1859.49	0.536555	1.94569e-10	5.53465	9.64576	1.24869	1.61661	615	0	0.26349	0	20	20
0.00933906	0.00112272	1868.63	0.491941	1.67467e-10	5.34429	9.40761	1.25052	1.61661	615	0	0.26411	0	20	20
0.00933444	0.00112839	1877.71	0.45103	1.4414e-10	5.16048	9.17533	1.25238	1.61661	615	0	0.26471	0	20	20
0.00932976	0.00113403	1886.74	0.413515	1.24063e-10	4.98298	8.94879	1.25426	1.61661	615	0	0.265289	0	20	20
0.00932503	0.00113964	1895.71	0.379116	1.06782e-10	4.8116	8.72785	1.25617	1.61661	615	0	0.265849	0	20	20
0.00932026	0.00114523	1904.61	0.347575	9.1908e-11	4.6461	8.51236	1.2581	1.61661	615	0	0.266389	0	20	20
0.00931545	0.00115078	1913.44	0.318655	7.91059e-11	4.4863	8.30219	1.26005	1.61661	615	0	0.26691	0	20	20
0.00931059	0.00115629	1922.2	0.292138	6.80871e-11	4.332	8.0972	1.26202	1.61661	615	0	0.267412	0	20	20
0.00930571	0.00116177	1930.88	0.267826	5.86031e-11	4.183	7.89728	1.26401	1.61661	615	0	0.267896	0	20	20
0.0093008	0.0011672	1939.47	0.245535	5.04402e-11	4.03913	7.7023	1.26602	1.61661	615	0	0.268362	0	20	20
0.00929586	0.00117259	1947.98	0.225098	4.34142e-11	3.9002	7.51213	1.26804	1.61661	615	0	0.268812	0	20	20
0.0092909	0.00117793	1956.41	0.20636	3.7367e-11	3.76606	7.32665	1.27007	1.61661	615	0	0.269244	0	20	20
0.00928592	0.00118323	1964.73	0.189181	3.21621e-11	3.63653	7.14576	1.27211	1.61661	615	0	0.269659	0	20	20
0.00928092	0.00118847	1972.96	0.173431	2.76821e-11	3.51145	6.96933	1.27417	1.61661	615	0	0.270059	0	20	20
0.00927592	0.00119366	1981.1	0.158992	2.38262e-11	3.39067	6.79725	1.27623	1.61661	615	0	0.270443	0	20	20
0.0092709	0.0011988	1989.13	0.145754	2.05074e-11	3.27405	6.62943	1.2783	1.61661	615	0	0.270811	0	20	20
0.00926589	0.00120388	1997.05	0.133617	1.76509e-11	3.16144	6.46575	1.28038	1.61661	615	0	0.271165	0	20	20
0.00926087	0.0012089	2004.86	0.122491	1.51923e-11	3.05271	6.30611	1.28246	1.61661	615	0	0.271504	0	20	20
0.00925585	0.00121386	2012.57	0.112291	1.30761e-11	2.94771	6.15041	1.28455	1.61661	615	0	0.271829	0	20	20
0.00925084	0.00121875	2020.16	0.10294	1.12547e-11	2.84633	5.99856	1.28664	1.61661	615	0	0.272141	0	20	20
0.00924584	0.00122359	2027.64	0.0943671	9.68703e-12	2.74843	5.85045	1.28873	1.61661	615	0	0.272439	0	20	20
0.00924084	0.00122835	2035	0.0865081	8.3377e-12	2.6539	5.706	1.29082	1.61661	615	0	0.272724	0	20	20
0.00923586	0.00123305	2042.24	0.0793034	7.17633e-12	2.56262	5.56512	1.29291	1.61661	615	0	0.272997	0	20	20
0.0092309	0.00123768	2049.35	0.0726986	6.17672e-12	2.47448	5.42772	1.29499	1.61661	615	0	0.273258	0	20	20
0.00922596	0.00124224	2056.35	0.0666437	5.31635e-12	2.38937	5.29371	1.29708	1.61661	615	0	0.273506	0	20	20
0.00922104	0.00124673	2063.22	0.061093	4.57583e-12	2.30719	5.163	1.29915	1.61661	615	0	0.273743	0	20	20
0.00921615	0.00125115	2069.96	0.0560045	3.93845e-12	2.22783	5.03553	1.30122	1.61661	615	0	0.273969	0	20	20
0.00921128	0.00125549	2076.58	0.0513398	3.38986e-12	2.15121	4.9112	1.30329	1.61661	615	0	0.274184	0	20	20
0.00920644	0.00125976	2083.07	0.0470635	2.91768e-12	2.07722	4.78994	1.30534	1.61661	615	0	0.274389	0	20	20
0.00920163	0.00126396	2089.43	0.0431433	2.51127e-12	2.00577	4.67168	1.30739	1.61661	615	0	0.274583	0	20	20
0.00919686	0.00126808	2095.66	0.0395496	2.16147e-12	1.93678	4.55634	1.30943	1.61661	615	0	0.274768	0	20	20
0.00919212	0.00127212	2101.76	0.0362552	1.86039e-12	1.87017	4.44384	1.31145	1.61661	615	0	0.274943	0	20	20
0.00918742	0.00127608	2107.73	0.0332352	1.60125e-12	1.80585	4.33412	1.31347	1.61661	615	0	0.275109	0	20	20
0.00918276	0.00127997	2113.56	0.0304668	1.37821e-12	1.74373	4.22711	1.31547	1.61661	615	0	0.275265	0	20	20
0.00917815	0.00128378	2119.27	0.0279289	1.18624e-12	1.68376	4.12274	1.31745	1.61661	615	0	0.275413	0	20	20
0.00917357	0.00128751	2124.84	0.0256024	1.02101e-12	1.62585	4.02095	1.31943	1.61661	615	0	0.275553	0	20	20
0.00916904	0.00129116	2130.28	0.0234697	8.78787e-13	1.56993	3.92167	1.32138	1.61661	615	0	0.275684	0	20	20
0.00916456	0.00129474	2135.58	0.0215146	7.56379e-13	1.51593	3.82485	1.32332	1.61661	615	0	0.275808	0	20	20
0.00916012	0.00129823	2140.76	0.0197224	6.51022e-13	1.46379	3.73041	1.32525	1.61661	615	0	0.275924	0	20	20
0.00915573	0.00130164	2145.8	0.0180794	5.60339e-13	1.41344	3.63831	1.32715	1.61661	615	0	0.276033	0	20	20
0.00915139	0.00130498	2150.71	0.0165733	4.82289e-13	1.36483	3.54848	1.32904	1.61661	615	0	0.276134	0	20	20
0.00914711	0.00130824	2155.5	0.0151927	4.1511e-13	1.31789	3.46087	1.33091	1.61661	615	0	0.276229	0	20	20
0.00914287	0.00131141	2160.15	0.0139271	3.57288e-13	1.27256	3.37542	1.33276	1.61661	615	0	0.276317	0	20	20
0.00913869	0.00131451	2164.67	0.0127669	3.07521e-13	1.22879	3.29208	1.33459	1.61661	615	0	0.276398	0	20	20
0.00913456	0.00131753	2169.06	0.0117033	2.64686e-13	1.18653	3.2108	1.3364	1.61661	615	0	0.276473	0	20	20
0.00913049	0.00132047	2173.33	0.0107284	2.27817e-13	1.14572	3.13152	1.33819	1.61661	615	0	0.276543	0	20	20
0.00912647	0.00132334	2177.47	0.00983465	1.96084e-13	1.10631	3.0542	1.33996	1.61661	615	0	0.276606	0	20	20
0.00912251	0.00132612	2181.48	0.00901536	1.68771e-13	1.06826	2.97879	1.3417	1.61661	615	0	0.276664	0	20	20
0.00911861	0.00132883	2185.37	0.00826432	1.45263e-13	1.03152	2.90525	1.34343	1.61661	615	0	0.276716	0	20	20
0.00911476	0.00133147	2189.13	0.00757585	1.25029e-13	0.996037	2.83352	1.34513	1.61661	615	0	0.276764	0	20	20
0.00911097	0.00133402	2192.77	0.00694473	1.07613e-13	0.961779	2.76356	1.34681	1.61661	615	0	0.276806	0	20	20
0.00910724	0.00133651	2196.29	0.00636619	9.26235e-14	0.928699	2.69532	1.34846	1.61661	615	0	0.276843	0	20	20
0.00910357	0.00133891	2199.69	0.00583584	7.97218e-14	0.896756	2.62878	1.3501	1.61661	615	0	0.276876	0	20	20
0.00909995	0.00134125	2202.98	0.00534967	6.86172e-14	0.865913	2.56387	1.35171	1.61661	615	0	0.276904	0	20	20
0.0090964	0.00134351	2206.14	0.004904	5.90593e-14	0.83613	2.50057	1.35329	1.61661	615	0	0.276927	0	20	20
0.0090929	0.0013457	2209.19	0.00449546	5.08329e-14	0.807372	2.43883	1.35485	1.61661	615	0	0.276947	0	20	20
0.00908946	0.00134781	2212.13	0.00412095	4.37522e-14	0.779603	2.37862	1.35639	1.61661	615	0	0.276962	0	20	20
0.00908608	0.00134986	2214.95	0.00377764	3.76579e-14	0.752788	2.31989	1.35791	1.61661	615	0	0.276973	0	20	20
0.00908276	0.00135184	2217.67	0.00346294	3.24125e-14	0.726897	2.26261	1.3594	1.61661	615	0	0.276981	0	20	20
0.0090795	0.00135375	2220.27	0.00317445	2.78977e-14	0.701895	2.20675	1.36086	1.61661	615	0	0.276985	0	20	20
0.00907629	0.00135559	2222.77	0.00290999	2.40117e-14	0.677754	2.15226	1.36231	1.61661	615	0	0.276985	0	20	20
0.00907315	0.00135736	2225.17	0.00266756	2.06671e-14	0.654443	2.09912	1.36372	1.61661	615	0	0.276982	0	20	20
0.00907006	0.00135907	2227.46	0.00244533	1.77883e-14	0.631934	2.04729	1.36512	1.61661	615	0	0.276976	0	20	20
0.00906702	0.00136072	2229.65	0.00224161	1.53106e-14	0.610198	1.99675	1.36649	1.61661	615	0	0.276967	0	20	20
0.00906405	0.0013623	2231.74	0.00205487	1.31779e-14	0.589211	1.94745	1.36783	1.61661	615	0	0.276955	0	20	20
0.00906113	0.00136381	2233.73	0.00188368	1.13423e-14	0.568945	1.89936	1.36916	1.61661	615	0	0.276939	0	20	20
0.00905827	0.00136527	2235.62	0.00172675	9.76244e-15	0.549377	1.85247	1.37045	1.61661	615	0	0.276921	0	20	20
0.00905546	0.00136666	2237.42	0.0015829	8.40261e-15	0.530481	1.80673	1.37173	1.61661	615	0	0.276901	0	20	20
0.00905271	0.001368	2239.13	0.00145103	7.2322e-15	0.512235	1.76212	1.37298	1.61661	615	0	0.276877	0	20	20
0.00905002	0.00136928	2240.74	0.00133015	6.22481e-15	0.494617	1.71862	1.37421	1.61661	615	0	0.276851	0	20	20
0.00904737	0.0013705	2242.27	0.00121933	5.35774e-15	0.477605	1.67618	1.37541	1.61661	615	0	0.276823	0	20	20
0.00904479	0.00137166	2243.71	0.00111775	4.61145e-15	0.461178	1.6348	1.37659	1.61661	615	0	0.276793	0	20	20
0.00904225	0.00137277	2245.07	0.00102463	3.96911e-15	0.445316	1.59443	1.37775	1.61661	615	0	0.27676	0	20	20
0.00903977	0.00137382	2246.34	0.000939274	3.41625e-15	0.43	1.55507	1.37889	1.61661	615	0	0.276725	0	20	20
0.00903734	0.00137482	2247.53	0.000861024	2.94039e-15	0.41521	1.51667	1.38	1.61661	615	0	0.276689	0	20	20
0.00903496	0.00137577	2248.64	0.000789293	2.53082e-15	0.400929	1.47923	1.38109	1.61661	615	0	0.27665	0	20	20
0.00903263	0.00137667	2249.68	0.000723538	2.1783e-15	0.387139	1.4427	1.38216	1.61661	615	0	0.276609	0	20	20
0.00903035	0.00137752	2250.64	0.000663261	1.87488e-15	0.373824	1.40708	1.3832	1.61661	615	0	0.276567	0	20	20
0.00902812	0.00137832	2251.52	0.000608005	1.61372e-15	0.360966	1.37234	1.38423	1.61661	615	0	0.276523	0	20	20
0.00902594	0.00137908	2252.33	0.000557353	1.38894e-15	0.348551	1.33846	1.38523	1.61661	615	0	0.276477	0	20	20
0.0090238	0.00137978	2253.07	0.00051092	1.19547e-15	0.336563	1.30541	1.38622	1.61661	615	0	0.27643	0	20	20
0.00902172	0.00138044	2253.74	0.000468356	1.02895e-15	0.324987	1.27318	1.38718	1.61661	615	0	0.276381	0	20	20
0.00901968	0.00138106	2254.35	0.000429338	8.85629e-16	0.313809	1.24175	1.38812	1.61661	615	0	0.276331	0	20	20
0.00901768	0.00138163	2254.89	0.00039357	7.62268e-16	0.303016	1.21109	1.38904	1.61661	615	0	0.276279	0	20	20
0.00901573	0.00138216	2255.37	0.000360782	6.5609e-16	0.292594	1.18119	1.38994	1.61661	615	0	0.276226	0	20	20
0.00901383	0.00138266	2255.78	0.000330726	5.64702e-16	0.28253	1.15202	1.39082	1.61661	615	0	0.276172	0	20	20
0.00901196	0.00138311	2256.13	0.000303173	4.86043e-16	0.272812	1.12358	1.39169	1.61661	615	0	0.276117	0	20	20
0.00901015	0.00138352	2256.43	0.000277916	4.18342e-16	0.263429	1.09584	1.39253	1.61661	615	0	0.276061	0	20	20
0.00900837	0.00138389	2256.67	0.000254763	3.6007e-16	0.254369	1.06878	1.39336	1.61661	615	0	0.276003	0	20	20
0.00900663	0.00138423	2256.85	0.000233539	3.09915e-16	0.24562	1.04239	1.39416	1.61661	615	0	0.275945	0	20	20
0.00900494	0.00138453	2256.98	0.000214083	2.66746e-16	0.237172	1.01666	1.39495	1.61661	615	0	0.275886	0	20	20
0.00900328	0.00138479	2257.06	0.000196248	2.29591e-16	0.229014	0.991555	1.39572	1.61661	615	0	0.275825	0	20	20
0.00900166	0.00138502	2257.08	0.000179899	1.97611e-16	0.221137	0.967073	1.39647	1.61661	615	0	0.275764	0	20	20
0.00900008	0.00138522	2257.06	0.000164912	1.70085e-16	0.213531	0.943196	1.39721	1.61661	615	0	0.275702	0	20	20
0.00899854	0.00138538	2256.99	0.000151173	1.46393e-16	0.206187	0.919908	1.39792	1.61661	615	0	0.275639	0	20	20
0.00899704	0.00138552	2256.87	0.000138579	1.26002e-16	0.199095	0.897196	1.39863	1.61661	615	0	0.275576	0	20	20
0.00899557	0.00138562	2256.71	0.000127034	1.08451e-16	0.192248	0.875044	1.39931	1.61661	615	0	0.275512	0	20	20
0.00899414	0.00138569	2256.51	0.000116451	9.33446e-17	0.185635	0.853439	1.39998	1.61661	615	0	0.275447	0	20	20
0.00899274	0.00138574	2256.26	0.00010675	8.03424e-17	0.179251	0.832367	1.40063	1.61661	615	0	0.275382	0	20	20
0.00899137	0.00138576	2255.97	9.78563e-05	6.91514e-17	0.173085	0.811816	1.40127	1.61661	615	0	0.275316	0	20	20
0.00899004	0.00138575	2255.64	8.9704e-05	5.95191e-17	0.167132	0.791772	1.40189	1.61661	615	0	0.27525	0	20	20
0.00898875	0.00138571	2255.28	8.22308e-05	5.12286e-17	0.161384	0.772224	1.4025	1.61661	615	0	0.275183	0	20	20
0.00898748	0.00138565	2254.87	7.53802e-05	4.40929e-17	0.155833	0.753157	1.40309	1.61661	615	0	0.275115	0	20	20
0.00898624	0.00138556	2254.43	6.91004e-05	3.79511e-17	0.150473	0.734562	1.40367	1.61661	615	0	0.275048	0	20	20
0.00898504	0.00138545	2253.96	6.33437e-05	3.26648e-17	0.145298	0.716425	1.40424	1.61661	615	0	0.27498	0	20	20
0.00898387	0.00138532	2253.46	5.80666e-05	2.81149e-17	0.1403	0.698737	1.40479	1.61661	615	0	0.274911	0	20	20
0.00898272	0.00138516	2252.92	5.32291e-05	2.41987e-17	0.135475	0.681485	1.40532	1.61661	615	0	0.274842	0	20	20
0.00898161	0.00138498	2252.35	4.87946e-05	2.0828e-17	0.130815	0.664659	1.40585	1.61661	615	0	0.274773	0	20	20
0.00898052	0.00138479	2251.75	4.47296e-05	1.79268e-17	0.126316	0.648248	1.40636	1.61661	615	0	0.274704	0	20	20
0.00897946	0.00138457	2251.12	4.10032e-05	1.54298e-17	0.121971	0.632243	1.40686	1.61661	615	0	0.274635	0	20	20
0.00897842	0.00138433	2250.47	3.75873e-05	1.32805e-17	0.117776	0.616633	1.40734	1.61661	615	0	0.274565	0	20	20
0.00897742	0.00138407	2249.78	3.44559e-05	1.14306e-17	0.113725	0.601408	1.40782	1.61661	615	0	0.274495	0	20	20
0.00897644	0.0013838	2249.08	3.15854e-05	9.83845e-18	0.109814	0.586559	1.40828	1.61661	615	0	0.274425	0	20	20
0.00897548	0.0013835	2248.34	2.89541e-05	8.46803e-18	0.106037	0.572077	1.40873	1.61661	615	0	0.274355	0	20	20
0.00897455	0.00138319	2247.59	2.65419e-05	7.2885e-18	0.10239	0.557953	1.40917	1.61661	615	0	0.274285	0	20	20
0.00897364	0.00138287	2246.81	2.43307e-05	6.27327e-18	0.0988679	0.544177	1.40959	1.61661	615	0	0.274214	0	20	20
0.00897276	0.00138253	2246.01	2.23038e-05	5.39946e-18	0.0954673	0.530741	1.41001	1.61661	615	0	0.274144	0	20	20
0.00897189	0.00138217	2245.19	2.04457e-05	4.64735e-18	0.0921838	0.517637	1.41042	1.61661	615	0	0.274073	0	20	20
0.00897106	0.0013818	2244.35	1.87423e-05	4.00001e-18	0.0890132	0.504856	1.41081	1.61661	615	0	0.274003	0	20	20
0.00897024	0.00138141	2243.49	1.71809e-05	3.44284e-18	0.0859516	0.492391	1.4112	1.61661	615	0	0.273932	0	20	20
0.00896944	0.00138101	2242.61	1.57496e-05	2.96328e-18	0.0829953	0.480234	1.41157	1.61661	615	0	0.273862	0	20	20
0.00896867	0.0013806	2241.71	1.44375e-05	2.55052e-18	0.0801407	0.468377	1.41194	1.61661	615	0	0.273792	0	20	20
0.00896791	0.00138018	2240.8	1.32347e-05	2.19525e-18	0.0773843	0.456813	1.4123	1.61661	615	0	0.273721	0	20	20
0.00896718	0.00137974	2239.87	1.21322e-05	1.88947e-18	0.0747227	0.445534	1.41264	1.61661	615	0	0.273651	0	20	20
0.00896647	0.0013793	2238.93	1.11214e-05	1.62628e-18	0.0721527	0.434534	1.41298	1.61661	615	0	0.273581	0	20	20
0.00896577	0.00137884	2237.97	1.01949e-05	1.39976e-18	0.069671	0.423805	1.41331	1.61661	615	0	0.273511	0	20	20
0.00896509	0.00137837	2237	9.3456e-06	1.20478e-18	0.0672747	0.413341	1.41363	1.61661	615	0	0.273441	0	20	20
0.00896443	0.00137789	2236.01	8.56702e-06	1.03696e-18	0.0649608	0.403136	1.41394	1.61661	615	0	0.273371	0	20	20
0.00896379	0.0013774	2235.01	7.85331e-06	8.92524e-19	0.0627265	0.393183	1.41425	1.61661	615	0	0.273301	0	20	20
0.00896317	0.0013769	2234	7.19906e-06	7.68203e-19	0.0605691	0.383475	1.41454	1.61661	615	0	0.273232	0	20	20
0.00896256	0.0013764	2232.98	6.59931e-06	6.61198e-19	0.0584858	0.374007	1.41483	1.61661	615	0	0.273162	0	20	20
0.00896197	0.00137588	2231.95	6.04953e-06	5.69098e-19	0.0564742	0.364773	1.41511	1.61661	615	0	0.273093	0	20	20
0.00896139	0.00137536	2230.91	5.54555e-06	4.89828e-19	0.0545318	0.355766	1.41538	1.61661	615	0	0.273024	0	20	20
0.00896083	0.00137483	2229.86	5.08355e-06	4.21598e-19	0.0526562	0.346982	1.41565	1.61661	615	0	0.272955	0	20	20
0.00896029	0.00137429	2228.8	4.66005e-06	3.62873e-19	0.0508451	0.338415	1.4159	1.61661	615	0	0.272887	0	20	20
0.00895976	0.00137375	2227.73	4.27182e-06	3.12328e-19	0.0490963	0.33006	1.41615	1.61661	615	0	0.272819	0	20	20
0.00895925	0.0013732	2226.66	3.91594e-06	2.68823e-19	0.0474077	0.321911	1.4164	1.61661	615	0	0.272751	0	20	20
0.00895875	0.00137264	2225.57	3.58971e-06	2.31378e-19	0.0457771	0.313963	1.41664	1.61661	615	0	0.272683	0	20	20
0.00895826	0.00137208	2224.48	3.29065e-06	1.99149e-19	0.0442026	0.306211	1.41687	1.61661	615	0	0.272615	0	20	20
0.00895779	0.00137151	2223.39	3.01651e-06	1.71409e-19	0.0426823	0.298651	1.41709	1.61661	615	0	0.272548	0	20	20
0.00895733	0.00137094	2222.29	2.76521e-06	1.47533e-19	0.0412143	0.291277	1.41731	1.61661	615	0	0.272481	0	20	20
0.00895688	0.00137036	2221.18	2.53484e-06	1.26983e-19	0.0397967	0.284085	1.41752	1.61661	615	0	0.272414	0	20	20
0.00895645	0.00136977	2220.07	2.32366e-06	1.09295e-19	0.0384279	0.277071	1.41773	1.61661	615	0	0.272348	0	20	20
