0.00890634	
0.00475689	
0.00345704	
0.00279503	
0.00234191	
0.00199467	
0.00178454	
0.0015984	
0.00142018	
0.00129085	
0.00123408	
0.00125818	
0.00131592	
0.00144945	
0.00161389	
0.00182834	
0.00212906	
0.00248017	
0.00292404	
0.00349177	
0.00422256	
0.00512783	
0.00626205	
0.00764406	
0.00927776	
0.0111278	
0.0131917	
0.0154447	
0.0178722	
0.0204214	
0.0230632	
0.0262812	
0.0302323	
0.0342586	
0.0381966	
0.0418337	
0.0450079	
0.0475802	
0.0494736	
0.0507019	
0.0513236	
0.0514349	
0.0511456	
0.0505547	
0.0497535	
0.0488178	
0.0477986	
0.0467421	
0.0456756	
0.0446202	
0.0435885	
0.0425867	
0.0416216	
0.0406921	
0.0397984	
0.0389398	
0.0381134	
0.0373172	
0.0365495	
0.0358074	
0.0350888	
0.034392	
0.0337153	
0.033057	
0.0324159	
0.031791	
0.0311812	
0.0305858	
0.0300042	
0.0294359	
0.0288804	
0.0283374	
0.0278066	
