0.00866132	0.000693393	1101	184.5	76.5	0	0	1.56764	1.61661	615	0	0.149314	0	20	20
0.00885965	0.000729452	1181.99	183.601	76.4694	59.8456	20.1677	1.46471	1.61661	615	0	-0.554389	0	20	20
0.00902867	0.000813052	1340.3	182.694	76.4339	175.378	59.493	1.38397	1.61661	615	0	-1.70324	0	20	20
0.0090502	0.000902577	1492.21	181.778	76.3927	286.838	97.8142	1.37412	1.61661	615	0	-2.53566	0	20	20
0.00900321	0.000993882	1637.67	180.855	76.3448	394.341	135.147	1.39575	1.61661	615	0	-3.15247	0	20	20
0.00892283	0.0010853	1777.18	179.924	76.2893	497.997	171.508	1.43381	1.61661	615	0	-3.62056	0	20	20
0.0088251	0.00117619	1911.32	178.986	76.2249	597.918	206.913	1.48198	1.61661	615	0	-3.98362	0	20	20
0.00871804	0.00126629	2040.54	178.039	76.1502	694.215	241.381	1.53724	1.61661	615	0	-4.27025	0	20	20
0.008606	0.00135546	2165.17	177.085	76.0636	786.999	274.93	1.59807	1.61661	615	0	-4.49962	0	20	20
0.00849148	0.00144361	2285.47	176.123	75.9633	876.382	307.58	1.6636	1.61661	615	0	-4.68499	0	20	20
0.00837602	0.00153066	2401.61	175.154	75.847	962.479	339.352	1.73335	1.61661	615	0	-4.83593	0	20	20
0.00826057	0.00161658	2513.76	174.177	75.7124	1045.4	370.267	1.80705	1.61661	615	0	-4.95933	0	20	20
0.0081457	0.00170134	2622.05	173.193	75.5566	1125.27	400.351	1.88458	1.61661	615	0	-5.06034	0	20	20
0.0080318	0.00178494	2726.64	172.201	75.3764	1202.21	429.628	1.9659	1.61661	615	0	-5.14288	0	20	20
0.00791908	0.00186738	2827.66	171.203	75.1681	1276.33	458.128	2.05105	1.61661	615	0	-5.21001	0	20	20
0.00780765	0.0019487	2925.27	170.197	74.9275	1347.78	485.879	2.14012	1.61661	615	0	-5.26411	0	20	20
0.00769756	0.00202893	3019.61	169.185	74.6499	1416.67	512.914	2.23327	1.61661	615	0	-5.30711	0	20	20
0.0075888	0.00210814	3110.85	168.165	74.33	1483.16	539.268	2.33067	1.61661	615	0	-5.34058	0	20	20
0.00748131	0.00218639	3199.17	167.139	73.9617	1547.38	564.978	2.43258	1.61661	615	0	-5.36579	0	20	20
0.00737502	0.0022638	3284.73	166.106	73.5383	1609.48	590.084	2.53928	1.61661	615	0	-5.38382	0	20	20
0.00726982	0.00234044	3367.73	165.067	73.0526	1669.62	614.627	2.65112	1.61661	615	0	-5.39557	0	20	20
0.00716559	0.00241646	3448.35	164.022	72.4961	1727.95	638.654	2.76849	1.61661	615	0	-5.4018	0	20	20
0.0070622	0.00249196	3526.79	162.97	71.8602	1784.63	662.21	2.89188	1.61661	615	0	-5.40318	0	20	20
0.0069595	0.00256711	3603.25	161.912	71.1353	1839.84	685.341	3.0218	1.61661	615	0	-5.40028	0	20	20
0.00685734	0.00264204	3677.93	160.848	70.3111	1893.72	708.097	3.15888	1.61661	615	0	-5.39359	0	20	20
0.00675558	0.0027169	3751.02	159.778	69.3773	1946.43	730.523	3.30379	1.61661	615	0	-5.38355	0	20	20
0.00665407	0.00279184	3822.69	158.702	68.323	1998.12	752.663	3.45731	1.61661	615	0	-5.37052	0	20	20
0.0065527	0.00286698	3893.11	157.621	67.1377	2048.91	774.556	3.62026	1.61661	615	0	-5.35481	0	20	20
0.00645135	0.00294246	3962.39	156.535	65.8111	2098.93	796.234	3.79357	1.61661	615	0	-5.33668	0	20	20
0.00634828	0.00301889	4030.64	155.443	64.3342	2148.23	817.72	3.98137	1.61661	615	0	-5.31908	0	20	20
0.00624345	0.00309635	4097.88	154.346	62.6995	2196.86	839.022	4.1853	1.61661	615	0	-5.30205	0	20	20
0.00613765	0.00317462	4164.1	153.244	60.9015	2244.81	860.133	4.40549	1.61661	615	0	-5.28442	0	20	20
0.00603088	0.00325366	4229.19	152.137	58.9379	2292.01	881.029	4.64363	1.61661	615	0	-5.26632	0	20	20
0.00592331	0.00333334	4292.98	151.026	56.8097	2338.34	901.661	4.90126	1.61661	615	0	-5.24774	0	20	20
0.00581556	0.00341328	4355.2	149.91	54.5225	2383.59	921.959	5.17877	1.61661	615	0	-5.22793	0	20	20
0.005708	0.00349312	4415.51	148.79	52.086	2427.49	941.83	5.47706	1.61661	615	0	-5.2067	0	20	20
0.0056011	0.00357239	4473.48	147.666	49.5151	2469.73	961.157	5.7967	1.61661	615	0	-5.18378	0	20	20
0.00549536	0.00365053	4528.6	146.538	46.8297	2509.92	979.803	6.1378	1.61661	615	0	-5.1589	0	20	20
0.00539128	0.00372694	4580.32	145.406	44.0538	2547.63	997.619	6.50016	1.61661	615	0	-5.13185	0	20	20
0.00528952	0.0038009	4628.08	144.271	41.2153	2582.41	1014.44	6.88257	1.61661	615	0	-5.10225	0	20	20
0.00519074	0.00387166	4671.27	143.132	38.3448	2613.83	1030.12	7.28304	1.61661	615	0	-5.06974	0	20	20
0.00509553	0.0039385	4709.37	141.99	35.4743	2641.45	1044.49	7.69896	1.61661	615	0	-5.03402	0	20	20
0.00500446	0.00400073	4741.89	140.845	32.6358	2664.9	1057.41	8.12695	1.61661	615	0	-4.99484	0	20	20
0.00491803	0.00405772	4768.44	139.697	29.8599	2683.88	1068.78	8.56303	1.61661	615	0	-4.95201	0	20	20
0.00483662	0.00410896	4788.73	138.547	27.1745	2698.17	1078.49	9.00273	1.61661	615	0	-4.9054	0	20	20
0.00476054	0.00415404	4802.59	137.394	24.6037	2707.62	1086.5	9.44131	1.61661	615	0	-4.85498	0	20	20
0.00468997	0.0041927	4809.98	136.239	22.1672	2712.21	1092.77	9.87395	1.61661	615	0	-4.80073	0	20	20
0.00462499	0.00422481	4810.98	135.081	19.8799	2712	1097.31	10.296	1.61661	615	0	-4.74276	0	20	20
0.00456558	0.00425037	4805.78	133.922	17.7517	2707.11	1100.16	10.7032	1.61661	615	0	-4.68119	0	20	20
0.00451163	0.00426949	4794.63	132.761	15.7881	2697.77	1101.37	11.0917	1.61661	615	0	-4.61621	0	20	20
0.00446294	0.00428239	4777.9	131.599	13.9901	2684.23	1101.02	11.4587	1.61661	615	0	-4.54809	0	20	20
0.00441911	0.00428944	4755.98	130.436	12.3554	2666.81	1099.2	11.8031	1.61661	615	0	-4.47729	0	20	20
0.00438002	0.0042909	4729.3	129.271	10.8785	2645.83	1096.03	12.1219	1.61661	615	0	-4.40383	0	20	20
0.00434541	0.00428716	4698.31	128.106	9.55195	2621.65	1091.6	12.4139	1.61661	615	0	-4.32795	0	20	20
0.00431467	0.00427874	4663.45	126.94	8.36659	2594.6	1086.02	12.6811	1.61661	615	0	-4.25031	0	20	20
0.00428768	0.00426598	4625.16	125.773	7.31231	2565.02	1079.42	12.9221	1.61661	615	0	-4.17091	0	20	20
0.00426409	0.00424928	4583.87	124.607	6.37848	2533.25	1071.89	13.1378	1.61661	615	0	-4.09004	0	20	20
0.00424323	0.00422924	4539.96	123.44	5.55436	2499.56	1063.53	13.3325	1.61661	615	0	-4.00693	0	20	20
0.0042247	0.00420627	4493.79	122.273	4.8294	2464.26	1054.43	13.5087	1.61661	615	0	-3.91894	0	20	20
0.00420788	0.0041809	4445.7	121.107	4.19349	2427.58	1044.68	13.6713	1.61661	615	0	-3.82749	0	20	20
0.00419299	0.00415323	4395.99	119.942	3.63707	2389.75	1034.35	13.8174	1.61661	615	0	-3.73285	0	20	20
0.00417939	0.00412374	4344.94	118.777	3.15127	2350.99	1023.53	13.9528	1.61661	615	0	-3.63635	0	20	20
0.00416737	0.00409245	4292.77	117.613	2.72794	2311.47	1012.26	14.0739	1.61661	615	0	-3.53805	0	20	20
0.00415632	0.0040598	4239.7	116.451	2.35965	2271.35	1000.6	14.1865	1.61661	615	0	-3.43908	0	20	20
0.00414656	0.00402577	4185.92	115.289	2.03971	2230.77	988.612	14.2869	1.61661	615	0	-3.3394	0	20	20
0.00413756	0.00399072	4131.59	114.13	1.76213	2189.85	976.332	14.3803	1.61661	615	0	-3.23992	0	20	20
0.0041296	0.00395463	4076.84	112.972	1.52155	2148.7	963.799	14.4636	1.61661	615	0	-3.14056	0	20	20
0.00412228	0.00391776	4021.8	111.816	1.31324	2107.41	951.05	14.5407	1.61661	615	0	-3.042	0	20	20
0.00411579	0.00388012	3966.58	110.663	1.13301	2066.06	938.114	14.6097	1.61661	615	0	-2.9442	0	20	20
0.00410988	0.00384188	3911.27	109.512	0.977206	2024.73	925.02	14.6728	1.61661	615	0	-2.84759	0	20	20
0.0041046	0.00380309	3855.95	108.363	0.842585	1983.46	911.792	14.7295	1.61661	615	0	-2.75222	0	20	20
0.00409989	0.00376382	3800.7	107.217	0.726331	1942.32	898.451	14.7803	1.61661	615	0	-2.65828	0	20	20
0.00409566	0.00372418	3745.58	106.074	0.625985	1901.35	885.018	14.8262	1.61661	615	0	-2.56597	0	20	20
0.00409202	0.00368414	3690.65	104.935	0.539403	1860.59	871.509	14.8657	1.61661	615	0	-2.47521	0	20	20
0.00408871	0.00364389	3635.94	103.798	0.464724	1820.07	857.943	14.9019	1.61661	615	0	-2.38636	0	20	20
0.00408604	0.0036033	3581.51	102.666	0.400329	1779.82	844.332	14.9312	1.61661	615	0	-2.29915	0	20	20
0.00408357	0.00356261	3527.4	101.536	0.344818	1739.88	830.69	14.9582	1.61661	615	0	-2.21402	0	20	20
0.00408171	0.00352168	3473.64	100.411	0.296973	1700.26	817.031	14.9787	1.61661	615	0	-2.13066	0	20	20
0.00408013	0.00348067	3420.26	99.2901	0.255745	1660.99	803.365	14.9961	1.61661	615	0	-2.04937	0	20	20
0.00407904	0.00343952	3367.3	98.1733	0.220224	1622.09	789.703	15.0081	1.61661	615	0	-1.96999	0	20	20
0.00407831	0.00339831	3314.78	97.0608	0.189625	1583.57	776.057	15.0161	1.61661	615	0	-1.89263	0	20	20
0.00407798	0.00335707	3262.72	95.9529	0.163268	1545.46	762.434	15.0198	1.61661	615	0	-1.81729	0	20	20
0.00407808	0.00331578	3211.15	94.8497	0.140567	1507.76	748.845	15.0187	1.61661	615	0	-1.74393	0	20	20
0.00407849	0.00327454	3160.1	93.7515	0.121018	1470.49	735.298	15.0142	1.61661	615	0	-1.67265	0	20	20
0.00407942	0.00323328	3109.57	92.6583	0.104184	1433.67	721.802	15.0039	1.61661	615	0	-1.60329	0	20	20
0.00408058	0.00319214	3059.6	91.5704	0.0896893	1397.3	708.365	14.9912	1.61661	615	0	-1.53605	0	20	20
0.00408228	0.00315101	3010.2	90.4878	0.0772089	1361.4	694.993	14.9724	1.61661	615	0	-1.4707	0	20	20
0.00408424	0.00311004	2961.38	89.4108	0.0664636	1325.98	681.696	14.9509	1.61661	615	0	-1.40742	0	20	20
0.00408669	0.00306915	2913.17	88.3394	0.0572127	1291.04	668.479	14.924	1.61661	615	0	-1.34604	0	20	20
0.00408949	0.00302842	2865.59	87.2738	0.0492485	1256.6	655.35	14.8934	1.61661	615	0	-1.28663	0	20	20
0.00409271	0.00298784	2818.63	86.2142	0.0423924	1222.67	642.316	14.8583	1.61661	615	0	-1.22914	0	20	20
0.00409635	0.00294744	2772.33	85.1607	0.0364903	1189.25	629.382	14.8186	1.61661	615	0	-1.17353	0	20	20
0.00410035	0.00290727	2726.7	84.1134	0.0314096	1156.36	616.556	14.7754	1.61661	615	0	-1.11983	0	20	20
0.00410486	0.00286728	2681.74	83.0724	0.027036	1124	603.843	14.7267	1.61661	615	0	-1.06791	0	20	20
0.00410963	0.00282759	2637.47	82.0379	0.0232712	1092.18	591.25	14.6755	1.61661	615	0	-1.01789	0	20	20
0.00411492	0.00278813	2593.91	81.01	0.0200306	1060.9	578.781	14.6189	1.61661	615	0	-0.969594	0	20	20
0.00412058	0.00274897	2551.06	79.9888	0.0172411	1030.17	566.443	14.5588	1.61661	615	0	-0.92308	0	20	20
0.00412666	0.00271012	2508.94	78.9744	0.01484	1000	554.24	14.4946	1.61661	615	0	-0.878287	0	20	20
0.00413321	0.00267157	2467.56	77.967	0.0127733	970.396	542.178	14.4257	1.61661	615	0	-0.835149	0	20	20
0.00414007	0.00263341	2426.92	76.9665	0.0109943	941.359	530.262	14.3541	1.61661	615	0	-0.793715	0	20	20
0.00414742	0.00259559	2387.04	75.9733	0.00946308	912.896	518.496	14.278	1.61661	615	0	-0.753865	0	20	20
0.00415517	0.00255816	2347.92	74.9872	0.00814509	885.012	506.885	14.1982	1.61661	615	0	-0.715596	0	20	20
0.00416327	0.00252116	2309.57	74.0084	0.00701065	857.709	495.432	14.1155	1.61661	615	0	-0.678893	0	20	20
0.00417183	0.00248457	2272	73.0371	0.0060342	830.992	484.143	14.0288	1.61661	615	0	-0.643675	0	20	20
0.00418078	0.00244844	2235.21	72.0733	0.00519374	804.864	473.02	13.9389	1.61661	615	0	-0.609925	0	20	20
0.00419005	0.00241279	2199.22	71.117	0.00447034	779.327	462.069	13.8466	1.61661	615	0	-0.577628	0	20	20
0.00419973	0.00237762	2164.02	70.1684	0.00384768	754.383	451.291	13.7511	1.61661	615	0	-0.546709	0	20	20
0.00420979	0.00234296	2129.62	69.2275	0.00331176	730.035	440.69	13.6527	1.61661	615	0	-0.517133	0	20	20
0.00422015	0.00230885	2096.02	68.2944	0.00285047	706.284	430.269	13.5524	1.61661	615	0	-0.488886	0	20	20
0.00423081	0.00227529	2063.23	67.3692	0.00245344	683.13	420.032	13.4503	1.61661	615	0	-0.461921	0	20	20
0.00424178	0.0022423	2031.24	66.4519	0.0021117	660.574	409.979	13.3461	1.61661	615	0	-0.436189	0	20	20
0.00425304	0.00220991	2000.07	65.5426	0.00181757	638.616	400.115	13.2404	1.61661	615	0	-0.411654	0	20	20
0.00426454	0.00217813	1969.7	64.6413	0.0015644	617.255	390.441	13.1336	1.61661	615	0	-0.38828	0	20	20
0.00427624	0.00214699	1940.15	63.7481	0.00134649	596.491	380.959	13.026	1.61661	615	0	-0.366035	0	20	20
0.00428808	0.00211652	1911.41	62.863	0.00115894	576.321	371.671	12.9185	1.61661	615	0	-0.344889	0	20	20
0.00430004	0.00208672	1883.48	61.9861	0.000997512	556.745	362.577	12.811	1.61661	615	0	-0.324795	0	20	20
0.00431209	0.00205763	1856.35	61.1174	0.000858568	537.76	353.681	12.7039	1.61661	615	0	-0.305718	0	20	20
0.00432417	0.00202925	1830.02	60.257	0.000738977	519.362	344.982	12.5977	1.61661	615	0	-0.287623	0	20	20
0.00433622	0.00200161	1804.5	59.4048	0.000636045	501.55	336.481	12.493	1.61661	615	0	-0.270478	0	20	20
0.00434818	0.00197474	1779.78	58.561	0.000547449	484.318	328.18	12.3901	1.61661	615	0	-0.254249	0	20	20
0.00435999	0.00194864	1755.84	57.7255	0.000471194	467.664	320.079	12.2898	1.61661	615	0	-0.238905	0	20	20
0.00437158	0.00192334	1732.69	56.8983	0.000405561	451.579	312.176	12.1923	1.61661	615	0	-0.224408	0	20	20
0.00438296	0.00189882	1710.3	56.0796	0.00034907	436.047	304.468	12.0976	1.61661	615	0	-0.210714	0	20	20
0.00439413	0.00187505	1688.65	55.2692	0.000300448	421.049	296.951	12.0055	1.61661	615	0	-0.197774	0	20	20
0.0044051	0.001852	1667.71	54.4672	0.000258598	406.568	289.619	11.9161	1.61661	615	0	-0.185543	0	20	20
0.00441588	0.00182967	1647.45	53.6736	0.000222577	392.584	282.468	11.829	1.61661	615	0	-0.17398	0	20	20
0.00442648	0.00180802	1627.87	52.8885	0.000191574	379.081	275.494	11.7442	1.61661	615	0	-0.163044	0	20	20
0.00443691	0.00178703	1608.93	52.1117	0.000164889	366.043	268.692	11.6616	1.61661	615	0	-0.152699	0	20	20
0.00444718	0.00176668	1590.61	51.3434	0.000141922	353.453	262.058	11.581	1.61661	615	0	-0.142909	0	20	20
0.00445729	0.00174696	1572.9	50.5835	0.000122153	341.296	255.588	11.5024	1.61661	615	0	-0.133642	0	20	20
0.00446725	0.00172783	1555.77	49.832	0.000105138	329.557	249.277	11.4256	1.61661	615	0	-0.124866	0	20	20
0.00447708	0.00170929	1539.2	49.0889	9.04933e-05	318.222	243.123	11.3505	1.61661	615	0	-0.116554	0	20	20
0.00448677	0.00169132	1523.18	48.3542	7.78883e-05	307.277	237.12	11.2771	1.61661	615	0	-0.108677	0	20	20
0.00449634	0.00167389	1507.69	47.6279	6.70391e-05	296.708	231.266	11.2053	1.61661	615	0	-0.101211	0	20	20
0.00450578	0.00165699	1492.72	46.91	5.77011e-05	286.503	225.556	11.135	1.61661	615	0	-0.0941308	0	20	20
0.00451512	0.0016406	1478.23	46.2003	4.96638e-05	276.649	219.987	11.0661	1.61661	615	0	-0.0874147	0	20	20
0.00452434	0.00162471	1464.23	45.499	4.2746e-05	267.134	214.555	10.9985	1.61661	615	0	-0.0810413	0	20	20
0.00453347	0.0016093	1450.69	44.806	3.67919e-05	257.946	209.258	10.9322	1.61661	615	0	-0.0749907	0	20	20
0.0045425	0.00159436	1437.59	44.1212	3.1667e-05	249.074	204.091	10.8672	1.61661	615	0	-0.0692442	0	20	20
0.00455143	0.00157986	1424.93	43.4447	2.72561e-05	240.507	199.052	10.8033	1.61661	615	0	-0.0637843	0	20	20
0.00456029	0.0015658	1412.69	42.7764	2.34595e-05	232.235	194.137	10.7405	1.61661	615	0	-0.0585946	0	20	20
0.00456906	0.00155217	1400.86	42.1163	2.01918e-05	224.247	189.344	10.6787	1.61661	615	0	-0.0536594	0	20	20
0.00457775	0.00153894	1389.41	41.4643	1.73792e-05	216.535	184.669	10.618	1.61661	615	0	-0.0489643	0	20	20
0.00458637	0.00152611	1378.35	40.8204	1.49585e-05	209.087	180.11	10.5582	1.61661	615	0	-0.0444954	0	20	20
0.00459491	0.00151367	1367.66	40.1846	1.28749e-05	201.895	175.663	10.4995	1.61661	615	0	-0.040242	0	20	20
0.00460337	0.0015016	1357.32	39.5567	1.10815e-05	194.951	171.326	10.4417	1.61661	615	0	-0.0361919	0	20	20
0.00461176	0.00148989	1347.32	38.9369	9.53793e-06	188.246	167.096	10.3848	1.61661	615	0	-0.0323317	0	20	20
0.0046201	0.00147852	1337.66	38.325	8.20938e-06	181.771	162.97	10.3287	1.61661	615	0	-0.0286505	0	20	20
0.00462838	0.0014675	1328.32	37.721	7.06588e-06	175.52	158.946	10.2734	1.61661	615	0	-0.0251385	0	20	20
0.00463661	0.0014568	1319.29	37.1248	6.08166e-06	169.483	155.022	10.2188	1.61661	615	0	-0.0217859	0	20	20
0.00464478	0.00144641	1310.57	36.5365	5.23453e-06	163.653	151.194	10.1649	1.61661	615	0	-0.0185839	0	20	20
0.00465291	0.00143634	1302.14	35.9558	4.5054e-06	158.025	147.461	10.1117	1.61661	615	0	-0.0155242	0	20	20
0.00466099	0.00142655	1293.98	35.3829	3.87783e-06	152.589	143.821	10.0592	1.61661	615	0	-0.0125987	0	20	20
0.00466673	0.0014176	1286.11	34.8176	3.33768e-06	147.341	140.27	10.0222	1.61661	615	0	-0.00904095	0	20	20
0.00466964	0.00140956	1278.5	34.2598	2.87277e-06	142.273	136.806	10.0035	1.61661	615	0	-0.00477085	0	20	20
0.00467249	0.0014018	1271.17	33.7096	2.47262e-06	137.38	133.429	9.98514	1.61661	615	0	-0.000726198	0	20	20
0.00467531	0.00139428	1264.08	33.1669	2.1282e-06	132.655	130.134	9.9671	1.61661	615	0	0.00310421	0	20	20
0.00467809	0.00138702	1257.25	32.6316	1.83176e-06	128.092	126.921	9.94933	1.61661	615	0	0.00673113	0	20	20
0.00468085	0.00137999	1250.65	32.1036	1.57661e-06	123.687	123.788	9.93178	1.61661	615	0	0.0101648	0	20	20
0.00468358	0.0013732	1244.28	31.583	1.357e-06	119.432	120.731	9.91439	1.61661	615	0	0.0134151	0	20	20
0.0046863	0.00136662	1238.13	31.0695	1.16798e-06	115.325	117.75	9.89714	1.61661	615	0	0.0164913	0	20	20
0.00468901	0.00136025	1232.2	30.5633	1.00529e-06	111.358	114.843	9.87997	1.61661	615	0	0.0194025	0	20	20
0.00469172	0.00135408	1226.48	30.0641	8.65262e-07	107.528	112.008	9.86286	1.61661	615	0	0.0221572	0	20	20
0.00469444	0.00134811	1220.96	29.572	7.44738e-07	103.83	109.242	9.84576	1.61661	615	0	0.0247635	0	20	20
0.00469716	0.00134233	1215.63	29.0869	6.41002e-07	100.258	106.545	9.82865	1.61661	615	0	0.0272293	0	20	20
0.0046999	0.00133672	1210.49	28.6087	5.51715e-07	96.81	103.914	9.81148	1.61661	615	0	0.0295619	0	20	20
0.00470266	0.00133129	1205.52	28.1374	4.74866e-07	93.4802	101.349	9.79424	1.61661	615	0	0.0317684	0	20	20
0.00470544	0.00132603	1200.74	27.6728	4.08721e-07	90.265	98.8463	9.77688	1.61661	615	0	0.0338557	0	20	20
0.00470824	0.00132092	1196.12	27.215	3.51789e-07	87.1604	96.4058	9.7594	1.61661	615	0	0.03583	0	20	20
0.00471108	0.00131596	1191.66	26.7638	3.02788e-07	84.1626	94.0255	9.74176	1.61661	615	0	0.0376975	0	20	20
0.00471396	0.00131116	1187.36	26.3192	2.60612e-07	81.2678	91.704	9.72394	1.61661	615	0	0.0394641	0	20	20
0.00471687	0.00130649	1183.22	25.8812	2.24311e-07	78.4726	89.4399	9.70593	1.61661	615	0	0.0411351	0	20	20
0.00471983	0.00130196	1179.21	25.4496	1.93066e-07	75.7736	87.2316	9.68771	1.61661	615	0	0.042716	0	20	20
0.00472283	0.00129756	1175.35	25.0244	1.66173e-07	73.1674	85.0778	9.66926	1.61661	615	0	0.0442117	0	20	20
0.00472588	0.00129329	1171.63	24.6055	1.43027e-07	70.6509	82.9773	9.65056	1.61661	615	0	0.0456269	0	20	20
0.00472897	0.00128914	1168.04	24.1929	1.23104e-07	68.2208	80.9285	9.63162	1.61661	615	0	0.0469662	0	20	20
0.00473212	0.0012851	1164.58	23.7864	1.05957e-07	65.8744	78.9304	9.61241	1.61661	615	0	0.0482337	0	20	20
0.00473532	0.00128117	1161.24	23.3861	9.11979e-08	63.6087	76.9816	9.59294	1.61661	615	0	0.0494336	0	20	20
0.00473857	0.00127735	1158.02	22.9918	7.84948e-08	61.4209	75.0809	9.57319	1.61661	615	0	0.0505698	0	20	20
0.00474188	0.00127363	1154.91	22.6035	6.75611e-08	59.3084	73.2272	9.55319	1.61661	615	0	0.0516455	0	20	20
0.00474523	0.00127002	1151.91	22.2211	5.81504e-08	57.2685	71.4192	9.53298	1.61661	615	0	0.0526637	0	20	20
0.00474863	0.0012665	1149.02	21.8446	5.00505e-08	55.2987	69.6558	9.51249	1.61661	615	0	0.0536284	0	20	20
0.00475209	0.00126307	1146.24	21.4738	4.30789e-08	53.3968	67.936	9.49173	1.61661	615	0	0.0545428	0	20	20
0.00475561	0.00125973	1143.56	21.1088	3.70783e-08	51.5602	66.2587	9.47071	1.61661	615	0	0.0554098	0	20	20
0.00475918	0.00125648	1140.97	20.7494	3.19136e-08	49.7868	64.6227	9.44941	1.61661	615	0	0.0562321	0	20	20
0.0047628	0.00125331	1138.47	20.3955	2.74683e-08	48.0744	63.0272	9.42786	1.61661	615	0	0.0570124	0	20	20
0.00476648	0.00125021	1136.07	20.0472	2.36422e-08	46.4209	61.4711	9.40605	1.61661	615	0	0.0577531	0	20	20
0.00477021	0.0012472	1133.75	19.7043	2.0349e-08	44.8243	59.9533	9.384	1.61661	615	0	0.0584566	0	20	20
0.00477399	0.00124426	1131.52	19.3668	1.75146e-08	43.2826	58.4731	9.36171	1.61661	615	0	0.0591251	0	20	20
0.00477782	0.00124139	1129.36	19.0345	1.50749e-08	41.7939	57.0294	9.3392	1.61661	615	0	0.0597606	0	20	20
0.0047817	0.00123858	1127.29	18.7075	1.29751e-08	40.3564	55.6213	9.31648	1.61661	615	0	0.0603651	0	20	20
0.00478563	0.00123585	1125.29	18.3857	1.11678e-08	38.9684	54.248	9.29356	1.61661	615	0	0.0609405	0	20	20
0.00478961	0.00123318	1123.37	18.069	9.61219e-09	37.6281	52.9086	9.27045	1.61661	615	0	0.0614884	0	20	20
0.00479361	0.00123058	1121.52	17.7573	8.27329e-09	36.3339	51.6023	9.24723	1.61661	615	0	0.0620097	0	20	20
0.00479765	0.00122803	1119.73	17.4506	7.12089e-09	35.0842	50.3282	9.22391	1.61661	615	0	0.0625061	0	20	20
0.00480172	0.00122555	1118.01	17.1487	6.129e-09	33.8775	49.0856	9.20045	1.61661	615	0	0.0629797	0	20	20
0.00480583	0.00122313	1116.36	16.8518	5.27528e-09	32.7123	47.8737	9.17685	1.61661	615	0	0.0634318	0	20	20
0.00480998	0.00122076	1114.76	16.5596	4.54048e-09	31.5871	46.6917	9.15314	1.61661	615	0	0.0638638	0	20	20
0.00481416	0.00121844	1113.23	16.2721	3.90803e-09	30.5007	45.5389	9.12934	1.61661	615	0	0.0642767	0	20	20
0.00481836	0.00121618	1111.75	15.9892	3.36367e-09	29.4517	44.4145	9.10545	1.61661	615	0	0.0646718	0	20	20
0.0048226	0.00121397	1110.33	15.711	2.89514e-09	28.4387	43.3179	9.08149	1.61661	615	0	0.0650501	0	20	20
0.00482686	0.0012118	1108.97	15.4372	2.49187e-09	27.4605	42.2484	9.05748	1.61661	615	0	0.0654125	0	20	20
0.00483113	0.00120969	1107.65	15.168	2.14477e-09	26.516	41.2053	9.03343	1.61661	615	0	0.06576	0	20	20
0.00483542	0.00120763	1106.39	14.9031	1.84602e-09	25.604	40.1879	9.00941	1.61661	615	0	0.0660928	0	20	20
0.00483972	0.00120561	1105.17	14.6425	1.58888e-09	24.7234	39.1957	8.98544	1.61661	615	0	0.0664116	0	20	20
0.00484403	0.00120364	1104	14.3863	1.36757e-09	23.873	38.2279	8.96148	1.61661	615	0	0.0667178	0	20	20
0.00484835	0.00120171	1102.88	14.1342	1.17707e-09	23.0519	37.2841	8.93753	1.61661	615	0	0.0670123	0	20	20
0.00485268	0.00119983	1101.8	13.8863	1.01312e-09	22.2591	36.3635	8.91362	1.61661	615	0	0.0672957	0	20	20
0.00485702	0.00119798	1100.76	13.6425	8.71998e-10	21.4935	35.4657	8.88975	1.61661	615	0	0.0675686	0	20	20
0.00486137	0.00119618	1099.77	13.4027	7.50536e-10	20.7542	34.5901	8.86594	1.61661	615	0	0.0678315	0	20	20
0.00486571	0.00119442	1098.81	13.1669	6.45992e-10	20.0404	33.736	8.8422	1.61661	615	0	0.068085	0	20	20
0.00487006	0.00119269	1097.89	12.9351	5.56011e-10	19.3511	32.9031	8.81854	1.61661	615	0	0.0683295	0	20	20
0.00487441	0.001191	1097.01	12.7071	4.78563e-10	18.6855	32.0907	8.79497	1.61661	615	0	0.0685656	0	20	20
0.00487873	0.00118936	1096.16	12.4829	4.11903e-10	18.0429	31.2984	8.7716	1.61661	615	0	0.0687926	0	20	20
0.00488306	0.00118775	1095.35	12.2624	3.54528e-10	17.4223	30.5256	8.74833	1.61661	615	0	0.0690119	0	20	20
0.00488737	0.00118617	1094.57	12.0457	3.05145e-10	16.8231	29.7719	8.72518	1.61661	615	0	0.0692241	0	20	20
0.00489168	0.00118463	1093.83	11.8326	2.62641e-10	16.2444	29.0369	8.70216	1.61661	615	0	0.0694295	0	20	20
0.00489597	0.00118312	1093.11	11.623	2.26057e-10	15.6857	28.32	8.67927	1.61661	615	0	0.0696283	0	20	20
0.00490026	0.00118165	1092.43	11.417	1.94569e-10	15.1462	27.6207	8.65653	1.61661	615	0	0.0698209	0	20	20
0.00490453	0.00118021	1091.77	11.2145	1.67467e-10	14.6253	26.9388	8.63393	1.61661	615	0	0.0700076	0	20	20
0.00490878	0.0011788	1091.14	11.0154	1.4414e-10	14.1222	26.2736	8.6115	1.61661	615	0	0.0701886	0	20	20
0.00491302	0.00117742	1090.54	10.8197	1.24063e-10	13.6365	25.625	8.58922	1.61661	615	0	0.0703643	0	20	20
0.00491724	0.00117607	1089.96	10.6273	1.06782e-10	13.1675	24.9923	8.56715	1.61661	615	0	0.0705342	0	20	20
0.00492143	0.00117475	1089.41	10.4382	9.1908e-11	12.7146	24.3752	8.54527	1.61661	615	0	0.0706989	0	20	20
0.0049256	0.00117346	1088.88	10.2523	7.91059e-11	12.2773	23.7734	8.52357	1.61661	615	0	0.0708588	0	20	20
0.00492976	0.00117219	1088.38	10.0695	6.80871e-11	11.855	23.1864	8.50204	1.61661	615	0	0.0710142	0	20	20
0.00493389	0.00117096	1087.9	9.88991	5.86031e-11	11.4473	22.6139	8.4807	1.61661	615	0	0.0711654	0	20	20
0.004938	0.00116975	1087.44	9.71337	5.04402e-11	11.0535	22.0556	8.45953	1.61661	615	0	0.0713123	0	20	20
0.00494209	0.00116856	1087	9.53986	4.34142e-11	10.6734	21.511	8.43855	1.61661	615	0	0.0714552	0	20	20
0.00494616	0.00116741	1086.59	9.36933	3.7367e-11	10.3062	20.9799	8.41776	1.61661	615	0	0.0715944	0	20	20
0.0049502	0.00116627	1086.19	9.20172	3.21621e-11	9.95177	20.4619	8.39716	1.61661	615	0	0.0717297	0	20	20
0.00495422	0.00116516	1085.81	9.037	2.76821e-11	9.60948	19.9567	8.37675	1.61661	615	0	0.0718616	0	20	20
0.0049582	0.00116408	1085.45	8.87512	2.38262e-11	9.27897	19.464	8.35654	1.61661	615	0	0.0719897	0	20	20
0.00496217	0.00116301	1085.11	8.71604	2.05074e-11	8.95982	18.9834	8.33655	1.61661	615	0	0.0721141	0	20	20
0.0049661	0.00116197	1084.78	8.5597	1.76509e-11	8.65165	18.5147	8.31675	1.61661	615	0	0.0722354	0	20	20
0.00497001	0.00116095	1084.47	8.40607	1.51923e-11	8.35408	18.0576	8.29714	1.61661	615	0	0.0723536	0	20	20
0.00497389	0.00115995	1084.18	8.25511	1.30761e-11	8.06675	17.6118	8.27771	1.61661	615	0	0.0724689	0	20	20
0.00497775	0.00115898	1083.9	8.10676	1.12547e-11	7.78929	17.1769	8.25848	1.61661	615	0	0.0725813	0	20	20
0.00498159	0.00115802	1083.64	7.96099	9.68703e-12	7.52138	16.7528	8.23943	1.61661	615	0	0.0726909	0	20	20
0.00498539	0.00115708	1083.39	7.81776	8.3377e-12	7.26269	16.3392	8.22056	1.61661	615	0	0.0727979	0	20	20
0.00498918	0.00115616	1083.15	7.67702	7.17633e-12	7.01289	15.9358	8.20189	1.61661	615	0	0.0729023	0	20	20
0.00499293	0.00115526	1082.93	7.53874	6.17672e-12	6.77169	15.5423	8.18339	1.61661	615	0	0.0730041	0	20	20
0.00499666	0.00115437	1082.72	7.40287	5.31635e-12	6.53878	15.1586	8.16508	1.61661	615	0	0.0731035	0	20	20
0.00500036	0.00115351	1082.52	7.26937	4.57583e-12	6.31388	14.7843	8.14696	1.61661	615	0	0.0732004	0	20	20
0.00500404	0.00115266	1082.34	7.13821	3.93845e-12	6.09672	14.4193	8.12903	1.61661	615	0	0.0732947	0	20	20
0.00500768	0.00115183	1082.16	7.00935	3.38986e-12	5.88702	14.0633	8.11128	1.61661	615	0	0.0733869	0	20	20
0.00501131	0.00115101	1082	6.88275	2.91768e-12	5.68454	13.716	8.0937	1.61661	615	0	0.0734769	0	20	20
0.00501491	0.00115021	1081.85	6.75837	2.51127e-12	5.48902	13.3774	8.07629	1.61661	615	0	0.0735649	0	20	20
0.00501848	0.00114942	1081.71	6.63618	2.16147e-12	5.30023	13.0471	8.05905	1.61661	615	0	0.0736508	0	20	20
0.00502203	0.00114865	1081.57	6.51614	1.86039e-12	5.11793	12.725	8.04198	1.61661	615	0	0.0737348	0	20	20
0.00502555	0.00114789	1081.45	6.39821	1.60125e-12	4.9419	12.4108	8.02507	1.61661	615	0	0.0738169	0	20	20
0.00502905	0.00114715	1081.34	6.28236	1.37821e-12	4.77193	12.1044	8.00832	1.61661	615	0	0.0738971	0	20	20
0.00503253	0.00114642	1081.23	6.16856	1.18624e-12	4.6078	11.8055	7.99173	1.61661	615	0	0.0739756	0	20	20
0.00503598	0.0011457	1081.13	6.05676	1.02101e-12	4.44932	11.514	7.9753	1.61661	615	0	0.0740523	0	20	20
0.00503941	0.00114499	1081.04	5.94695	8.78787e-13	4.29628	11.2298	7.95902	1.61661	615	0	0.0741274	0	20	20
0.00504282	0.0011443	1080.96	5.83907	7.56379e-13	4.14851	10.9525	7.9429	1.61661	615	0	0.0742007	0	20	20
0.0050462	0.00114362	1080.89	5.73311	6.51022e-13	4.00583	10.6821	7.92694	1.61661	615	0	0.0742723	0	20	20
0.00504956	0.00114295	1080.82	5.62902	5.60339e-13	3.86805	10.4183	7.91112	1.61661	615	0	0.0743423	0	20	20
0.0050529	0.00114229	1080.76	5.52678	4.82289e-13	3.73501	10.1611	7.89545	1.61661	615	0	0.0744108	0	20	20
0.00505622	0.00114164	1080.71	5.42636	4.1511e-13	3.60654	9.91022	7.87992	1.61661	615	0	0.0744779	0	20	20
0.00505952	0.001141	1080.66	5.32772	3.57288e-13	3.4825	9.66554	7.86453	1.61661	615	0	0.0745436	0	20	20
0.00506279	0.00114038	1080.62	5.23083	3.07521e-13	3.36272	9.42689	7.84927	1.61661	615	0	0.0746078	0	20	20
0.00506605	0.00113976	1080.59	5.13568	2.64686e-13	3.24706	9.19414	7.83415	1.61661	615	0	0.0746708	0	20	20
0.00506928	0.00113915	1080.56	5.04221	2.27817e-13	3.13538	8.96714	7.81916	1.61661	615	0	0.0747324	0	20	20
0.0050725	0.00113855	1080.54	4.95041	1.96084e-13	3.02754	8.74574	7.8043	1.61661	615	0	0.0747928	0	20	20
0.0050757	0.00113796	1080.52	4.86025	1.68771e-13	2.92341	8.52981	7.78956	1.61661	615	0	0.074852	0	20	20
0.00507888	0.00113738	1080.51	4.7717	1.45263e-13	2.82286	8.3192	7.77494	1.61661	615	0	0.0749099	0	20	20
0.00508204	0.0011368	1080.5	4.68474	1.25029e-13	2.72577	8.1138	7.76045	1.61661	615	0	0.0749667	0	20	20
0.00508518	0.00113624	1080.49	4.59932	1.07613e-13	2.63202	7.91347	7.74608	1.61661	615	0	0.0750224	0	20	20
0.0050883	0.00113568	1080.49	4.51544	9.26235e-14	2.54149	7.71809	7.73183	1.61661	615	0	0.0750769	0	20	20
0.0050914	0.00113513	1080.5	4.43306	7.97218e-14	2.45408	7.52753	7.71769	1.61661	615	0	0.0751302	0	20	20
0.00509449	0.00113459	1080.51	4.35215	6.86172e-14	2.36967	7.34167	7.70367	1.61661	615	0	0.0751825	0	20	20
0.00509756	0.00113405	1080.52	4.2727	5.90593e-14	2.28816	7.1604	7.68976	1.61661	615	0	0.0752338	0	20	20
0.00510062	0.00113352	1080.54	4.19467	5.08329e-14	2.20946	6.98361	7.67595	1.61661	615	0	0.075284	0	20	20
0.00510365	0.001133	1080.56	4.11804	4.37522e-14	2.13347	6.81119	7.66225	1.61661	615	0	0.0753334	0	20	20
0.00510668	0.00113249	1080.58	4.04279	3.76579e-14	2.06009	6.64302	7.64866	1.61661	615	0	0.0753817	0	20	20
0.00510968	0.00113198	1080.61	3.96889	3.24125e-14	1.98924	6.479	7.63516	1.61661	615	0	0.0754292	0	20	20
0.00511267	0.00113148	1080.64	3.89632	2.78977e-14	1.92082	6.31904	7.62177	1.61661	615	0	0.0754758	0	20	20
0.00511565	0.00113098	1080.67	3.82506	2.40117e-14	1.85475	6.16302	7.60847	1.61661	615	0	0.0755215	0	20	20
0.00511861	0.00113049	1080.71	3.75508	2.06671e-14	1.79096	6.01085	7.59527	1.61661	615	0	0.0755663	0	20	20
0.00512156	0.00113	1080.75	3.68636	1.77883e-14	1.72936	5.86244	7.58216	1.61661	615	0	0.0756104	0	20	20
0.0051245	0.00112952	1080.79	3.61888	1.53106e-14	1.66988	5.7177	7.56914	1.61661	615	0	0.0756536	0	20	20
0.00512742	0.00112904	1080.84	3.55262	1.31779e-14	1.61244	5.57653	7.55622	1.61661	615	0	0.075696	0	20	20
0.00513032	0.00112857	1080.88	3.48755	1.13423e-14	1.55698	5.43884	7.54338	1.61661	615	0	0.0757377	0	20	20
0.00513322	0.00112811	1080.93	3.42366	9.76244e-15	1.50343	5.30456	7.53063	1.61661	615	0	0.0757786	0	20	20
0.0051361	0.00112764	1080.98	3.36092	8.40261e-15	1.45172	5.17359	7.51797	1.61661	615	0	0.0758187	0	20	20
0.00513896	0.00112719	1081.04	3.29932	7.2322e-15	1.40179	5.04585	7.50539	1.61661	615	0	0.0758581	0	20	20
0.00514182	0.00112673	1081.09	3.23883	6.22481e-15	1.35358	4.92127	7.49289	1.61661	615	0	0.0758967	0	20	20
0.00514466	0.00112629	1081.15	3.17944	5.35774e-15	1.30702	4.79976	7.48048	1.61661	615	0	0.0759347	0	20	20
0.00514749	0.00112584	1081.21	3.12112	4.61145e-15	1.26207	4.68126	7.46814	1.61661	615	0	0.0759721	0	20	20
0.00515031	0.0011254	1081.27	3.06386	3.96911e-15	1.21866	4.56568	7.45589	1.61661	615	0	0.0760087	0	20	20
0.00515312	0.00112496	1081.33	3.00763	3.41625e-15	1.17674	4.45295	7.4437	1.61661	615	0	0.0760448	0	20	20
0.00515592	0.00112453	1081.39	2.95243	2.94039e-15	1.13627	4.34301	7.4316	1.61661	615	0	0.0760802	0	20	20
0.0051587	0.0011241	1081.46	2.89822	2.53082e-15	1.09719	4.23578	7.41956	1.61661	615	0	0.076115	0	20	20
0.00516148	0.00112368	1081.52	2.845	2.1783e-15	1.05945	4.13119	7.4076	1.61661	615	0	0.0761492	0	20	20
0.00516424	0.00112325	1081.59	2.79275	1.87488e-15	1.02301	4.02919	7.39571	1.61661	615	0	0.0761828	0	20	20
0.005167	0.00112283	1081.66	2.74145	1.61372e-15	0.987825	3.92971	7.38389	1.61661	615	0	0.0762159	0	20	20
0.00516974	0.00112242	1081.73	2.69107	1.38894e-15	0.953849	3.83269	7.37214	1.61661	615	0	0.0762483	0	20	20
0.00517248	0.001122	1081.8	2.64162	1.19547e-15	0.921042	3.73806	7.36045	1.61661	615	0	0.0762803	0	20	20
0.0051752	0.00112159	1081.88	2.59306	1.02895e-15	0.889363	3.64577	7.34883	1.61661	615	0	0.0763116	0	20	20
0.00517792	0.00112119	1081.95	2.54538	8.85629e-16	0.858774	3.55575	7.33728	1.61661	615	0	0.0763425	0	20	20
0.00518062	0.00112078	1082.02	2.49858	7.62268e-16	0.829237	3.46796	7.32579	1.61661	615	0	0.0763728	0	20	20
0.00518332	0.00112038	1082.1	2.45262	6.5609e-16	0.800715	3.38234	7.31437	1.61661	615	0	0.0764026	0	20	20
0.005186	0.00111998	1082.18	2.4075	5.64702e-16	0.773175	3.29883	7.30301	1.61661	615	0	0.0764318	0	20	20
0.00518868	0.00111958	1082.25	2.36321	4.86043e-16	0.746582	3.21738	7.29171	1.61661	615	0	0.0764606	0	20	20
0.00519135	0.00111919	1082.33	2.31972	4.18342e-16	0.720904	3.13794	7.28047	1.61661	615	0	0.0764889	0	20	20
0.00519401	0.0011188	1082.41	2.27703	3.6007e-16	0.696108	3.06046	7.26929	1.61661	615	0	0.0765167	0	20	20
0.00519666	0.00111841	1082.49	2.23511	3.09915e-16	0.672166	2.9849	7.25817	1.61661	615	0	0.076544	0	20	20
0.0051993	0.00111802	1082.57	2.19396	2.66746e-16	0.649047	2.9112	7.2471	1.61661	615	0	0.0765709	0	20	20
0.00520194	0.00111764	1082.65	2.15356	2.29591e-16	0.626723	2.83933	7.23609	1.61661	615	0	0.0765973	0	20	20
0.00520457	0.00111725	1082.73	2.11389	1.97611e-16	0.605168	2.76922	7.22514	1.61661	615	0	0.0766233	0	20	20
0.00520718	0.00111687	1082.81	2.07495	1.70085e-16	0.584353	2.70085	7.21425	1.61661	615	0	0.0766488	0	20	20
0.0052098	0.00111649	1082.89	2.03673	1.46393e-16	0.564255	2.63417	7.20341	1.61661	615	0	0.0766738	0	20	20
0.0052124	0.00111612	1082.97	1.9992	1.26002e-16	0.544847	2.56913	7.19262	1.61661	615	0	0.0766985	0	20	20
0.00521499	0.00111574	1083.05	1.96235	1.08451e-16	0.526107	2.5057	7.18189	1.61661	615	0	0.0767227	0	20	20
0.00521758	0.00111537	1083.14	1.92619	9.33446e-17	0.508012	2.44383	7.17121	1.61661	615	0	0.0767465	0	20	20
0.00522016	0.00111499	1083.22	1.89068	8.03424e-17	0.490539	2.38349	7.16058	1.61661	615	0	0.0767699	0	20	20
0.00522274	0.00111462	1083.3	1.85582	6.91514e-17	0.473667	2.32464	7.15	1.61661	615	0	0.0767929	0	20	20
0.0052253	0.00111426	1083.38	1.8216	5.95191e-17	0.457376	2.26725	7.13947	1.61661	615	0	0.0768154	0	20	20
0.00522786	0.00111389	1083.47	1.78801	5.12286e-17	0.441645	2.21127	7.129	1.61661	615	0	0.0768376	0	20	20
0.00523041	0.00111352	1083.55	1.75503	4.40929e-17	0.426454	2.15667	7.11857	1.61661	615	0	0.0768594	0	20	20
0.00523296	0.00111316	1083.64	1.72265	3.79511e-17	0.411787	2.10342	7.10819	1.61661	615	0	0.0768808	0	20	20
0.00523549	0.0011128	1083.72	1.69087	3.26648e-17	0.397623	2.05149	7.09786	1.61661	615	0	0.0769017	0	20	20
0.00523802	0.00111244	1083.8	1.65967	2.81149e-17	0.383947	2.00084	7.08758	1.61661	615	0	0.0769223	0	20	20
0.00524055	0.00111208	1083.89	1.62905	2.41987e-17	0.370742	1.95144	7.07734	1.61661	615	0	0.0769425	0	20	20
0.00524306	0.00111172	1083.97	1.59898	2.0828e-17	0.35799	1.90326	7.06715	1.61661	615	0	0.0769624	0	20	20
0.00524557	0.00111136	1084.05	1.56947	1.79268e-17	0.345677	1.85627	7.05701	1.61661	615	0	0.0769819	0	20	20
0.00524808	0.00111101	1084.14	1.54049	1.54298e-17	0.333788	1.81043	7.04692	1.61661	615	0	0.077001	0	20	20
0.00525058	0.00111066	1084.22	1.51205	1.32805e-17	0.322307	1.76573	7.03687	1.61661	615	0	0.0770197	0	20	20
0.00525307	0.0011103	1084.31	1.48413	1.14306e-17	0.311222	1.72214	7.02686	1.61661	615	0	0.0770381	0	20	20
0.00525555	0.00110995	1084.39	1.45672	9.83845e-18	0.300517	1.67962	7.0169	1.61661	615	0	0.0770561	0	20	20
0.00525803	0.0011096	1084.47	1.42982	8.46803e-18	0.290181	1.63815	7.00698	1.61661	615	0	0.0770738	0	20	20
0.0052605	0.00110925	1084.56	1.40341	7.2885e-18	0.280201	1.5977	6.99711	1.61661	615	0	0.0770911	0	20	20
0.00526297	0.00110891	1084.64	1.37749	6.27327e-18	0.270563	1.55825	6.98728	1.61661	615	0	0.0771081	0	20	20
0.00526543	0.00110856	1084.73	1.35204	5.39946e-18	0.261257	1.51978	6.97749	1.61661	615	0	0.0771247	0	20	20
0.00526788	0.00110821	1084.81	1.32706	4.64735e-18	0.252271	1.48226	6.96775	1.61661	615	0	0.0771409	0	20	20
0.00527033	0.00110787	1084.89	1.30254	4.00001e-18	0.243595	1.44566	6.95805	1.61661	615	0	0.0771569	0	20	20
0.00527277	0.00110753	1084.98	1.27847	3.44284e-18	0.235216	1.40997	6.94839	1.61661	615	0	0.0771725	0	20	20
0.0052752	0.00110719	1085.06	1.25484	2.96328e-18	0.227126	1.37516	6.93877	1.61661	615	0	0.0771877	0	20	20
0.00527763	0.00110684	1085.14	1.23164	2.55052e-18	0.219314	1.3412	6.92919	1.61661	615	0	0.0772026	0	20	20
0.00528006	0.0011065	1085.22	1.20888	2.19525e-18	0.211771	1.30809	6.91965	1.61661	615	0	0.0772172	0	20	20
0.00528247	0.00110617	1085.31	1.18653	1.88947e-18	0.204487	1.27579	6.91016	1.61661	615	0	0.0772315	0	20	20
0.00528489	0.00110583	1085.39	1.16459	1.62628e-18	0.197454	1.24429	6.9007	1.61661	615	0	0.0772454	0	20	20
0.00528729	0.00110549	1085.47	1.14306	1.39976e-18	0.190663	1.21357	6.89128	1.61661	615	0	0.077259	0	20	20
0.00528969	0.00110515	1085.55	1.12192	1.20478e-18	0.184105	1.18361	6.88191	1.61661	615	0	0.0772723	0	20	20
0.00529209	0.00110482	1085.63	1.10117	1.03696e-18	0.177773	1.15438	6.87257	1.61661	615	0	0.0772852	0	20	20
0.00529448	0.00110449	1085.72	1.08081	8.92524e-19	0.171658	1.12588	6.86327	1.61661	615	0	0.0772979	0	20	20
0.00529686	0.00110415	1085.8	1.06082	7.68203e-19	0.165754	1.09808	6.85402	1.61661	615	0	0.0773102	0	20	20
0.00529924	0.00110382	1085.88	1.04119	6.61198e-19	0.160053	1.07097	6.8448	1.61661	615	0	0.0773221	0	20	20
0.00530161	0.00110349	1085.96	1.02193	5.69098e-19	0.154548	1.04453	6.83561	1.61661	615	0	0.0773338	0	20	20
0.00530397	0.00110316	1086.04	1.00303	4.89828e-19	0.149232	1.01874	6.82647	1.61661	615	0	0.0773452	0	20	20
0.00530633	0.00110283	1086.12	0.984469	4.21598e-19	0.1441	0.993587	6.81736	1.61661	615	0	0.0773562	0	20	20
0.00530869	0.0011025	1086.2	0.966253	3.62873e-19	0.139143	0.969055	6.8083	1.61661	615	0	0.077367	0	20	20
0.00531104	0.00110217	1086.28	0.948373	3.12328e-19	0.134358	0.945129	6.79926	1.61661	615	0	0.0773774	0	20	20
0.00531338	0.00110185	1086.36	0.930823	2.68823e-19	0.129736	0.921794	6.79027	1.61661	615	0	0.0773875	0	20	20
0.00531572	0.00110152	1086.43	0.913596	2.31378e-19	0.125274	0.899035	6.78131	1.61661	615	0	0.0773973	0	20	20
0.00531805	0.00110119	1086.51	0.896687	1.99149e-19	0.120966	0.876838	6.77239	1.61661	615	0	0.0774069	0	20	20
0.00532038	0.00110087	1086.59	0.88009	1.71409e-19	0.116805	0.855188	6.76351	1.61661	615	0	0.0774161	0	20	20
0.0053227	0.00110055	1086.67	0.863798	1.47533e-19	0.112787	0.834074	6.75466	1.61661	615	0	0.077425	0	20	20
0.00532502	0.00110022	1086.75	0.847808	1.26983e-19	0.108908	0.81348	6.74585	1.61661	615	0	0.0774336	0	20	20
0.00532733	0.0010999	1086.82	0.832112	1.09295e-19	0.105162	0.793395	6.73708	1.61661	615	0	0.0774419	0	20	20
