0.00866572	0.000693067	1111.6	256.922	76.5	0	0	1.56526	1.61661	615	0	0.149389	0	20	20
0.00874274	0.000705525	1140.27	256.456	76.4694	19.638	6.61791	1.52426	1.61661	615	0	-0.104822	0	20	20
0.00886055	0.000731706	1196.31	255.949	76.4339	57.6322	19.5503	1.46426	1.61661	615	0	-0.56682	0	20	20
0.0089407	0.000758364	1249.48	255.398	76.3927	94.4559	32.2095	1.42523	1.61661	615	0	-0.96381	0	20	20
0.00899331	0.000785393	1300.46	254.8	76.3448	130.15	44.6025	1.40037	1.61661	615	0	-1.30796	0	20	20
0.00902497	0.000812385	1349.1	254.151	76.2893	164.755	56.7365	1.38568	1.61661	615	0	-1.60668	0	20	20
0.009041	0.000839065	1395.42	253.447	76.2249	198.312	68.6189	1.37832	1.61661	615	0	-1.86603	0	20	20
0.0090454	0.000865285	1439.53	252.683	76.1502	230.86	80.2572	1.37631	1.61661	615	0	-2.09147	0	20	20
0.00904107	0.000890992	1481.62	251.854	76.0636	262.439	91.6591	1.37829	1.61661	615	0	-2.28776	0	20	20
0.00903006	0.000916198	1521.9	250.957	75.9633	293.089	102.833	1.38334	1.61661	615	0	-2.45887	0	20	20
0.0090138	0.000940945	1560.58	249.985	75.847	322.849	113.786	1.39084	1.61661	615	0	-2.60802	0	20	20
0.00899328	0.000965288	1597.84	248.934	75.7124	351.758	124.527	1.40038	1.61661	615	0	-2.73776	0	20	20
0.00896919	0.000989288	1633.84	247.797	75.5566	379.857	135.066	1.41169	1.61661	615	0	-2.85013	0	20	20
0.00894199	0.001013	1668.72	246.569	75.3764	407.183	145.41	1.42462	1.61661	615	0	-2.94671	0	20	20
0.00891198	0.00103648	1702.56	245.242	75.1681	433.777	155.569	1.43905	1.61661	615	0	-3.02876	0	20	20
0.00887937	0.00105977	1735.47	243.812	74.9275	459.677	165.551	1.45497	1.61661	615	0	-3.09725	0	20	20
0.00884426	0.00108292	1767.48	242.27	74.6499	484.922	175.368	1.47237	1.61661	615	0	-3.15296	0	20	20
0.0088067	0.00110597	1798.67	240.61	74.33	509.551	185.027	1.49128	1.61661	615	0	-3.1965	0	20	20
0.0087667	0.00112897	1829.07	238.825	73.9617	533.601	194.538	1.51179	1.61661	615	0	-3.22839	0	20	20
0.00872424	0.00115195	1858.72	236.908	73.5383	557.11	203.912	1.53397	1.61661	615	0	-3.24903	0	20	20
0.00867924	0.00117498	1887.65	234.852	73.0526	580.113	213.157	1.55796	1.61661	615	0	-3.25879	0	20	20
0.00863162	0.00119808	1915.88	232.649	72.4961	602.647	222.282	1.58388	1.61661	615	0	-3.25793	0	20	20
0.00858128	0.00122132	1943.44	230.292	71.8602	624.742	231.296	1.61192	1.61661	615	0	-3.24672	0	20	20
0.0085281	0.00124474	1970.35	227.775	71.1353	646.43	240.207	1.64227	1.61661	615	0	-3.22536	0	20	20
0.00847194	0.00126839	1996.63	225.092	70.3111	667.737	249.021	1.67514	1.61661	615	0	-3.19409	0	20	20
0.00841266	0.00129233	2022.29	222.235	69.3773	688.686	257.745	1.7108	1.61661	615	0	-3.15311	0	20	20
0.00835013	0.0013166	2047.33	219.201	68.323	709.294	266.382	1.74952	1.61661	615	0	-3.10264	0	20	20
0.00828423	0.00134126	2071.74	215.984	67.1377	729.571	274.933	1.79161	1.61661	615	0	-3.04294	0	20	20
0.00821482	0.00136635	2095.53	212.58	65.8111	749.519	283.399	1.83741	1.61661	615	0	-2.97427	0	20	20
0.0081418	0.0013919	2118.67	208.988	64.3342	769.132	291.773	1.88729	1.61661	615	0	-2.89696	0	20	20
0.00806512	0.00141794	2141.12	205.205	62.6995	788.389	300.05	1.94164	1.61661	615	0	-2.81135	0	20	20
0.00798471	0.0014445	2162.84	201.231	60.9015	807.261	308.216	2.00089	1.61661	615	0	-2.71788	0	20	20
0.0079006	0.00147156	2183.77	197.068	58.9379	825.7	316.253	2.06547	1.61661	615	0	-2.61702	0	20	20
0.00781284	0.00149912	2203.84	192.719	56.8097	843.648	324.141	2.13586	1.61661	615	0	-2.50931	0	20	20
0.00772155	0.00152714	2222.95	188.189	54.5225	861.027	331.85	2.21252	1.61661	615	0	-2.39537	0	20	20
0.00762691	0.00155556	2241	183.483	52.086	877.747	339.349	2.2959	1.61661	615	0	-2.27589	0	20	20
0.0075292	0.0015843	2257.88	178.611	49.5151	893.703	346.598	2.38645	1.61661	615	0	-2.15166	0	20	20
0.00742875	0.00161323	2273.46	173.583	46.8297	908.777	353.556	2.48458	1.61661	615	0	-2.0235	0	20	20
0.00732597	0.00164223	2287.61	168.412	44.0538	922.847	360.177	2.59063	1.61661	615	0	-1.89235	0	20	20
0.00722134	0.00167113	2300.19	163.111	41.2153	935.782	366.415	2.70487	1.61661	615	0	-1.75919	0	20	20
0.00711541	0.00169975	2311.08	157.695	38.3448	947.456	372.222	2.82748	1.61661	615	0	-1.62504	0	20	20
0.0070074	0.00172816	2320.16	152.184	35.4743	957.746	377.554	2.96025	1.61661	615	0	-1.49179	0	20	20
0.00689144	0.00175748	2327.32	146.595	32.6358	966.542	382.368	3.11222	1.61661	615	0	-1.36381	0	20	20
0.00676952	0.00178733	2332.46	140.948	29.8599	973.75	386.628	3.28342	1.61661	615	0	-1.2405	0	20	20
0.0066426	0.00181753	2335.53	135.264	27.1745	979.294	390.303	3.47525	1.61661	615	0	-1.12203	0	20	20
0.00651111	0.00184801	2336.47	129.564	24.6037	983.12	393.37	3.69007	1.61661	615	0	-1.00884	0	20	20
0.00637622	0.00187856	2335.28	123.87	22.1672	985.199	395.815	3.92926	1.61661	615	0	-0.901062	0	20	20
0.00623795	0.00190921	2331.97	118.204	19.8799	985.522	397.629	4.19638	1.61661	615	0	-0.79925	0	20	20
0.00609662	0.00193995	2326.57	112.585	17.7517	984.106	398.812	4.49502	1.61661	615	0	-0.703736	0	20	20
0.00595238	0.00197082	2319.14	107.035	15.7881	980.984	399.373	4.82979	1.61661	615	0	-0.6148	0	20	20
0.00580496	0.002002	2309.77	101.573	13.9901	976.21	399.324	5.20717	1.61661	615	0	-0.532701	0	20	20
0.00565444	0.00203357	2298.54	96.2163	12.3554	969.851	398.683	5.6342	1.61661	615	0	-0.457461	0	20	20
0.00550055	0.00206576	2285.55	90.9823	10.8785	961.989	397.476	6.12042	1.61661	615	0	-0.389064	0	20	20
0.00534368	0.00209861	2270.93	85.8858	9.55195	952.713	395.727	6.67541	1.61661	615	0	-0.327246	0	20	20
0.00518306	0.00213254	2254.79	80.9397	8.36659	942.119	393.468	7.31547	1.61661	615	0	-0.271893	0	20	20
0.00502081	0.0021671	2237.26	76.1554	7.31231	930.31	390.729	8.04785	1.61661	615	0	-0.222134	0	20	20
0.00485492	0.0022031	2218.46	71.5422	6.37848	917.389	387.543	8.90131	1.61661	615	0	-0.178043	0	20	20
0.00468732	0.00224017	2198.54	67.1077	5.55436	903.463	383.945	9.89066	1.61661	615	0	-0.138979	0	20	20
0.00451758	0.00227865	2177.6	62.8575	4.8294	888.634	379.969	11.0479	1.61661	615	0	-0.104653	0	20	20
0.00434474	0.0023191	2155.78	58.7953	4.19349	873.008	375.647	12.4196	1.61661	615	0	-0.0747892	0	20	20
0.00417103	0.00236103	2133.21	54.9232	3.63707	856.684	371.014	14.0369	1.61661	615	0	-0.0487573	0	20	20
0.00399579	0.00240488	2109.98	51.2419	3.15127	839.761	366.102	15.9659	1.61661	615	0	-0.0262731	0	20	20
0.0038175	0.00245151	2086.23	47.7505	2.72794	822.331	360.943	18.3089	1.61661	615	0	-0.00708474	0	20	20
0.00363864	0.00250028	2062.04	44.4469	2.35965	804.484	355.566	21.1438	1.61661	615	0	0.0093453	0	20	20
0.00345944	0.00255133	2037.53	41.3278	2.03971	786.304	350.002	24.6027	1.61661	615	0	0.0233281	0	20	20
0.00327952	0.00260509	2012.79	38.3889	1.76213	767.871	344.278	28.8782	1.61661	615	0	0.0351135	0	20	20
0.00309669	0.00266287	1987.9	35.6254	1.52155	749.258	338.419	34.3009	1.61661	615	0	0.0448714	0	20	20
0.00291336	0.00272393	1962.94	33.0314	1.31324	730.535	332.451	41.1926	1.61661	615	0	0.0529733	0	20	20
0.00272981	0.00278847	1938	30.6008	1.13301	711.765	326.396	50.073	1.61661	615	0	0.0596376	0	20	20
0.0025461	0.00285675	1913.13	28.3269	0.977206	693.007	320.275	61.7129	1.61661	615	0	0.0650509	0	20	20
0.0023622	0.00292912	1888.39	26.2029	0.842585	674.313	314.109	77.2768	1.61661	615	0	0.0693781	0	20	20
0.00217622	0.00300702	1863.85	24.2216	0.726331	655.731	307.916	98.8307	1.61661	615	0	0.0727159	0	20	20
0.00198792	0.00309109	1839.56	22.3759	0.625985	637.306	301.712	129.66	1.61661	615	0	0.0752061	0	20	20
0.00179824	0.0031813	1815.54	20.6587	0.539403	619.074	295.512	175.169	1.61661	615	0	0.0770014	0	20	20
0.0016069	0.00327833	1791.86	19.0628	0.464724	601.072	289.33	245.488	1.61661	615	0	0.0781961	0	20	20
0.00141356	0.00338298	1768.53	17.5812	0.400329	583.327	283.179	360.623	1.61661	615	0	0.0788712	0	20	20
0.00121807	0.00349594	1745.58	16.2071	0.344818	565.868	277.07	563.61	1.61661	615	0	0.0791042	0	20	20
0.00102036	0.00361793	1723.05	14.9338	0.296973	548.715	271.011	958.84	1.61661	615	0	0.0789606	0	20	20
0.000816976	0.00375241	1700.95	13.7549	0.255745	531.888	265.013	1867.98	1.61661	615	0	0.0784394	0	20	20
0.000608317	0.00390015	1679.29	12.6644	0.220224	515.402	259.082	4524.92	1.61661	615	0	0.0776095	0	20	20
0.000395768	0.00406098	1658.1	11.6562	0.189625	499.271	253.226	16431.6	1.61661	615	0	0.0765207	0	20	20
0.000180179	0.00423497	1637.37	10.7249	0.163268	483.504	247.45	174135	1.61661	615	0	0.0752191	0	20	20
