0.00890634	
0.00720548	
0.00572856	
0.00497518	
0.00450667	
0.00415986	
0.00386306	
0.00359308	
0.00337012	
0.00323428	
0.00320517	
0.00332011	
0.00356082	
0.00389312	
0.00430159	
0.00478396	
0.00534669	
0.00600215	
0.00676705	
0.00766118	
0.0087059	
0.00992133	
0.0113212	
0.0129043	
0.014641	
0.0164729	
0.0183634	
0.0202824	
0.0221938	
0.0240545	
0.0258148	
0.0274181	
0.0286706	
0.0290844	
0.0285769	
0.0272282	
0.0252512	
0.0229407	
0.0214753	
0.0204878	
0.0197198	
0.0192285	
0.0190059	
0.0190163	
0.0192168	
0.0195654	
0.0200239	
0.0205583	
0.0211392	
0.0217419	
0.0223459	
0.0229358	
0.0235005	
0.0240401	
0.0245789	
0.0251202	
0.0256647	
0.0262128	
0.0267647	
0.0273202	
0.0278789	
0.0284399	
0.0290021	
0.0295641	
0.0301243	
0.030681	
0.0312324	
0.0317766	
0.0323118	
0.0328362	
0.0333484	
0.0338467	
0.03433	
