0.00866132	0.000693393	1101	184.5	76.5	0	0	1.56764	1.61661	615	0	0.149314	0	20	20
0.0087381	0.000705317	1128.84	184.391	76.4694	18.8587	6.35531	1.52668	1.61661	615	0	-0.106727	0	20	20
0.0088585	0.00073015	1183.07	184.281	76.4339	55.303	18.7602	1.46527	1.61661	615	0	-0.573015	0	20	20
0.0089442	0.000755272	1234.46	184.168	76.3927	90.5392	30.8743	1.42356	1.61661	615	0	-0.976466	0	20	20
0.00900418	0.000780586	1283.63	184.054	76.3448	124.606	42.7035	1.3953	1.61661	615	0	-1.32939	0	20	20
0.00904441	0.00080571	1330.42	183.937	76.2893	157.541	54.2544	1.37676	1.61661	615	0	-1.63922	0	20	20
0.00906986	0.000830376	1374.83	183.818	76.2249	189.384	65.5337	1.36521	1.61661	615	0	-1.91203	0	20	20
0.00908441	0.000854437	1416.98	183.698	76.1502	220.173	76.5488	1.35866	1.61661	615	0	-2.1534	0	20	20
0.00909096	0.00087784	1457.04	183.575	76.0636	249.949	87.3073	1.35572	1.61661	615	0	-2.36824	0	20	20
0.00909162	0.00090059	1495.26	183.45	75.9633	278.753	97.8176	1.35543	1.61661	615	0	-2.56072	0	20	20
0.0090879	0.000922727	1531.86	183.323	75.847	306.626	108.089	1.35709	1.61661	615	0	-2.73433	0	20	20
0.00908088	0.000944307	1567.03	183.193	75.7124	333.612	118.131	1.36024	1.61661	615	0	-2.8919	0	20	20
0.00907133	0.000965383	1600.97	183.061	75.5566	359.756	127.954	1.36454	1.61661	615	0	-3.03573	0	20	20
0.00905982	0.00098601	1633.83	182.927	75.3764	385.107	137.57	1.36975	1.61661	615	0	-3.1677	0	20	20
0.00904675	0.00100623	1665.72	182.791	75.1681	409.713	146.992	1.3757	1.61661	615	0	-3.28936	0	20	20
0.0090324	0.0010261	1696.76	182.652	74.9275	433.626	156.234	1.38226	1.61661	615	0	-3.40199	0	20	20
0.00901699	0.00104565	1727.03	182.511	74.6499	456.903	165.31	1.38936	1.61661	615	0	-3.50668	0	20	20
0.00900067	0.00106492	1756.62	182.368	74.33	479.602	174.238	1.39693	1.61661	615	0	-3.60437	0	20	20
0.00898356	0.00108396	1785.6	182.222	73.9617	501.783	183.034	1.40493	1.61661	615	0	-3.69588	0	20	20
0.00896571	0.0011028	1814.05	182.073	73.5383	523.511	191.718	1.41334	1.61661	615	0	-3.78193	0	20	20
0.00894718	0.00112149	1842.05	181.922	73.0526	544.855	200.31	1.42214	1.61661	615	0	-3.86318	0	20	20
0.00892798	0.00114008	1869.67	181.768	72.4961	565.884	208.832	1.43133	1.61661	615	0	-3.94022	0	20	20
0.00890813	0.00115862	1896.99	181.612	71.8602	586.67	217.306	1.44092	1.61661	615	0	-4.01358	0	20	20
0.00888759	0.00117717	1924.09	181.453	71.1353	607.288	225.756	1.45094	1.61661	615	0	-4.08375	0	20	20
0.00886635	0.00119578	1951.05	181.291	70.3111	627.808	234.205	1.46139	1.61661	615	0	-4.15116	0	20	20
0.00884438	0.00121449	1977.94	181.127	69.3773	648.302	242.675	1.4723	1.61661	615	0	-4.2162	0	20	20
0.00882164	0.00123338	2004.83	180.959	68.323	668.836	251.188	1.48372	1.61661	615	0	-4.27921	0	20	20
0.0087981	0.00125248	2031.79	180.789	67.1377	689.467	259.763	1.49566	1.61661	615	0	-4.34046	0	20	20
0.00877372	0.00127183	2058.86	180.616	65.8111	710.242	268.416	1.50816	1.61661	615	0	-4.40018	0	20	20
0.00874849	0.00129145	2086.07	180.44	64.3342	731.191	277.155	1.52125	1.61661	615	0	-4.45851	0	20	20
0.00872242	0.00131137	2113.43	180.261	62.6995	752.324	285.985	1.53493	1.61661	615	0	-4.51554	0	20	20
0.00869554	0.00133155	2140.9	180.079	60.9015	773.628	294.901	1.54921	1.61661	615	0	-4.57126	0	20	20
0.00866789	0.00135197	2168.42	179.894	58.9379	795.059	303.888	1.56408	1.61661	615	0	-4.6256	0	20	20
0.00863958	0.00137255	2195.89	179.706	56.8097	816.539	312.92	1.57951	1.61661	615	0	-4.67839	0	20	20
0.00861075	0.00139319	2223.17	179.514	54.5225	837.959	321.959	1.59543	1.61661	615	0	-4.72941	0	20	20
0.00858157	0.00141375	2250.07	179.32	52.086	859.17	330.953	1.61176	1.61661	615	0	-4.77833	0	20	20
0.00855227	0.00143407	2276.34	179.122	49.5151	879.991	339.841	1.62838	1.61661	615	0	-4.82481	0	20	20
0.0085231	0.00145395	2301.74	178.921	46.8297	900.213	348.548	1.64516	1.61661	615	0	-4.86843	0	20	20
0.00849436	0.00147316	2325.97	178.717	44.0538	919.601	356.995	1.66191	1.61661	615	0	-4.90877	0	20	20
0.00846633	0.00149146	2348.72	178.509	41.2153	937.913	365.094	1.67847	1.61661	615	0	-4.94539	0	20	20
0.00843935	0.00150862	2369.69	178.297	38.3448	954.902	372.759	1.69462	1.61661	615	0	-4.97789	0	20	20
0.00841369	0.0015244	2388.6	178.083	35.4743	970.334	379.905	1.71017	1.61661	615	0	-5.00591	0	20	20
0.00838965	0.00153859	2405.18	177.864	32.6358	983.999	386.457	1.72492	1.61661	615	0	-5.02914	0	20	20
0.00836746	0.00155101	2419.23	177.643	29.8599	995.72	392.348	1.73868	1.61661	615	0	-5.04734	0	20	20
0.00834731	0.00156152	2430.59	177.417	27.1745	1005.37	397.527	1.7513	1.61661	615	0	-5.06036	0	20	20
0.00832934	0.00157001	2439.16	177.188	24.6037	1012.85	401.958	1.76266	1.61661	615	0	-5.06814	0	20	20
0.00831365	0.00157643	2444.9	176.955	22.1672	1018.13	405.622	1.77266	1.61661	615	0	-5.07069	0	20	20
0.00830025	0.00158079	2447.83	176.718	19.8799	1021.22	408.516	1.78125	1.61661	615	0	-5.06809	0	20	20
0.00828914	0.00158311	2448.03	176.478	17.7517	1022.18	410.651	1.78843	1.61661	615	0	-5.0605	0	20	20
0.00828025	0.00158348	2445.62	176.233	15.7881	1021.09	412.051	1.79419	1.61661	615	0	-5.04813	0	20	20
0.00827302	0.00158206	2440.75	175.985	13.9901	1018.08	412.753	1.7989	1.61661	615	0	-5.02815	0	20	20
0.00826653	0.00157913	2433.62	175.733	12.3554	1013.29	412.798	1.80314	1.61661	615	0	-4.996	0	20	20
0.00826073	0.00157481	2424.43	175.476	10.8785	1006.86	412.235	1.80694	1.61661	615	0	-4.95286	0	20	20
0.00825555	0.00156924	2413.4	175.216	9.55195	998.974	411.115	1.81035	1.61661	615	0	-4.89994	0	20	20
0.00825092	0.00156255	2400.73	174.951	8.36659	989.785	409.49	1.8134	1.61661	615	0	-4.83848	0	20	20
0.00824677	0.00155488	2386.63	174.683	7.31231	979.453	407.411	1.81613	1.61661	615	0	-4.76967	0	20	20
0.00824306	0.00154636	2371.3	174.41	6.37848	968.133	404.928	1.81859	1.61661	615	0	-4.69463	0	20	20
0.00823973	0.00153709	2354.9	174.132	5.55436	955.966	402.088	1.8208	1.61661	615	0	-4.6144	0	20	20
0.00823672	0.0015272	2337.6	173.851	4.8294	943.084	398.934	1.82279	1.61661	615	0	-4.52996	0	20	20
0.00823399	0.00151677	2319.56	173.565	4.19349	929.606	395.505	1.8246	1.61661	615	0	-4.44214	0	20	20
0.00823151	0.00150589	2300.89	173.274	3.63707	915.638	391.839	1.82626	1.61661	615	0	-4.35172	0	20	20
0.00822923	0.00149465	2281.73	172.979	3.15127	901.276	387.967	1.82777	1.61661	615	0	-4.25936	0	20	20
0.00822714	0.0014831	2262.17	172.68	2.72794	886.602	383.917	1.82917	1.61661	615	0	-4.16564	0	20	20
0.00822519	0.00147131	2242.3	172.376	2.35965	871.689	379.715	1.83047	1.61661	615	0	-4.07107	0	20	20
0.00822337	0.00145934	2222.19	172.067	2.03971	856.598	375.384	1.83168	1.61661	615	0	-3.97606	0	20	20
0.00822167	0.00144721	2201.92	171.753	1.76213	841.385	370.941	1.83282	1.61661	615	0	-3.88098	0	20	20
0.00822005	0.00143498	2181.55	171.435	1.52155	826.094	366.406	1.8339	1.61661	615	0	-3.78613	0	20	20
0.00821852	0.00142268	2161.11	171.112	1.31324	810.765	361.79	1.83493	1.61661	615	0	-3.69175	0	20	20
0.00821707	0.00141032	2140.65	170.784	1.13301	795.431	357.109	1.8359	1.61661	615	0	-3.59807	0	20	20
0.00821567	0.00139794	2120.2	170.451	0.977206	780.118	352.372	1.83684	1.61661	615	0	-3.50525	0	20	20
0.00821434	0.00138556	2099.8	170.114	0.842585	764.851	347.589	1.83773	1.61661	615	0	-3.41342	0	20	20
0.00821306	0.00137319	2079.47	169.771	0.726331	749.649	342.768	1.83859	1.61661	615	0	-3.32271	0	20	20
0.00821183	0.00136085	2059.23	169.423	0.625985	734.527	337.916	1.83942	1.61661	615	0	-3.23319	0	20	20
0.00821065	0.00134854	2039.1	169.07	0.539403	719.499	333.039	1.84021	1.61661	615	0	-3.14495	0	20	20
0.00820953	0.00133629	2019.08	168.712	0.464724	704.576	328.144	1.84096	1.61661	615	0	-3.05803	0	20	20
0.00820846	0.00132408	1999.2	168.348	0.400329	689.766	323.234	1.84168	1.61661	615	0	-2.97249	0	20	20
0.00820744	0.00131195	1979.47	167.98	0.344818	675.078	318.314	1.84237	1.61661	615	0	-2.88834	0	20	20
0.00820649	0.00129988	1959.89	167.606	0.296973	660.518	313.387	1.84301	1.61661	615	0	-2.80562	0	20	20
0.0082056	0.00128788	1940.47	167.226	0.255745	646.09	308.458	1.84361	1.61661	615	0	-2.72434	0	20	20
0.00820477	0.00127596	1921.21	166.841	0.220224	631.799	303.528	1.84417	1.61661	615	0	-2.64452	0	20	20
0.00820402	0.00126412	1902.13	166.451	0.189625	617.648	298.601	1.84467	1.61661	615	0	-2.56615	0	20	20
0.00820335	0.00125237	1883.24	166.055	0.163268	603.641	293.679	1.84513	1.61661	615	0	-2.48924	0	20	20
0.00820276	0.00124071	1864.52	165.654	0.140567	589.779	288.766	1.84552	1.61661	615	0	-2.41379	0	20	20
0.00820227	0.00122914	1845.99	165.247	0.121018	576.065	283.862	1.84586	1.61661	615	0	-2.3398	0	20	20
0.00820187	0.00121766	1827.66	164.835	0.104184	562.502	278.97	1.84613	1.61661	615	0	-2.26727	0	20	20
0.00820158	0.00120628	1809.53	164.416	0.0896893	549.09	274.093	1.84632	1.61661	615	0	-2.19618	0	20	20
0.00820141	0.001195	1791.6	163.992	0.0772089	535.832	269.231	1.84644	1.61661	615	0	-2.12654	0	20	20
0.00820135	0.00118382	1773.87	163.562	0.0664636	522.729	264.388	1.84648	1.61661	615	0	-2.05834	0	20	20
0.00820143	0.00117274	1756.35	163.127	0.0572127	509.783	259.565	1.84643	1.61661	615	0	-1.99156	0	20	20
0.00820164	0.00116177	1739.05	162.685	0.0492485	496.995	254.764	1.84628	1.61661	615	0	-1.92621	0	20	20
0.008202	0.00115091	1721.96	162.238	0.0423924	484.367	249.987	1.84604	1.61661	615	0	-1.86227	0	20	20
0.00820251	0.00114016	1705.1	161.785	0.0364903	471.902	245.235	1.84569	1.61661	615	0	-1.79973	0	20	20
0.00820319	0.00112952	1688.46	161.325	0.0314096	459.599	240.511	1.84524	1.61661	615	0	-1.7386	0	20	20
0.00820404	0.001119	1672.06	160.86	0.027036	447.462	235.816	1.84466	1.61661	615	0	-1.67885	0	20	20
0.00820506	0.0011086	1655.88	160.389	0.0232712	435.492	231.152	1.84397	1.61661	615	0	-1.62048	0	20	20
0.00820628	0.00109832	1639.95	159.911	0.0200306	423.691	226.521	1.84315	1.61661	615	0	-1.56349	0	20	20
0.00820769	0.00108817	1624.26	159.428	0.0172411	412.062	221.925	1.8422	1.61661	615	0	-1.50786	0	20	20
0.0082093	0.00107814	1608.82	158.938	0.01484	400.605	217.366	1.84112	1.61661	615	0	-1.45359	0	20	20
0.00821113	0.00106824	1593.64	158.442	0.0127733	389.324	212.845	1.83989	1.61661	615	0	-1.40066	0	20	20
0.00821317	0.00105848	1578.71	157.94	0.0109943	378.221	208.365	1.83852	1.61661	615	0	-1.34907	0	20	20
0.00821544	0.00104886	1564.04	157.431	0.00946308	367.297	203.927	1.83699	1.61661	615	0	-1.29881	0	20	20
0.00821794	0.00103937	1549.64	156.917	0.00814509	356.556	199.533	1.83532	1.61661	615	0	-1.24988	0	20	20
0.00822068	0.00103003	1535.51	156.396	0.00701065	346	195.184	1.83348	1.61661	615	0	-1.20225	0	20	20
0.00822366	0.00102084	1521.65	155.868	0.0060342	335.631	190.884	1.83149	1.61661	615	0	-1.15593	0	20	20
0.0082269	0.0010118	1508.08	155.335	0.00519374	325.452	186.634	1.82933	1.61661	615	0	-1.1109	0	20	20
0.00823038	0.00100291	1494.8	154.795	0.00447034	315.465	182.434	1.82701	1.61661	615	0	-1.06715	0	20	20
0.00823412	0.000994185	1481.8	154.249	0.00384768	305.674	178.289	1.82452	1.61661	615	0	-1.02467	0	20	20
0.00823812	0.000985618	1469.1	153.696	0.00331176	296.08	174.198	1.82186	1.61661	615	0	-0.983461	0	20	20
0.00824238	0.000977216	1456.69	153.137	0.00285047	286.686	170.165	1.81904	1.61661	615	0	-0.943502	0	20	20
0.0082469	0.000968984	1444.59	152.571	0.00245344	277.496	166.191	1.81605	1.61661	615	0	-0.904785	0	20	20
0.00825167	0.000960924	1432.8	151.999	0.0021117	268.511	162.277	1.8129	1.61661	615	0	-0.867298	0	20	20
0.0082567	0.00095304	1421.32	151.421	0.00181757	259.734	158.426	1.80959	1.61661	615	0	-0.831032	0	20	20
0.00826199	0.000945337	1410.15	150.836	0.0015644	251.168	154.639	1.80612	1.61661	615	0	-0.795975	0	20	20
0.00826752	0.000937818	1399.3	150.245	0.00134649	242.817	150.918	1.8025	1.61661	615	0	-0.762116	0	20	20
0.00827329	0.000930487	1388.78	149.647	0.00115894	234.681	147.265	1.79873	1.61661	615	0	-0.729443	0	20	20
0.00827928	0.000923347	1378.58	149.043	0.000997512	226.764	143.682	1.79482	1.61661	615	0	-0.697944	0	20	20
0.0082855	0.000916403	1368.7	148.432	0.000858568	219.069	140.169	1.79079	1.61661	615	0	-0.667609	0	20	20
0.00829192	0.000909657	1359.16	147.815	0.000738977	211.598	136.73	1.78663	1.61661	615	0	-0.638425	0	20	20
0.00829852	0.000903115	1349.96	147.192	0.000636045	204.353	133.366	1.78237	1.61661	615	0	-0.610381	0	20	20
0.0083053	0.000896779	1341.09	146.562	0.000547449	197.337	130.077	1.77801	1.61661	615	0	-0.583466	0	20	20
0.00831222	0.000890653	1332.56	145.926	0.000471194	190.552	126.866	1.77357	1.61661	615	0	-0.557666	0	20	20
0.00831928	0.000884739	1324.37	145.283	0.000405561	183.998	123.734	1.76906	1.61661	615	0	-0.532962	0	20	20
0.00832646	0.000879031	1316.51	144.634	0.00034907	177.67	120.679	1.76449	1.61661	615	0	-0.509309	0	20	20
0.00833377	0.000873522	1308.96	143.979	0.000300448	171.559	117.699	1.75985	1.61661	615	0	-0.486658	0	20	20
0.0083412	0.000868206	1301.73	143.317	0.000258598	165.658	114.793	1.75515	1.61661	615	0	-0.46496	0	20	20
0.00834876	0.000863076	1294.79	142.649	0.000222577	159.961	111.959	1.75038	1.61661	615	0	-0.444169	0	20	20
0.00835645	0.000858124	1288.13	141.975	0.000191574	154.459	109.195	1.74556	1.61661	615	0	-0.424242	0	20	20
0.00836426	0.000853344	1281.75	141.295	0.000164889	149.146	106.499	1.74067	1.61661	615	0	-0.405138	0	20	20
0.0083722	0.000848731	1275.63	140.608	0.000141922	144.016	103.869	1.73573	1.61661	615	0	-0.386817	0	20	20
0.00838025	0.000844279	1269.78	139.915	0.000122153	139.063	101.305	1.73073	1.61661	615	0	-0.369242	0	20	20
0.00838843	0.000839981	1264.17	139.216	0.000105138	134.28	98.8036	1.72567	1.61661	615	0	-0.352377	0	20	20
0.00839673	0.000835831	1258.79	138.511	9.04933e-05	129.662	96.3641	1.72056	1.61661	615	0	-0.336189	0	20	20
0.00840515	0.000831826	1253.65	137.8	7.78883e-05	125.202	93.9848	1.7154	1.61661	615	0	-0.320646	0	20	20
0.00841368	0.000827959	1248.73	137.083	6.70391e-05	120.896	91.6644	1.71018	1.61661	615	0	-0.305717	0	20	20
0.00842232	0.000824225	1244.02	136.36	5.77011e-05	116.737	89.4012	1.70492	1.61661	615	0	-0.291373	0	20	20
0.00843108	0.00082062	1239.52	135.631	4.96638e-05	112.722	87.1938	1.69962	1.61661	615	0	-0.277587	0	20	20
0.00843994	0.000817139	1235.22	134.896	4.2746e-05	108.845	85.041	1.69427	1.61661	615	0	-0.264332	0	20	20
0.00844892	0.000813776	1231.1	134.156	3.67919e-05	105.102	82.9413	1.68887	1.61661	615	0	-0.251584	0	20	20
0.00845799	0.000810529	1227.18	133.41	3.1667e-05	101.487	80.8935	1.68344	1.61661	615	0	-0.239318	0	20	20
0.00846716	0.000807393	1223.43	132.658	2.72561e-05	97.9961	78.8962	1.67798	1.61661	615	0	-0.227513	0	20	20
0.00847644	0.000804363	1219.85	131.9	2.34595e-05	94.6255	76.9483	1.67248	1.61661	615	0	-0.216146	0	20	20
0.0084858	0.000801436	1216.43	131.137	2.01918e-05	91.3709	75.0484	1.66695	1.61661	615	0	-0.205197	0	20	20
0.00849526	0.000798608	1213.17	130.369	1.73792e-05	88.2283	73.1955	1.66139	1.61661	615	0	-0.194647	0	20	20
0.0085048	0.000795875	1210.07	129.596	1.49585e-05	85.1937	71.3883	1.6558	1.61661	615	0	-0.184478	0	20	20
0.00851443	0.000793234	1207.11	128.817	1.28749e-05	82.2635	69.6257	1.65019	1.61661	615	0	-0.174671	0	20	20
0.00852413	0.000790682	1204.29	128.033	1.10815e-05	79.4341	67.9066	1.64456	1.61661	615	0	-0.16521	0	20	20
0.00853392	0.000788215	1201.61	127.243	9.53793e-06	76.702	66.23	1.63891	1.61661	615	0	-0.156079	0	20	20
0.00854377	0.000785829	1199.06	126.449	8.20938e-06	74.0638	64.5948	1.63324	1.61661	615	0	-0.147263	0	20	20
0.0085537	0.000783523	1196.63	125.65	7.06588e-06	71.5164	62.9999	1.62756	1.61661	615	0	-0.138748	0	20	20
0.00856369	0.000781293	1194.33	124.847	6.08166e-06	69.0567	61.4445	1.62188	1.61661	615	0	-0.130519	0	20	20
0.00857374	0.000779137	1192.14	124.038	5.23453e-06	66.6815	59.9274	1.61618	1.61661	615	0	-0.122564	0	20	20
0.00858385	0.000777051	1190.06	123.225	4.5054e-06	64.388	58.4478	1.61048	1.61661	615	0	-0.114871	0	20	20
0.00859401	0.000775033	1188.09	122.407	3.87783e-06	62.1734	57.0047	1.60477	1.61661	615	0	-0.107427	0	20	20
0.00860421	0.000773081	1186.22	121.585	3.33768e-06	60.035	55.5972	1.59907	1.61661	615	0	-0.100221	0	20	20
0.00861447	0.000771192	1184.45	120.759	2.87277e-06	57.9701	54.2245	1.59336	1.61661	615	0	-0.0932435	0	20	20
0.00862476	0.000769364	1182.78	119.928	2.47262e-06	55.9762	52.8857	1.58766	1.61661	615	0	-0.0864833	0	20	20
0.00863509	0.000767595	1181.19	119.094	2.1282e-06	54.051	51.58	1.58197	1.61661	615	0	-0.0799312	0	20	20
0.00864555	0.000765921	1179.77	118.255	1.83176e-06	52.1919	50.3065	1.57624	1.61661	615	0	-0.0736529	0	20	20
0.00865635	0.000764431	1178.68	117.413	1.57661e-06	50.3968	49.0644	1.57035	1.61661	615	0	-0.0678106	0	20	20
0.00866762	0.000763171	1178.01	116.567	1.357e-06	48.6634	47.853	1.56423	1.61661	615	0	-0.0624773	0	20	20
0.00867932	0.000762135	1177.74	115.718	1.16798e-06	46.9896	46.6715	1.55791	1.61661	615	0	-0.0576192	0	20	20
0.00869144	0.000761315	1177.86	114.865	1.00529e-06	45.3735	45.5192	1.5514	1.61661	615	0	-0.0532041	0	20	20
0.00870396	0.000760705	1178.37	114.009	8.65262e-07	43.8129	44.3953	1.54472	1.61661	615	0	-0.0492018	0	20	20
0.00871685	0.000760298	1179.24	113.149	7.44738e-07	42.3059	43.2992	1.53787	1.61661	615	0	-0.0455837	0	20	20
0.00873009	0.000760088	1180.48	112.287	6.41002e-07	40.8508	42.2301	1.53089	1.61661	615	0	-0.0423227	0	20	20
0.00874365	0.00076007	1182.05	111.421	5.51715e-07	39.4458	41.1874	1.52378	1.61661	615	0	-0.0393932	0	20	20
0.00875749	0.000760238	1183.96	110.553	4.74866e-07	38.0891	40.1705	1.51656	1.61661	615	0	-0.0367709	0	20	20
0.0087716	0.000760586	1186.2	109.682	4.08721e-07	36.779	39.1787	1.50926	1.61661	615	0	-0.0344328	0	20	20
0.00878594	0.000761109	1188.74	108.809	3.51789e-07	35.514	38.2114	1.50188	1.61661	615	0	-0.0323572	0	20	20
0.00880047	0.000761802	1191.59	107.933	3.02788e-07	34.2925	37.2679	1.49445	1.61661	615	0	-0.0305237	0	20	20
0.00881518	0.000762659	1194.72	107.056	2.60612e-07	33.113	36.3478	1.48698	1.61661	615	0	-0.0289129	0	20	20
0.00883002	0.000763676	1198.13	106.176	2.24311e-07	31.9741	35.4504	1.4795	1.61661	615	0	-0.0275067	0	20	20
0.00884497	0.000764847	1201.82	105.294	1.93066e-07	30.8744	34.5751	1.47201	1.61661	615	0	-0.0262882	0	20	20
0.00885998	0.000766168	1205.75	104.411	1.66173e-07	29.8125	33.7214	1.46454	1.61661	615	0	-0.0252414	0	20	20
0.00887503	0.000767633	1209.94	103.526	1.43027e-07	28.7871	32.8888	1.4571	1.61661	615	0	-0.0243517	0	20	20
0.00889009	0.000769238	1214.36	102.639	1.23104e-07	27.797	32.0768	1.44971	1.61661	615	0	-0.0236053	0	20	20
0.00890512	0.000770977	1219	101.751	1.05957e-07	26.8409	31.2848	1.44239	1.61661	615	0	-0.0229897	0	20	20
0.00892008	0.000772845	1223.85	100.862	9.11979e-08	25.9177	30.5124	1.43514	1.61661	615	0	-0.0224933	0	20	20
0.00893496	0.000774838	1228.91	99.9722	7.84948e-08	25.0263	29.7591	1.42798	1.61661	615	0	-0.0221055	0	20	20
0.00894972	0.000776949	1234.15	99.0814	6.75611e-08	24.1655	29.0243	1.42093	1.61661	615	0	-0.0218169	0	20	20
0.00896433	0.000779175	1239.57	98.1899	5.81504e-08	23.3344	28.3077	1.41399	1.61661	615	0	-0.0216188	0	20	20
0.00897876	0.00078151	1245.16	97.2979	5.00505e-08	22.5318	27.6088	1.40718	1.61661	615	0	-0.0215034	0	20	20
0.00899299	0.000783948	1250.91	96.4055	4.30789e-08	21.7568	26.9271	1.40051	1.61661	615	0	-0.0214637	0	20	20
0.009007	0.000786484	1256.8	95.5129	3.70783e-08	21.0085	26.2623	1.39399	1.61661	615	0	-0.0214935	0	20	20
0.00902075	0.000789113	1262.82	94.6203	3.19136e-08	20.2859	25.6139	1.38762	1.61661	615	0	-0.0215872	0	20	20
0.00903425	0.00079183	1268.97	93.7278	2.74683e-08	19.5882	24.9815	1.38142	1.61661	615	0	-0.0217398	0	20	20
0.00904745	0.000794628	1275.23	92.8355	2.36422e-08	18.9145	24.3647	1.37537	1.61661	615	0	-0.0219469	0	20	20
0.00905891	0.000797627	1281.6	91.9436	2.0349e-08	18.2639	23.7631	1.37016	1.61661	615	0	-0.0202773	0	20	20
0.00906817	0.000800874	1288.09	91.0524	1.75146e-08	17.6357	23.1764	1.36597	1.61661	615	0	-0.0161452	0	20	20
0.00907704	0.000804226	1294.72	90.1618	1.50749e-08	17.0292	22.6042	1.36197	1.61661	615	0	-0.0119804	0	20	20
0.00908551	0.000807678	1301.48	89.2721	1.29751e-08	16.4435	22.0461	1.35817	1.61661	615	0	-0.00778272	0	20	20
0.00909356	0.000811223	1308.34	88.3835	1.11678e-08	15.8779	21.5017	1.35456	1.61661	615	0	-0.00355266	0	20	20
0.0091012	0.000814858	1315.31	87.4961	9.61219e-09	15.3318	20.9709	1.35115	1.61661	615	0	0.00070857	0	20	20
0.00910842	0.000818576	1322.37	86.61	8.27329e-09	14.8044	20.4531	1.34794	1.61661	615	0	0.0049992	0	20	20
0.00911522	0.000822371	1329.52	85.7254	7.12089e-09	14.2953	19.9481	1.34493	1.61661	615	0	0.00931703	0	20	20
0.00912161	0.000826239	1336.74	84.8425	6.129e-09	13.8036	19.4556	1.3421	1.61661	615	0	0.0136594	0	20	20
0.0091276	0.000830173	1344.03	83.9614	5.27528e-09	13.3288	18.9752	1.33946	1.61661	615	0	0.0180235	0	20	20
0.00913319	0.000834168	1351.37	83.0822	4.54048e-09	12.8704	18.5067	1.33701	1.61661	615	0	0.0224059	0	20	20
0.00913839	0.000838218	1358.76	82.2051	3.90803e-09	12.4277	18.0498	1.33472	1.61661	615	0	0.0268034	0	20	20
0.00914321	0.000842318	1366.2	81.3303	3.36367e-09	12.0002	17.6041	1.33261	1.61661	615	0	0.0312123	0	20	20
0.00914767	0.000846463	1373.66	80.4579	2.89514e-09	11.5875	17.1695	1.33067	1.61661	615	0	0.0356288	0	20	20
0.00915177	0.000850648	1381.15	79.588	2.49187e-09	11.189	16.7456	1.32888	1.61661	615	0	0.0400491	0	20	20
0.00915554	0.000854867	1388.66	78.7207	2.14477e-09	10.8041	16.3321	1.32724	1.61661	615	0	0.0444694	0	20	20
0.00915898	0.000859116	1396.19	77.8563	1.84602e-09	10.4325	15.9289	1.32574	1.61661	615	0	0.0488855	0	20	20
0.00916211	0.000863391	1403.71	76.9948	1.58888e-09	10.0737	15.5356	1.32438	1.61661	615	0	0.0532936	0	20	20
0.00916494	0.000867686	1411.24	76.1364	1.36757e-09	9.72721	15.152	1.32316	1.61661	615	0	0.0576896	0	20	20
0.00916748	0.000871998	1418.76	75.2813	1.17707e-09	9.39265	14.7779	1.32206	1.61661	615	0	0.0620696	0	20	20
0.00916975	0.000876322	1426.27	74.4294	1.01312e-09	9.06959	14.413	1.32107	1.61661	615	0	0.0664296	0	20	20
0.00917177	0.000880655	1433.77	73.5811	8.71998e-10	8.75765	14.0572	1.3202	1.61661	615	0	0.0707658	0	20	20
0.00917354	0.000884992	1441.24	72.7364	7.50536e-10	8.45643	13.7101	1.31944	1.61661	615	0	0.0750743	0	20	20
0.00917508	0.00088933	1448.68	71.8953	6.45992e-10	8.16558	13.3716	1.31877	1.61661	615	0	0.0793517	0	20	20
0.0091764	0.000893666	1456.09	71.0582	5.56011e-10	7.88472	13.0415	1.31821	1.61661	615	0	0.0835942	0	20	20
0.00917751	0.000897997	1463.47	70.225	4.78563e-10	7.61353	12.7195	1.31773	1.61661	615	0	0.0877985	0	20	20
0.00917843	0.000902318	1470.81	69.3959	4.11903e-10	7.35167	12.4054	1.31733	1.61661	615	0	0.0919613	0	20	20
0.00917917	0.000906628	1478.11	68.571	3.54528e-10	7.09881	12.0991	1.31701	1.61661	615	0	0.0960794	0	20	20
0.00917973	0.000910924	1485.36	67.7505	3.05145e-10	6.85465	11.8004	1.31677	1.61661	615	0	0.10015	0	20	20
0.00918013	0.000915202	1492.56	66.9343	2.62641e-10	6.61889	11.509	1.3166	1.61661	615	0	0.10417	0	20	20
0.00918038	0.000919461	1499.71	66.1227	2.26057e-10	6.39123	11.2249	1.31649	1.61661	615	0	0.108137	0	20	20
0.00918049	0.000923697	1506.8	65.3158	1.94569e-10	6.17141	10.9477	1.31644	1.61661	615	0	0.112049	0	20	20
0.00918047	0.000927909	1513.84	64.5135	1.67467e-10	5.95915	10.6774	1.31645	1.61661	615	0	0.115903	0	20	20
0.00918032	0.000932095	1520.81	63.7161	1.4414e-10	5.75418	10.4138	1.31652	1.61661	615	0	0.119697	0	20	20
0.00918006	0.000936252	1527.72	62.9236	1.24063e-10	5.55627	10.1567	1.31663	1.61661	615	0	0.12343	0	20	20
0.00917969	0.000940378	1534.57	62.1362	1.06782e-10	5.36517	9.90593	1.31679	1.61661	615	0	0.127099	0	20	20
0.00917922	0.000944473	1541.35	61.3539	9.1908e-11	5.18063	9.66135	1.31699	1.61661	615	0	0.130703	0	20	20
0.00917867	0.000948533	1548.05	60.5767	7.91059e-11	5.00245	9.42281	1.31723	1.61661	615	0	0.134241	0	20	20
0.00917803	0.000952558	1554.69	59.8049	6.80871e-11	4.83039	9.19016	1.3175	1.61661	615	0	0.137712	0	20	20
0.00917731	0.000956546	1561.26	59.0384	5.86031e-11	4.66425	8.96326	1.31781	1.61661	615	0	0.141114	0	20	20
0.00917652	0.000960496	1567.75	58.2773	5.04402e-11	4.50383	8.74195	1.31815	1.61661	615	0	0.144448	0	20	20
0.00917568	0.000964407	1574.17	57.5218	4.34142e-11	4.34892	8.52611	1.31852	1.61661	615	0	0.147711	0	20	20
0.00917477	0.000968276	1580.51	56.7719	3.7367e-11	4.19934	8.3156	1.31891	1.61661	615	0	0.150905	0	20	20
0.00917381	0.000972104	1586.77	56.0276	3.21621e-11	4.05491	8.11029	1.31932	1.61661	615	0	0.154028	0	20	20
0.00917281	0.00097589	1592.96	55.289	2.76821e-11	3.91544	7.91005	1.31975	1.61661	615	0	0.15708	0	20	20
0.00917177	0.000979631	1599.06	54.5562	2.38262e-11	3.78077	7.71475	1.3202	1.61661	615	0	0.160061	0	20	20
0.00917069	0.000983328	1605.09	53.8293	2.05074e-11	3.65073	7.52427	1.32067	1.61661	615	0	0.162971	0	20	20
0.00916958	0.00098698	1611.03	53.1082	1.76509e-11	3.52517	7.33849	1.32115	1.61661	615	0	0.165811	0	20	20
0.00916845	0.000990586	1616.9	52.3932	1.51923e-11	3.40392	7.15731	1.32164	1.61661	615	0	0.168581	0	20	20
0.0091673	0.000994146	1622.68	51.6841	1.30761e-11	3.28684	6.98059	1.32214	1.61661	615	0	0.171281	0	20	20
0.00916612	0.000997659	1628.38	50.981	1.12547e-11	3.17379	6.80824	1.32264	1.61661	615	0	0.173911	0	20	20
0.00916494	0.00100112	1634	50.2841	9.68703e-12	3.06463	6.64014	1.32316	1.61661	615	0	0.176474	0	20	20
0.00916375	0.00100454	1639.54	49.5933	8.3377e-12	2.95922	6.4762	1.32367	1.61661	615	0	0.178968	0	20	20
0.00916255	0.00100791	1645	48.9087	7.17633e-12	2.85744	6.3163	1.32419	1.61661	615	0	0.181395	0	20	20
0.00916135	0.00101123	1650.37	48.2303	6.17672e-12	2.75916	6.16035	1.32471	1.61661	615	0	0.183756	0	20	20
0.00916014	0.0010145	1655.67	47.5582	5.31635e-12	2.66426	6.00825	1.32524	1.61661	615	0	0.186052	0	20	20
0.00915895	0.00101773	1660.88	46.8923	4.57583e-12	2.57263	5.85991	1.32576	1.61661	615	0	0.188283	0	20	20
0.00915776	0.0010209	1666.01	46.2327	3.93845e-12	2.48414	5.71522	1.32627	1.61661	615	0	0.190451	0	20	20
0.00915657	0.00102403	1671.07	45.5795	3.38986e-12	2.3987	5.57412	1.32679	1.61661	615	0	0.192557	0	20	20
0.0091554	0.00102711	1676.04	44.9326	2.91768e-12	2.3162	5.43649	1.3273	1.61661	615	0	0.194602	0	20	20
0.00915425	0.00103014	1680.93	44.2921	2.51127e-12	2.23653	5.30226	1.3278	1.61661	615	0	0.196588	0	20	20
0.0091531	0.00103312	1685.74	43.658	2.16147e-12	2.15961	5.17135	1.3283	1.61661	615	0	0.198514	0	20	20
0.00915198	0.00103605	1690.48	43.0302	1.86039e-12	2.08533	5.04367	1.32878	1.61661	615	0	0.200384	0	20	20
0.00915088	0.00103894	1695.14	42.409	1.60125e-12	2.01361	4.91914	1.32927	1.61661	615	0	0.202197	0	20	20
0.0091498	0.00104178	1699.72	41.7941	1.37821e-12	1.94435	4.79769	1.32974	1.61661	615	0	0.203955	0	20	20
0.00914874	0.00104456	1704.22	41.1856	1.18624e-12	1.87747	4.67923	1.3302	1.61661	615	0	0.20566	0	20	20
0.0091477	0.00104731	1708.65	40.5837	1.02101e-12	1.8129	4.5637	1.33065	1.61661	615	0	0.207313	0	20	20
0.00914669	0.00105	1713.01	39.9881	8.78787e-13	1.75055	4.45102	1.33109	1.61661	615	0	0.208915	0	20	20
0.00914571	0.00105265	1717.29	39.399	7.56379e-13	1.69034	4.34113	1.33152	1.61661	615	0	0.210467	0	20	20
0.00914475	0.00105526	1721.5	38.8163	6.51022e-13	1.6322	4.23394	1.33194	1.61661	615	0	0.21197	0	20	20
0.00914382	0.00105782	1725.64	38.2401	5.60339e-13	1.57606	4.12941	1.33235	1.61661	615	0	0.213427	0	20	20
0.00914292	0.00106033	1729.71	37.6703	4.82289e-13	1.52185	4.02745	1.33274	1.61661	615	0	0.214838	0	20	20
0.00914205	0.0010628	1733.7	37.1069	4.1511e-13	1.46951	3.92801	1.33312	1.61661	615	0	0.216205	0	20	20
0.00914121	0.00106522	1737.63	36.5499	3.57288e-13	1.41896	3.83103	1.33349	1.61661	615	0	0.217528	0	20	20
0.00914041	0.0010676	1741.49	35.9993	3.07521e-13	1.37016	3.73644	1.33384	1.61661	615	0	0.218809	0	20	20
0.00913962	0.00106995	1745.3	35.4551	2.64686e-13	1.32303	3.64419	1.33418	1.61661	615	0	0.22005	0	20	20
0.00913884	0.00107228	1749.08	34.9173	2.27817e-13	1.27753	3.55421	1.33452	1.61661	615	0	0.221254	0	20	20
0.00913804	0.00107463	1752.89	34.3858	1.96084e-13	1.23359	3.46646	1.33488	1.61661	615	0	0.222425	0	20	20
0.00913722	0.00107698	1756.7	33.8607	1.68771e-13	1.19116	3.38087	1.33524	1.61661	615	0	0.223562	0	20	20
0.00913638	0.00107935	1760.54	33.3418	1.45263e-13	1.15019	3.2974	1.3356	1.61661	615	0	0.224667	0	20	20
0.00913552	0.00108172	1764.38	32.8292	1.25029e-13	1.11063	3.21598	1.33598	1.61661	615	0	0.225741	0	20	20
0.00913464	0.0010841	1768.24	32.3229	1.07613e-13	1.07243	3.13658	1.33637	1.61661	615	0	0.226785	0	20	20
0.00913374	0.00108649	1772.11	31.8229	9.26235e-14	1.03554	3.05914	1.33676	1.61661	615	0	0.227801	0	20	20
0.00913283	0.00108889	1775.99	31.329	7.97218e-14	0.999927	2.98361	1.33716	1.61661	615	0	0.228788	0	20	20
0.0091319	0.00109129	1779.87	30.8413	6.86172e-14	0.965535	2.90994	1.33757	1.61661	615	0	0.229747	0	20	20
0.00913095	0.0010937	1783.76	30.3597	5.90593e-14	0.932326	2.8381	1.33799	1.61661	615	0	0.230681	0	20	20
0.00912999	0.00109611	1787.66	29.8843	5.08329e-14	0.900259	2.76802	1.33841	1.61661	615	0	0.231588	0	20	20
0.00912901	0.00109852	1791.56	29.4149	4.37522e-14	0.869295	2.69968	1.33884	1.61661	615	0	0.232471	0	20	20
0.00912801	0.00110094	1795.46	28.9516	3.76579e-14	0.839396	2.63303	1.33928	1.61661	615	0	0.23333	0	20	20
0.00912701	0.00110335	1799.36	28.4943	3.24125e-14	0.810525	2.56802	1.33972	1.61661	615	0	0.234166	0	20	20
0.00912598	0.00110577	1803.26	28.0429	2.78977e-14	0.782648	2.50461	1.34017	1.61661	615	0	0.234979	0	20	20
0.00912495	0.00110819	1807.17	27.5975	2.40117e-14	0.755729	2.44277	1.34063	1.61661	615	0	0.23577	0	20	20
0.0091239	0.00111061	1811.06	27.158	2.06671e-14	0.729736	2.38246	1.34109	1.61661	615	0	0.23654	0	20	20
0.00912284	0.00111302	1814.96	26.7243	1.77883e-14	0.704637	2.32364	1.34156	1.61661	615	0	0.23729	0	20	20
0.00912177	0.00111544	1818.85	26.2965	1.53106e-14	0.680401	2.26627	1.34203	1.61661	615	0	0.23802	0	20	20
0.00912069	0.00111785	1822.74	25.8744	1.31779e-14	0.656999	2.21031	1.34251	1.61661	615	0	0.23873	0	20	20
0.00911959	0.00112026	1826.61	25.458	1.13423e-14	0.634402	2.15574	1.34299	1.61661	615	0	0.239422	0	20	20
0.00911849	0.00112266	1830.49	25.0473	9.76244e-15	0.612582	2.10251	1.34348	1.61661	615	0	0.240095	0	20	20
0.00911737	0.00112506	1834.35	24.6423	8.40261e-15	0.591512	2.0506	1.34398	1.61661	615	0	0.240751	0	20	20
0.00911624	0.00112746	1838.2	24.2428	7.2322e-15	0.571168	1.99997	1.34447	1.61661	615	0	0.24139	0	20	20
0.00911511	0.00112984	1842.04	23.8489	6.22481e-15	0.551522	1.95059	1.34498	1.61661	615	0	0.242013	0	20	20
0.00911396	0.00113223	1845.87	23.4604	5.35774e-15	0.532553	1.90243	1.34548	1.61661	615	0	0.242619	0	20	20
0.00911281	0.0011346	1849.69	23.0775	4.61145e-15	0.514236	1.85546	1.34599	1.61661	615	0	0.24321	0	20	20
0.00911165	0.00113697	1853.49	22.6999	3.96911e-15	0.496549	1.80965	1.34651	1.61661	615	0	0.243786	0	20	20
0.00911048	0.00113933	1857.28	22.3277	3.41625e-15	0.479471	1.76497	1.34703	1.61661	615	0	0.244347	0	20	20
0.0091093	0.00114169	1861.06	21.9608	2.94039e-15	0.462979	1.72139	1.34755	1.61661	615	0	0.244894	0	20	20
0.00910812	0.00114403	1864.82	21.5991	2.53082e-15	0.447055	1.67889	1.34807	1.61661	615	0	0.245428	0	20	20
0.00910693	0.00114637	1868.56	21.2427	2.1783e-15	0.431679	1.63744	1.3486	1.61661	615	0	0.245947	0	20	20
0.00910573	0.00114869	1872.28	20.8914	1.87488e-15	0.416832	1.59701	1.34914	1.61661	615	0	0.246454	0	20	20
0.00910453	0.001151	1875.99	20.5452	1.61372e-15	0.402495	1.55758	1.34967	1.61661	615	0	0.246949	0	20	20
0.00910332	0.00115331	1879.68	20.204	1.38894e-15	0.388651	1.51912	1.35021	1.61661	615	0	0.247431	0	20	20
0.00910211	0.0011556	1883.35	19.8679	1.19547e-15	0.375284	1.48162	1.35075	1.61661	615	0	0.247901	0	20	20
0.00910089	0.00115788	1886.99	19.5367	1.02895e-15	0.362376	1.44504	1.35129	1.61661	615	0	0.24836	0	20	20
0.00909967	0.00116015	1890.62	19.2104	8.85629e-16	0.349912	1.40936	1.35183	1.61661	615	0	0.248807	0	20	20
0.00909844	0.0011624	1894.22	18.8889	7.62268e-16	0.337877	1.37456	1.35238	1.61661	615	0	0.249243	0	20	20
0.00909721	0.00116465	1897.81	18.5723	6.5609e-16	0.326256	1.34062	1.35293	1.61661	615	0	0.249669	0	20	20
0.00909598	0.00116688	1901.36	18.2604	5.64702e-16	0.315035	1.30752	1.35348	1.61661	615	0	0.250085	0	20	20
0.00909474	0.00116909	1904.9	17.9532	4.86043e-16	0.304199	1.27524	1.35403	1.61661	615	0	0.25049	0	20	20
0.0090935	0.00117129	1908.41	17.6506	4.18342e-16	0.293736	1.24375	1.35459	1.61661	615	0	0.250886	0	20	20
0.00909226	0.00117348	1911.9	17.3526	3.6007e-16	0.283633	1.21304	1.35514	1.61661	615	0	0.251272	0	20	20
0.00909101	0.00117565	1915.36	17.0592	3.09915e-16	0.273878	1.18309	1.3557	1.61661	615	0	0.251649	0	20	20
0.00908977	0.00117781	1918.79	16.7702	2.66746e-16	0.264458	1.15388	1.35626	1.61661	615	0	0.252017	0	20	20
0.00908852	0.00117995	1922.2	16.4856	2.29591e-16	0.255362	1.12539	1.35681	1.61661	615	0	0.252377	0	20	20
0.00908727	0.00118208	1925.58	16.2055	1.97611e-16	0.246579	1.09761	1.35737	1.61661	615	0	0.252727	0	20	20
0.00908602	0.00118419	1928.94	15.9296	1.70085e-16	0.238098	1.07051	1.35793	1.61661	615	0	0.25307	0	20	20
0.00908477	0.00118628	1932.26	15.6581	1.46393e-16	0.229909	1.04408	1.35849	1.61661	615	0	0.253404	0	20	20
0.00908353	0.00118836	1935.56	15.3907	1.26002e-16	0.222001	1.0183	1.35905	1.61661	615	0	0.253731	0	20	20
0.00908228	0.00119042	1938.83	15.1275	1.08451e-16	0.214366	0.993157	1.35961	1.61661	615	0	0.25405	0	20	20
0.00908103	0.00119247	1942.07	14.8685	9.33446e-17	0.206993	0.968636	1.36018	1.61661	615	0	0.254361	0	20	20
0.00907978	0.00119449	1945.28	14.6135	8.03424e-17	0.199873	0.94472	1.36074	1.61661	615	0	0.254665	0	20	20
0.00907854	0.0011965	1948.47	14.3625	6.91514e-17	0.192999	0.921395	1.3613	1.61661	615	0	0.254962	0	20	20
0.00907729	0.00119849	1951.62	14.1155	5.95191e-17	0.18636	0.898646	1.36186	1.61661	615	0	0.255252	0	20	20
0.00907605	0.00120046	1954.74	13.8724	5.12286e-17	0.179951	0.876458	1.36242	1.61661	615	0	0.255535	0	20	20
0.00907481	0.00120242	1957.83	13.6332	4.40929e-17	0.173761	0.854818	1.36297	1.61661	615	0	0.255812	0	20	20
0.00907357	0.00120435	1960.89	13.3977	3.79511e-17	0.167785	0.833713	1.36353	1.61661	615	0	0.256082	0	20	20
0.00907234	0.00120627	1963.92	13.1661	3.26648e-17	0.162014	0.813128	1.36409	1.61661	615	0	0.256346	0	20	20
0.0090711	0.00120817	1966.92	12.9381	2.81149e-17	0.156442	0.793052	1.36464	1.61661	615	0	0.256604	0	20	20
0.00906988	0.00121005	1969.88	12.7138	2.41987e-17	0.151061	0.773472	1.3652	1.61661	615	0	0.256856	0	20	20
0.00906865	0.00121191	1972.82	12.4932	2.0828e-17	0.145865	0.754374	1.36575	1.61661	615	0	0.257102	0	20	20
0.00906743	0.00121375	1975.72	12.2761	1.79268e-17	0.140848	0.735749	1.3663	1.61661	615	0	0.257342	0	20	20
0.00906621	0.00121557	1978.59	12.0625	1.54298e-17	0.136004	0.717583	1.36685	1.61661	615	0	0.257577	0	20	20
0.009065	0.00121738	1981.43	11.8524	1.32805e-17	0.131326	0.699866	1.3674	1.61661	615	0	0.257806	0	20	20
0.00906379	0.00121916	1984.23	11.6457	1.14306e-17	0.126809	0.682586	1.36795	1.61661	615	0	0.25803	0	20	20
0.00906259	0.00122093	1987.01	11.4423	9.83845e-18	0.122448	0.665733	1.3685	1.61661	615	0	0.258249	0	20	20
0.00906139	0.00122267	1989.74	11.2423	8.46803e-18	0.118236	0.649296	1.36904	1.61661	615	0	0.258462	0	20	20
0.0090602	0.00122439	1992.45	11.0456	7.2885e-18	0.114169	0.633265	1.36958	1.61661	615	0	0.258671	0	20	20
0.00905901	0.0012261	1995.13	10.8521	6.27327e-18	0.110243	0.61763	1.37012	1.61661	615	0	0.258875	0	20	20
0.00905783	0.00122778	1997.77	10.6619	5.39946e-18	0.106451	0.60238	1.37065	1.61661	615	0	0.259074	0	20	20
0.00905665	0.00122945	2000.38	10.4747	4.64735e-18	0.102789	0.587507	1.37119	1.61661	615	0	0.259269	0	20	20
0.00905548	0.00123109	2002.95	10.2906	4.00001e-18	0.099254	0.573002	1.37172	1.61661	615	0	0.259459	0	20	20
0.00905432	0.00123272	2005.49	10.1096	3.44284e-18	0.0958402	0.558854	1.37225	1.61661	615	0	0.259645	0	20	20
0.00905316	0.00123432	2008	9.93164	2.96328e-18	0.0925439	0.545056	1.37277	1.61661	615	0	0.259826	0	20	20
0.00905201	0.00123591	2010.48	9.75661	2.55052e-18	0.0893608	0.531599	1.3733	1.61661	615	0	0.260004	0	20	20
0.00905087	0.00123747	2012.92	9.5845	2.19525e-18	0.0862873	0.518473	1.37382	1.61661	615	0	0.260177	0	20	20
0.00904973	0.00123901	2015.33	9.41527	1.88947e-18	0.0833195	0.505672	1.37434	1.61661	615	0	0.260346	0	20	20
0.00904861	0.00124054	2017.71	9.24887	1.62628e-18	0.0804538	0.493187	1.37485	1.61661	615	0	0.260511	0	20	20
0.00904748	0.00124204	2020.05	9.08527	1.39976e-18	0.0776866	0.48101	1.37536	1.61661	615	0	0.260672	0	20	20
0.00904637	0.00124353	2022.36	8.92441	1.20478e-18	0.0750146	0.469134	1.37587	1.61661	615	0	0.26083	0	20	20
0.00904527	0.00124499	2024.64	8.76627	1.03696e-18	0.0724345	0.457551	1.37637	1.61661	615	0	0.260983	0	20	20
0.00904417	0.00124643	2026.88	8.6108	8.92524e-19	0.0699431	0.446254	1.37687	1.61661	615	0	0.261134	0	20	20
0.00904308	0.00124786	2029.1	8.45795	7.68203e-19	0.0675375	0.435236	1.37737	1.61661	615	0	0.26128	0	20	20
0.009042	0.00124926	2031.28	8.3077	6.61198e-19	0.0652146	0.42449	1.37787	1.61661	615	0	0.261424	0	20	20
0.00904092	0.00125065	2033.42	8.15999	5.69098e-19	0.0629715	0.414009	1.37836	1.61661	615	0	0.261563	0	20	20
0.00903986	0.00125201	2035.54	8.0148	4.89828e-19	0.0608056	0.403788	1.37884	1.61661	615	0	0.2617	0	20	20
0.0090388	0.00125336	2037.62	7.87207	4.21598e-19	0.0587143	0.393818	1.37933	1.61661	615	0	0.261833	0	20	20
0.00903776	0.00125468	2039.67	7.73179	3.62873e-19	0.0566948	0.384095	1.37981	1.61661	615	0	0.261964	0	20	20
0.00903672	0.00125599	2041.69	7.59389	3.12328e-19	0.0547448	0.374611	1.38028	1.61661	615	0	0.262091	0	20	20
0.00903569	0.00125727	2043.68	7.45836	2.68823e-19	0.0528619	0.365362	1.38075	1.61661	615	0	0.262215	0	20	20
0.00903467	0.00125854	2045.64	7.32515	2.31378e-19	0.0510437	0.356341	1.38122	1.61661	615	0	0.262336	0	20	20
0.00903366	0.00125978	2047.56	7.19422	1.99149e-19	0.0492881	0.347543	1.38168	1.61661	615	0	0.262454	0	20	20
0.00903266	0.00126101	2049.45	7.06554	1.71409e-19	0.0475929	0.338962	1.38214	1.61661	615	0	0.26257	0	20	20
0.00903167	0.00126222	2051.32	6.93908	1.47533e-19	0.0459559	0.330593	1.3826	1.61661	615	0	0.262683	0	20	20
0.00903068	0.00126341	2053.15	6.8148	1.26983e-19	0.0443753	0.322431	1.38305	1.61661	615	0	0.262793	0	20	20
0.00902971	0.00126458	2054.95	6.69266	1.09295e-19	0.042849	0.31447	1.3835	1.61661	615	0	0.2629	0	20	20
