0.00936804	
0.00743724	
0.00587678	
0.00508717	
0.00460718	
0.00427343	
0.00401672	
0.00380858	
0.00365035	
0.00355881	
0.00355836	
0.00368134	
0.00389804	
0.00418754	
0.00454213	
0.00496395	
0.00546256	
0.00605451	
0.00676534	
0.00763435	
0.0087232	
0.0101286	
0.0119972	
0.0145322	
0.0179619	
0.0251287	
0.0358919	
0.0473079	
0.0552461	
0.058148	
0.057328	
0.0543562	
0.0503303	
0.0461845	
0.0424169	
0.0392049	
0.0365599	
0.0344225	
0.0327119	
0.0313493	
0.0302661	
0.0294059	
0.0287233	
0.0281824	
0.0277548	
0.0274178	
0.0271537	
0.0269483	
0.0267903	
0.0266706	
0.0265819	
0.0265186	
0.0264758	
0.0264499	
0.0264378	
0.0264371	
0.0264459	
0.0264626	
0.0264859	
0.0265149	
0.0265487	
0.026587	
0.0266392	
0.0267122	
0.0268046	
0.026915	
0.0270423	
0.0271854	
0.0273434	
0.0275152	
0.0277002	
0.0278975	
0.0281063	
