0.00866572	0.000693067	1111.6	256.922	76.5	0	0	1.56526	1.61661	615	0	0.149389	0	20	20
0.00874083	0.000705037	1139.33	256.922	76.4694	18.5331	6.24557	1.52525	1.61661	615	0	-0.0959749	0	20	20
0.00885708	0.000729838	1193.02	256.921	76.4339	54.3273	18.4293	1.46598	1.61661	615	0	-0.54227	0	20	20
0.00893898	0.000754828	1243.72	256.921	76.3927	88.8919	30.3127	1.42606	1.61661	615	0	-0.929578	0	20	20
0.00899611	0.000779956	1292.2	256.92	76.3448	122.261	41.9004	1.39906	1.61661	615	0	-1.2697	0	20	20
0.00903436	0.000804838	1338.3	256.92	76.2893	154.468	53.1972	1.38136	1.61661	615	0	-1.56948	0	20	20
0.00905854	0.000829202	1382	256.919	76.2249	185.545	64.2077	1.37033	1.61661	615	0	-1.83446	0	20	20
0.00907239	0.000852891	1423.39	256.918	76.1502	215.526	74.9371	1.36406	1.61661	615	0	-2.06974	0	20	20
0.00907871	0.000875839	1462.62	256.917	76.0636	244.443	85.3904	1.36122	1.61661	615	0	-2.27983	0	20	20
0.00907954	0.00089804	1499.91	256.916	75.9633	272.329	95.5732	1.36085	1.61661	615	0	-2.46863	0	20	20
0.00907634	0.000919522	1535.44	256.915	75.847	299.216	105.491	1.36229	1.61661	615	0	-2.63937	0	20	20
0.00907017	0.000940327	1569.43	256.914	75.7124	325.137	115.15	1.36507	1.61661	615	0	-2.79472	0	20	20
0.00906181	0.000960502	1602.01	256.913	75.5566	350.124	124.557	1.36885	1.61661	615	0	-2.93684	0	20	20
0.0090518	0.000980089	1633.34	256.912	75.3764	374.213	133.717	1.37339	1.61661	615	0	-3.06751	0	20	20
0.00904056	0.000999124	1663.51	256.91	75.1681	397.436	142.64	1.37852	1.61661	615	0	-3.18816	0	20	20
0.00902839	0.00101764	1692.63	256.908	74.9275	419.829	151.331	1.38411	1.61661	615	0	-3.29998	0	20	20
0.00901551	0.00103565	1720.76	256.907	74.6499	441.429	159.8	1.39005	1.61661	615	0	-3.40396	0	20	20
0.0090021	0.0010532	1747.95	256.905	74.33	462.271	168.054	1.39627	1.61661	615	0	-3.50096	0	20	20
0.00898828	0.00107029	1774.26	256.903	73.9617	482.394	176.105	1.40272	1.61661	615	0	-3.5917	0	20	20
0.00897415	0.00108694	1799.73	256.901	73.5383	501.837	183.96	1.40935	1.61661	615	0	-3.67681	0	20	20
0.00895979	0.00110318	1824.39	256.898	73.0526	520.641	191.631	1.41614	1.61661	615	0	-3.75686	0	20	20
0.00894526	0.00111902	1848.3	256.895	72.4961	538.845	199.129	1.42306	1.61661	615	0	-3.83234	0	20	20
0.00893058	0.00113448	1871.48	256.892	71.8602	556.491	206.465	1.43008	1.61661	615	0	-3.9037	0	20	20
0.00891578	0.00114958	1893.96	256.889	71.1353	573.621	213.651	1.43721	1.61661	615	0	-3.97134	0	20	20
0.0089009	0.00116435	1915.8	256.886	70.3111	590.275	220.697	1.44444	1.61661	615	0	-4.03564	0	20	20
0.00888592	0.0011788	1937	256.882	69.3773	606.493	227.616	1.45175	1.61661	615	0	-4.09691	0	20	20
0.00887087	0.00119295	1957.62	256.878	68.323	622.312	234.418	1.45916	1.61661	615	0	-4.15544	0	20	20
0.00885574	0.00120683	1977.67	256.873	67.1377	637.763	241.111	1.46665	1.61661	615	0	-4.21149	0	20	20
0.00884054	0.00122044	1997.18	256.868	65.8111	652.875	247.705	1.47422	1.61661	615	0	-4.26528	0	20	20
0.00882528	0.0012338	2016.15	256.863	64.3342	667.667	254.203	1.48188	1.61661	615	0	-4.31697	0	20	20
0.00880998	0.00124689	2034.59	256.857	62.6995	682.15	260.608	1.48962	1.61661	615	0	-4.36669	0	20	20
0.00879465	0.00125972	2052.48	256.851	60.9015	696.32	266.918	1.49742	1.61661	615	0	-4.41453	0	20	20
0.00877934	0.00127226	2069.8	256.844	58.9379	710.165	273.127	1.50527	1.61661	615	0	-4.46052	0	20	20
0.0087641	0.00128449	2086.5	256.836	56.8097	723.653	279.223	1.51314	1.61661	615	0	-4.50464	0	20	20
0.00874899	0.00129634	2102.54	256.828	54.5225	736.738	285.19	1.52099	1.61661	615	0	-4.54684	0	20	20
0.00873409	0.00130778	2117.82	256.819	52.086	749.358	291.004	1.52879	1.61661	615	0	-4.58699	0	20	20
0.00871952	0.00131872	2132.25	256.809	49.5151	761.434	296.638	1.53647	1.61661	615	0	-4.62495	0	20	20
0.00870537	0.00132908	2145.75	256.798	46.8297	772.878	302.058	1.54397	1.61661	615	0	-4.66053	0	20	20
0.00869178	0.00133878	2158.18	256.786	44.0538	783.587	307.23	1.55122	1.61661	615	0	-4.69352	0	20	20
0.00867887	0.00134771	2169.43	256.773	41.2153	793.458	312.115	1.55815	1.61661	615	0	-4.72371	0	20	20
0.00866678	0.00135579	2179.39	256.759	38.3448	802.385	316.675	1.56468	1.61661	615	0	-4.75087	0	20	20
0.00865563	0.00136293	2187.96	256.744	35.4743	810.27	320.874	1.57074	1.61661	615	0	-4.77479	0	20	20
0.00864553	0.00136904	2195.06	256.727	32.6358	817.028	324.679	1.57625	1.61661	615	0	-4.79532	0	20	20
0.00863658	0.00137408	2200.6	256.709	29.8599	822.587	328.063	1.58116	1.61661	615	0	-4.81229	0	20	20
0.00862885	0.001378	2204.55	256.689	27.1745	826.898	331.005	1.58541	1.61661	615	0	-4.82563	0	20	20
0.00862239	0.00138076	2206.9	256.668	24.6037	829.933	333.493	1.58898	1.61661	615	0	-4.83527	0	20	20
0.00861722	0.00138238	2207.65	256.644	22.1672	831.69	335.522	1.59184	1.61661	615	0	-4.84122	0	20	20
0.00861334	0.00138286	2206.83	256.619	19.8799	832.185	337.095	1.59399	1.61661	615	0	-4.84353	0	20	20
0.00860989	0.00138236	2204.52	256.591	17.7517	831.457	338.22	1.59591	1.61661	615	0	-4.83703	0	20	20
0.00860677	0.00138094	2200.79	256.56	15.7881	829.56	338.912	1.59764	1.61661	615	0	-4.82176	0	20	20
0.00860396	0.00137866	2195.74	256.527	13.9901	826.563	339.193	1.59921	1.61661	615	0	-4.79828	0	20	20
0.00860144	0.00137558	2189.46	256.49	12.3554	822.544	339.086	1.60061	1.61661	615	0	-4.76725	0	20	20
0.00859918	0.00137176	2182.07	256.45	10.8785	817.585	338.617	1.60188	1.61661	615	0	-4.72934	0	20	20
0.00859716	0.00136728	2173.67	256.407	9.55195	811.774	337.812	1.60301	1.61661	615	0	-4.68524	0	20	20
0.00859534	0.0013622	2164.37	256.36	8.36659	805.197	336.701	1.60403	1.61661	615	0	-4.63565	0	20	20
0.00859371	0.00135658	2154.26	256.309	7.31231	797.937	335.309	1.60494	1.61661	615	0	-4.58122	0	20	20
0.00859223	0.00135049	2143.44	256.252	6.37848	790.075	333.663	1.60577	1.61661	615	0	-4.52259	0	20	20
0.00859089	0.00134398	2131.99	256.191	5.55436	781.685	331.787	1.60652	1.61661	615	0	-4.46033	0	20	20
0.00858967	0.00133711	2120.01	256.125	4.8294	772.837	329.704	1.6072	1.61661	615	0	-4.39498	0	20	20
0.00858855	0.00132991	2107.55	256.052	4.19349	763.593	327.435	1.60783	1.61661	615	0	-4.32701	0	20	20
0.00858751	0.00132245	2094.68	255.973	3.63707	754.009	325	1.60842	1.61661	615	0	-4.25687	0	20	20
0.00858653	0.00131474	2081.47	255.886	3.15127	744.137	322.416	1.60897	1.61661	615	0	-4.18492	0	20	20
0.0085856	0.00130683	2067.96	255.792	2.72794	734.021	319.698	1.60949	1.61661	615	0	-4.11152	0	20	20
0.00858471	0.00129875	2054.2	255.689	2.35965	723.702	316.86	1.60999	1.61661	615	0	-4.03695	0	20	20
0.00858385	0.00129052	2040.23	255.577	2.03971	713.213	313.915	1.61047	1.61661	615	0	-3.96148	0	20	20
0.008583	0.00128216	2026.07	255.455	1.76213	702.585	310.873	1.61095	1.61661	615	0	-3.88531	0	20	20
0.00858217	0.0012737	2011.77	255.322	1.52155	691.845	307.745	1.61142	1.61661	615	0	-3.80864	0	20	20
0.00858134	0.00126515	1997.34	255.177	1.31324	681.017	304.538	1.61189	1.61661	615	0	-3.73165	0	20	20
0.00858049	0.00125652	1982.82	255.019	1.13301	670.12	301.262	1.61236	1.61661	615	0	-3.65446	0	20	20
0.00857964	0.00124784	1968.22	254.847	0.977206	659.172	297.922	1.61284	1.61661	615	0	-3.5772	0	20	20
0.00857877	0.00123911	1953.55	254.66	0.842585	648.188	294.525	1.61334	1.61661	615	0	-3.49998	0	20	20
0.00857788	0.00123034	1938.84	254.456	0.726331	637.182	291.076	1.61384	1.61661	615	0	-3.42288	0	20	20
0.00857695	0.00122155	1924.09	254.234	0.625985	626.166	287.581	1.61436	1.61661	615	0	-3.34598	0	20	20
0.008576	0.00121273	1909.32	253.992	0.539403	615.151	284.044	1.6149	1.61661	615	0	-3.26934	0	20	20
0.00857501	0.00120391	1894.54	253.728	0.464724	604.145	280.469	1.61546	1.61661	615	0	-3.19303	0	20	20
0.00857397	0.00119507	1879.75	253.441	0.400329	593.157	276.861	1.61605	1.61661	615	0	-3.11709	0	20	20
0.00857289	0.00118624	1864.97	253.129	0.344818	582.194	273.222	1.61666	1.61661	615	0	-3.04155	0	20	20
0.00857175	0.00117741	1850.21	252.79	0.296973	571.264	269.556	1.6173	1.61661	615	0	-2.96646	0	20	20
0.00857056	0.0011686	1835.46	252.42	0.255745	560.372	265.866	1.61798	1.61661	615	0	-2.89185	0	20	20
0.00856931	0.00115979	1820.74	252.018	0.220224	549.524	262.156	1.61868	1.61661	615	0	-2.81774	0	20	20
0.008568	0.00115101	1806.06	251.581	0.189625	538.724	258.427	1.61943	1.61661	615	0	-2.74415	0	20	20
0.00856661	0.00114225	1791.4	251.107	0.163268	527.979	254.683	1.62022	1.61661	615	0	-2.6711	0	20	20
0.00856515	0.00113351	1776.79	250.591	0.140567	517.292	250.925	1.62105	1.61661	615	0	-2.59861	0	20	20
0.0085636	0.00112481	1762.23	250.03	0.121018	506.666	247.157	1.62193	1.61661	615	0	-2.52669	0	20	20
0.00856196	0.00111614	1747.71	249.422	0.104184	496.107	243.381	1.62286	1.61661	615	0	-2.45535	0	20	20
0.00856023	0.0011075	1733.24	248.761	0.0896893	485.618	239.599	1.62384	1.61661	615	0	-2.38459	0	20	20
0.0085584	0.0010989	1718.83	248.045	0.0772089	475.202	235.812	1.62488	1.61661	615	0	-2.31443	0	20	20
0.00855646	0.00109034	1704.46	247.268	0.0664636	464.861	232.023	1.62599	1.61661	615	0	-2.24487	0	20	20
0.00855439	0.00108183	1690.16	246.426	0.0572127	454.6	228.234	1.62717	1.61661	615	0	-2.17591	0	20	20
0.0085522	0.00107336	1675.91	245.514	0.0492485	444.42	224.447	1.62842	1.61661	615	0	-2.10755	0	20	20
0.00854988	0.00106493	1661.73	244.527	0.0423924	434.324	220.663	1.62975	1.61661	615	0	-2.0398	0	20	20
0.00854741	0.00105656	1647.6	243.459	0.0364903	424.314	216.885	1.63116	1.61661	615	0	-1.97265	0	20	20
0.00854478	0.00104823	1633.52	242.304	0.0314096	414.393	213.112	1.63267	1.61661	615	0	-1.90611	0	20	20
0.00854199	0.00103995	1619.51	241.057	0.027036	404.561	209.348	1.63427	1.61661	615	0	-1.84017	0	20	20
0.00853902	0.00103173	1605.55	239.712	0.0232712	394.822	205.594	1.63597	1.61661	615	0	-1.77483	0	20	20
0.00853587	0.00102355	1591.65	238.261	0.0200306	385.176	201.85	1.63779	1.61661	615	0	-1.7101	0	20	20
0.00853252	0.00101543	1577.79	236.698	0.0172411	375.624	198.118	1.63972	1.61661	615	0	-1.64597	0	20	20
0.00852896	0.00100735	1563.99	235.016	0.01484	366.168	194.4	1.64177	1.61661	615	0	-1.58246	0	20	20
0.00852518	0.000999334	1550.24	233.209	0.0127733	356.81	190.696	1.64395	1.61661	615	0	-1.51955	0	20	20
0.00852118	0.000991365	1536.54	231.269	0.0109943	347.549	187.008	1.64627	1.61661	615	0	-1.45728	0	20	20
0.00851693	0.000983448	1522.88	229.188	0.00946308	338.388	183.336	1.64873	1.61661	615	0	-1.39564	0	20	20
0.00851244	0.000975582	1509.26	226.962	0.00814509	329.326	179.683	1.65134	1.61661	615	0	-1.33465	0	20	20
0.0085077	0.000967767	1495.68	224.581	0.00701065	320.366	176.048	1.65411	1.61661	615	0	-1.27434	0	20	20
0.00850269	0.000960004	1482.14	222.041	0.0060342	311.509	172.434	1.65703	1.61661	615	0	-1.21473	0	20	20
0.00849742	0.000952292	1468.63	219.334	0.00519374	302.756	168.841	1.66012	1.61661	615	0	-1.15586	0	20	20
0.00849188	0.000944632	1455.17	216.456	0.00447034	294.108	165.27	1.66337	1.61661	615	0	-1.09775	0	20	20
0.00848606	0.000937025	1441.74	213.401	0.00384768	285.57	161.724	1.66679	1.61661	615	0	-1.04047	0	20	20
0.00847998	0.000929471	1428.36	210.165	0.00331176	277.142	158.203	1.67038	1.61661	615	0	-0.984067	0	20	20
0.00847362	0.000921974	1415.02	206.745	0.00285047	268.829	154.71	1.67414	1.61661	615	0	-0.928597	0	20	20
0.00846701	0.000914535	1401.73	203.139	0.00245344	260.634	151.247	1.67807	1.61661	615	0	-0.874132	0	20	20
0.00846014	0.000907158	1388.49	199.346	0.0021117	252.563	147.815	1.68216	1.61661	615	0	-0.820749	0	20	20
0.00845303	0.000899847	1375.33	195.367	0.00181757	244.62	144.417	1.68641	1.61661	615	0	-0.768531	0	20	20
0.0084457	0.000892608	1362.24	191.204	0.0015644	236.812	141.057	1.69081	1.61661	615	0	-0.717565	0	20	20
0.00843815	0.000885448	1349.25	186.86	0.00134649	229.145	137.736	1.69535	1.61661	615	0	-0.667944	0	20	20
0.00843041	0.000878373	1336.36	182.341	0.00115894	221.629	134.459	1.70002	1.61661	615	0	-0.619766	0	20	20
0.0084225	0.000871394	1323.6	177.654	0.000997512	214.271	131.229	1.70481	1.61661	615	0	-0.573125	0	20	20
0.00841444	0.00086452	1310.98	172.808	0.000858568	207.081	128.05	1.70972	1.61661	615	0	-0.52812	0	20	20
0.00840625	0.000857763	1298.53	167.815	0.000738977	200.069	124.926	1.71472	1.61661	615	0	-0.484842	0	20	20
0.00839796	0.000851135	1286.28	162.687	0.000636045	193.245	121.861	1.7198	1.61661	615	0	-0.44338	0	20	20
0.00838957	0.000844652	1274.24	157.438	0.000547449	186.621	118.86	1.72497	1.61661	615	0	-0.403813	0	20	20
0.00838111	0.000838326	1262.45	152.086	0.000471194	180.206	115.927	1.7302	1.61661	615	0	-0.366212	0	20	20
0.00837259	0.00083217	1250.93	146.648	0.000405561	174.008	113.064	1.73548	1.61661	615	0	-0.330617	0	20	20
0.00834954	0.000827509	1239.7	141.142	0.00034907	168.023	110.273	1.7499	1.61661	615	0	-0.283984	0	20	20
0.00832338	0.000823321	1228.81	135.589	0.000300448	162.244	107.55	1.76645	1.61661	615	0	-0.238699	0	20	20
0.0082977	0.000819284	1218.25	130.009	0.000258598	156.664	104.895	1.7829	1.61661	615	0	-0.197829	0	20	20
0.00827277	0.000815368	1208.01	124.423	0.000222577	151.276	102.305	1.79907	1.61661	615	0	-0.161173	0	20	20
0.00824888	0.000811546	1198.1	118.853	0.000191574	146.073	99.7791	1.81475	1.61661	615	0	-0.128506	0	20	20
0.00822632	0.000807791	1188.51	113.318	0.000164889	141.048	97.3155	1.82971	1.61661	615	0	-0.0995855	0	20	20
0.00820541	0.000804074	1179.24	107.84	0.000141922	136.197	94.9128	1.84373	1.61661	615	0	-0.0741516	0	20	20
0.00818646	0.000800371	1170.29	102.438	0.000122153	131.513	92.5694	1.85657	1.61661	615	0	-0.0519364	0	20	20
0.00816975	0.000796657	1161.67	97.1305	0.000105138	126.989	90.2838	1.86798	1.61661	615	0	-0.0326667	0	20	20
0.00815555	0.000792911	1153.37	91.934	9.04933e-05	122.622	88.0547	1.87776	1.61661	615	0	-0.0160688	0	20	20
0.00814407	0.000789116	1145.4	86.8645	7.78883e-05	118.404	85.8806	1.88571	1.61661	615	0	-0.00187177	0	20	20
0.00813549	0.000785261	1137.76	81.9357	6.70391e-05	114.332	83.7602	1.89169	1.61661	615	0	0.0101886	0	20	20
0.00812989	0.000781339	1130.44	77.1597	5.77011e-05	110.399	81.6922	1.8956	1.61661	615	0	0.0203673	0	20	20
0.00812733	0.00077735	1123.46	72.5466	4.96638e-05	106.602	79.6752	1.89739	1.61661	615	0	0.0289072	0	20	20
0.00812775	0.0007733	1116.8	68.1049	4.2746e-05	102.936	77.708	1.8971	1.61661	615	0	0.0360368	0	20	20
0.00813105	0.0007692	1110.47	63.8409	3.67919e-05	99.3952	75.7894	1.89479	1.61661	615	0	0.0419685	0	20	20
0.00813706	0.000765067	1104.46	59.7594	3.1667e-05	95.9765	73.9181	1.89059	1.61661	615	0	0.0468965	0	20	20
0.00814557	0.000760919	1098.77	55.8634	2.72561e-05	92.6754	72.0931	1.88467	1.61661	615	0	0.0509961	0	20	20
0.00815633	0.000756777	1093.4	52.1542	2.34595e-05	89.4879	70.3131	1.87722	1.61661	615	0	0.0544229	0	20	20
0.00816908	0.000752662	1088.34	48.6317	2.01918e-05	86.41	68.5771	1.86844	1.61661	615	0	0.0573129	0	20	20
0.00818355	0.000748597	1083.57	45.2944	1.73792e-05	83.438	66.8839	1.85855	1.61661	615	0	0.0597826	0	20	20
0.00819948	0.000744599	1079.1	42.1399	1.49585e-05	80.5681	65.2325	1.84774	1.61661	615	0	0.0619306	0	20	20
0.00821661	0.000740687	1074.92	39.1644	1.28749e-05	77.797	63.6219	1.83621	1.61661	615	0	0.0638386	0	20	20
0.00823473	0.000736873	1071.01	36.3634	1.10815e-05	75.1212	62.0511	1.82412	1.61661	615	0	0.0655736	0	20	20
0.00825363	0.00073317	1067.37	33.7318	9.53793e-06	72.5375	60.5191	1.81161	1.61661	615	0	0.0671894	0	20	20
0.00827314	0.000729586	1063.99	31.2635	8.20938e-06	70.0426	59.0248	1.79883	1.61661	615	0	0.0687285	0	20	20
0.00829311	0.000726129	1060.86	28.9525	7.06588e-06	67.6335	57.5675	1.78586	1.61661	615	0	0.0702243	0	20	20
0.00831341	0.000722801	1057.97	26.792	6.08166e-06	65.3073	56.1462	1.77281	1.61661	615	0	0.0717022	0	20	20
0.00833394	0.000719604	1055.3	24.7752	5.23453e-06	63.0611	54.7599	1.75974	1.61661	615	0	0.0731816	0	20	20
0.00835459	0.000716541	1052.85	22.8951	4.5054e-06	60.8921	53.4079	1.74672	1.61661	615	0	0.0746767	0	20	20
0.00837531	0.00071361	1050.61	21.1447	3.87783e-06	58.7977	52.0892	1.73379	1.61661	615	0	0.0761979	0	20	20
0.00839602	0.000710809	1048.57	19.517	3.33768e-06	56.7754	50.8032	1.721	1.61661	615	0	0.0777522	0	20	20
0.00841667	0.000708136	1046.71	18.005	2.87277e-06	54.8226	49.5488	1.70836	1.61661	615	0	0.0793445	0	20	20
0.00843721	0.000705588	1045.04	16.6019	2.47262e-06	52.937	48.3255	1.69591	1.61661	615	0	0.0809775	0	20	20
0.00845761	0.000703163	1043.53	15.3012	2.1282e-06	51.1163	47.1323	1.68367	1.61661	615	0	0.0826527	0	20	20
0.00847759	0.000701024	1042.41	14.0964	1.83176e-06	49.3582	45.9686	1.6718	1.61661	615	0	0.0843976	0	20	20
0.00849686	0.000699338	1041.92	12.9814	1.57661e-06	47.6605	44.8336	1.66045	1.61661	615	0	0.0862391	0	20	20
0.00851539	0.000698099	1042.02	11.9502	1.357e-06	46.0213	43.7267	1.64963	1.61661	615	0	0.0881733	0	20	20
0.00853318	0.000697278	1042.7	10.9973	1.16798e-06	44.4384	42.6471	1.63933	1.61661	615	0	0.0901927	0	20	20
0.00855026	0.000696851	1043.91	10.1172	1.00529e-06	42.9099	41.5941	1.62953	1.61661	615	0	0.0922895	0	20	20
0.00856662	0.000696793	1045.62	9.30486	8.65262e-07	41.4341	40.5671	1.62021	1.61661	615	0	0.0944557	0	20	20
0.00858228	0.000697079	1047.79	8.55549	7.44738e-07	40.009	39.5655	1.61136	1.61661	615	0	0.0966832	0	20	20
0.00859726	0.000697688	1050.39	7.86456	6.41002e-07	38.6329	38.5887	1.60295	1.61661	615	0	0.0989642	0	20	20
0.00861157	0.000698598	1053.4	7.2278	5.51715e-07	37.3041	37.6359	1.59497	1.61661	615	0	0.101291	0	20	20
0.00862523	0.000699788	1056.79	6.64122	4.74866e-07	36.021	36.7067	1.5874	1.61661	615	0	0.103656	0	20	20
0.00863827	0.000701239	1060.52	6.10108	4.08721e-07	34.7821	35.8004	1.58023	1.61661	615	0	0.106052	0	20	20
0.0086507	0.000702931	1064.57	5.60389	3.51789e-07	33.5858	34.9165	1.57343	1.61661	615	0	0.108472	0	20	20
0.00866254	0.000704848	1068.92	5.14639	3.02788e-07	32.4306	34.0544	1.56698	1.61661	615	0	0.11091	0	20	20
0.00867382	0.000706972	1073.55	4.72553	2.60612e-07	31.3152	33.2136	1.56088	1.61661	615	0	0.113359	0	20	20
0.00868455	0.000709287	1078.42	4.3385	2.24311e-07	30.2381	32.3935	1.5551	1.61661	615	0	0.115815	0	20	20
0.00869475	0.000711778	1083.52	3.98267	1.93066e-07	29.1981	31.5937	1.54963	1.61661	615	0	0.11827	0	20	20
0.00870446	0.000714432	1088.84	3.6556	1.66173e-07	28.1938	30.8137	1.54445	1.61661	615	0	0.120722	0	20	20
0.00871368	0.000717233	1094.34	3.35503	1.43027e-07	27.2241	30.0529	1.53956	1.61661	615	0	0.123164	0	20	20
0.00872244	0.00072017	1100.02	3.07887	1.23104e-07	26.2878	29.3109	1.53492	1.61661	615	0	0.125594	0	20	20
0.00873076	0.000723231	1105.85	2.82519	1.05957e-07	25.3836	28.5872	1.53054	1.61661	615	0	0.128006	0	20	20
0.00873866	0.000726404	1111.83	2.5922	9.11979e-08	24.5105	27.8814	1.52639	1.61661	615	0	0.130398	0	20	20
0.00874616	0.000729678	1117.93	2.37825	7.84948e-08	23.6675	27.193	1.52247	1.61661	615	0	0.132766	0	20	20
0.00875327	0.000733044	1124.14	2.1818	6.75611e-08	22.8535	26.5216	1.51876	1.61661	615	0	0.135109	0	20	20
0.00876003	0.000736492	1130.44	2.00145	5.81504e-08	22.0674	25.8668	1.51525	1.61661	615	0	0.137422	0	20	20
0.00876643	0.000740012	1136.84	1.83591	5.00505e-08	21.3084	25.2281	1.51193	1.61661	615	0	0.139705	0	20	20
0.00877251	0.000743598	1143.31	1.68396	4.30789e-08	20.5755	24.6052	1.50879	1.61661	615	0	0.141956	0	20	20
0.00877827	0.00074724	1149.84	1.54451	3.70783e-08	19.8679	23.9977	1.50582	1.61661	615	0	0.144172	0	20	20
0.00878374	0.000750932	1156.42	1.41655	3.19136e-08	19.1845	23.4052	1.50301	1.61661	615	0	0.146352	0	20	20
0.00878892	0.000754666	1163.05	1.29914	2.74683e-08	18.5247	22.8273	1.50035	1.61661	615	0	0.148495	0	20	20
0.00879384	0.000758437	1169.71	1.19141	2.36422e-08	17.8875	22.2637	1.49784	1.61661	615	0	0.150601	0	20	20
0.0087985	0.000762238	1176.4	1.09258	2.0349e-08	17.2723	21.714	1.49546	1.61661	615	0	0.152668	0	20	20
0.00880293	0.000766063	1183.11	1.00191	1.75146e-08	16.6782	21.1779	1.4932	1.61661	615	0	0.154697	0	20	20
0.00880713	0.000769908	1189.82	0.918739	1.50749e-08	16.1046	20.655	1.49107	1.61661	615	0	0.156685	0	20	20
0.00881111	0.000773767	1196.54	0.842451	1.29751e-08	15.5507	20.145	1.48905	1.61661	615	0	0.158634	0	20	20
0.00881489	0.000777635	1203.26	0.772478	1.11678e-08	15.0158	19.6477	1.48713	1.61661	615	0	0.160543	0	20	20
0.00881848	0.000781509	1209.97	0.708301	9.61219e-09	14.4993	19.1626	1.48532	1.61661	615	0	0.162411	0	20	20
0.00882189	0.000785385	1216.67	0.649442	8.27329e-09	14.0006	18.6894	1.4836	1.61661	615	0	0.16424	0	20	20
0.00882513	0.000789259	1223.35	0.595463	7.12089e-09	13.5191	18.228	1.48196	1.61661	615	0	0.166029	0	20	20
0.0088282	0.000793126	1230	0.545961	6.129e-09	13.0541	17.7779	1.48042	1.61661	615	0	0.167778	0	20	20
0.00883112	0.000796986	1236.63	0.500566	5.27528e-09	12.6051	17.339	1.47895	1.61661	615	0	0.169487	0	20	20
0.0088339	0.000800833	1243.23	0.458939	4.54048e-09	12.1716	16.9109	1.47755	1.61661	615	0	0.171158	0	20	20
0.00883654	0.000804666	1249.79	0.420768	3.90803e-09	11.7529	16.4934	1.47623	1.61661	615	0	0.17279	0	20	20
0.00883906	0.000808482	1256.31	0.385766	3.36367e-09	11.3487	16.0861	1.47497	1.61661	615	0	0.174384	0	20	20
0.00884145	0.000812278	1262.79	0.353673	2.89514e-09	10.9584	15.689	1.47377	1.61661	615	0	0.175941	0	20	20
0.00884373	0.000816054	1269.23	0.324246	2.49187e-09	10.5815	15.3016	1.47263	1.61661	615	0	0.17746	0	20	20
0.0088459	0.000819805	1275.62	0.297264	2.14477e-09	10.2175	14.9238	1.47154	1.61661	615	0	0.178943	0	20	20
0.00884798	0.000823532	1281.96	0.272526	1.84602e-09	9.86609	14.5553	1.47051	1.61661	615	0	0.18039	0	20	20
0.00884995	0.000827231	1288.24	0.249844	1.58888e-09	9.52675	14.196	1.46953	1.61661	615	0	0.181802	0	20	20
0.00885184	0.000830903	1294.48	0.229048	1.36757e-09	9.19908	13.8455	1.46859	1.61661	615	0	0.183179	0	20	20
0.00885364	0.000834544	1300.66	0.209982	1.17707e-09	8.88268	13.5036	1.46769	1.61661	615	0	0.184522	0	20	20
0.00885537	0.000838154	1306.78	0.192502	1.01312e-09	8.57716	13.1702	1.46683	1.61661	615	0	0.185832	0	20	20
0.00885702	0.000841733	1312.84	0.176476	8.71998e-10	8.28216	12.845	1.46601	1.61661	615	0	0.187109	0	20	20
0.0088586	0.000845278	1318.84	0.161783	7.50536e-10	7.9973	12.5279	1.46523	1.61661	615	0	0.188355	0	20	20
0.00886011	0.000848789	1324.79	0.148313	6.45992e-10	7.72223	12.2186	1.46448	1.61661	615	0	0.189569	0	20	20
0.00886157	0.000852265	1330.67	0.135963	5.56011e-10	7.45663	11.9169	1.46375	1.61661	615	0	0.190752	0	20	20
0.00886297	0.000855705	1336.49	0.124642	4.78563e-10	7.20016	11.6227	1.46306	1.61661	615	0	0.191906	0	20	20
0.00886431	0.000859109	1342.24	0.114263	4.11903e-10	6.95251	11.3357	1.4624	1.61661	615	0	0.193031	0	20	20
0.0088656	0.000862476	1347.93	0.104747	3.54528e-10	6.71339	11.0558	1.46176	1.61661	615	0	0.194127	0	20	20
0.00886684	0.000865806	1353.56	0.0960243	3.05145e-10	6.48248	10.7829	1.46114	1.61661	615	0	0.195195	0	20	20
0.00886805	0.000869098	1359.12	0.0880273	2.62641e-10	6.25952	10.5166	1.46055	1.61661	615	0	0.196237	0	20	20
0.00886921	0.000872352	1364.62	0.0806961	2.26057e-10	6.04423	10.257	1.45998	1.61661	615	0	0.197252	0	20	20
0.00887033	0.000875568	1370.05	0.0739753	1.94569e-10	5.83634	10.0037	1.45942	1.61661	615	0	0.198241	0	20	20
0.00887141	0.000878745	1375.41	0.0678141	1.67467e-10	5.6356	9.75674	1.45889	1.61661	615	0	0.199205	0	20	20
0.00887246	0.000881883	1380.71	0.062166	1.4414e-10	5.44176	9.51585	1.45837	1.61661	615	0	0.200144	0	20	20
0.00887349	0.000884983	1385.95	0.0569881	1.24063e-10	5.2546	9.2809	1.45786	1.61661	615	0	0.20106	0	20	20
0.00887448	0.000888043	1391.11	0.0522415	1.06782e-10	5.07387	9.05175	1.45738	1.61661	615	0	0.201953	0	20	20
0.00887544	0.000891065	1396.22	0.0478901	9.1908e-11	4.89935	8.82826	1.4569	1.61661	615	0	0.202822	0	20	20
0.00887639	0.000894047	1401.26	0.0439011	7.91059e-11	4.73084	8.61029	1.45644	1.61661	615	0	0.20367	0	20	20
0.0088773	0.000896991	1406.23	0.0402443	6.80871e-11	4.56813	8.3977	1.45599	1.61661	615	0	0.204497	0	20	20
0.0088782	0.000899896	1411.14	0.036892	5.86031e-11	4.41101	8.19036	1.45554	1.61661	615	0	0.205302	0	20	20
0.00887908	0.000902762	1415.98	0.033819	5.04402e-11	4.25929	7.98814	1.45511	1.61661	615	0	0.206088	0	20	20
0.00887994	0.000905589	1420.76	0.0310019	4.34142e-11	4.1128	7.79092	1.45469	1.61661	615	0	0.206853	0	20	20
0.00888078	0.000908379	1425.48	0.0284195	3.7367e-11	3.97134	7.59856	1.45428	1.61661	615	0	0.2076	0	20	20
0.00888161	0.00091113	1430.14	0.0260521	3.21621e-11	3.83475	7.41095	1.45387	1.61661	615	0	0.208327	0	20	20
0.00888242	0.000913843	1434.73	0.0238819	2.76821e-11	3.70285	7.22797	1.45347	1.61661	615	0	0.209037	0	20	20
0.00888322	0.000916519	1439.26	0.0218925	2.38262e-11	3.57549	7.04951	1.45308	1.61661	615	0	0.209729	0	20	20
0.00888402	0.000919157	1443.73	0.0200688	2.05074e-11	3.45252	6.87546	1.45269	1.61661	615	0	0.210404	0	20	20
0.0088848	0.000921758	1448.13	0.018397	1.76509e-11	3.33377	6.7057	1.4523	1.61661	615	0	0.211062	0	20	20
0.00888557	0.000924323	1452.48	0.0168645	1.51923e-11	3.21911	6.54014	1.45193	1.61661	615	0	0.211704	0	20	20
0.00888633	0.000926851	1456.77	0.0154596	1.30761e-11	3.10839	6.37866	1.45155	1.61661	615	0	0.212331	0	20	20
0.00888708	0.000929343	1461	0.0141717	1.12547e-11	3.00147	6.22117	1.45118	1.61661	615	0	0.212942	0	20	20
0.00888783	0.0009318	1465.17	0.0129912	9.68703e-12	2.89824	6.06757	1.45082	1.61661	615	0	0.213538	0	20	20
0.00888858	0.000934221	1469.29	0.0119089	8.3377e-12	2.79856	5.91776	1.45045	1.61661	615	0	0.21412	0	20	20
0.00888932	0.000936607	1473.34	0.0109168	7.17633e-12	2.7023	5.77165	1.45009	1.61661	615	0	0.214689	0	20	20
0.00889005	0.000938959	1477.34	0.0100074	6.17672e-12	2.60936	5.62915	1.44973	1.61661	615	0	0.215243	0	20	20
0.00889078	0.000941276	1481.29	0.00917373	5.31635e-12	2.51961	5.49017	1.44937	1.61661	615	0	0.215784	0	20	20
0.00889151	0.00094356	1485.18	0.0084095	4.57583e-12	2.43295	5.35461	1.44902	1.61661	615	0	0.216313	0	20	20
0.00889223	0.000945811	1489.01	0.00770893	3.93845e-12	2.34927	5.22241	1.44866	1.61661	615	0	0.216829	0	20	20
0.00889296	0.000948028	1492.8	0.00706672	3.38986e-12	2.26847	5.09347	1.44831	1.61661	615	0	0.217333	0	20	20
0.00889368	0.000950214	1496.53	0.00647802	2.91768e-12	2.19044	4.96771	1.44796	1.61661	615	0	0.217826	0	20	20
0.0088944	0.000952367	1500.21	0.00593835	2.51127e-12	2.1151	4.84505	1.4476	1.61661	615	0	0.218307	0	20	20
0.00889512	0.000954489	1503.84	0.00544364	2.16147e-12	2.04235	4.72543	1.44725	1.61661	615	0	0.218777	0	20	20
0.00889584	0.000956579	1507.41	0.00499015	1.86039e-12	1.97211	4.60876	1.4469	1.61661	615	0	0.219237	0	20	20
0.00889657	0.000958639	1510.94	0.00457443	1.60125e-12	1.90428	4.49497	1.44655	1.61661	615	0	0.219686	0	20	20
0.00889729	0.000960669	1514.42	0.00419334	1.37821e-12	1.83878	4.38399	1.4462	1.61661	615	0	0.220125	0	20	20
0.00889801	0.000962669	1517.85	0.003844	1.18624e-12	1.77554	4.27575	1.44584	1.61661	615	0	0.220554	0	20	20
0.00889874	0.00096464	1521.24	0.00352377	1.02101e-12	1.71447	4.17018	1.44549	1.61661	615	0	0.220974	0	20	20
0.00889946	0.000966582	1524.58	0.00323021	8.78787e-13	1.6555	4.06721	1.44514	1.61661	615	0	0.221385	0	20	20
0.00890019	0.000968495	1527.87	0.00296111	7.56379e-13	1.59856	3.96679	1.44478	1.61661	615	0	0.221787	0	20	20
0.00890092	0.000970381	1531.12	0.00271442	6.51022e-13	1.54358	3.86885	1.44443	1.61661	615	0	0.222181	0	20	20
0.00890166	0.000972239	1534.32	0.00248829	5.60339e-13	1.49049	3.77333	1.44407	1.61661	615	0	0.222566	0	20	20
0.00890239	0.00097407	1537.48	0.00228099	4.82289e-13	1.43922	3.68017	1.44371	1.61661	615	0	0.222942	0	20	20
0.00890313	0.000975874	1540.6	0.00209097	4.1511e-13	1.38972	3.5893	1.44335	1.61661	615	0	0.223312	0	20	20
0.00890387	0.000977652	1543.67	0.00191677	3.57288e-13	1.34192	3.50068	1.44299	1.61661	615	0	0.223673	0	20	20
0.00890462	0.000979405	1546.71	0.00175709	3.07521e-13	1.29577	3.41425	1.44263	1.61661	615	0	0.224027	0	20	20
0.00890537	0.000981132	1549.7	0.00161071	2.64686e-13	1.2512	3.32995	1.44226	1.61661	615	0	0.224374	0	20	20
0.00890612	0.000982834	1552.65	0.00147652	2.27817e-13	1.20817	3.24774	1.4419	1.61661	615	0	0.224714	0	20	20
0.00890687	0.000984512	1555.57	0.00135351	1.96084e-13	1.16661	3.16755	1.44153	1.61661	615	0	0.225047	0	20	20
0.00890763	0.000986165	1558.44	0.00124075	1.68771e-13	1.12649	3.08934	1.44116	1.61661	615	0	0.225374	0	20	20
0.00890839	0.000987795	1561.28	0.00113739	1.45263e-13	1.08774	3.01307	1.44079	1.61661	615	0	0.225694	0	20	20
0.00890916	0.000989402	1564.08	0.00104263	1.25029e-13	1.05033	2.93867	1.44042	1.61661	615	0	0.226009	0	20	20
0.00890993	0.000990987	1566.85	0.000955774	1.07613e-13	1.0142	2.86612	1.44005	1.61661	615	0	0.226317	0	20	20
0.0089107	0.000992548	1569.58	0.000876149	9.26235e-14	0.97932	2.79535	1.43967	1.61661	615	0	0.22662	0	20	20
0.00891148	0.000994088	1572.27	0.000803158	7.97218e-14	0.945637	2.72634	1.4393	1.61661	615	0	0.226917	0	20	20
0.00891226	0.000995607	1574.93	0.000736248	6.86172e-14	0.913112	2.65902	1.43892	1.61661	615	0	0.227209	0	20	20
0.00891305	0.000997104	1577.55	0.000674912	5.90593e-14	0.881706	2.59337	1.43854	1.61661	615	0	0.227495	0	20	20
0.00891383	0.00099858	1580.15	0.000618686	5.08329e-14	0.85138	2.52934	1.43816	1.61661	615	0	0.227777	0	20	20
0.00891463	0.00100004	1582.71	0.000567144	4.37522e-14	0.822097	2.46689	1.43777	1.61661	615	0	0.228053	0	20	20
0.00891542	0.00100147	1585.23	0.000519896	3.76579e-14	0.793822	2.40598	1.43739	1.61661	615	0	0.228325	0	20	20
0.00891623	0.00100289	1587.73	0.000476584	3.24125e-14	0.766518	2.34658	1.437	1.61661	615	0	0.228592	0	20	20
0.00891703	0.00100429	1590.2	0.00043688	2.78977e-14	0.740154	2.28864	1.43661	1.61661	615	0	0.228855	0	20	20
0.00891784	0.00100566	1592.63	0.000400484	2.40117e-14	0.714697	2.23213	1.43622	1.61661	615	0	0.229113	0	20	20
0.00891865	0.00100702	1595.04	0.00036712	2.06671e-14	0.690115	2.17702	1.43583	1.61661	615	0	0.229367	0	20	20
0.00891947	0.00100837	1597.42	0.000336535	1.77883e-14	0.666379	2.12327	1.43543	1.61661	615	0	0.229617	0	20	20
0.00892029	0.00100969	1599.76	0.000308499	1.53106e-14	0.643459	2.07085	1.43504	1.61661	615	0	0.229864	0	20	20
0.00892111	0.001011	1602.09	0.000282798	1.31779e-14	0.621328	2.01972	1.43464	1.61661	615	0	0.230106	0	20	20
0.00892194	0.00101229	1604.38	0.000259239	1.13423e-14	0.599957	1.96985	1.43424	1.61661	615	0	0.230345	0	20	20
0.00892277	0.00101356	1606.65	0.000237642	9.76244e-15	0.579322	1.92122	1.43384	1.61661	615	0	0.23058	0	20	20
0.00892361	0.00101481	1608.89	0.000217844	8.40261e-15	0.559397	1.87378	1.43344	1.61661	615	0	0.230811	0	20	20
0.00892445	0.00101605	1611.1	0.000199696	7.2322e-15	0.540156	1.82752	1.43303	1.61661	615	0	0.23104	0	20	20
0.00892529	0.00101728	1613.29	0.000183059	6.22481e-15	0.521578	1.7824	1.43263	1.61661	615	0	0.231265	0	20	20
0.00892614	0.00101849	1615.46	0.000167809	5.35774e-15	0.503638	1.73839	1.43222	1.61661	615	0	0.231487	0	20	20
0.00892699	0.00101968	1617.6	0.000153829	4.61145e-15	0.486316	1.69547	1.43181	1.61661	615	0	0.231705	0	20	20
0.00892784	0.00102086	1619.72	0.000141013	3.96911e-15	0.469589	1.65361	1.4314	1.61661	615	0	0.231921	0	20	20
0.0089287	0.00102202	1621.81	0.000129266	3.41625e-15	0.453438	1.61278	1.43099	1.61661	615	0	0.232134	0	20	20
0.00892956	0.00102317	1623.88	0.000118497	2.94039e-15	0.437842	1.57296	1.43057	1.61661	615	0	0.232345	0	20	20
0.00893042	0.00102431	1625.93	0.000108625	2.53082e-15	0.422783	1.53412	1.43016	1.61661	615	0	0.232552	0	20	20
0.00893129	0.00102543	1627.96	9.95753e-05	2.1783e-15	0.408241	1.49624	1.42974	1.61661	615	0	0.232757	0	20	20
0.00893216	0.00102654	1629.96	9.12798e-05	1.87488e-15	0.3942	1.4593	1.42933	1.61661	615	0	0.23296	0	20	20
0.00893303	0.00102764	1631.95	8.36754e-05	1.61372e-15	0.380642	1.42327	1.42891	1.61661	615	0	0.23316	0	20	20
0.0089339	0.00102872	1633.91	7.67044e-05	1.38894e-15	0.36755	1.38813	1.42849	1.61661	615	0	0.233357	0	20	20
0.00893478	0.00102979	1635.86	7.03143e-05	1.19547e-15	0.354908	1.35386	1.42807	1.61661	615	0	0.233553	0	20	20
0.00893566	0.00103085	1637.78	6.44564e-05	1.02895e-15	0.342701	1.32043	1.42764	1.61661	615	0	0.233746	0	20	20
0.00893655	0.00103189	1639.69	5.90866e-05	8.85629e-16	0.330914	1.28783	1.42722	1.61661	615	0	0.233937	0	20	20
0.00893743	0.00103292	1641.57	5.41642e-05	7.62268e-16	0.319532	1.25603	1.42679	1.61661	615	0	0.234126	0	20	20
0.00893832	0.00103395	1643.44	4.96518e-05	6.5609e-16	0.308542	1.22502	1.42637	1.61661	615	0	0.234313	0	20	20
0.00893922	0.00103496	1645.29	4.55154e-05	5.64702e-16	0.29793	1.19478	1.42594	1.61661	615	0	0.234498	0	20	20
0.00894011	0.00103596	1647.12	4.17235e-05	4.86043e-16	0.287683	1.16528	1.42551	1.61661	615	0	0.234681	0	20	20
0.008941	0.00103695	1648.94	3.82476e-05	4.18342e-16	0.277788	1.13651	1.42509	1.61661	615	0	0.234862	0	20	20
0.00894189	0.00103794	1650.76	3.50612e-05	3.6007e-16	0.268234	1.10845	1.42466	1.61661	615	0	0.235043	0	20	20
0.00894275	0.00103894	1652.59	3.21403e-05	3.09915e-16	0.259008	1.08108	1.42425	1.61661	615	0	0.235223	0	20	20
0.00894359	0.00103995	1654.43	2.94627e-05	2.66746e-16	0.250099	1.05439	1.42385	1.61661	615	0	0.235403	0	20	20
0.00894442	0.00104097	1656.29	2.70082e-05	2.29591e-16	0.241497	1.02835	1.42345	1.61661	615	0	0.235582	0	20	20
0.00894523	0.001042	1658.15	2.47582e-05	1.97611e-16	0.233191	1.00296	1.42307	1.61661	615	0	0.235762	0	20	20
0.00894602	0.00104303	1660.03	2.26956e-05	1.70085e-16	0.225171	0.9782	1.42269	1.61661	615	0	0.235941	0	20	20
0.00894679	0.00104408	1661.91	2.08048e-05	1.46393e-16	0.217426	0.954048	1.42232	1.61661	615	0	0.23612	0	20	20
0.00894754	0.00104512	1663.81	1.90716e-05	1.26002e-16	0.209948	0.930492	1.42196	1.61661	615	0	0.236298	0	20	20
0.00894828	0.00104618	1665.71	1.74828e-05	1.08451e-16	0.202727	0.907518	1.42161	1.61661	615	0	0.236476	0	20	20
0.008949	0.00104724	1667.62	1.60263e-05	9.33446e-17	0.195754	0.885112	1.42127	1.61661	615	0	0.236654	0	20	20
0.00894971	0.00104831	1669.54	1.46911e-05	8.03424e-17	0.189021	0.863258	1.42093	1.61661	615	0	0.236832	0	20	20
0.0089504	0.00104938	1671.47	1.34672e-05	6.91514e-17	0.18252	0.841944	1.4206	1.61661	615	0	0.237009	0	20	20
0.00895107	0.00105046	1673.4	1.23453e-05	5.95191e-17	0.176242	0.821156	1.42028	1.61661	615	0	0.237187	0	20	20
0.00895173	0.00105155	1675.35	1.13168e-05	5.12286e-17	0.17018	0.800882	1.41997	1.61661	615	0	0.237364	0	20	20
0.00895238	0.00105264	1677.3	1.0374e-05	4.40929e-17	0.164327	0.781108	1.41966	1.61661	615	0	0.237541	0	20	20
0.00895301	0.00105374	1679.25	9.50977e-06	3.79511e-17	0.158675	0.761823	1.41936	1.61661	615	0	0.237717	0	20	20
0.00895362	0.00105484	1681.21	8.71752e-06	3.26648e-17	0.153218	0.743013	1.41907	1.61661	615	0	0.237893	0	20	20
0.00895422	0.00105594	1683.18	7.99127e-06	2.81149e-17	0.147948	0.724668	1.41879	1.61661	615	0	0.23807	0	20	20
0.00895481	0.00105706	1685.15	7.32553e-06	2.41987e-17	0.142859	0.706776	1.41851	1.61661	615	0	0.238245	0	20	20
0.00895538	0.00105817	1687.13	6.71524e-06	2.0828e-17	0.137946	0.689326	1.41824	1.61661	615	0	0.238421	0	20	20
0.00895594	0.00105929	1689.11	6.1558e-06	1.79268e-17	0.133201	0.672306	1.41797	1.61661	615	0	0.238596	0	20	20
0.00895648	0.00106041	1691.1	5.64297e-06	1.54298e-17	0.12862	0.655707	1.41771	1.61661	615	0	0.238771	0	20	20
0.00895702	0.00106154	1693.09	5.17286e-06	1.32805e-17	0.124196	0.639517	1.41746	1.61661	615	0	0.238946	0	20	20
0.00895753	0.00106267	1695.09	4.74191e-06	1.14306e-17	0.119924	0.623728	1.41721	1.61661	615	0	0.239121	0	20	20
0.00895804	0.0010638	1697.08	4.34686e-06	9.83845e-18	0.115799	0.608328	1.41697	1.61661	615	0	0.239295	0	20	20
0.00895854	0.00106493	1699.09	3.98473e-06	8.46803e-18	0.111816	0.593308	1.41674	1.61661	615	0	0.23947	0	20	20
0.00895902	0.00106607	1701.09	3.65277e-06	7.2885e-18	0.107971	0.578659	1.41651	1.61661	615	0	0.239643	0	20	20
0.00895949	0.00106721	1703.1	3.34846e-06	6.27327e-18	0.104257	0.564372	1.41628	1.61661	615	0	0.239817	0	20	20
0.00895995	0.00106836	1705.11	3.0695e-06	5.39946e-18	0.100671	0.550438	1.41607	1.61661	615	0	0.23999	0	20	20
0.00896039	0.0010695	1707.12	2.81378e-06	4.64735e-18	0.0972086	0.536847	1.41586	1.61661	615	0	0.240163	0	20	20
0.00896083	0.00107065	1709.14	2.57937e-06	4.00001e-18	0.0938651	0.523592	1.41565	1.61661	615	0	0.240336	0	20	20
0.00896125	0.0010718	1711.15	2.36448e-06	3.44284e-18	0.0906367	0.510665	1.41545	1.61661	615	0	0.240509	0	20	20
0.00896166	0.00107296	1713.17	2.1675e-06	2.96328e-18	0.0875192	0.498057	1.41525	1.61661	615	0	0.240681	0	20	20
0.00896206	0.00107411	1715.19	1.98693e-06	2.55052e-18	0.0845091	0.48576	1.41506	1.61661	615	0	0.240853	0	20	20
0.00896246	0.00107526	1717.21	1.8214e-06	2.19525e-18	0.0816024	0.473766	1.41488	1.61661	615	0	0.241024	0	20	20
0.00896284	0.00107642	1719.23	1.66966e-06	1.88947e-18	0.0787957	0.462069	1.4147	1.61661	615	0	0.241196	0	20	20
0.00896321	0.00107758	1721.25	1.53056e-06	1.62628e-18	0.0760856	0.45066	1.41452	1.61661	615	0	0.241366	0	20	20
0.00896357	0.00107874	1723.27	1.40305e-06	1.39976e-18	0.0734686	0.439533	1.41435	1.61661	615	0	0.241537	0	20	20
0.00896392	0.0010799	1725.3	1.28616e-06	1.20478e-18	0.0709417	0.428681	1.41419	1.61661	615	0	0.241707	0	20	20
0.00896426	0.00108106	1727.32	1.17902e-06	1.03696e-18	0.0685017	0.418097	1.41403	1.61661	615	0	0.241877	0	20	20
0.00896459	0.00108222	1729.34	1.08079e-06	8.92524e-19	0.0661456	0.407774	1.41387	1.61661	615	0	0.242047	0	20	20
0.00896491	0.00108338	1731.36	9.90753e-07	7.68203e-19	0.0638706	0.397706	1.41372	1.61661	615	0	0.242216	0	20	20
0.00896522	0.00108454	1733.38	9.08214e-07	6.61198e-19	0.0616738	0.387887	1.41357	1.61661	615	0	0.242384	0	20	20
0.00896552	0.00108571	1735.4	8.32552e-07	5.69098e-19	0.0595525	0.37831	1.41343	1.61661	615	0	0.242553	0	20	20
0.00896581	0.00108687	1737.41	7.63192e-07	4.89828e-19	0.0575042	0.368969	1.41329	1.61661	615	0	0.242721	0	20	20
0.0089661	0.00108803	1739.43	6.99611e-07	4.21598e-19	0.0555264	0.359859	1.41316	1.61661	615	0	0.242888	0	20	20
0.00896637	0.00108919	1741.44	6.41327e-07	3.62873e-19	0.0536166	0.350975	1.41303	1.61661	615	0	0.243055	0	20	20
0.00896664	0.00109035	1743.46	5.87899e-07	3.12328e-19	0.0517725	0.342309	1.4129	1.61661	615	0	0.243222	0	20	20
0.0089669	0.00109151	1745.47	5.38922e-07	2.68823e-19	0.0499918	0.333857	1.41278	1.61661	615	0	0.243388	0	20	20
0.00896715	0.00109267	1747.47	4.94025e-07	2.31378e-19	0.0482723	0.325614	1.41266	1.61661	615	0	0.243554	0	20	20
0.00896739	0.00109383	1749.48	4.52868e-07	1.99149e-19	0.046612	0.317575	1.41255	1.61661	615	0	0.243719	0	20	20
0.00896762	0.00109499	1751.48	4.1514e-07	1.71409e-19	0.0450088	0.309734	1.41244	1.61661	615	0	0.243884	0	20	20
0.00896785	0.00109615	1753.48	3.80555e-07	1.47533e-19	0.0434608	0.302087	1.41233	1.61661	615	0	0.244048	0	20	20
0.00896806	0.00109731	1755.48	3.48851e-07	1.26983e-19	0.041966	0.294628	1.41223	1.61661	615	0	0.244212	0	20	20
0.00896827	0.00109846	1757.47	3.19789e-07	1.09295e-19	0.0405226	0.287354	1.41213	1.61661	615	0	0.244376	0	20	20
