0.0172822	
0.00599158	
0.00376208	
0.00271902	
0.00207936	
0.00171542	
0.00137392	
0.00108522	
0.000854851	
0.000708523	
0.000638701	
0.000633352	
0.000675465	
0.000749588	
0.000842014	
0.000961133	
0.00110904	
0.00128393	
0.00149989	
0.00176912	
0.00210768	
0.00253568	
0.00305706	
0.0037068	
0.00447061	
0.00534216	
0.00632191	
0.00741692	
0.00861368	
0.00990672	
0.011309	
0.0127712	
0.0142961	
0.0158503	
0.0173777	
0.0188205	
0.0200933	
0.021097	
0.0217393	
0.0219674	
0.021773	
0.0212256	
0.0204427	
0.0195375	
0.0186152	
0.0177418	
0.016958	
0.0162776	
0.0157021	
0.0152249	
0.0148345	
0.0145196	
0.0142689	
0.0148279	
0.0155493	
0.0161472	
0.01662	
0.0169736	
0.0172189	
0.0173702	
0.0174428	
0.0174518	
0.0174106	
0.0173314	
0.0172238	
0.0170959	
0.0169539	
0.0168026	
0.0166455	
0.0164854	
0.0163242	
0.0161632	
0.0160034	
