0.00873855	0.000687714	1096.05	150.675	76.5	0	0	1.52645	1.61661	615	0	0.150629	0	20	20
0.00882848	0.000731022	1175.86	150.586	76.4694	58.383	19.6748	1.48027	1.61661	615	0	-0.313983	0	20	20
0.00881359	0.000828689	1331.52	150.496	76.4339	171.203	58.0765	1.48779	1.61661	615	0	-1.08857	0	20	20
0.00870793	0.000931062	1481.77	150.404	76.3927	280.274	95.5745	1.54261	1.61661	615	0	-1.66843	0	20	20
0.00856999	0.00103467	1626.54	150.31	76.3448	385.714	132.188	1.6183	1.61661	615	0	-2.11625	0	20	20
0.0084207	0.00113821	1766.01	150.215	76.2893	487.645	167.937	1.70591	1.61661	615	0	-2.47349	0	20	20
0.00826867	0.00124111	1900.51	150.118	76.2249	586.186	202.842	1.80174	1.61661	615	0	-2.767	0	20	20
0.00811776	0.00134312	2030.34	150.02	76.1502	681.459	236.927	1.90411	1.61661	615	0	-3.01435	0	20	20
0.00796974	0.00144411	2155.83	149.919	76.0636	773.588	270.215	2.01218	1.61661	615	0	-3.22733	0	20	20
0.00782539	0.001544	2277.25	149.817	75.9633	862.701	302.733	2.12561	1.61661	615	0	-3.41411	0	20	20
0.00768498	0.00164279	2394.83	149.713	75.847	948.929	334.509	2.24425	1.61661	615	0	-3.58047	0	20	20
0.00754853	0.00174046	2508.81	149.608	75.7124	1032.41	365.574	2.36817	1.61661	615	0	-3.73062	0	20	20
0.00741591	0.00183704	2619.39	149.5	75.5566	1113.28	395.961	2.4975	1.61661	615	0	-3.86771	0	20	20
0.00728693	0.00193259	2726.8	149.391	75.3764	1191.69	425.706	2.63249	1.61661	615	0	-3.99417	0	20	20
0.00716132	0.00202716	2831.23	149.279	75.1681	1267.79	454.85	2.77345	1.61661	615	0	-4.11185	0	20	20
0.00703883	0.00212084	2932.91	149.166	74.9275	1341.76	483.435	2.92078	1.61661	615	0	-4.22226	0	20	20
0.00691916	0.00221375	3032.06	149.051	74.6499	1413.75	511.509	3.07497	1.61661	615	0	-4.32657	0	20	20
0.00680201	0.00230603	3128.92	148.934	74.33	1483.96	539.123	3.2366	1.61661	615	0	-4.42579	0	20	20
0.00668709	0.00239782	3223.72	148.814	73.9617	1552.57	566.332	3.40635	1.61661	615	0	-4.52074	0	20	20
0.00657408	0.00248933	3316.73	148.693	73.5383	1619.79	593.197	3.58504	1.61661	615	0	-4.61213	0	20	20
0.00646269	0.00258074	3408.21	148.57	73.0526	1685.82	619.781	3.77364	1.61661	615	0	-4.70057	0	20	20
0.00635258	0.00267229	3498.44	148.444	72.4961	1750.89	646.151	3.97329	1.61661	615	0	-4.78661	0	20	20
0.00624171	0.00276477	3587.71	148.317	71.8602	1815.23	672.377	4.18881	1.61661	615	0	-4.8734	0	20	20
0.00613044	0.00285828	3676.31	148.187	71.1353	1879.05	698.532	4.42105	1.61661	615	0	-4.96035	0	20	20
0.00601901	0.00295295	3764.53	148.055	70.3111	1942.59	724.689	4.67117	1.61661	615	0	-5.04707	0	20	20
0.00590703	0.00304912	3852.63	147.92	69.3773	2006.06	750.917	4.94188	1.61661	615	0	-5.13406	0	20	20
0.00579454	0.00314697	3940.9	147.783	68.323	2069.67	777.285	5.23533	1.61661	615	0	-5.2212	0	20	20
0.00568134	0.00324675	4029.54	147.645	67.1377	2133.6	803.849	5.55455	1.61661	615	0	-5.30868	0	20	20
0.00556728	0.00334867	4118.74	147.503	65.8111	2197.99	830.657	5.90299	1.61661	615	0	-5.39669	0	20	20
0.00545204	0.00345298	4208.62	147.359	64.3342	2262.93	857.741	6.28527	1.61661	615	0	-5.48573	0	20	20
0.00533578	0.00355968	4299.2	147.213	62.6995	2328.45	885.108	6.70512	1.61661	615	0	-5.57553	0	20	20
0.00521858	0.00366874	4390.42	147.065	60.9015	2394.5	912.742	7.16708	1.61661	615	0	-5.66607	0	20	20
0.00510061	0.00378	4482.08	146.913	58.9379	2460.93	940.596	7.67596	1.61661	615	0	-5.75725	0	20	20
0.00498216	0.00389314	4573.85	146.76	56.8097	2527.52	968.584	8.23659	1.61661	615	0	-5.8489	0	20	20
0.00486364	0.00400769	4665.26	146.603	54.5225	2593.88	996.584	8.85353	1.61661	615	0	-5.94073	0	20	20
0.0047456	0.00412296	4755.69	146.445	52.086	2659.57	1024.44	9.53074	1.61661	615	0	-6.03236	0	20	20
0.00462873	0.00423811	4844.37	146.283	49.5151	2723.99	1051.94	10.2711	1.61661	615	0	-6.12328	0	20	20
0.00451379	0.00435211	4930.44	146.119	46.8297	2786.5	1078.86	11.0758	1.61661	615	0	-6.21298	0	20	20
0.00440165	0.0044638	5012.91	145.952	44.0538	2846.34	1104.95	11.9441	1.61661	615	0	-6.3008	0	20	20
0.00429325	0.00457191	5090.78	145.782	41.2153	2902.75	1129.93	12.8719	1.61661	615	0	-6.38604	0	20	20
0.00418952	0.0046751	5163.01	145.61	38.3448	2954.96	1153.53	13.8519	1.61661	615	0	-6.46801	0	20	20
0.00409133	0.00477209	5228.64	145.434	35.4743	3002.22	1175.47	14.8732	1.61661	615	0	-6.54603	0	20	20
0.00399952	0.00486165	5286.8	145.256	32.6358	3043.88	1195.53	15.9212	1.61661	615	0	-6.61946	0	20	20
0.00391478	0.00494268	5336.76	145.075	29.8599	3079.39	1213.5	16.9777	1.61661	615	0	-6.68773	0	20	20
0.00383768	0.0050143	5377.97	144.891	27.1745	3108.33	1229.21	18.0216	1.61661	615	0	-6.75033	0	20	20
0.00376855	0.00507586	5410.07	144.703	24.6037	3130.44	1242.56	19.0316	1.61661	615	0	-6.80703	0	20	20
0.00370756	0.00512697	5432.92	144.513	22.1672	3145.6	1253.49	19.9864	1.61661	615	0	-6.85768	0	20	20
0.00365488	0.00516738	5446.57	144.32	19.8799	3153.86	1261.98	20.8631	1.61661	615	0	-6.90185	0	20	20
0.00361024	0.00519725	5451.24	144.123	17.7517	3155.4	1268.09	21.6468	1.61661	615	0	-6.93989	0	20	20
0.00357347	0.00521679	5447.31	143.924	15.7881	3150.51	1271.88	22.3219	1.61661	615	0	-6.97165	0	20	20
0.0035433	0.00522699	5435.29	143.721	13.9901	3139.58	1273.48	22.8969	1.61661	615	0	-6.98845	0	20	20
0.0035185	0.00522891	5415.78	143.515	12.3554	3123.07	1273.02	23.3845	1.61661	615	0	-6.9817	0	20	20
0.00349848	0.0052233	5389.45	143.306	10.8785	3101.47	1270.66	23.7883	1.61661	615	0	-6.95359	0	20	20
0.00348296	0.00521072	5356.99	143.093	9.55195	3075.31	1266.55	24.1076	1.61661	615	0	-6.90585	0	20	20
0.00347124	0.00519204	5319.08	142.877	8.36659	3045.1	1260.88	24.3527	1.61661	615	0	-6.84124	0	20	20
0.00346309	0.00516781	5276.4	142.657	7.31231	3011.36	1253.79	24.5249	1.61661	615	0	-6.76143	0	20	20
0.00345803	0.00513873	5229.58	142.435	6.37848	2974.57	1245.46	24.6328	1.61661	615	0	-6.66874	0	20	20
0.0034556	0.00510546	5179.22	142.208	5.55436	2935.19	1236.02	24.6848	1.61661	615	0	-6.56528	0	20	20
0.0034556	0.00506849	5125.87	141.978	4.8294	2893.64	1225.63	24.6848	1.61661	615	0	-6.45259	0	20	20
0.00345757	0.00502841	5070.01	141.745	4.19349	2850.29	1214.39	24.6425	1.61661	615	0	-6.33261	0	20	20
0.00346128	0.00498568	5012.1	141.507	3.63707	2805.48	1202.43	24.5635	1.61661	615	0	-6.20678	0	20	20
0.00346655	0.00494065	4952.52	141.266	3.15127	2759.51	1189.86	24.4516	1.61661	615	0	-6.07621	0	20	20
0.00347304	0.00489378	4891.63	141.022	2.72794	2712.65	1176.76	24.3148	1.61661	615	0	-5.94233	0	20	20
0.00348059	0.00484535	4829.7	140.773	2.35965	2665.11	1163.2	24.1569	1.61661	615	0	-5.80606	0	20	20
0.00348912	0.0047956	4767.02	140.521	2.03971	2617.11	1149.27	23.9802	1.61661	615	0	-5.66808	0	20	20
0.0034984	0.00474482	4703.79	140.265	1.76213	2568.81	1135.02	23.79	1.61661	615	0	-5.52929	0	20	20
0.00350827	0.00469323	4640.21	140.005	1.52155	2520.34	1120.51	23.5897	1.61661	615	0	-5.39035	0	20	20
0.00351874	0.00464096	4576.44	139.742	1.31324	2471.85	1105.78	23.3796	1.61661	615	0	-5.25158	0	20	20
0.00352971	0.00458816	4512.61	139.474	1.13301	2423.41	1090.87	23.1624	1.61661	615	0	-5.11344	0	20	20
0.00354095	0.00453505	4448.85	139.202	0.977206	2375.13	1075.81	22.9425	1.61661	615	0	-4.97654	0	20	20
0.00355257	0.00448163	4385.24	138.926	0.842585	2327.07	1060.64	22.7182	1.61661	615	0	-4.84087	0	20	20
0.00356451	0.00442801	4321.86	138.646	0.726331	2279.3	1045.38	22.4907	1.61661	615	0	-4.70667	0	20	20
0.0035766	0.00437432	4258.79	138.362	0.625985	2231.85	1030.05	22.2632	1.61661	615	0	-4.57434	0	20	20
0.00358889	0.00432059	4196.08	138.074	0.539403	2184.77	1014.68	22.0353	1.61661	615	0	-4.44392	0	20	20
0.0036014	0.00426685	4133.77	137.781	0.464724	2138.1	999.267	21.8065	1.61661	615	0	-4.31543	0	20	20
0.00361408	0.00421315	4071.91	137.484	0.400329	2091.85	983.839	21.5778	1.61661	615	0	-4.18902	0	20	20
0.00362679	0.0041596	4010.52	137.183	0.344818	2046.05	968.405	21.3517	1.61661	615	0	-4.06494	0	20	20
0.00363967	0.00410616	3949.63	136.878	0.296973	2000.72	952.977	21.1258	1.61661	615	0	-3.943	0	20	20
0.00365271	0.00405283	3889.26	136.568	0.255745	1955.87	937.564	20.9003	1.61661	615	0	-3.82327	0	20	20
0.00366582	0.00399971	3829.44	136.254	0.220224	1911.51	922.176	20.677	1.61661	615	0	-3.70589	0	20	20
0.00367899	0.0039468	3770.17	135.935	0.189625	1867.66	906.82	20.4558	1.61661	615	0	-3.59087	0	20	20
0.0036923	0.00389407	3711.48	135.612	0.163268	1824.3	891.504	20.2353	1.61661	615	0	-3.47811	0	20	20
0.00370576	0.00384155	3653.36	135.284	0.140567	1781.46	876.235	20.0156	1.61661	615	0	-3.36762	0	20	20
0.00371924	0.00378931	3595.84	134.952	0.121018	1739.14	861.018	19.7987	1.61661	615	0	-3.25955	0	20	20
0.00373283	0.00373731	3538.92	134.615	0.104184	1697.33	845.861	19.5834	1.61661	615	0	-3.15379	0	20	20
0.00374656	0.00368556	3482.61	134.273	0.0896893	1656.05	830.768	19.3688	1.61661	615	0	-3.0503	0	20	20
0.00376044	0.00363407	3426.92	133.927	0.0772089	1615.3	815.745	19.1551	1.61661	615	0	-2.94906	0	20	20
0.00377435	0.00358289	3371.86	133.576	0.0664636	1575.07	800.797	18.944	1.61661	615	0	-2.85021	0	20	20
0.00378839	0.00353201	3317.43	133.22	0.0572127	1535.38	785.93	18.7342	1.61661	615	0	-2.75363	0	20	20
0.00380259	0.00348142	3263.64	132.86	0.0492485	1496.22	771.149	18.5251	1.61661	615	0	-2.65927	0	20	20
0.00381695	0.00343113	3210.5	132.494	0.0423924	1457.6	756.459	18.3169	1.61661	615	0	-2.56713	0	20	20
0.0038314	0.00338119	3158.02	132.124	0.0364903	1419.52	741.864	18.1104	1.61661	615	0	-2.47728	0	20	20
0.00384596	0.0033316	3106.2	131.749	0.0314096	1381.98	727.37	17.9055	1.61661	615	0	-2.38968	0	20	20
0.00386069	0.00328236	3055.06	131.369	0.027036	1344.99	712.982	17.7013	1.61661	615	0	-2.30425	0	20	20
0.00387559	0.00323347	3004.6	130.984	0.0232712	1308.55	698.704	17.4979	1.61661	615	0	-2.22099	0	20	20
0.00389067	0.00318495	2954.82	130.594	0.0200306	1272.66	684.542	17.2952	1.61661	615	0	-2.13988	0	20	20
0.00390582	0.00313686	2905.75	130.199	0.0172411	1237.33	670.5	17.0948	1.61661	615	0	-2.06101	0	20	20
0.00392115	0.00308918	2857.39	129.799	0.01484	1202.56	656.584	16.8951	1.61661	615	0	-1.98427	0	20	20
0.00393665	0.00304191	2809.74	129.394	0.0127733	1168.36	642.798	16.6963	1.61661	615	0	-1.90963	0	20	20
0.00395233	0.00299508	2762.83	128.984	0.0109943	1134.73	629.147	16.4983	1.61661	615	0	-1.83709	0	20	20
0.0039682	0.00294871	2716.65	128.569	0.00946308	1101.67	615.637	16.3013	1.61661	615	0	-1.76663	0	20	20
0.00398419	0.00290283	2671.22	128.149	0.00814509	1069.2	602.272	16.1057	1.61661	615	0	-1.69827	0	20	20
0.00400032	0.00285746	2626.55	127.723	0.00701065	1037.31	589.057	15.9117	1.61661	615	0	-1.63198	0	20	20
0.00401662	0.0028126	2582.64	127.293	0.0060342	1006.02	575.998	15.7188	1.61661	615	0	-1.56772	0	20	20
0.00403308	0.00276827	2539.52	126.857	0.00519374	975.317	563.098	15.527	1.61661	615	0	-1.50546	0	20	20
0.00404971	0.0027245	2497.19	126.416	0.00447034	945.223	550.365	15.3366	1.61661	615	0	-1.44519	0	20	20
0.00406648	0.00268131	2455.66	125.97	0.00384768	915.738	537.801	15.1476	1.61661	615	0	-1.38689	0	20	20
0.0040834	0.00263872	2414.94	125.518	0.00331176	886.868	525.413	14.9601	1.61661	615	0	-1.33054	0	20	20
0.00410044	0.00259676	2375.04	125.062	0.00285047	858.621	513.205	14.7743	1.61661	615	0	-1.27612	0	20	20
0.00411757	0.00255546	2335.98	124.6	0.00245344	831.001	501.181	14.5907	1.61661	615	0	-1.22362	0	20	20
0.00413479	0.00251484	2297.76	124.133	0.0021117	804.015	489.348	14.4092	1.61661	615	0	-1.17301	0	20	20
0.00415208	0.00247492	2260.39	123.66	0.00181757	777.67	477.709	14.2299	1.61661	615	0	-1.12426	0	20	20
0.00416944	0.00243572	2223.9	123.183	0.0015644	751.972	466.27	14.0529	1.61661	615	0	-1.07734	0	20	20
0.00418683	0.00239728	2188.28	122.7	0.00134649	726.926	455.035	13.8785	1.61661	615	0	-1.03223	0	20	20
0.00420423	0.00235962	2153.54	122.212	0.00115894	702.539	444.009	13.707	1.61661	615	0	-0.988899	0	20	20
0.0042216	0.00232277	2119.7	121.718	0.000997512	678.817	433.196	13.5385	1.61661	615	0	-0.947327	0	20	20
0.0042389	0.00228676	2086.77	121.22	0.000858568	655.767	422.601	13.3734	1.61661	615	0	-0.907486	0	20	20
0.00425609	0.00225161	2054.75	120.716	0.000738977	633.393	412.228	13.2119	1.61661	615	0	-0.869351	0	20	20
0.00427313	0.00221736	2023.66	120.207	0.000636045	611.701	402.082	13.0545	1.61661	615	0	-0.832894	0	20	20
0.00428997	0.00218404	1993.5	119.692	0.000547449	590.698	392.167	12.9014	1.61661	615	0	-0.798089	0	20	20
0.00430653	0.00215168	1964.29	119.173	0.000471194	570.389	382.487	12.7531	1.61661	615	0	-0.76491	0	20	20
0.00432279	0.00212029	1936.01	118.648	0.000405561	550.77	373.043	12.6098	1.61661	615	0	-0.733315	0	20	20
0.00433874	0.00208986	1908.65	118.118	0.00034907	531.827	363.833	12.4712	1.61661	615	0	-0.703233	0	20	20
0.00435439	0.00206035	1882.18	117.583	0.000300448	513.535	354.85	12.3373	1.61661	615	0	-0.674583	0	20	20
0.00436975	0.00203175	1856.57	117.042	0.000258598	495.872	346.088	12.2076	1.61661	615	0	-0.647288	0	20	20
0.00438483	0.00200402	1831.79	116.497	0.000222577	478.817	337.543	12.082	1.61661	615	0	-0.621276	0	20	20
0.00439966	0.00197712	1807.82	115.946	0.000191574	462.348	329.209	11.9603	1.61661	615	0	-0.596479	0	20	20
0.00441425	0.00195105	1784.63	115.391	0.000164889	446.446	321.081	11.8421	1.61661	615	0	-0.572831	0	20	20
0.00442859	0.00192576	1762.18	114.83	0.000141922	431.09	313.154	11.7274	1.61661	615	0	-0.550273	0	20	20
0.00444272	0.00190124	1740.47	114.264	0.000122153	416.263	305.422	11.6159	1.61661	615	0	-0.528745	0	20	20
0.00445663	0.00187745	1719.46	113.693	0.000105138	401.946	297.881	11.5075	1.61661	615	0	-0.508195	0	20	20
0.00447034	0.00185439	1699.13	113.117	9.04933e-05	388.121	290.526	11.4019	1.61661	615	0	-0.48857	0	20	20
0.00448384	0.00183202	1679.46	112.537	7.78883e-05	374.772	283.353	11.2993	1.61661	615	0	-0.469831	0	20	20
0.00449715	0.00181032	1660.43	111.951	6.70391e-05	361.882	276.357	11.1992	1.61661	615	0	-0.451924	0	20	20
0.00451029	0.00178927	1642.02	111.361	5.77011e-05	349.435	269.534	11.1016	1.61661	615	0	-0.434805	0	20	20
0.00452326	0.00176886	1624.2	110.765	4.96638e-05	337.416	262.879	11.0064	1.61661	615	0	-0.418434	0	20	20
0.00453608	0.00174905	1606.97	110.165	4.2746e-05	325.811	256.389	10.9133	1.61661	615	0	-0.402771	0	20	20
0.00454875	0.00172983	1590.29	109.56	3.67919e-05	314.605	250.058	10.8224	1.61661	615	0	-0.387781	0	20	20
0.00456129	0.00171118	1574.15	108.951	3.1667e-05	303.784	243.884	10.7334	1.61661	615	0	-0.373429	0	20	20
0.00457369	0.00169308	1558.53	108.337	2.72561e-05	293.336	237.863	10.6463	1.61661	615	0	-0.359682	0	20	20
0.00458597	0.00167551	1543.42	107.719	2.34595e-05	283.247	231.99	10.561	1.61661	615	0	-0.346509	0	20	20
0.00459813	0.00165846	1528.8	107.096	2.01918e-05	273.504	226.262	10.4774	1.61661	615	0	-0.333882	0	20	20
0.00461019	0.00164192	1514.65	106.468	1.73792e-05	264.097	220.676	10.3955	1.61661	615	0	-0.321772	0	20	20
0.00462214	0.00162585	1500.97	105.836	1.49585e-05	255.014	215.227	10.3151	1.61661	615	0	-0.310153	0	20	20
0.00463399	0.00161026	1487.72	105.2	1.28749e-05	246.243	209.913	10.2361	1.61661	615	0	-0.299001	0	20	20
0.00464571	0.00159513	1474.91	104.56	1.10815e-05	237.773	204.73	10.1588	1.61661	615	0	-0.288303	0	20	20
0.00465735	0.00158043	1462.51	103.916	9.53793e-06	229.595	199.676	10.0829	1.61661	615	0	-0.278026	0	20	20
0.0046689	0.00156616	1450.51	103.267	8.20938e-06	221.698	194.746	10.0082	1.61661	615	0	-0.26815	0	20	20
0.00468038	0.00155231	1438.9	102.614	7.06588e-06	214.073	189.937	9.93476	1.61661	615	0	-0.258653	0	20	20
0.00469178	0.00153885	1427.67	101.958	6.08166e-06	206.71	185.248	9.86249	1.61661	615	0	-0.249519	0	20	20
0.00470312	0.00152577	1416.8	101.298	5.23453e-06	199.601	180.674	9.79134	1.61661	615	0	-0.240728	0	20	20
0.00471439	0.00151307	1406.28	100.634	4.5054e-06	192.735	176.213	9.72127	1.61661	615	0	-0.232265	0	20	20
0.00472561	0.00150073	1396.11	99.9659	3.87783e-06	186.106	171.862	9.65223	1.61661	615	0	-0.224113	0	20	20
0.00473676	0.00148874	1386.26	99.2946	3.33768e-06	179.705	167.619	9.58419	1.61661	615	0	-0.216257	0	20	20
0.00474784	0.0014771	1376.74	98.6198	2.87277e-06	173.524	163.481	9.51729	1.61661	615	0	-0.208691	0	20	20
0.00475885	0.00146578	1367.52	97.9416	2.47262e-06	167.556	159.444	9.45138	1.61661	615	0	-0.201395	0	20	20
0.00476981	0.00145478	1358.6	97.26	2.1282e-06	161.793	155.508	9.38636	1.61661	615	0	-0.194356	0	20	20
0.00478073	0.00144409	1349.98	96.5753	1.83176e-06	156.228	151.668	9.32221	1.61661	615	0	-0.187559	0	20	20
0.0047916	0.00143369	1341.63	95.8875	1.57661e-06	150.855	147.923	9.25888	1.61661	615	0	-0.180995	0	20	20
0.00480243	0.00142359	1333.55	95.1966	1.357e-06	145.666	144.271	9.19636	1.61661	615	0	-0.174651	0	20	20
0.00481323	0.00141376	1325.74	94.5028	1.16798e-06	140.656	140.709	9.13463	1.61661	615	0	-0.168519	0	20	20
0.00482398	0.0014042	1318.18	93.8062	1.00529e-06	135.818	137.235	9.07366	1.61661	615	0	-0.162588	0	20	20
0.00483468	0.00139491	1310.86	93.107	8.65262e-07	131.147	133.847	9.01359	1.61661	615	0	-0.156855	0	20	20
0.00484532	0.00138587	1303.78	92.4051	7.44738e-07	126.636	130.542	8.95433	1.61661	615	0	-0.151307	0	20	20
0.00485593	0.00137709	1296.94	91.7007	6.41002e-07	122.281	127.319	8.89577	1.61661	615	0	-0.145934	0	20	20
0.0048665	0.00136853	1290.31	90.994	5.51715e-07	118.075	124.175	8.8379	1.61661	615	0	-0.140728	0	20	20
0.00487705	0.00136021	1283.9	90.285	4.74866e-07	114.014	121.109	8.78071	1.61661	615	0	-0.135682	0	20	20
0.00488756	0.00135212	1277.7	89.5739	4.08721e-07	110.092	118.119	8.72419	1.61661	615	0	-0.130788	0	20	20
0.00489803	0.00134424	1271.71	88.8607	3.51789e-07	106.306	115.203	8.66833	1.61661	615	0	-0.12604	0	20	20
0.00490846	0.00133657	1265.9	88.1457	3.02788e-07	102.649	112.358	8.61317	1.61661	615	0	-0.121434	0	20	20
0.00491884	0.00132911	1260.29	87.4288	2.60612e-07	99.1187	109.584	8.55881	1.61661	615	0	-0.116966	0	20	20
0.00492917	0.00132185	1254.86	86.7103	2.24311e-07	95.7095	106.879	8.50507	1.61661	615	0	-0.112626	0	20	20
0.00493948	0.00131478	1249.61	85.9902	1.93066e-07	92.4176	104.24	8.45196	1.61661	615	0	-0.108409	0	20	20
0.00494974	0.0013079	1244.53	85.2687	1.66173e-07	89.239	101.666	8.39947	1.61661	615	0	-0.104309	0	20	20
0.00495998	0.0013012	1239.62	84.5458	1.43027e-07	86.1696	99.156	8.3476	1.61661	615	0	-0.100322	0	20	20
0.00497017	0.00129467	1234.87	83.8218	1.23104e-07	83.2059	96.7078	8.29634	1.61661	615	0	-0.0964432	0	20	20
0.00498032	0.00128832	1230.27	83.0968	1.05957e-07	80.344	94.3201	8.24573	1.61661	615	0	-0.0926694	0	20	20
0.0049904	0.00128214	1225.83	82.3708	9.11979e-08	77.5806	91.9913	8.19587	1.61661	615	0	-0.0890006	0	20	20
0.00500043	0.00127612	1221.53	81.6439	7.84948e-08	74.9123	89.72	8.14661	1.61661	615	0	-0.0854276	0	20	20
0.00501043	0.00127025	1217.37	80.9165	6.75611e-08	72.3357	87.5048	8.09797	1.61661	615	0	-0.081947	0	20	20
0.00502037	0.00126454	1213.35	80.1884	5.81504e-08	69.8478	85.3443	8.04993	1.61661	615	0	-0.0785554	0	20	20
0.00503027	0.00125898	1209.46	79.4599	5.00505e-08	67.4454	83.2372	8.00251	1.61661	615	0	-0.0752497	0	20	20
0.00504012	0.00125356	1205.7	78.7312	4.30789e-08	65.1256	81.1821	7.95571	1.61661	615	0	-0.0720269	0	20	20
0.0050499	0.00124828	1202.07	78.0022	3.70783e-08	62.8856	79.1777	7.90955	1.61661	615	0	-0.0688851	0	20	20
0.00505961	0.00124315	1198.55	77.2732	3.19136e-08	60.7227	77.2228	7.86411	1.61661	615	0	-0.0658245	0	20	20
0.00506925	0.00123814	1195.16	76.5443	2.74683e-08	58.6342	75.3161	7.8193	1.61661	615	0	-0.0628386	0	20	20
0.00507884	0.00123327	1191.87	75.8156	2.36422e-08	56.6175	73.4566	7.77512	1.61661	615	0	-0.059925	0	20	20
0.00508836	0.00122852	1188.7	75.0873	2.0349e-08	54.6702	71.6429	7.73157	1.61661	615	0	-0.0570816	0	20	20
0.00509781	0.0012239	1185.63	74.3594	1.75146e-08	52.7898	69.874	7.68865	1.61661	615	0	-0.0543064	0	20	20
0.00510718	0.0012194	1182.66	73.6321	1.50749e-08	50.9741	68.1488	7.64638	1.61661	615	0	-0.0515973	0	20	20
0.00511648	0.00121502	1179.8	72.9056	1.29751e-08	49.2209	66.4662	7.60477	1.61661	615	0	-0.0489532	0	20	20
0.00512568	0.00121075	1177.03	72.1799	1.11678e-08	47.5279	64.8252	7.5639	1.61661	615	0	-0.0463748	0	20	20
0.0051348	0.0012066	1174.35	71.4551	9.61219e-09	45.8932	63.2246	7.52368	1.61661	615	0	-0.0438573	0	20	20
0.00514383	0.00120256	1171.76	70.7315	8.27329e-09	44.3148	61.6636	7.48412	1.61661	615	0	-0.0413991	0	20	20
0.00515277	0.00119863	1169.26	70.0091	7.12089e-09	42.7906	60.1411	7.44524	1.61661	615	0	-0.0389988	0	20	20
0.00516161	0.0011948	1166.85	69.2881	6.129e-09	41.3188	58.6563	7.40702	1.61661	615	0	-0.0366552	0	20	20
0.00517036	0.00119107	1164.51	68.5685	5.27528e-09	39.8977	57.208	7.36948	1.61661	615	0	-0.0343669	0	20	20
0.00517901	0.00118745	1162.26	67.8505	4.54048e-09	38.5254	55.7956	7.33263	1.61661	615	0	-0.0321327	0	20	20
0.00518754	0.00118393	1160.08	67.1342	3.90803e-09	37.2003	54.418	7.29652	1.61661	615	0	-0.0299537	0	20	20
0.00519596	0.0011805	1157.98	66.4198	3.36367e-09	35.9209	53.0744	7.26111	1.61661	615	0	-0.027827	0	20	20
0.00520427	0.00117717	1155.95	65.7073	2.89514e-09	34.6854	51.764	7.2264	1.61661	615	0	-0.025751	0	20	20
0.00521246	0.00117393	1153.99	64.9968	2.49187e-09	33.4924	50.4859	7.19238	1.61661	615	0	-0.0237247	0	20	20
0.00522053	0.00117078	1152.09	64.2886	2.14477e-09	32.3404	49.2394	7.15906	1.61661	615	0	-0.0217473	0	20	20
0.00522849	0.00116772	1150.26	63.5826	1.84602e-09	31.2281	48.0237	7.12643	1.61661	615	0	-0.0198178	0	20	20
0.00523632	0.00116474	1148.5	62.8791	1.58888e-09	30.154	46.838	7.09451	1.61661	615	0	-0.0179353	0	20	20
0.00524402	0.00116186	1146.79	62.1781	1.36757e-09	29.1169	45.6815	7.06329	1.61661	615	0	-0.0160989	0	20	20
0.00525158	0.00115905	1145.15	61.4797	1.17707e-09	28.1154	44.5537	7.03281	1.61661	615	0	-0.0143094	0	20	20
0.00525902	0.00115633	1143.56	60.784	1.01312e-09	27.1484	43.4536	7.00303	1.61661	615	0	-0.0125643	0	20	20
0.00526632	0.00115369	1142.02	60.0912	8.71998e-10	26.2146	42.3807	6.97394	1.61661	615	0	-0.0108626	0	20	20
0.00527349	0.00115113	1140.54	59.4014	7.50536e-10	25.313	41.3344	6.94555	1.61661	615	0	-0.00920352	0	20	20
0.00528052	0.00114864	1139.12	58.7145	6.45992e-10	24.4424	40.3138	6.91783	1.61661	615	0	-0.00758619	0	20	20
0.00528742	0.00114623	1137.74	58.0309	5.56011e-10	23.6017	39.3185	6.89079	1.61661	615	0	-0.00600977	0	20	20
0.00529418	0.00114389	1136.41	57.3504	4.78563e-10	22.7899	38.3477	6.86443	1.61661	615	0	-0.00447341	0	20	20
0.0053008	0.00114162	1135.13	56.6733	4.11903e-10	22.0061	37.4009	6.83873	1.61661	615	0	-0.00297624	0	20	20
0.00530729	0.00113942	1133.89	55.9997	3.54528e-10	21.2492	36.4774	6.81369	1.61661	615	0	-0.00151739	0	20	20
0.00531363	0.00113729	1132.69	55.3296	3.05145e-10	20.5183	35.5768	6.78932	1.61661	615	0	-9.68393e-05	0	20	20
0.00531984	0.00113523	1131.54	54.663	2.62641e-10	19.8126	34.6984	6.76559	1.61661	615	0	0.00128716	0	20	20
0.00532591	0.00113323	1130.43	54.0002	2.26057e-10	19.1312	33.8417	6.74248	1.61661	615	0	0.00263558	0	20	20
0.00533184	0.00113129	1129.36	53.3412	1.94569e-10	18.4731	33.0062	6.71999	1.61661	615	0	0.0039493	0	20	20
0.00533764	0.00112941	1128.33	52.686	1.67467e-10	17.8378	32.1912	6.69809	1.61661	615	0	0.0052292	0	20	20
0.00534332	0.00112759	1127.33	52.0348	1.4414e-10	17.2242	31.3964	6.67679	1.61661	615	0	0.00647618	0	20	20
0.00534886	0.00112584	1126.37	51.3876	1.24063e-10	16.6318	30.6212	6.65606	1.61661	615	0	0.00769115	0	20	20
0.00535427	0.00112413	1125.45	50.7446	1.06782e-10	16.0598	29.8652	6.6359	1.61661	615	0	0.008875	0	20	20
0.00535955	0.00112248	1124.56	50.1057	9.1908e-11	15.5074	29.1278	6.61628	1.61661	615	0	0.0100286	0	20	20
0.00536472	0.00112089	1123.7	49.471	7.91059e-11	14.974	28.4087	6.59721	1.61661	615	0	0.0111528	0	20	20
0.00536975	0.00111934	1122.87	48.8407	6.80871e-11	14.459	27.7073	6.57865	1.61661	615	0	0.0122486	0	20	20
0.00537467	0.00111785	1122.07	48.2147	5.86031e-11	13.9617	27.0232	6.56061	1.61661	615	0	0.0133164	0	20	20
0.00537947	0.0011164	1121.3	47.5932	5.04402e-11	13.4815	26.356	6.54306	1.61661	615	0	0.0143574	0	20	20
0.00538416	0.001115	1120.56	46.9761	4.34142e-11	13.0178	25.7052	6.526	1.61661	615	0	0.0153726	0	20	20
0.00538873	0.00111365	1119.85	46.3637	3.7367e-11	12.5701	25.0706	6.50939	1.61661	615	0	0.0163627	0	20	20
0.0053932	0.00111233	1119.16	45.7559	3.21621e-11	12.1377	24.4516	6.49324	1.61661	615	0	0.0173287	0	20	20
0.00539756	0.00111107	1118.5	45.1527	2.76821e-11	11.7202	23.8479	6.47752	1.61661	615	0	0.0182711	0	20	20
0.00540181	0.00110984	1117.86	44.5542	2.38262e-11	11.3171	23.259	6.46222	1.61661	615	0	0.019191	0	20	20
0.00540597	0.00110865	1117.25	43.9606	2.05074e-11	10.9279	22.6848	6.44733	1.61661	615	0	0.0200889	0	20	20
0.00541002	0.0011075	1116.66	43.3717	1.76509e-11	10.552	22.1247	6.43284	1.61661	615	0	0.0209657	0	20	20
0.00541399	0.00110639	1116.09	42.7877	1.51923e-11	10.1891	21.5784	6.41872	1.61661	615	0	0.021822	0	20	20
0.00541786	0.00110531	1115.55	42.2087	1.30761e-11	9.83864	21.0457	6.40498	1.61661	615	0	0.0226585	0	20	20
0.00542164	0.00110427	1115.02	41.6345	1.12547e-11	9.50025	20.526	6.39159	1.61661	615	0	0.023476	0	20	20
0.00542533	0.00110326	1114.52	41.0654	9.68703e-12	9.17349	20.0192	6.37855	1.61661	615	0	0.024275	0	20	20
0.00542894	0.00110229	1114.03	40.5012	8.3377e-12	8.85797	19.525	6.36584	1.61661	615	0	0.0250562	0	20	20
0.00543246	0.00110134	1113.57	39.9421	7.17633e-12	8.55331	19.0429	6.35345	1.61661	615	0	0.0258202	0	20	20
0.00543591	0.00110043	1113.12	39.3881	6.17672e-12	8.25912	18.5727	6.34137	1.61661	615	0	0.0265675	0	20	20
0.00543928	0.00109954	1112.69	38.8392	5.31635e-12	7.97505	18.1142	6.32959	1.61661	615	0	0.0272987	0	20	20
0.00544258	0.00109869	1112.28	38.2954	4.57583e-12	7.70075	17.6669	6.3181	1.61661	615	0	0.0280145	0	20	20
0.0054458	0.00109786	1111.88	37.7567	3.93845e-12	7.43589	17.2307	6.30688	1.61661	615	0	0.0287152	0	20	20
0.00544896	0.00109705	1111.5	37.2232	3.38986e-12	7.18013	16.8053	6.29593	1.61661	615	0	0.0294015	0	20	20
0.00545204	0.00109628	1111.14	36.6949	2.91768e-12	6.93318	16.3904	6.28524	1.61661	615	0	0.0300738	0	20	20
0.00545507	0.00109552	1110.79	36.1719	2.51127e-12	6.69471	15.9857	6.2748	1.61661	615	0	0.0307326	0	20	20
0.00545803	0.00109479	1110.46	35.654	2.16147e-12	6.46445	15.591	6.26459	1.61661	615	0	0.0313783	0	20	20
0.00546093	0.00109409	1110.14	35.1414	1.86039e-12	6.24211	15.2061	6.25462	1.61661	615	0	0.0320113	0	20	20
0.00546377	0.0010934	1109.83	34.634	1.60125e-12	6.02741	14.8306	6.24487	1.61661	615	0	0.032632	0	20	20
0.00546655	0.00109274	1109.54	34.1318	1.37821e-12	5.8201	14.4645	6.23533	1.61661	615	0	0.0332409	0	20	20
0.00546928	0.0010921	1109.26	33.6349	1.18624e-12	5.61992	14.1073	6.226	1.61661	615	0	0.0338383	0	20	20
0.00547196	0.00109147	1108.99	33.1433	1.02101e-12	5.42663	13.759	6.21687	1.61661	615	0	0.0344245	0	20	20
0.00547458	0.00109087	1108.73	32.6569	8.78787e-13	5.23998	13.4193	6.20793	1.61661	615	0	0.035	0	20	20
0.00547716	0.00109029	1108.49	32.1758	7.56379e-13	5.05975	13.088	6.19918	1.61661	615	0	0.0355649	0	20	20
0.00547969	0.00108972	1108.26	31.7	6.51022e-13	4.88573	12.7648	6.1906	1.61661	615	0	0.0361197	0	20	20
0.00548217	0.00108917	1108.04	31.2294	5.60339e-13	4.71768	12.4497	6.18219	1.61661	615	0	0.0366646	0	20	20
0.00548461	0.00108864	1107.83	30.7641	4.82289e-13	4.55542	12.1423	6.17395	1.61661	615	0	0.0371999	0	20	20
0.005487	0.00108812	1107.63	30.304	4.1511e-13	4.39874	11.8425	6.16587	1.61661	615	0	0.0377259	0	20	20
0.00548936	0.00108762	1107.44	29.8491	3.57288e-13	4.24745	11.5501	6.15794	1.61661	615	0	0.0382429	0	20	20
0.00549167	0.00108713	1107.25	29.3994	3.07521e-13	4.10136	11.2649	6.15016	1.61661	615	0	0.038751	0	20	20
0.00549235	0.00108693	1107.09	28.955	2.64686e-13	3.96029	10.9868	6.14788	1.61661	615	0	0.0399464	0	20	20
0.00549248	0.00108682	1106.93	28.5158	2.27817e-13	3.82408	10.7155	6.14746	1.61661	615	0	0.0413418	0	20	20
0.00549264	0.00108673	1106.79	28.0817	1.96084e-13	3.69255	10.451	6.1469	1.61661	615	0	0.0426794	0	20	20
0.00549285	0.00108664	1106.67	27.6529	1.68771e-13	3.56555	10.1929	6.14621	1.61661	615	0	0.0439612	0	20	20
0.00549309	0.00108656	1106.56	27.2291	1.45263e-13	3.44291	9.94126	6.1454	1.61661	615	0	0.0451896	0	20	20
0.00549337	0.00108648	1106.47	26.8105	1.25029e-13	3.3245	9.69581	6.14444	1.61661	615	0	0.0463666	0	20	20
0.0054937	0.00108641	1106.38	26.3971	1.07613e-13	3.21015	9.45642	6.14335	1.61661	615	0	0.0474943	0	20	20
0.00549406	0.00108633	1106.31	25.9887	9.26235e-14	3.09974	9.22294	6.14213	1.61661	615	0	0.0485747	0	20	20
0.00549447	0.00108627	1106.25	25.5853	7.97218e-14	2.99312	8.99523	6.14077	1.61661	615	0	0.0496096	0	20	20
0.00549492	0.0010862	1106.2	25.1871	6.86172e-14	2.89018	8.77313	6.13927	1.61661	615	0	0.0506008	0	20	20
0.0054954	0.00108614	1106.16	24.7938	5.90593e-14	2.79077	8.55653	6.13764	1.61661	615	0	0.0515502	0	20	20
0.00549593	0.00108607	1106.13	24.4055	5.08329e-14	2.69478	8.34526	6.13587	1.61661	615	0	0.0524595	0	20	20
0.0054965	0.00108601	1106.11	24.0222	4.37522e-14	2.6021	8.13922	6.13397	1.61661	615	0	0.0533302	0	20	20
0.00549711	0.00108595	1106.1	23.6438	3.76579e-14	2.5126	7.93826	6.13193	1.61661	615	0	0.054164	0	20	20
0.00549776	0.00108589	1106.1	23.2703	3.24125e-14	2.42618	7.74226	6.12976	1.61661	615	0	0.0549623	0	20	20
0.00549845	0.00108583	1106.1	22.9017	2.78977e-14	2.34273	7.55111	6.12746	1.61661	615	0	0.0557266	0	20	20
0.00549917	0.00108577	1106.11	22.538	2.40117e-14	2.26216	7.36467	6.12503	1.61661	615	0	0.0564583	0	20	20
0.00549994	0.0010857	1106.13	22.179	2.06671e-14	2.18435	7.18284	6.12248	1.61661	615	0	0.0571588	0	20	20
0.00550074	0.00108564	1106.15	21.8249	1.77883e-14	2.10922	7.00549	6.1198	1.61661	615	0	0.0578294	0	20	20
0.00550158	0.00108557	1106.18	21.4755	1.53106e-14	2.03667	6.83252	6.117	1.61661	615	0	0.0584713	0	20	20
0.00550245	0.00108551	1106.22	21.1307	1.31779e-14	1.96662	6.66383	6.11409	1.61661	615	0	0.0590857	0	20	20
0.00550336	0.00108544	1106.26	20.7907	1.13423e-14	1.89898	6.4993	6.11106	1.61661	615	0	0.0596737	0	20	20
0.0055043	0.00108537	1106.3	20.4553	9.76244e-15	1.83367	6.33883	6.10792	1.61661	615	0	0.0602365	0	20	20
0.00550528	0.0010853	1106.36	20.1245	8.40261e-15	1.7706	6.18232	6.10467	1.61661	615	0	0.0607752	0	20	20
0.00550629	0.00108523	1106.41	19.7983	7.2322e-15	1.7097	6.02968	6.10132	1.61661	615	0	0.0612907	0	20	20
0.00550733	0.00108515	1106.47	19.4766	6.22481e-15	1.6509	5.88081	6.09786	1.61661	615	0	0.061784	0	20	20
0.0055084	0.00108508	1106.53	19.1594	5.35774e-15	1.59411	5.73561	6.09431	1.61661	615	0	0.0622562	0	20	20
0.00550949	0.001085	1106.6	18.8466	4.61145e-15	1.53928	5.594	6.09067	1.61661	615	0	0.062708	0	20	20
0.00551062	0.00108492	1106.67	18.5383	3.96911e-15	1.48634	5.45588	6.08693	1.61661	615	0	0.0631403	0	20	20
0.00551178	0.00108483	1106.75	18.2343	3.41625e-15	1.43522	5.32118	6.0831	1.61661	615	0	0.063554	0	20	20
0.00551296	0.00108475	1106.82	17.9346	2.94039e-15	1.38586	5.18979	6.0792	1.61661	615	0	0.0639499	0	20	20
0.00551416	0.00108466	1106.9	17.6393	2.53082e-15	1.33819	5.06166	6.07521	1.61661	615	0	0.0643288	0	20	20
0.00551539	0.00108457	1106.99	17.3482	2.1783e-15	1.29216	4.93669	6.07115	1.61661	615	0	0.0646913	0	20	20
0.00551665	0.00108448	1107.07	17.0613	1.87488e-15	1.24772	4.8148	6.06701	1.61661	615	0	0.0650383	0	20	20
0.00551792	0.00108439	1107.16	16.7785	1.61372e-15	1.20481	4.69592	6.06281	1.61661	615	0	0.0653703	0	20	20
0.00551922	0.00108429	1107.25	16.4999	1.38894e-15	1.16337	4.57998	6.05854	1.61661	615	0	0.065688	0	20	20
0.00552053	0.0010842	1107.34	16.2254	1.19547e-15	1.12335	4.4669	6.05421	1.61661	615	0	0.065992	0	20	20
0.00552187	0.0010841	1107.43	15.955	1.02895e-15	1.08472	4.35661	6.04982	1.61661	615	0	0.0662829	0	20	20
0.00552322	0.001084	1107.53	15.6885	8.85629e-16	1.04741	4.24904	6.04537	1.61661	615	0	0.0665614	0	20	20
0.00552459	0.00108389	1107.63	15.426	7.62268e-16	1.01138	4.14414	6.04087	1.61661	615	0	0.0668279	0	20	20
0.00552598	0.00108379	1107.72	15.1674	6.5609e-16	0.976596	4.04182	6.03632	1.61661	615	0	0.067083	0	20	20
0.00552738	0.00108368	1107.82	14.9127	5.64702e-16	0.943007	3.94202	6.03173	1.61661	615	0	0.0673271	0	20	20
0.0055288	0.00108357	1107.92	14.6618	4.86043e-16	0.910572	3.84469	6.02709	1.61661	615	0	0.0675608	0	20	20
0.00553023	0.00108346	1108.03	14.4147	4.18342e-16	0.879253	3.74977	6.02242	1.61661	615	0	0.0677845	0	20	20
0.00553167	0.00108335	1108.13	14.1713	3.6007e-16	0.849012	3.65719	6.0177	1.61661	615	0	0.0679986	0	20	20
0.00553313	0.00108323	1108.23	13.9316	3.09915e-16	0.81981	3.56689	6.01295	1.61661	615	0	0.0682036	0	20	20
0.0055346	0.00108312	1108.33	13.6957	2.66746e-16	0.791613	3.47882	6.00817	1.61661	615	0	0.0683999	0	20	20
0.00553608	0.001083	1108.44	13.4633	2.29591e-16	0.764386	3.39293	6.00335	1.61661	615	0	0.0685879	0	20	20
0.00553756	0.00108288	1108.54	13.2345	1.97611e-16	0.738095	3.30916	5.99851	1.61661	615	0	0.0687678	0	20	20
0.00553906	0.00108276	1108.65	13.0092	1.70085e-16	0.712709	3.22746	5.99365	1.61661	615	0	0.0689402	0	20	20
0.00554057	0.00108264	1108.76	12.7874	1.46393e-16	0.688196	3.14777	5.98876	1.61661	615	0	0.0691053	0	20	20
0.00554208	0.00108252	1108.86	12.5691	1.26002e-16	0.664525	3.07005	5.98385	1.61661	615	0	0.0692634	0	20	20
0.00554361	0.00108239	1108.97	12.3542	1.08451e-16	0.641669	2.99425	5.97892	1.61661	615	0	0.0694149	0	20	20
0.00554514	0.00108227	1109.08	12.1426	9.33446e-17	0.619599	2.92032	5.97398	1.61661	615	0	0.06956	0	20	20
0.00554667	0.00108214	1109.18	11.9344	8.03424e-17	0.598289	2.84822	5.96902	1.61661	615	0	0.0696991	0	20	20
0.00554821	0.00108201	1109.29	11.7294	6.91514e-17	0.577711	2.7779	5.96404	1.61661	615	0	0.0698324	0	20	20
0.00554976	0.00108188	1109.4	11.5277	5.95191e-17	0.557841	2.70931	5.95906	1.61661	615	0	0.0699601	0	20	20
0.00555131	0.00108175	1109.51	11.3291	5.12286e-17	0.538654	2.64242	5.95406	1.61661	615	0	0.0700825	0	20	20
0.00555287	0.00108162	1109.61	11.1338	4.40929e-17	0.520127	2.57718	5.94905	1.61661	615	0	0.0701999	0	20	20
0.00555443	0.00108148	1109.72	10.9415	3.79511e-17	0.502238	2.51355	5.94404	1.61661	615	0	0.0703125	0	20	20
0.00555599	0.00108135	1109.83	10.7523	3.26648e-17	0.484963	2.45149	5.93902	1.61661	615	0	0.0704204	0	20	20
0.00555756	0.00108121	1109.93	10.5661	2.81149e-17	0.468283	2.39096	5.934	1.61661	615	0	0.070524	0	20	20
0.00555913	0.00108108	1110.04	10.383	2.41987e-17	0.452177	2.33193	5.92897	1.61661	615	0	0.0706233	0	20	20
0.00556071	0.00108094	1110.15	10.2028	2.0828e-17	0.436624	2.27435	5.92394	1.61661	615	0	0.0707186	0	20	20
0.00556228	0.0010808	1110.25	10.0255	1.79268e-17	0.421607	2.2182	5.9189	1.61661	615	0	0.0708101	0	20	20
0.00556386	0.00108066	1110.36	9.85103	1.54298e-17	0.407106	2.16343	5.91387	1.61661	615	0	0.0708979	0	20	20
0.00556544	0.00108052	1110.47	9.67943	1.32805e-17	0.393104	2.11001	5.90884	1.61661	615	0	0.0709822	0	20	20
0.00556702	0.00108038	1110.57	9.51063	1.14306e-17	0.379583	2.05792	5.90381	1.61661	615	0	0.0710632	0	20	20
0.0055686	0.00108024	1110.67	9.34458	9.83845e-18	0.366527	2.00711	5.89878	1.61661	615	0	0.0711409	0	20	20
0.00557018	0.0010801	1110.78	9.18125	8.46803e-18	0.353921	1.95755	5.89375	1.61661	615	0	0.0712156	0	20	20
0.00557176	0.00107996	1110.88	9.0206	7.2885e-18	0.341748	1.90922	5.88873	1.61661	615	0	0.0712874	0	20	20
0.00557335	0.00107981	1110.99	8.86259	6.27327e-18	0.329994	1.86208	5.88371	1.61661	615	0	0.0713564	0	20	20
0.00557493	0.00107967	1111.09	8.70718	5.39946e-18	0.318644	1.81611	5.8787	1.61661	615	0	0.0714228	0	20	20
0.00557652	0.00107952	1111.19	8.55434	4.64735e-18	0.307684	1.77127	5.87369	1.61661	615	0	0.0714865	0	20	20
0.0055781	0.00107938	1111.29	8.40402	4.00001e-18	0.297101	1.72753	5.86869	1.61661	615	0	0.0715479	0	20	20
0.00557968	0.00107923	1111.4	8.2562	3.44284e-18	0.286883	1.68488	5.8637	1.61661	615	0	0.0716069	0	20	20
0.00558127	0.00107908	1111.5	8.11084	2.96328e-18	0.277015	1.64328	5.85871	1.61661	615	0	0.0716637	0	20	20
0.00558285	0.00107893	1111.6	7.9679	2.55052e-18	0.267488	1.60271	5.85373	1.61661	615	0	0.0717184	0	20	20
0.00558443	0.00107879	1111.7	7.82734	2.19525e-18	0.258287	1.56314	5.84876	1.61661	615	0	0.071771	0	20	20
0.00558601	0.00107864	1111.8	7.68913	1.88947e-18	0.249404	1.52454	5.8438	1.61661	615	0	0.0718218	0	20	20
0.00558759	0.00107849	1111.89	7.55324	1.62628e-18	0.240826	1.4869	5.83884	1.61661	615	0	0.0718706	0	20	20
0.00558917	0.00107834	1111.99	7.41963	1.39976e-18	0.232543	1.45019	5.8339	1.61661	615	0	0.0719177	0	20	20
0.00559074	0.00107819	1112.09	7.28827	1.20478e-18	0.224544	1.41438	5.82896	1.61661	615	0	0.0719631	0	20	20
0.00559232	0.00107803	1112.19	7.15912	1.03696e-18	0.216821	1.37946	5.82404	1.61661	615	0	0.0720068	0	20	20
0.00559389	0.00107788	1112.28	7.03215	8.92524e-19	0.209364	1.3454	5.81912	1.61661	615	0	0.072049	0	20	20
0.00559547	0.00107773	1112.38	6.90733	7.68203e-19	0.202163	1.31219	5.81421	1.61661	615	0	0.0720897	0	20	20
0.00559704	0.00107758	1112.47	6.78462	6.61198e-19	0.195209	1.27979	5.80932	1.61661	615	0	0.072129	0	20	20
0.00559861	0.00107742	1112.57	6.66399	5.69098e-19	0.188495	1.24819	5.80443	1.61661	615	0	0.0721669	0	20	20
0.00560018	0.00107727	1112.66	6.54542	4.89828e-19	0.182012	1.21737	5.79956	1.61661	615	0	0.0722036	0	20	20
0.00560174	0.00107711	1112.75	6.42886	4.21598e-19	0.175752	1.18731	5.7947	1.61661	615	0	0.0722389	0	20	20
0.00560331	0.00107696	1112.85	6.31429	3.62873e-19	0.169707	1.158	5.78984	1.61661	615	0	0.0722731	0	20	20
0.00560487	0.0010768	1112.94	6.20168	3.12328e-19	0.16387	1.12941	5.785	1.61661	615	0	0.0723062	0	20	20
0.00560643	0.00107665	1113.03	6.09099	2.68823e-19	0.158234	1.10152	5.78017	1.61661	615	0	0.0723381	0	20	20
0.00560799	0.00107649	1113.12	5.9822	2.31378e-19	0.152791	1.07433	5.77536	1.61661	615	0	0.072369	0	20	20
0.00560955	0.00107633	1113.21	5.87528	1.99149e-19	0.147536	1.0478	5.77055	1.61661	615	0	0.0723989	0	20	20
0.0056111	0.00107618	1113.3	5.77019	1.71409e-19	0.142462	1.02193	5.76575	1.61661	615	0	0.0724278	0	20	20
0.00561265	0.00107602	1113.39	5.66692	1.47533e-19	0.137562	0.9967	5.76097	1.61661	615	0	0.0724558	0	20	20
0.0056142	0.00107586	1113.47	5.56542	1.26983e-19	0.13283	0.972091	5.7562	1.61661	615	0	0.072483	0	20	20
0.00561575	0.0010757	1113.56	5.46567	1.09295e-19	0.128262	0.94809	5.75144	1.61661	615	0	0.0725092	0	20	20
