0.00196441	
0.00234256	
0.00208852	
0.00144887	
0.00101963	
0.000799855	
0.000677873	
0.000604483	
0.000561075	
0.000539823	
0.000543531	
0.000588513	
0.000673561	
0.000804651	
0.000998441	
0.00128625	
0.00171832	
0.00235505	
0.00320807	
0.00414921	
0.0049959	
0.00570507	
0.00633326	
0.00693739	
0.00756097	
0.00825399	
0.00910909	
0.0102671	
0.0118853	
0.0142113	
0.0236203	
0.0375226	
0.0357189	
0.0322358	
0.0316995	
0.0318957	
0.0321163	
0.0323081	
0.0325091	
0.0327369	
0.0329942	
0.0333492	
0.0338217	
0.0343868	
0.0350202	
0.0356985	
0.0363997	
0.0371041	
0.0377942	
0.0384559	
0.0390783	
0.0396537	
0.0401775	
0.0406479	
0.0410649	
0.0414306	
0.0417479	
0.0420203	
0.0422521	
0.0424474	
0.0426101	
0.0427442	
0.0428533	
0.0429407	
0.0430092	
0.0430615	
0.0431	
0.0431266	
0.0431432	
0.0431513	
0.0431523	
0.0431474	
0.0431374	
