0.00859307	0.000698488	1111.6	256.922	76.5	0	0	1.6053	1.61661	615	0	0.148144	0	20	20
0.00869345	0.000707956	1138.33	256.922	76.4694	18.5317	6.2451	1.55033	1.61661	615	0	-0.736056	0	20	20
0.00887778	0.000726626	1190.37	256.922	76.4339	54.3232	18.4279	1.45575	1.61661	615	0	-2.27476	0	20	20
0.00903426	0.000744138	1238.23	256.922	76.3927	88.8849	30.3103	1.38141	1.61661	615	0	-3.50177	0	20	20
0.0091649	0.000760485	1281.81	256.922	76.3448	122.251	41.897	1.32317	1.61661	615	0	-4.50174	0	20	20
0.00927713	0.000776195	1322.67	256.922	76.2893	154.454	53.1926	1.27573	1.61661	615	0	-5.35448	0	20	20
0.0093764	0.000791746	1362.17	256.922	76.2249	185.529	64.202	1.23564	1.61661	615	0	-6.10963	0	20	20
0.00946482	0.000807316	1400.78	256.922	76.1502	215.506	74.9302	1.20133	1.61661	615	0	-6.79055	0	20	20
0.0095429	0.000822899	1438.48	256.922	76.0636	244.42	85.3822	1.17209	1.61661	615	0	-7.40884	0	20	20
0.00961095	0.000838442	1475.15	256.922	75.9633	272.302	95.5636	1.14736	1.61661	615	0	-7.97318	0	20	20
0.00966951	0.000853903	1510.69	256.921	75.847	299.184	105.48	1.12664	1.61661	615	0	-8.49162	0	20	20
0.00971928	0.000869248	1545.09	256.921	75.7124	325.101	115.138	1.10942	1.61661	615	0	-8.97136	0	20	20
0.00976112	0.000884451	1578.34	256.921	75.5566	350.084	124.542	1.09522	1.61661	615	0	-9.41825	0	20	20
0.00979598	0.000899478	1610.47	256.921	75.3764	374.167	133.701	1.08357	1.61661	615	0	-9.83661	0	20	20
0.00982485	0.000914292	1641.49	256.921	75.1681	397.385	142.622	1.07404	1.61661	615	0	-10.2294	0	20	20
0.00984869	0.000928857	1671.45	256.92	74.9275	419.773	151.311	1.06626	1.61661	615	0	-10.5987	0	20	20
0.00986837	0.000943139	1700.38	256.92	74.6499	441.366	159.777	1.0599	1.61661	615	0	-10.946	0	20	20
0.00988465	0.000957114	1728.31	256.92	74.33	462.202	168.03	1.05467	1.61661	615	0	-11.2725	0	20	20
0.00989817	0.00097076	1755.29	256.92	73.9617	482.319	176.077	1.05035	1.61661	615	0	-11.5792	0	20	20
0.00990944	0.000984069	1781.35	256.919	73.5383	501.755	183.93	1.04677	1.61661	615	0	-11.8675	0	20	20
0.0099189	0.000997035	1806.54	256.919	73.0526	520.55	191.599	1.04378	1.61661	615	0	-12.1383	0	20	20
0.00992687	0.00100966	1830.9	256.919	72.4961	538.746	199.094	1.04127	1.61661	615	0	-12.3929	0	20	20
0.00993362	0.00102195	1854.47	256.918	71.8602	556.383	206.426	1.03915	1.61661	615	0	-12.6324	0	20	20
0.00993937	0.00103392	1877.3	256.918	71.1353	573.503	213.608	1.03735	1.61661	615	0	-12.858	0	20	20
0.00994429	0.00104558	1899.43	256.917	70.3111	590.147	220.651	1.03581	1.61661	615	0	-13.0707	0	20	20
0.00994852	0.00105694	1920.89	256.917	69.3773	606.353	227.565	1.03449	1.61661	615	0	-13.2715	0	20	20
0.00995217	0.00106802	1941.72	256.916	68.323	622.16	234.363	1.03335	1.61661	615	0	-13.4615	0	20	20
0.00995532	0.00107883	1961.96	256.916	67.1377	637.598	241.051	1.03237	1.61661	615	0	-13.6413	0	20	20
0.00995806	0.00108938	1981.62	256.915	65.8111	652.697	247.64	1.03152	1.61661	615	0	-13.8117	0	20	20
0.00996044	0.00109968	2000.73	256.914	64.3342	667.474	254.132	1.03078	1.61661	615	0	-13.9734	0	20	20
0.00996252	0.00110972	2019.28	256.913	62.6995	681.94	260.531	1.03013	1.61661	615	0	-14.1267	0	20	20
0.00996435	0.0011195	2037.27	256.913	60.9015	696.093	266.835	1.02956	1.61661	615	0	-14.272	0	20	20
0.00996596	0.001129	2054.68	256.912	58.9379	709.919	273.037	1.02907	1.61661	615	0	-14.4095	0	20	20
0.0099674	0.00113821	2071.45	256.911	56.8097	723.387	279.126	1.02862	1.61661	615	0	-14.5391	0	20	20
0.00996871	0.00114707	2087.55	256.909	54.5225	736.45	285.084	1.02821	1.61661	615	0	-14.6609	0	20	20
0.00996994	0.00115556	2102.88	256.908	52.086	749.047	290.89	1.02783	1.61661	615	0	-14.7745	0	20	20
0.00997112	0.0011636	2117.36	256.907	49.5151	761.099	296.514	1.02747	1.61661	615	0	-14.8796	0	20	20
0.0099723	0.00117115	2130.88	256.905	46.8297	772.515	301.925	1.0271	1.61661	615	0	-14.9758	0	20	20
0.00997353	0.00117813	2143.34	256.904	44.0538	783.196	307.087	1.02672	1.61661	615	0	-15.0625	0	20	20
0.00997485	0.00118448	2154.61	256.902	41.2153	793.036	311.96	1.02632	1.61661	615	0	-15.1394	0	20	20
0.00997631	0.00119012	2164.59	256.9	38.3448	801.93	316.508	1.02587	1.61661	615	0	-15.2059	0	20	20
0.00997795	0.001195	2173.17	256.898	35.4743	809.781	320.693	1.02536	1.61661	615	0	-15.2617	0	20	20
0.0099798	0.00119905	2180.26	256.896	32.6358	816.5	324.484	1.02479	1.61661	615	0	-15.3063	0	20	20
0.0099819	0.00120223	2185.8	256.893	29.8599	822.018	327.853	1.02414	1.61661	615	0	-15.3396	0	20	20
0.00998427	0.00120452	2189.74	256.89	27.1745	826.286	330.779	1.02341	1.61661	615	0	-15.3615	0	20	20
0.00998692	0.0012059	2192.07	256.887	24.6037	829.275	333.25	1.0226	1.61661	615	0	-15.3719	0	20	20
0.00998986	0.00120638	2192.8	256.884	22.1672	830.982	335.261	1.0217	1.61661	615	0	-15.3712	0	20	20
0.00999307	0.00120597	2191.96	256.881	19.8799	831.424	336.813	1.02071	1.61661	615	0	-15.3581	0	20	20
0.00999625	0.00120474	2189.62	256.877	17.7517	830.639	337.917	1.01974	1.61661	615	0	-15.313	0	20	20
0.00999941	0.00120272	2185.84	256.872	15.7881	828.682	338.587	1.01877	1.61661	615	0	-15.2373	0	20	20
0.0100025	0.00119996	2180.72	256.868	13.9901	825.62	338.844	1.01782	1.61661	615	0	-15.1331	0	20	20
0.0100056	0.00119653	2174.35	256.863	12.3554	821.531	338.711	1.01688	1.61661	615	0	-15.0026	0	20	20
0.0100087	0.00119246	2166.84	256.857	10.8785	816.499	338.214	1.01595	1.61661	615	0	-14.8483	0	20	20
0.0100117	0.00118783	2158.3	256.851	9.55195	810.61	337.381	1.01504	1.61661	615	0	-14.6726	0	20	20
0.0100146	0.00118268	2148.83	256.845	8.36659	803.949	336.238	1.01415	1.61661	615	0	-14.478	0	20	20
0.0100175	0.00117709	2138.53	256.838	7.31231	796.601	334.813	1.01328	1.61661	615	0	-14.2669	0	20	20
0.0100202	0.00117108	2127.49	256.83	6.37848	788.645	333.131	1.01244	1.61661	615	0	-14.0416	0	20	20
0.0100229	0.00116473	2115.81	256.822	5.55436	780.155	331.218	1.01162	1.61661	615	0	-13.8041	0	20	20
0.0100255	0.00115807	2103.56	256.812	4.8294	771.2	329.096	1.01085	1.61661	615	0	-13.5564	0	20	20
0.0100279	0.00115115	2090.82	256.802	4.19349	761.843	326.785	1.0101	1.61661	615	0	-13.3002	0	20	20
0.0100302	0.00114399	2077.65	256.791	3.63707	752.141	324.305	1.0094	1.61661	615	0	-13.0371	0	20	20
0.0100324	0.00113665	2064.11	256.779	3.15127	742.142	321.674	1.00875	1.61661	615	0	-12.7685	0	20	20
0.0100344	0.00112913	2050.26	256.766	2.72794	731.893	318.905	1.00814	1.61661	615	0	-12.4957	0	20	20
0.0100363	0.00112149	2036.14	256.752	2.35965	721.432	316.015	1.00759	1.61661	615	0	-12.2196	0	20	20
0.0100379	0.00111372	2021.78	256.736	2.03971	710.794	313.013	1.00709	1.61661	615	0	-11.9414	0	20	20
0.0100394	0.00110586	2007.24	256.719	1.76213	700.01	309.912	1.00666	1.61661	615	0	-11.6618	0	20	20
0.0100406	0.00109793	1992.53	256.701	1.52155	689.105	306.722	1.00629	1.61661	615	0	-11.3814	0	20	20
0.0100416	0.00108993	1977.68	256.681	1.31324	678.102	303.45	1.00599	1.61661	615	0	-11.1011	0	20	20
0.0100423	0.0010819	1962.71	256.659	1.13301	667.022	300.104	1.00577	1.61661	615	0	-10.8213	0	20	20
0.0100428	0.00107382	1947.66	256.635	0.977206	655.882	296.692	1.00563	1.61661	615	0	-10.5425	0	20	20
0.010043	0.00106573	1932.53	256.609	0.842585	644.697	293.219	1.00558	1.61661	615	0	-10.2651	0	20	20
0.0100428	0.00105763	1917.34	256.58	0.726331	633.481	289.69	1.00562	1.61661	615	0	-9.9896	0	20	20
0.0100423	0.00104953	1902.11	256.549	0.625985	622.245	286.112	1.00576	1.61661	615	0	-9.71624	0	20	20
0.0100415	0.00104144	1886.85	256.515	0.539403	610.999	282.488	1.00602	1.61661	615	0	-9.44537	0	20	20
0.0100403	0.00103337	1871.57	256.478	0.464724	599.754	278.822	1.00639	1.61661	615	0	-9.17727	0	20	20
0.0100386	0.00102532	1856.28	256.438	0.400329	588.516	275.118	1.00689	1.61661	615	0	-8.91219	0	20	20
0.0100365	0.0010173	1840.99	256.394	0.344818	577.294	271.381	1.00753	1.61661	615	0	-8.65038	0	20	20
0.0100338	0.00100933	1825.71	256.346	0.296973	566.095	267.612	1.00832	1.61661	615	0	-8.39206	0	20	20
0.0100307	0.0010014	1810.45	256.293	0.255745	554.925	263.816	1.00927	1.61661	615	0	-8.13743	0	20	20
0.010027	0.000993534	1795.22	256.236	0.220224	543.789	259.995	1.0104	1.61661	615	0	-7.88671	0	20	20
0.0100226	0.000985728	1780.02	256.174	0.189625	532.693	256.153	1.01172	1.61661	615	0	-7.64008	0	20	20
0.0100176	0.000977992	1764.87	256.106	0.163268	521.643	252.291	1.01324	1.61661	615	0	-7.39771	0	20	20
0.0100118	0.000970333	1749.76	256.032	0.140567	510.643	248.413	1.01498	1.61661	615	0	-7.15978	0	20	20
0.0100053	0.000962759	1734.71	255.951	0.121018	499.699	244.522	1.01696	1.61661	615	0	-6.92643	0	20	20
0.00999802	0.000955277	1719.73	255.863	0.104184	488.814	240.619	1.0192	1.61661	615	0	-6.69781	0	20	20
0.00998984	0.000947892	1704.81	255.768	0.0896893	477.993	236.707	1.0217	1.61661	615	0	-6.47404	0	20	20
0.00998075	0.000940612	1689.97	255.663	0.0772089	467.241	232.79	1.0245	1.61661	615	0	-6.25522	0	20	20
0.00997071	0.000933442	1675.22	255.549	0.0664636	456.562	228.868	1.0276	1.61661	615	0	-6.04143	0	20	20
0.00995968	0.000926387	1660.55	255.425	0.0572127	445.96	224.945	1.03101	1.61661	615	0	-5.83271	0	20	20
0.00994764	0.000919452	1645.98	255.29	0.0492485	435.439	221.023	1.03476	1.61661	615	0	-5.62909	0	20	20
0.00993458	0.000912641	1631.52	255.142	0.0423924	425.004	217.104	1.03885	1.61661	615	0	-5.43054	0	20	20
0.00992049	0.000905954	1617.16	254.982	0.0364903	414.658	213.191	1.04328	1.61661	615	0	-5.23704	0	20	20
0.00990537	0.000899396	1602.91	254.807	0.0314096	404.407	209.286	1.04806	1.61661	615	0	-5.04849	0	20	20
0.00988926	0.000892965	1588.79	254.616	0.027036	394.252	205.39	1.0532	1.61661	615	0	-4.86481	0	20	20
0.00987217	0.000886662	1574.79	254.409	0.0232712	384.2	201.507	1.05867	1.61661	615	0	-4.68586	0	20	20
0.00985416	0.000880486	1560.92	254.183	0.0200306	374.253	197.639	1.06449	1.61661	615	0	-4.51152	0	20	20
0.00983528	0.000874436	1547.19	253.936	0.0172411	364.416	193.787	1.07063	1.61661	615	0	-4.34163	0	20	20
0.00981557	0.00086851	1533.61	253.668	0.01484	354.693	189.955	1.07709	1.61661	615	0	-4.17606	0	20	20
0.00979511	0.000862707	1520.18	253.377	0.0127733	345.086	186.143	1.08386	1.61661	615	0	-4.01466	0	20	20
0.00977395	0.000857023	1506.9	253.059	0.0109943	335.601	182.355	1.09091	1.61661	615	0	-3.8573	0	20	20
0.00975216	0.000851458	1493.79	252.714	0.00946308	326.241	178.592	1.09824	1.61661	615	0	-3.70385	0	20	20
0.00972981	0.00084601	1480.85	252.338	0.00814509	317.009	174.856	1.10583	1.61661	615	0	-3.55422	0	20	20
0.00970695	0.000840677	1468.08	251.929	0.00701065	307.91	171.15	1.11366	1.61661	615	0	-3.4083	0	20	20
0.00968365	0.000835458	1455.49	251.485	0.0060342	298.946	167.475	1.12172	1.61661	615	0	-3.26601	0	20	20
0.00965996	0.000830352	1443.08	251.002	0.00519374	290.123	163.835	1.12999	1.61661	615	0	-3.12729	0	20	20
0.00963595	0.000825359	1430.87	250.478	0.00447034	281.442	160.229	1.13846	1.61661	615	0	-2.99206	0	20	20
0.00961166	0.000820478	1418.86	249.908	0.00384768	272.908	156.661	1.14711	1.61661	615	0	-2.86028	0	20	20
0.00958715	0.000815709	1407.04	249.29	0.00331176	264.525	153.133	1.15593	1.61661	615	0	-2.73191	0	20	20
0.00956248	0.000811051	1395.44	248.618	0.00285047	256.295	149.646	1.1649	1.61661	615	0	-2.6069	0	20	20
0.00953769	0.000806504	1384.04	247.89	0.00245344	248.222	146.203	1.17401	1.61661	615	0	-2.48524	0	20	20
0.00951284	0.000802068	1372.86	247.101	0.0021117	240.311	142.806	1.18323	1.61661	615	0	-2.36688	0	20	20
0.00948796	0.000797744	1361.91	246.245	0.00181757	232.564	139.455	1.19256	1.61661	615	0	-2.25182	0	20	20
0.00946311	0.000793531	1351.17	245.318	0.0015644	224.985	136.154	1.20198	1.61661	615	0	-2.14003	0	20	20
0.00943834	0.000789431	1340.67	244.315	0.00134649	217.577	132.905	1.21147	1.61661	615	0	-2.0315	0	20	20
0.00941369	0.000785442	1330.4	243.231	0.00115894	210.346	129.709	1.22101	1.61661	615	0	-1.92621	0	20	20
0.0093892	0.000781566	1320.37	242.058	0.000997512	203.295	126.569	1.23059	1.61661	615	0	-1.82416	0	20	20
0.00936492	0.000777803	1310.57	240.792	0.000858568	196.427	123.486	1.24019	1.61661	615	0	-1.72534	0	20	20
0.00934088	0.000774154	1301.03	239.426	0.000738977	189.748	120.463	1.24979	1.61661	615	0	-1.62974	0	20	20
0.00931713	0.000770618	1291.72	237.953	0.000636045	183.263	117.503	1.25937	1.61661	615	0	-1.53736	0	20	20
0.00929371	0.000767198	1282.67	236.367	0.000547449	176.975	114.607	1.26891	1.61661	615	0	-1.44821	0	20	20
0.00927066	0.000763893	1273.87	234.661	0.000471194	170.892	111.778	1.27841	1.61661	615	0	-1.36228	0	20	20
0.00924799	0.000760702	1265.32	232.828	0.000405561	165.014	109.019	1.28783	1.61661	615	0	-1.27953	0	20	20
0.00922573	0.000757621	1257.02	230.86	0.00034907	159.338	106.327	1.29717	1.61661	615	0	-1.19985	0	20	20
0.00920386	0.000754642	1248.93	228.751	0.000300448	153.858	103.702	1.30644	1.61661	615	0	-1.12308	0	20	20
0.00918239	0.00075176	1241.07	226.494	0.000258598	148.566	101.141	1.31563	1.61661	615	0	-1.04908	0	20	20
0.00916131	0.000748967	1233.4	224.082	0.000222577	143.456	98.6441	1.32473	1.61661	615	0	-0.977711	0	20	20
0.00914061	0.000746258	1225.91	221.509	0.000191574	138.522	96.2086	1.33375	1.61661	615	0	-0.908859	0	20	20
0.0091203	0.000743626	1218.6	218.768	0.000164889	133.758	93.8332	1.34268	1.61661	615	0	-0.842415	0	20	20
0.00910036	0.000741066	1211.44	215.855	0.000141922	129.157	91.5165	1.35153	1.61661	615	0	-0.778284	0	20	20
0.00908079	0.000738572	1204.43	212.764	0.000122153	124.715	89.2569	1.36028	1.61661	615	0	-0.716381	0	20	20
0.00906157	0.000736137	1197.56	209.492	0.000105138	120.425	87.0531	1.36896	1.61661	615	0	-0.656633	0	20	20
0.00904271	0.000733757	1190.81	206.035	9.04933e-05	116.283	84.9038	1.37754	1.61661	615	0	-0.598981	0	20	20
0.0090242	0.000731426	1184.17	202.392	7.78883e-05	112.284	82.8075	1.38603	1.61661	615	0	-0.543377	0	20	20
0.00900604	0.00072914	1177.63	198.562	6.70391e-05	108.422	80.763	1.39444	1.61661	615	0	-0.489785	0	20	20
0.00898822	0.000726892	1171.19	194.546	5.77011e-05	104.693	78.7689	1.40275	1.61661	615	0	-0.438179	0	20	20
0.00897119	0.000724726	1164.96	190.346	4.96638e-05	101.092	76.8241	1.41075	1.61661	615	0	-0.389345	0	20	20
0.008956	0.000722744	1159.25	185.967	4.2746e-05	97.6148	74.9273	1.41794	1.61661	615	0	-0.344993	0	20	20
0.00894311	0.000720988	1154.16	181.413	3.67919e-05	94.2574	73.0774	1.42408	1.61661	615	0	-0.305663	0	20	20
0.00893231	0.000719431	1149.63	176.694	3.1667e-05	91.0154	71.2731	1.42925	1.61661	615	0	-0.270698	0	20	20
0.00892342	0.000718049	1145.61	171.818	2.72561e-05	87.885	69.5133	1.43353	1.61661	615	0	-0.239552	0	20	20
0.00891632	0.000716825	1142.03	166.796	2.34595e-05	84.8622	67.7971	1.43695	1.61661	615	0	-0.211771	0	20	20
0.00891091	0.000715742	1138.87	161.643	2.01918e-05	81.9434	66.1231	1.43957	1.61661	615	0	-0.186971	0	20	20
0.0089071	0.00071479	1136.1	156.373	1.73792e-05	79.125	64.4906	1.44142	1.61661	615	0	-0.164831	0	20	20
0.00890484	0.000713958	1133.7	151.002	1.49585e-05	76.4035	62.8983	1.44252	1.61661	615	0	-0.145075	0	20	20
0.0089041	0.00071324	1131.65	145.549	1.28749e-05	73.7757	61.3453	1.44288	1.61661	615	0	-0.127468	0	20	20
0.00890486	0.000712631	1129.95	140.032	1.10815e-05	71.2382	59.8307	1.44251	1.61661	615	0	-0.111807	0	20	20
0.00890714	0.000712128	1128.6	134.472	9.53793e-06	68.788	58.3535	1.4414	1.61661	615	0	-0.097913	0	20	20
0.008917	0.000711406	1127.79	128.89	8.20938e-06	66.422	56.9127	1.43663	1.61661	615	0	-0.0739952	0	20	20
0.0089343	0.000710661	1127.84	123.305	7.06588e-06	64.1375	55.5075	1.4283	1.61661	615	0	-0.048438	0	20	20
0.00895707	0.000710096	1128.82	117.74	6.08166e-06	61.9315	54.137	1.41743	1.61661	615	0	-0.0271327	0	20	20
0.00898537	0.000709706	1130.76	112.216	5.23453e-06	59.8014	52.8004	1.40408	1.61661	615	0	-0.00910028	0	20	20
0.00901924	0.000709505	1133.67	106.751	4.5054e-06	57.7446	51.4968	1.38832	1.61661	615	0	0.00645039	0	20	20
0.00905849	0.000709524	1137.6	101.367	3.87783e-06	55.7585	50.2253	1.37035	1.61661	615	0	0.0201703	0	20	20
0.00910265	0.00070982	1142.58	96.0801	3.33768e-06	53.8407	48.9852	1.35051	1.61661	615	0	0.0326032	0	20	20
0.00915074	0.000710475	1148.64	90.9079	2.87277e-06	51.9888	47.7758	1.32933	1.61661	615	0	0.0442039	0	20	20
0.00920123	0.000711603	1155.82	85.8656	2.47262e-06	50.2007	46.5962	1.30756	1.61661	615	0	0.0553401	0	20	20
0.00925209	0.000713332	1164.08	80.9665	2.1282e-06	48.4741	45.4457	1.28612	1.61661	615	0	0.0662818	0	20	20
0.009301	0.000715791	1173.39	76.2224	1.83176e-06	46.8068	44.3237	1.26594	1.61661	615	0	0.0771833	0	20	20
0.00934577	0.000719076	1183.66	71.6431	1.57661e-06	45.1969	43.2293	1.24783	1.61661	615	0	0.0880771	0	20	20
0.00938481	0.000723231	1194.8	67.2365	1.357e-06	43.6424	42.162	1.23232	1.61661	615	0	0.0988917	0	20	20
0.0094173	0.000728237	1206.66	63.0088	1.16798e-06	42.1413	41.121	1.21961	1.61661	615	0	0.109494	0	20	20
0.0094432	0.00073402	1219.13	58.9643	1.00529e-06	40.6919	40.1057	1.2096	1.61661	615	0	0.119733	0	20	20
0.009463	0.000740476	1232.08	55.1056	8.65262e-07	39.2923	39.1155	1.20203	1.61661	615	0	0.129482	0	20	20
0.00947751	0.000747489	1245.4	51.4339	7.44738e-07	37.9409	38.1497	1.19651	1.61661	615	0	0.138644	0	20	20
0.00948761	0.000754941	1258.99	47.9486	6.41002e-07	36.6359	37.2078	1.1927	1.61661	615	0	0.147164	0	20	20
0.00949417	0.00076273	1272.76	44.6482	5.51715e-07	35.3758	36.2891	1.19023	1.61661	615	0	0.155021	0	20	20
0.00949796	0.000770764	1286.65	41.5299	4.74866e-07	34.1591	35.3932	1.1888	1.61661	615	0	0.162221	0	20	20
0.00949963	0.000778968	1300.61	38.5897	4.08721e-07	32.9842	34.5193	1.18818	1.61661	615	0	0.168789	0	20	20
0.00949971	0.000787279	1314.58	35.8231	3.51789e-07	31.8497	33.667	1.18814	1.61661	615	0	0.174764	0	20	20
0.00949862	0.000795646	1328.53	33.2246	3.02788e-07	30.7543	32.8358	1.18855	1.61661	615	0	0.180195	0	20	20
0.00949671	0.00080403	1342.43	30.7884	2.60612e-07	29.6965	32.0251	1.18927	1.61661	615	0	0.185133	0	20	20
0.00949421	0.000812399	1356.25	28.5081	2.24311e-07	28.6751	31.2344	1.19021	1.61661	615	0	0.189629	0	20	20
0.00949133	0.000820728	1369.98	26.3769	1.93066e-07	27.6888	30.4632	1.1913	1.61661	615	0	0.193736	0	20	20
0.00948819	0.000829	1383.6	24.3881	1.66173e-07	26.7365	29.711	1.19248	1.61661	615	0	0.197499	0	20	20
0.0094849	0.000837199	1397.09	22.5345	1.43027e-07	25.8169	28.9775	1.19372	1.61661	615	0	0.200962	0	20	20
0.00948153	0.000845314	1410.44	20.8092	1.23104e-07	24.9289	28.262	1.19499	1.61661	615	0	0.204163	0	20	20
0.00947813	0.000853337	1423.66	19.2052	1.05957e-07	24.0715	27.5642	1.19628	1.61661	615	0	0.207137	0	20	20
0.00947473	0.000861262	1436.71	17.7156	9.11979e-08	23.2436	26.8837	1.19757	1.61661	615	0	0.209911	0	20	20
0.00947135	0.000869085	1449.62	16.3335	7.84948e-08	22.4441	26.2199	1.19885	1.61661	615	0	0.212513	0	20	20
0.009468	0.000876801	1462.35	15.0525	6.75611e-08	21.6722	25.5725	1.20012	1.61661	615	0	0.214962	0	20	20
0.00946469	0.000884409	1474.92	13.8662	5.81504e-08	20.9268	24.9411	1.20138	1.61661	615	0	0.217278	0	20	20
0.00946143	0.000891905	1487.32	12.7684	5.00505e-08	20.207	24.3253	1.20263	1.61661	615	0	0.219475	0	20	20
0.0094582	0.000899289	1499.54	11.7534	4.30789e-08	19.512	23.7247	1.20386	1.61661	615	0	0.221566	0	20	20
0.00945502	0.00090656	1511.58	10.8154	3.70783e-08	18.8409	23.139	1.20507	1.61661	615	0	0.223561	0	20	20
0.00945189	0.000913717	1523.44	9.94928	3.19136e-08	18.1929	22.5677	1.20627	1.61661	615	0	0.225471	0	20	20
0.00944879	0.000920759	1535.12	9.14994	2.74683e-08	17.5671	22.0105	1.20746	1.61661	615	0	0.227302	0	20	20
0.00944574	0.000927686	1546.62	8.41262	2.36422e-08	16.9629	21.467	1.20863	1.61661	615	0	0.229061	0	20	20
0.00944272	0.000934498	1557.93	7.73287	2.0349e-08	16.3795	20.937	1.20979	1.61661	615	0	0.230753	0	20	20
0.00943974	0.000941195	1569.05	7.10647	1.75146e-08	15.8161	20.4201	1.21093	1.61661	615	0	0.232382	0	20	20
0.0094368	0.000947776	1579.98	6.52948	1.50749e-08	15.2721	19.9159	1.21206	1.61661	615	0	0.233953	0	20	20
0.0094339	0.000954243	1590.73	5.99821	1.29751e-08	14.7468	19.4242	1.21318	1.61661	615	0	0.235468	0	20	20
0.00943103	0.000960596	1601.3	5.50922	1.11678e-08	14.2396	18.9446	1.21429	1.61661	615	0	0.236931	0	20	20
0.0094282	0.000966834	1611.67	5.05929	9.61219e-09	13.7499	18.4769	1.21538	1.61661	615	0	0.238344	0	20	20
0.00942541	0.000972959	1621.86	4.64543	8.27329e-09	13.2769	18.0207	1.21647	1.61661	615	0	0.23971	0	20	20
0.00942265	0.000978972	1631.86	4.26485	7.12089e-09	12.8203	17.5757	1.21753	1.61661	615	0	0.241031	0	20	20
0.00941993	0.000984872	1641.68	3.91496	6.129e-09	12.3793	17.1418	1.21859	1.61661	615	0	0.242308	0	20	20
0.00941725	0.000990662	1651.32	3.59337	5.27528e-09	11.9536	16.7185	1.21963	1.61661	615	0	0.243543	0	20	20
0.0094146	0.000996341	1660.77	3.29785	4.54048e-09	11.5424	16.3058	1.22066	1.61661	615	0	0.244738	0	20	20
0.009412	0.00100191	1670.04	3.02635	3.90803e-09	11.1454	15.9032	1.22167	1.61661	615	0	0.245894	0	20	20
0.00940943	0.00100737	1679.13	2.77695	3.36367e-09	10.7621	15.5105	1.22267	1.61661	615	0	0.247012	0	20	20
0.00940683	0.00101279	1688.15	2.5479	2.89514e-09	10.3919	15.1276	1.22369	1.61661	615	0	0.248098	0	20	20
0.00940409	0.00101824	1697.21	2.33757	2.49187e-09	10.0345	14.7541	1.22475	1.61661	615	0	0.249153	0	20	20
0.00940123	0.00102374	1706.31	2.14445	2.14477e-09	9.68937	14.3898	1.22588	1.61661	615	0	0.250181	0	20	20
0.00939823	0.00102927	1715.47	1.96717	1.84602e-09	9.3561	14.0345	1.22705	1.61661	615	0	0.251181	0	20	20
0.0093951	0.00103484	1724.66	1.80443	1.58888e-09	9.0343	13.688	1.22828	1.61661	615	0	0.252154	0	20	20
0.00939185	0.00104044	1733.88	1.65508	1.36757e-09	8.72357	13.35	1.22955	1.61661	615	0	0.2531	0	20	20
0.00938848	0.00104606	1743.14	1.51801	1.17707e-09	8.42353	13.0204	1.23088	1.61661	615	0	0.25402	0	20	20
0.009385	0.0010517	1752.41	1.39223	1.01312e-09	8.13381	12.6989	1.23225	1.61661	615	0	0.254914	0	20	20
0.00938141	0.00105737	1761.69	1.27682	8.71998e-10	7.85405	12.3854	1.23366	1.61661	615	0	0.255782	0	20	20
0.00937771	0.00106305	1770.99	1.17093	7.50536e-10	7.58391	12.0796	1.23512	1.61661	615	0	0.256626	0	20	20
0.00937392	0.00106874	1780.28	1.07379	6.45992e-10	7.32307	11.7814	1.23662	1.61661	615	0	0.257445	0	20	20
0.00937003	0.00107444	1789.58	0.984679	5.56011e-10	7.07119	11.4905	1.23816	1.61661	615	0	0.258239	0	20	20
0.00936605	0.00108014	1798.86	0.902934	4.78563e-10	6.82798	11.2068	1.23974	1.61661	615	0	0.25901	0	20	20
0.00936198	0.00108585	1808.13	0.827954	4.11903e-10	6.59314	10.9301	1.24136	1.61661	615	0	0.259758	0	20	20
0.00935784	0.00109155	1817.37	0.759182	3.54528e-10	6.36637	10.6602	1.24301	1.61661	615	0	0.260483	0	20	20
0.00935361	0.00109725	1826.6	0.696106	3.05145e-10	6.1474	10.397	1.24469	1.61661	615	0	0.261185	0	20	20
0.00934931	0.00110294	1835.79	0.638258	2.62641e-10	5.93596	10.1403	1.24641	1.61661	615	0	0.261865	0	20	20
0.00934494	0.00110861	1844.94	0.585207	2.26057e-10	5.7318	9.88995	1.24816	1.61661	615	0	0.262524	0	20	20
0.00934051	0.00111427	1854.06	0.536555	1.94569e-10	5.53465	9.64576	1.24994	1.61661	615	0	0.263161	0	20	20
0.00933602	0.00111992	1863.12	0.491941	1.67467e-10	5.34429	9.40761	1.25174	1.61661	615	0	0.263778	0	20	20
0.00933147	0.00112554	1872.14	0.45103	1.4414e-10	5.16048	9.17533	1.25358	1.61661	615	0	0.264374	0	20	20
0.00932686	0.00113114	1881.1	0.413515	1.24063e-10	4.98298	8.94879	1.25543	1.61661	615	0	0.26495	0	20	20
0.00932221	0.00113671	1890	0.379116	1.06782e-10	4.8116	8.72785	1.25731	1.61661	615	0	0.265507	0	20	20
0.00931751	0.00114225	1898.84	0.347575	9.1908e-11	4.6461	8.51236	1.25921	1.61661	615	0	0.266045	0	20	20
0.00931278	0.00114776	1907.61	0.318655	7.91059e-11	4.4863	8.30219	1.26114	1.61661	615	0	0.266564	0	20	20
0.009308	0.00115323	1916.31	0.292138	6.80871e-11	4.332	8.0972	1.26308	1.61661	615	0	0.267064	0	20	20
0.00930319	0.00115866	1924.93	0.267826	5.86031e-11	4.183	7.89728	1.26504	1.61661	615	0	0.267547	0	20	20
0.00929836	0.00116406	1933.47	0.245535	5.04402e-11	4.03913	7.7023	1.26701	1.61661	615	0	0.268012	0	20	20
0.00929349	0.00116941	1941.93	0.225098	4.34142e-11	3.9002	7.51213	1.26901	1.61661	615	0	0.268461	0	20	20
0.00928861	0.00117472	1950.3	0.20636	3.7367e-11	3.76606	7.32665	1.27101	1.61661	615	0	0.268892	0	20	20
0.0092837	0.00117998	1958.57	0.189181	3.21621e-11	3.63653	7.14576	1.27302	1.61661	615	0	0.269307	0	20	20
0.00927878	0.00118519	1966.76	0.173431	2.76821e-11	3.51145	6.96933	1.27505	1.61661	615	0	0.269707	0	20	20
0.00927385	0.00119035	1974.84	0.158992	2.38262e-11	3.39067	6.79725	1.27709	1.61661	615	0	0.270091	0	20	20
0.00926891	0.00119545	1982.83	0.145754	2.05074e-11	3.27405	6.62943	1.27913	1.61661	615	0	0.27046	0	20	20
0.00926396	0.0012005	1990.71	0.133617	1.76509e-11	3.16144	6.46575	1.28118	1.61661	615	0	0.270814	0	20	20
0.00925902	0.00120549	1998.49	0.122491	1.51923e-11	3.05271	6.30611	1.28323	1.61661	615	0	0.271154	0	20	20
0.00925407	0.00121042	2006.16	0.112291	1.30761e-11	2.94771	6.15041	1.28529	1.61661	615	0	0.27148	0	20	20
0.00924913	0.00121529	2013.71	0.10294	1.12547e-11	2.84633	5.99856	1.28735	1.61661	615	0	0.271793	0	20	20
0.0092442	0.0012201	2021.16	0.0943671	9.68703e-12	2.74843	5.85045	1.28941	1.61661	615	0	0.272092	0	20	20
0.00923927	0.00122484	2028.49	0.0865081	8.3377e-12	2.6539	5.706	1.29148	1.61661	615	0	0.272378	0	20	20
0.00923436	0.00122951	2035.7	0.0793034	7.17633e-12	2.56262	5.56512	1.29354	1.61661	615	0	0.272652	0	20	20
0.00922947	0.00123412	2042.79	0.0726986	6.17672e-12	2.47448	5.42772	1.2956	1.61661	615	0	0.272914	0	20	20
0.00922459	0.00123866	2049.76	0.0666437	5.31635e-12	2.38937	5.29371	1.29765	1.61661	615	0	0.273165	0	20	20
0.00921973	0.00124313	2056.61	0.061093	4.57583e-12	2.30719	5.163	1.29971	1.61661	615	0	0.273403	0	20	20
0.0092149	0.00124753	2063.34	0.0560045	3.93845e-12	2.22783	5.03553	1.30175	1.61661	615	0	0.273631	0	20	20
0.0092101	0.00125186	2069.94	0.0513398	3.38986e-12	2.15121	4.9112	1.30379	1.61661	615	0	0.273848	0	20	20
0.00920532	0.00125612	2076.42	0.0470635	2.91768e-12	2.07722	4.78994	1.30582	1.61661	615	0	0.274055	0	20	20
0.00920057	0.0012603	2082.76	0.0431433	2.51127e-12	2.00577	4.67168	1.30784	1.61661	615	0	0.274251	0	20	20
0.00919585	0.0012644	2088.98	0.0395496	2.16147e-12	1.93678	4.55634	1.30986	1.61661	615	0	0.274438	0	20	20
0.00919117	0.00126843	2095.07	0.0362552	1.86039e-12	1.87017	4.44384	1.31186	1.61661	615	0	0.274615	0	20	20
0.00918653	0.00127239	2101.04	0.0332352	1.60125e-12	1.80585	4.33412	1.31385	1.61661	615	0	0.274782	0	20	20
0.00918192	0.00127627	2106.87	0.0304668	1.37821e-12	1.74373	4.22711	1.31583	1.61661	615	0	0.274941	0	20	20
0.00917736	0.00128007	2112.57	0.0279289	1.18624e-12	1.68376	4.12274	1.31779	1.61661	615	0	0.275092	0	20	20
0.00917283	0.0012838	2118.14	0.0256024	1.02101e-12	1.62585	4.02095	1.31974	1.61661	615	0	0.275234	0	20	20
0.00916835	0.00128744	2123.59	0.0234697	8.78787e-13	1.56993	3.92167	1.32168	1.61661	615	0	0.275367	0	20	20
0.00916392	0.00129101	2128.9	0.0215146	7.56379e-13	1.51593	3.82485	1.3236	1.61661	615	0	0.275493	0	20	20
0.00915953	0.0012945	2134.08	0.0197224	6.51022e-13	1.46379	3.73041	1.3255	1.61661	615	0	0.275612	0	20	20
0.00915519	0.00129792	2139.13	0.0180794	5.60339e-13	1.41344	3.63831	1.32739	1.61661	615	0	0.275722	0	20	20
0.00915089	0.00130125	2144.06	0.0165733	4.82289e-13	1.36483	3.54848	1.32926	1.61661	615	0	0.275826	0	20	20
0.00914665	0.00130451	2148.85	0.0151927	4.1511e-13	1.31789	3.46087	1.33111	1.61661	615	0	0.275923	0	20	20
0.00914246	0.00130769	2153.51	0.0139271	3.57288e-13	1.27256	3.37542	1.33294	1.61661	615	0	0.276014	0	20	20
0.00913832	0.00131079	2158.05	0.0127669	3.07521e-13	1.22879	3.29208	1.33475	1.61661	615	0	0.276098	0	20	20
0.00913423	0.00131382	2162.46	0.0117033	2.64686e-13	1.18653	3.2108	1.33655	1.61661	615	0	0.276175	0	20	20
0.0091302	0.00131676	2166.75	0.0107284	2.27817e-13	1.14572	3.13152	1.33832	1.61661	615	0	0.276247	0	20	20
0.00912622	0.00131963	2170.9	0.00983465	1.96084e-13	1.10631	3.0542	1.34007	1.61661	615	0	0.276313	0	20	20
0.00912229	0.00132243	2174.94	0.00901536	1.68771e-13	1.06826	2.97879	1.3418	1.61661	615	0	0.276373	0	20	20
0.00911842	0.00132515	2178.85	0.00826432	1.45263e-13	1.03152	2.90525	1.34351	1.61661	615	0	0.276428	0	20	20
0.00911461	0.00132779	2182.64	0.00757585	1.25029e-13	0.996037	2.83352	1.3452	1.61661	615	0	0.276477	0	20	20
0.00911085	0.00133036	2186.31	0.00694473	1.07613e-13	0.961779	2.76356	1.34686	1.61661	615	0	0.276522	0	20	20
0.00910715	0.00133285	2189.86	0.00636619	9.26235e-14	0.928699	2.69532	1.34851	1.61661	615	0	0.276562	0	20	20
0.0091035	0.00133527	2193.28	0.00583584	7.97218e-14	0.896756	2.62878	1.35013	1.61661	615	0	0.276597	0	20	20
0.00909992	0.00133762	2196.6	0.00534967	6.86172e-14	0.865913	2.56387	1.35172	1.61661	615	0	0.276627	0	20	20
0.00909639	0.00133989	2199.8	0.004904	5.90593e-14	0.83613	2.50057	1.3533	1.61661	615	0	0.276653	0	20	20
0.00909292	0.0013421	2202.88	0.00449546	5.08329e-14	0.807372	2.43883	1.35485	1.61661	615	0	0.276675	0	20	20
0.0090895	0.00134423	2205.85	0.00412095	4.37522e-14	0.779603	2.37862	1.35637	1.61661	615	0	0.276693	0	20	20
0.00908615	0.00134629	2208.71	0.00377764	3.76579e-14	0.752788	2.31989	1.35788	1.61661	615	0	0.276706	0	20	20
0.00908285	0.00134829	2211.46	0.00346294	3.24125e-14	0.726897	2.26261	1.35936	1.61661	615	0	0.276716	0	20	20
0.00907961	0.00135021	2214.1	0.00317445	2.78977e-14	0.701895	2.20675	1.36081	1.61661	615	0	0.276723	0	20	20
0.00907642	0.00135207	2216.64	0.00290999	2.40117e-14	0.677754	2.15226	1.36225	1.61661	615	0	0.276726	0	20	20
0.00907329	0.00135387	2219.07	0.00266756	2.06671e-14	0.654443	2.09912	1.36366	1.61661	615	0	0.276725	0	20	20
0.00907022	0.00135559	2221.4	0.00244533	1.77883e-14	0.631934	2.04729	1.36504	1.61661	615	0	0.276721	0	20	20
0.00906721	0.00135726	2223.63	0.00224161	1.53106e-14	0.610198	1.99675	1.3664	1.61661	615	0	0.276714	0	20	20
0.00906425	0.00135886	2225.76	0.00205487	1.31779e-14	0.589211	1.94745	1.36774	1.61661	615	0	0.276704	0	20	20
0.00906135	0.0013604	2227.79	0.00188368	1.13423e-14	0.568945	1.89936	1.36906	1.61661	615	0	0.276691	0	20	20
0.0090585	0.00136187	2229.72	0.00172675	9.76244e-15	0.549377	1.85247	1.37035	1.61661	615	0	0.276676	0	20	20
0.00905571	0.00136329	2231.57	0.0015829	8.40261e-15	0.530481	1.80673	1.37162	1.61661	615	0	0.276657	0	20	20
0.00905297	0.00136465	2233.32	0.00145103	7.2322e-15	0.512235	1.76212	1.37286	1.61661	615	0	0.276636	0	20	20
0.00905029	0.00136595	2234.98	0.00133015	6.22481e-15	0.494617	1.71862	1.37408	1.61661	615	0	0.276613	0	20	20
0.00904766	0.00136719	2236.55	0.00121933	5.35774e-15	0.477605	1.67618	1.37528	1.61661	615	0	0.276587	0	20	20
0.00904508	0.00136838	2238.03	0.00111775	4.61145e-15	0.461178	1.6348	1.37646	1.61661	615	0	0.276558	0	20	20
0.00904256	0.00136951	2239.43	0.00102463	3.96911e-15	0.445316	1.59443	1.37761	1.61661	615	0	0.276528	0	20	20
0.00904009	0.00137059	2240.75	0.000939274	3.41625e-15	0.43	1.55507	1.37874	1.61661	615	0	0.276496	0	20	20
0.00903766	0.00137161	2241.99	0.000861024	2.94039e-15	0.41521	1.51667	1.37985	1.61661	615	0	0.276461	0	20	20
0.00903529	0.00137259	2243.14	0.000789293	2.53082e-15	0.400929	1.47923	1.38094	1.61661	615	0	0.276424	0	20	20
0.00903297	0.00137351	2244.22	0.000723538	2.1783e-15	0.387139	1.4427	1.382	1.61661	615	0	0.276386	0	20	20
0.0090307	0.00137438	2245.23	0.000663261	1.87488e-15	0.373824	1.40708	1.38304	1.61661	615	0	0.276346	0	20	20
0.00902848	0.00137521	2246.16	0.000608005	1.61372e-15	0.360966	1.37234	1.38407	1.61661	615	0	0.276304	0	20	20
0.0090263	0.00137599	2247.02	0.000557353	1.38894e-15	0.348551	1.33846	1.38507	1.61661	615	0	0.27626	0	20	20
0.00902417	0.00137672	2247.8	0.00051092	1.19547e-15	0.336563	1.30541	1.38605	1.61661	615	0	0.276215	0	20	20
0.00902209	0.00137741	2248.52	0.000468356	1.02895e-15	0.324987	1.27318	1.38701	1.61661	615	0	0.276168	0	20	20
0.00902006	0.00137805	2249.17	0.000429338	8.85629e-16	0.313809	1.24175	1.38795	1.61661	615	0	0.27612	0	20	20
0.00901807	0.00137865	2249.76	0.00039357	7.62268e-16	0.303016	1.21109	1.38886	1.61661	615	0	0.276071	0	20	20
0.00901612	0.00137921	2250.28	0.000360782	6.5609e-16	0.292594	1.18119	1.38976	1.61661	615	0	0.27602	0	20	20
0.00901422	0.00137972	2250.74	0.000330726	5.64702e-16	0.28253	1.15202	1.39064	1.61661	615	0	0.275968	0	20	20
0.00901236	0.0013802	2251.15	0.000303173	4.86043e-16	0.272812	1.12358	1.3915	1.61661	615	0	0.275915	0	20	20
0.00901054	0.00138063	2251.49	0.000277916	4.18342e-16	0.263429	1.09584	1.39235	1.61661	615	0	0.275861	0	20	20
0.00900877	0.00138103	2251.77	0.000254763	3.6007e-16	0.254369	1.06878	1.39317	1.61661	615	0	0.275805	0	20	20
0.00900703	0.0013814	2252	0.000233539	3.09915e-16	0.24562	1.04239	1.39397	1.61661	615	0	0.275749	0	20	20
0.00900534	0.00138172	2252.18	0.000214083	2.66746e-16	0.237172	1.01666	1.39476	1.61661	615	0	0.275691	0	20	20
0.00900368	0.00138201	2252.3	0.000196248	2.29591e-16	0.229014	0.991555	1.39553	1.61661	615	0	0.275633	0	20	20
0.00900207	0.00138227	2252.37	0.000179899	1.97611e-16	0.221137	0.967073	1.39628	1.61661	615	0	0.275574	0	20	20
0.00900049	0.00138249	2252.4	0.000164912	1.70085e-16	0.213531	0.943196	1.39702	1.61661	615	0	0.275514	0	20	20
0.00899895	0.00138268	2252.37	0.000151173	1.46393e-16	0.206187	0.919908	1.39773	1.61661	615	0	0.275453	0	20	20
0.00899745	0.00138284	2252.3	0.000138579	1.26002e-16	0.199095	0.897196	1.39844	1.61661	615	0	0.275392	0	20	20
0.00899598	0.00138297	2252.18	0.000127034	1.08451e-16	0.192248	0.875044	1.39912	1.61661	615	0	0.275329	0	20	20
0.00899454	0.00138307	2252.02	0.000116451	9.33446e-17	0.185635	0.853439	1.39979	1.61661	615	0	0.275267	0	20	20
0.00899315	0.00138314	2251.82	0.00010675	8.03424e-17	0.179251	0.832367	1.40044	1.61661	615	0	0.275203	0	20	20
0.00899178	0.00138318	2251.58	9.78563e-05	6.91514e-17	0.173085	0.811816	1.40108	1.61661	615	0	0.275139	0	20	20
0.00899045	0.0013832	2251.3	8.9704e-05	5.95191e-17	0.167132	0.791772	1.4017	1.61661	615	0	0.275075	0	20	20
0.00898915	0.00138319	2250.97	8.22308e-05	5.12286e-17	0.161384	0.772224	1.40231	1.61661	615	0	0.27501	0	20	20
0.00898788	0.00138315	2250.62	7.53802e-05	4.40929e-17	0.155833	0.753157	1.4029	1.61661	615	0	0.274944	0	20	20
0.00898665	0.00138309	2250.22	6.91004e-05	3.79511e-17	0.150473	0.734562	1.40348	1.61661	615	0	0.274878	0	20	20
0.00898544	0.001383	2249.79	6.33437e-05	3.26648e-17	0.145298	0.716425	1.40405	1.61661	615	0	0.274812	0	20	20
0.00898427	0.0013829	2249.33	5.80666e-05	2.81149e-17	0.1403	0.698737	1.4046	1.61661	615	0	0.274745	0	20	20
0.00898312	0.00138276	2248.83	5.32291e-05	2.41987e-17	0.135475	0.681485	1.40514	1.61661	615	0	0.274678	0	20	20
0.008982	0.00138261	2248.31	4.87946e-05	2.0828e-17	0.130815	0.664659	1.40566	1.61661	615	0	0.274611	0	20	20
0.00898091	0.00138244	2247.75	4.47296e-05	1.79268e-17	0.126316	0.648248	1.40617	1.61661	615	0	0.274543	0	20	20
0.00897985	0.00138224	2247.17	4.10032e-05	1.54298e-17	0.121971	0.632243	1.40667	1.61661	615	0	0.274475	0	20	20
0.00897881	0.00138203	2246.55	3.75873e-05	1.32805e-17	0.117776	0.616633	1.40716	1.61661	615	0	0.274407	0	20	20
0.0089778	0.0013818	2245.91	3.44559e-05	1.14306e-17	0.113725	0.601408	1.40763	1.61661	615	0	0.274339	0	20	20
0.00897682	0.00138155	2245.25	3.15854e-05	9.83845e-18	0.109814	0.586559	1.4081	1.61661	615	0	0.274271	0	20	20
0.00897586	0.00138128	2244.55	2.89541e-05	8.46803e-18	0.106037	0.572077	1.40855	1.61661	615	0	0.274202	0	20	20
0.00897493	0.00138099	2243.84	2.65419e-05	7.2885e-18	0.10239	0.557953	1.40899	1.61661	615	0	0.274133	0	20	20
0.00897402	0.00138069	2243.1	2.43307e-05	6.27327e-18	0.0988679	0.544177	1.40942	1.61661	615	0	0.274065	0	20	20
0.00897313	0.00138037	2242.34	2.23038e-05	5.39946e-18	0.0954673	0.530741	1.40984	1.61661	615	0	0.273996	0	20	20
0.00897226	0.00138003	2241.56	2.04457e-05	4.64735e-18	0.0921838	0.517637	1.41024	1.61661	615	0	0.273927	0	20	20
0.00897142	0.00137969	2240.76	1.87423e-05	4.00001e-18	0.0890132	0.504856	1.41064	1.61661	615	0	0.273858	0	20	20
0.0089706	0.00137932	2239.93	1.71809e-05	3.44284e-18	0.0859516	0.492391	1.41103	1.61661	615	0	0.273789	0	20	20
0.0089698	0.00137895	2239.09	1.57496e-05	2.96328e-18	0.0829953	0.480234	1.4114	1.61661	615	0	0.27372	0	20	20
0.00896903	0.00137856	2238.24	1.44375e-05	2.55052e-18	0.0801407	0.468377	1.41177	1.61661	615	0	0.273651	0	20	20
0.00896827	0.00137815	2237.36	1.32347e-05	2.19525e-18	0.0773843	0.456813	1.41213	1.61661	615	0	0.273582	0	20	20
0.00896753	0.00137774	2236.47	1.21322e-05	1.88947e-18	0.0747227	0.445534	1.41248	1.61661	615	0	0.273514	0	20	20
0.00896681	0.00137731	2235.56	1.11214e-05	1.62628e-18	0.0721527	0.434534	1.41282	1.61661	615	0	0.273445	0	20	20
0.00896611	0.00137688	2234.64	1.01949e-05	1.39976e-18	0.069671	0.423805	1.41315	1.61661	615	0	0.273376	0	20	20
0.00896543	0.00137643	2233.71	9.3456e-06	1.20478e-18	0.0672747	0.413341	1.41347	1.61661	615	0	0.273308	0	20	20
0.00896477	0.00137597	2232.76	8.56702e-06	1.03696e-18	0.0649608	0.403136	1.41378	1.61661	615	0	0.273239	0	20	20
0.00896413	0.0013755	2231.79	7.85331e-06	8.92524e-19	0.0627265	0.393183	1.41409	1.61661	615	0	0.273171	0	20	20
0.0089635	0.00137503	2230.82	7.19906e-06	7.68203e-19	0.0605691	0.383475	1.41438	1.61661	615	0	0.273103	0	20	20
0.00896289	0.00137454	2229.83	6.59931e-06	6.61198e-19	0.0584858	0.374007	1.41467	1.61661	615	0	0.273035	0	20	20
0.0089623	0.00137405	2228.84	6.04953e-06	5.69098e-19	0.0564742	0.364773	1.41495	1.61661	615	0	0.272967	0	20	20
0.00896172	0.00137354	2227.83	5.54555e-06	4.89828e-19	0.0545318	0.355766	1.41523	1.61661	615	0	0.2729	0	20	20
0.00896115	0.00137303	2226.81	5.08355e-06	4.21598e-19	0.0526562	0.346982	1.41549	1.61661	615	0	0.272832	0	20	20
0.00896061	0.00137251	2225.79	4.66005e-06	3.62873e-19	0.0508451	0.338415	1.41575	1.61661	615	0	0.272765	0	20	20
0.00896008	0.00137199	2224.75	4.27182e-06	3.12328e-19	0.0490963	0.33006	1.41601	1.61661	615	0	0.272698	0	20	20
0.00895956	0.00137146	2223.71	3.91594e-06	2.68823e-19	0.0474077	0.321911	1.41625	1.61661	615	0	0.272631	0	20	20
0.00895905	0.00137092	2222.66	3.58971e-06	2.31378e-19	0.0457771	0.313963	1.41649	1.61661	615	0	0.272565	0	20	20
0.00895856	0.00137038	2221.6	3.29065e-06	1.99149e-19	0.0442026	0.306211	1.41672	1.61661	615	0	0.272498	0	20	20
0.00895809	0.00136983	2220.54	3.01651e-06	1.71409e-19	0.0426823	0.298651	1.41695	1.61661	615	0	0.272432	0	20	20
0.00895762	0.00136927	2219.47	2.76521e-06	1.47533e-19	0.0412143	0.291277	1.41717	1.61661	615	0	0.272367	0	20	20
0.00895717	0.00136871	2218.39	2.53484e-06	1.26983e-19	0.0397967	0.284085	1.41738	1.61661	615	0	0.272301	0	20	20
0.00895674	0.00136815	2217.31	2.32366e-06	1.09295e-19	0.0384279	0.277071	1.41759	1.61661	615	0	0.272236	0	20	20
