0.00890634	
0.00506539	
0.00367064	
0.00301336	
0.00258821	
0.00227825	
0.00203645	
0.00184255	
0.00169495	
0.00160036	
0.0015691	
0.00161035	
0.0017041	
0.00183822	
0.00200866	
0.00221711	
0.0024693	
0.00278049	
0.00316466	
0.00362293	
0.00417538	
0.0048436	
0.00564249	
0.00657848	
0.00764376	
0.00880009	
0.0100206	
0.0113046	
0.0126437	
0.0140044	
0.0153585	
0.0166961	
0.0180418	
0.0194999	
0.0213295	
0.0240138	
0.0281581	
0.0339238	
0.0407539	
0.0516143	
0.0511792	
0.0473166	
0.0430382	
0.0389736	
0.0352994	
0.0320756	
0.0293034	
0.0269491	
0.0249623	
0.023288	
0.0218744	
0.0206756	
0.0196527	
0.0187739	
0.0180131	
0.0173531	
0.016798	
0.0163302	
0.015932	
0.0155899	
0.0152934	
0.0150343	
0.0148062	
0.014604	
0.0144235	
0.0142614	
0.014115	
0.0139822	
0.013861	
0.01375	
0.013648	
0.0135538	
0.0134667	
