0.00866132	0.000693393	1101	184.5	76.5	0	0	1.56764	1.61661	615	0	0.149314	0	20	20
0.00882648	0.000722163	1166.35	184.5	76.4694	47.4748	15.9988	1.48128	1.61661	615	0	-0.43276	0	20	20
0.00900413	0.000786647	1293.69	184.5	76.4339	139.159	47.2066	1.39532	1.61661	615	0	-1.42575	0	20	20
0.00906898	0.000855033	1415.95	184.5	76.3927	227.679	77.6402	1.36561	1.61661	615	0	-2.20049	0	20	20
0.00907332	0.000924479	1532.87	184.5	76.3448	313.12	107.311	1.36364	1.61661	615	0	-2.816	0	20	20
0.00904528	0.000993595	1644.73	184.5	76.2893	395.566	136.229	1.37637	1.61661	615	0	-3.31493	0	20	20
0.00899926	0.00106182	1752.02	184.5	76.2249	475.098	164.408	1.39759	1.61661	615	0	-3.72792	0	20	20
0.00894296	0.00112894	1855.21	184.5	76.1502	551.798	191.858	1.42415	1.61661	615	0	-4.07642	0	20	20
0.0088807	0.00119487	1954.67	184.5	76.0636	625.746	218.592	1.45432	1.61661	615	0	-4.37545	0	20	20
0.00881505	0.00125955	2050.65	184.5	75.9633	697.021	244.622	1.48705	1.61661	615	0	-4.63572	0	20	20
0.00874762	0.00132296	2143.34	184.5	75.847	765.704	269.961	1.5217	1.61661	615	0	-4.86509	0	20	20
0.00867946	0.00138506	2232.88	184.5	75.7124	831.873	294.623	1.55783	1.61661	615	0	-5.06942	0	20	20
0.00861126	0.00144582	2319.37	184.5	75.5566	895.608	318.623	1.59514	1.61661	615	0	-5.25318	0	20	20
0.00854347	0.00150524	2402.92	184.5	75.3764	956.989	341.976	1.63342	1.61661	615	0	-5.41982	0	20	20
0.00847642	0.00156331	2483.6	184.5	75.1681	1016.1	364.698	1.67249	1.61661	615	0	-5.57214	0	20	20
0.00841031	0.00162002	2561.5	184.5	74.9275	1073.02	386.805	1.71224	1.61661	615	0	-5.71233	0	20	20
0.00834529	0.00167538	2636.71	184.5	74.6499	1127.83	408.316	1.75257	1.61661	615	0	-5.84219	0	20	20
0.00828143	0.00172942	2709.33	184.5	74.33	1180.62	429.249	1.79343	1.61661	615	0	-5.96316	0	20	20
0.00821879	0.00178217	2779.44	184.5	73.9617	1231.47	449.626	1.83475	1.61661	615	0	-6.07648	0	20	20
0.00815737	0.00183364	2847.14	184.5	73.5383	1280.48	469.466	1.87651	1.61661	615	0	-6.18315	0	20	20
0.00809717	0.00188389	2912.53	184.5	73.0526	1327.74	488.793	1.91867	1.61661	615	0	-6.28403	0	20	20
0.00803816	0.00193296	2975.71	184.5	72.4961	1373.33	507.63	1.96124	1.61661	615	0	-6.37986	0	20	20
0.0079803	0.00198089	3036.79	184.5	71.8602	1417.34	526	2.00421	1.61661	615	0	-6.47126	0	20	20
0.00792355	0.00202775	3095.86	184.5	71.1353	1459.88	543.927	2.04758	1.61661	615	0	-6.55877	0	20	20
0.00786786	0.00207358	3153.04	184.5	70.3111	1501.02	561.435	2.09136	1.61661	615	0	-6.64287	0	20	20
0.00781318	0.00211844	3208.41	184.5	69.3773	1540.85	578.548	2.13558	1.61661	615	0	-6.72396	0	20	20
0.00775945	0.00216238	3262.07	184.5	68.323	1579.46	595.286	2.18025	1.61661	615	0	-6.80238	0	20	20
0.00770664	0.00220544	3314.08	184.5	67.1377	1616.91	611.668	2.22539	1.61661	615	0	-6.87843	0	20	20
0.0076547	0.00224764	3364.52	184.5	65.8111	1653.26	627.709	2.27099	1.61661	615	0	-6.95236	0	20	20
0.00760361	0.00228902	3413.42	184.5	64.3342	1688.54	643.418	2.31707	1.61661	615	0	-7.02437	0	20	20
0.00755339	0.00232956	3460.8	184.5	62.6995	1722.79	658.798	2.3636	1.61661	615	0	-7.09459	0	20	20
0.00750405	0.00236924	3506.63	184.5	60.9015	1755.99	673.842	2.41053	1.61661	615	0	-7.16312	0	20	20
0.00745565	0.00240799	3550.87	184.5	58.9379	1788.11	688.536	2.45778	1.61661	615	0	-7.23001	0	20	20
0.00740827	0.00244573	3593.43	184.5	56.8097	1819.08	702.854	2.50524	1.61661	615	0	-7.29523	0	20	20
0.00736204	0.00248234	3634.16	184.5	54.5225	1848.81	716.755	2.55274	1.61661	615	0	-7.35873	0	20	20
0.00731709	0.00251764	3672.9	184.5	52.086	1877.15	730.192	2.60006	1.61661	615	0	-7.42039	0	20	20
0.00727363	0.00255144	3709.44	184.5	49.5151	1903.94	743.103	2.64696	1.61661	615	0	-7.48004	0	20	20
0.00723185	0.00258352	3743.52	184.5	46.8297	1928.99	755.419	2.6931	1.61661	615	0	-7.53749	0	20	20
0.00719198	0.00261363	3774.88	184.5	44.0538	1952.1	767.061	2.73814	1.61661	615	0	-7.59251	0	20	20
0.00715426	0.00264151	3803.26	184.5	41.2153	1973.03	777.95	2.78168	1.61661	615	0	-7.64484	0	20	20
0.00711891	0.0026669	3828.39	184.5	38.3448	1991.57	788.007	2.82331	1.61661	615	0	-7.69425	0	20	20
0.00708617	0.00268958	3850.02	184.5	35.4743	2007.54	797.157	2.86264	1.61661	615	0	-7.74049	0	20	20
0.0070562	0.00270931	3867.95	184.5	32.6358	2020.74	805.333	2.89926	1.61661	615	0	-7.78335	0	20	20
0.00702918	0.00272595	3882.03	184.5	29.8599	2031.06	812.483	2.93283	1.61661	615	0	-7.82266	0	20	20
0.0070052	0.00273935	3892.14	184.5	27.1745	2038.4	818.568	2.96305	1.61661	615	0	-7.85828	0	20	20
0.00698433	0.00274946	3898.26	184.5	24.6037	2042.72	823.568	2.98969	1.61661	615	0	-7.89012	0	20	20
0.00696658	0.00275627	3900.42	184.5	22.1672	2044.04	827.477	3.0126	1.61661	615	0	-7.91816	0	20	20
0.00695157	0.00275992	3898.7	184.5	19.8799	2042.42	830.309	3.03216	1.61661	615	0	-7.9388	0	20	20
0.00693824	0.00276079	3893.26	184.5	17.7517	2037.96	832.091	3.04966	1.61661	615	0	-7.9421	0	20	20
0.0069265	0.002759	3884.29	184.5	15.7881	2030.81	832.864	3.06519	1.61661	615	0	-7.9289	0	20	20
0.00691625	0.00275473	3872.02	184.5	13.9901	2021.12	832.678	3.07885	1.61661	615	0	-7.90022	0	20	20
0.00690736	0.00274814	3856.7	184.5	12.3554	2009.1	831.591	3.09075	1.61661	615	0	-7.85725	0	20	20
0.00689973	0.00273943	3838.58	184.5	10.8785	1994.93	829.666	3.10102	1.61661	615	0	-7.80123	0	20	20
0.00689324	0.00272877	3817.93	184.5	9.55195	1978.83	826.966	3.10979	1.61661	615	0	-7.73347	0	20	20
0.00688777	0.00271636	3795.01	184.5	8.36659	1960.98	823.558	3.11719	1.61661	615	0	-7.65524	0	20	20
0.00688324	0.00270238	3770.06	184.5	7.31231	1941.6	819.504	3.12336	1.61661	615	0	-7.56781	0	20	20
0.00687953	0.002687	3743.32	184.5	6.37848	1920.86	814.864	3.12841	1.61661	615	0	-7.47235	0	20	20
0.00687656	0.00267036	3715	184.5	5.55436	1898.94	809.697	3.13246	1.61661	615	0	-7.36997	0	20	20
0.00687425	0.00265263	3685.31	184.5	4.8294	1875.99	804.053	3.13562	1.61661	615	0	-7.2617	0	20	20
0.00687253	0.00263393	3654.43	184.5	4.19349	1852.16	797.983	3.13798	1.61661	615	0	-7.14845	0	20	20
0.00687132	0.00261438	3622.51	184.5	3.63707	1827.57	791.53	3.13963	1.61661	615	0	-7.03105	0	20	20
0.00687058	0.00259408	3589.7	184.5	3.15127	1802.35	784.733	3.14066	1.61661	615	0	-6.91023	0	20	20
0.00687024	0.00257313	3556.14	184.5	2.72794	1776.58	777.628	3.14112	1.61661	615	0	-6.78666	0	20	20
0.00687027	0.00255162	3521.92	184.5	2.35965	1750.37	770.246	3.14107	1.61661	615	0	-6.6609	0	20	20
0.00687063	0.00252962	3487.16	184.5	2.03971	1723.79	762.616	3.14058	1.61661	615	0	-6.53345	0	20	20
0.00687129	0.00250718	3451.94	184.5	1.76213	1696.91	754.763	3.13968	1.61661	615	0	-6.40474	0	20	20
0.00687221	0.00248437	3416.33	184.5	1.52155	1669.78	746.708	3.13841	1.61661	615	0	-6.27515	0	20	20
0.00687338	0.00246123	3380.4	184.5	1.31324	1642.47	738.472	3.13681	1.61661	615	0	-6.14501	0	20	20
0.00687478	0.00243781	3344.21	184.5	1.13301	1615.01	730.071	3.1349	1.61661	615	0	-6.0146	0	20	20
0.00687638	0.00241414	3307.8	184.5	0.977206	1587.44	721.522	3.13271	1.61661	615	0	-5.88417	0	20	20
0.00687818	0.00239026	3271.23	184.5	0.842585	1559.79	712.838	3.13025	1.61661	615	0	-5.75393	0	20	20
0.00688017	0.00236619	3234.54	184.5	0.726331	1532.11	704.031	3.12754	1.61661	615	0	-5.62406	0	20	20
0.00688234	0.00234196	3197.74	184.5	0.625985	1504.41	695.114	3.12459	1.61661	615	0	-5.49473	0	20	20
0.00688467	0.00231759	3160.89	184.5	0.539403	1476.71	686.095	3.12141	1.61661	615	0	-5.36609	0	20	20
0.00688717	0.0022931	3124	184.5	0.464724	1449.04	676.986	3.11801	1.61661	615	0	-5.23825	0	20	20
0.00688983	0.00226852	3087.1	184.5	0.400329	1421.41	667.794	3.11439	1.61661	615	0	-5.11132	0	20	20
0.00689266	0.00224385	3050.22	184.5	0.344818	1393.84	658.528	3.11057	1.61661	615	0	-4.98542	0	20	20
0.00689564	0.00221911	3013.37	184.5	0.296973	1366.35	649.195	3.10654	1.61661	615	0	-4.86062	0	20	20
0.00689878	0.00219432	2976.59	184.5	0.255745	1338.95	639.803	3.1023	1.61661	615	0	-4.737	0	20	20
0.00690208	0.00216949	2939.87	184.5	0.220224	1311.65	630.358	3.09785	1.61661	615	0	-4.61465	0	20	20
0.00690554	0.00214463	2903.26	184.5	0.189625	1284.47	620.867	3.0932	1.61661	615	0	-4.49362	0	20	20
0.00690916	0.00211976	2866.75	184.5	0.163268	1257.41	611.336	3.08833	1.61661	615	0	-4.37398	0	20	20
0.00691295	0.00209488	2830.37	184.5	0.140567	1230.49	601.772	3.08326	1.61661	615	0	-4.25579	0	20	20
0.0069169	0.00207001	2794.14	184.5	0.121018	1203.72	592.181	3.07798	1.61661	615	0	-4.13909	0	20	20
0.00692101	0.00204517	2758.07	184.5	0.104184	1177.1	582.569	3.0725	1.61661	615	0	-4.02398	0	20	20
0.00692527	0.00202037	2722.18	184.5	0.0896893	1150.66	572.94	3.06683	1.61661	615	0	-3.91048	0	20	20
0.0069297	0.00199561	2686.48	184.5	0.0772089	1124.39	563.302	3.06095	1.61661	615	0	-3.79863	0	20	20
0.00693432	0.00197091	2650.99	184.5	0.0664636	1098.31	553.66	3.05484	1.61661	615	0	-3.68846	0	20	20
0.00693911	0.00194627	2615.73	184.5	0.0572127	1072.43	544.019	3.04851	1.61661	615	0	-3.58002	0	20	20
0.00694409	0.00192172	2580.71	184.5	0.0492485	1046.76	534.385	3.04196	1.61661	615	0	-3.47335	0	20	20
0.00694927	0.00189725	2545.95	184.5	0.0423924	1021.3	524.764	3.03517	1.61661	615	0	-3.36846	0	20	20
0.00695464	0.00187289	2511.45	184.5	0.0364903	996.074	515.161	3.02815	1.61661	615	0	-3.26541	0	20	20
0.00696021	0.00184864	2477.25	184.5	0.0314096	971.084	505.581	3.02087	1.61661	615	0	-3.16421	0	20	20
0.006966	0.00182452	2443.35	184.5	0.027036	946.342	496.031	3.01335	1.61661	615	0	-3.06489	0	20	20
0.00697201	0.00180053	2409.77	184.499	0.0232712	921.857	486.515	3.00556	1.61661	615	0	-2.96747	0	20	20
0.00697824	0.0017767	2376.53	184.499	0.0200306	897.638	477.039	2.99752	1.61661	615	0	-2.87199	0	20	20
0.0069847	0.00175302	2343.64	184.499	0.0172411	873.696	467.609	2.98922	1.61661	615	0	-2.77846	0	20	20
0.00699138	0.00172953	2311.12	184.499	0.01484	850.04	458.23	2.98065	1.61661	615	0	-2.68692	0	20	20
0.00699831	0.00170622	2278.98	184.499	0.0127733	826.681	448.907	2.97181	1.61661	615	0	-2.59736	0	20	20
0.00700548	0.00168311	2247.23	184.499	0.0109943	803.628	439.646	2.96269	1.61661	615	0	-2.50982	0	20	20
0.0070129	0.00166021	2215.91	184.499	0.00946308	780.89	430.452	2.9533	1.61661	615	0	-2.4243	0	20	20
0.00702056	0.00163755	2185.01	184.499	0.00814509	758.478	421.33	2.94364	1.61661	615	0	-2.34082	0	20	20
0.00702847	0.00161512	2154.56	184.498	0.00701065	736.402	412.286	2.93371	1.61661	615	0	-2.2594	0	20	20
0.00703664	0.00159295	2124.57	184.498	0.0060342	714.67	403.325	2.9235	1.61661	615	0	-2.18004	0	20	20
0.00704507	0.00157104	2095.06	184.498	0.00519374	693.293	394.452	2.91303	1.61661	615	0	-2.10274	0	20	20
0.00705375	0.00154941	2066.03	184.497	0.00447034	672.28	385.673	2.90229	1.61661	615	0	-2.02752	0	20	20
0.00706269	0.00152808	2037.52	184.497	0.00384768	651.64	376.992	2.89128	1.61661	615	0	-1.95437	0	20	20
0.00707189	0.00150706	2009.52	184.497	0.00331176	631.384	368.414	2.88001	1.61661	615	0	-1.8833	0	20	20
0.00708134	0.00148636	1982.07	184.496	0.00285047	611.519	359.945	2.8685	1.61661	615	0	-1.8143	0	20	20
0.00709104	0.00146599	1955.16	184.495	0.00245344	592.056	351.59	2.85674	1.61661	615	0	-1.74739	0	20	20
0.00710099	0.00144598	1928.82	184.495	0.0021117	573.003	343.354	2.84475	1.61661	615	0	-1.68254	0	20	20
0.00711117	0.00142632	1903.05	184.494	0.00181757	554.369	335.24	2.83255	1.61661	615	0	-1.61976	0	20	20
0.00712158	0.00140705	1877.88	184.493	0.0015644	536.164	327.255	2.82014	1.61661	615	0	-1.55904	0	20	20
0.00713221	0.00138816	1853.31	184.492	0.00134649	518.395	319.403	2.80756	1.61661	615	0	-1.50038	0	20	20
0.00714304	0.00136968	1829.37	184.491	0.00115894	501.07	311.688	2.79481	1.61661	615	0	-1.44376	0	20	20
0.00715405	0.00135162	1806.05	184.489	0.000997512	484.199	304.116	2.78192	1.61661	615	0	-1.38917	0	20	20
0.00716523	0.00133399	1783.37	184.488	0.000858568	467.79	296.69	2.76892	1.61661	615	0	-1.3366	0	20	20
0.00717655	0.0013168	1761.35	184.486	0.000738977	451.849	289.415	2.75583	1.61661	615	0	-1.28605	0	20	20
0.00718799	0.00130008	1740	184.484	0.000636045	436.385	282.295	2.7427	1.61661	615	0	-1.2375	0	20	20
0.00719951	0.00128383	1719.32	184.481	0.000547449	421.406	275.336	2.72955	1.61661	615	0	-1.19093	0	20	20
0.00721108	0.00126807	1699.33	184.478	0.000471194	406.918	268.54	2.71643	1.61661	615	0	-1.14633	0	20	20
0.00722269	0.0012528	1680.03	184.475	0.000405561	392.922	261.909	2.70336	1.61661	615	0	-1.10367	0	20	20
0.00723431	0.00123802	1661.4	184.471	0.00034907	379.407	255.443	2.69035	1.61661	615	0	-1.06287	0	20	20
0.00724597	0.0012237	1643.43	184.466	0.000300448	366.358	249.136	2.67739	1.61661	615	0	-1.02383	0	20	20
0.00725766	0.00120984	1626.09	184.461	0.000258598	353.757	242.985	2.66447	1.61661	615	0	-0.98647	0	20	20
0.0072694	0.00119642	1609.36	184.455	0.000222577	341.59	236.985	2.65158	1.61661	615	0	-0.950703	0	20	20
0.00728117	0.00118343	1593.22	184.448	0.000191574	329.841	231.134	2.63873	1.61661	615	0	-0.916453	0	20	20
0.007293	0.00117084	1577.66	184.441	0.000164889	318.496	225.427	2.62592	1.61661	615	0	-0.883646	0	20	20
0.00730488	0.00115866	1562.65	184.431	0.000141922	307.542	219.862	2.61313	1.61661	615	0	-0.852208	0	20	20
0.00731683	0.00114686	1548.18	184.421	0.000122153	296.964	214.433	2.60035	1.61661	615	0	-0.82207	0	20	20
0.00732883	0.00113544	1534.22	184.409	0.000105138	286.75	209.139	2.58759	1.61661	615	0	-0.793171	0	20	20
0.0073409	0.00112438	1520.77	184.395	9.04933e-05	276.887	203.975	2.57485	1.61661	615	0	-0.765451	0	20	20
0.00735303	0.00111366	1507.81	184.379	7.78883e-05	267.364	198.939	2.56213	1.61661	615	0	-0.738851	0	20	20
0.00736524	0.00110329	1495.31	184.36	6.70391e-05	258.168	194.027	2.54941	1.61661	615	0	-0.713317	0	20	20
0.00737751	0.00109325	1483.27	184.339	5.77011e-05	249.288	189.237	2.53671	1.61661	615	0	-0.688797	0	20	20
0.00738985	0.00108352	1471.68	184.314	4.96638e-05	240.714	184.564	2.52403	1.61661	615	0	-0.665242	0	20	20
0.00740226	0.0010741	1460.5	184.285	4.2746e-05	232.435	180.007	2.51135	1.61661	615	0	-0.642602	0	20	20
0.00741475	0.00106498	1449.74	184.253	3.67919e-05	224.44	175.563	2.49868	1.61661	615	0	-0.620835	0	20	20
0.00742729	0.00105614	1439.38	184.215	3.1667e-05	216.721	171.228	2.48604	1.61661	615	0	-0.599899	0	20	20
0.00743991	0.00104759	1429.4	184.171	2.72561e-05	209.267	167.001	2.47342	1.61661	615	0	-0.57975	0	20	20
0.0074526	0.0010393	1419.79	184.121	2.34595e-05	202.069	162.878	2.4608	1.61661	615	0	-0.560346	0	20	20
0.00746536	0.00103127	1410.53	184.063	2.01918e-05	195.119	158.856	2.4482	1.61661	615	0	-0.541649	0	20	20
0.00747819	0.00102349	1401.63	183.996	1.73792e-05	188.408	154.934	2.43563	1.61661	615	0	-0.523622	0	20	20
0.00749109	0.00101596	1393.05	183.918	1.49585e-05	181.928	151.109	2.42307	1.61661	615	0	-0.506231	0	20	20
0.00750404	0.00100866	1384.8	183.83	1.28749e-05	175.671	147.378	2.41054	1.61661	615	0	-0.489442	0	20	20
0.00751705	0.00100158	1376.86	183.727	1.10815e-05	169.628	143.739	2.39804	1.61661	615	0	-0.473222	0	20	20
0.00753011	0.000994723	1369.21	183.609	9.53793e-06	163.794	140.19	2.38559	1.61661	615	0	-0.45754	0	20	20
0.00754322	0.000988076	1361.84	183.473	8.20938e-06	158.161	136.729	2.37318	1.61661	615	0	-0.442364	0	20	20
0.00755635	0.000981632	1354.75	183.317	7.06588e-06	152.721	133.353	2.36083	1.61661	615	0	-0.427665	0	20	20
0.00756951	0.000975383	1347.91	183.137	6.08166e-06	147.468	130.06	2.34854	1.61661	615	0	-0.413414	0	20	20
0.00758267	0.000969323	1341.33	182.929	5.23453e-06	142.396	126.849	2.33632	1.61661	615	0	-0.399581	0	20	20
0.00759584	0.000963443	1334.97	182.691	4.5054e-06	137.498	123.717	2.3242	1.61661	615	0	-0.386138	0	20	20
0.00760899	0.000957737	1328.84	182.416	3.87783e-06	132.769	120.663	2.31217	1.61661	615	0	-0.373056	0	20	20
0.00762211	0.000952198	1322.92	182.101	3.33768e-06	128.202	117.683	2.30025	1.61661	615	0	-0.360307	0	20	20
0.00763517	0.000946818	1317.2	181.738	2.87277e-06	123.793	114.778	2.28846	1.61661	615	0	-0.347864	0	20	20
0.00764816	0.00094159	1311.65	181.322	2.47262e-06	119.535	111.944	2.27682	1.61661	615	0	-0.335697	0	20	20
0.00766106	0.000936506	1306.27	180.844	2.1282e-06	115.424	109.18	2.26534	1.61661	615	0	-0.323778	0	20	20
0.00767383	0.00093156	1301.04	180.295	1.83176e-06	111.454	106.484	2.25405	1.61661	615	0	-0.312078	0	20	20
0.00768645	0.000926743	1295.95	179.667	1.57661e-06	107.62	103.855	2.24297	1.61661	615	0	-0.300567	0	20	20
0.00769888	0.000922048	1290.98	178.948	1.357e-06	103.919	101.291	2.23212	1.61661	615	0	-0.289216	0	20	20
0.0077111	0.000917466	1286.1	178.126	1.16798e-06	100.345	98.7902	2.22153	1.61661	615	0	-0.277995	0	20	20
0.00772305	0.00091299	1281.31	177.187	1.00529e-06	96.8933	96.3511	2.21122	1.61661	615	0	-0.266872	0	20	20
0.00773471	0.000908611	1276.58	176.116	8.65262e-07	93.5607	93.9722	2.20124	1.61661	615	0	-0.255816	0	20	20
0.00774602	0.000904319	1271.88	174.897	7.44738e-07	90.3427	91.652	2.19162	1.61661	615	0	-0.244796	0	20	20
0.00775692	0.000900106	1267.21	173.511	6.41002e-07	87.2354	89.3891	2.18239	1.61661	615	0	-0.233781	0	20	20
0.00776738	0.000895962	1262.52	171.94	5.51715e-07	84.235	87.1821	2.17358	1.61661	615	0	-0.222742	0	20	20
0.00777733	0.000891877	1257.81	170.163	4.74866e-07	81.3378	85.0295	2.16525	1.61661	615	0	-0.211647	0	20	20
0.00778671	0.000887841	1253.03	168.158	4.08721e-07	78.5402	82.9301	2.15744	1.61661	615	0	-0.200472	0	20	20
0.00779545	0.000883845	1248.18	165.904	3.51789e-07	75.8388	80.8826	2.15018	1.61661	615	0	-0.189191	0	20	20
0.00780351	0.000879878	1243.21	163.378	3.02788e-07	73.2304	78.8856	2.14353	1.61661	615	0	-0.177785	0	20	20
0.00781081	0.00087593	1238.11	160.558	2.60612e-07	70.7117	76.9379	2.13753	1.61661	615	0	-0.166239	0	20	20
0.00781729	0.000871993	1232.86	157.424	2.24311e-07	68.2796	75.0383	2.13222	1.61661	615	0	-0.154547	0	20	20
0.00782289	0.000868057	1227.42	153.957	1.93066e-07	65.9311	73.1856	2.12764	1.61661	615	0	-0.142708	0	20	20
0.00782758	0.000864117	1221.79	150.144	1.66173e-07	63.6634	71.3786	2.12382	1.61661	615	0	-0.130735	0	20	20
0.0078313	0.000860167	1215.94	145.974	1.43027e-07	61.4738	69.6163	2.1208	1.61661	615	0	-0.118649	0	20	20
0.00783403	0.000856204	1209.88	141.443	1.23104e-07	59.3594	67.8975	2.11858	1.61661	615	0	-0.106484	0	20	20
0.00783576	0.000852226	1203.61	136.554	1.05957e-07	57.3178	66.2211	2.11717	1.61661	615	0	-0.0942866	0	20	20
0.00783651	0.000848235	1197.12	131.319	9.11979e-08	55.3463	64.5861	2.11657	1.61661	615	0	-0.0821147	0	20	20
0.0078363	0.000844237	1190.44	125.758	7.84948e-08	53.4427	62.9914	2.11674	1.61661	615	0	-0.0700368	0	20	20
0.00783519	0.000840238	1183.59	119.901	6.75611e-08	51.6046	61.4362	2.11764	1.61661	615	0	-0.0581298	0	20	20
0.00783327	0.000836251	1176.62	113.789	5.81504e-08	49.8297	59.9193	2.11919	1.61661	615	0	-0.0464752	0	20	20
0.00783066	0.000832287	1169.55	107.47	5.00505e-08	48.1158	58.4399	2.12132	1.61661	615	0	-0.0351561	0	20	20
0.00782749	0.000828363	1162.45	101.001	4.30789e-08	46.4609	56.997	2.1239	1.61661	615	0	-0.0242523	0	20	20
0.00782392	0.000824494	1155.37	94.444	3.70783e-08	44.8629	55.5897	2.1268	1.61661	615	0	-0.0138367	0	20	20
0.00782016	0.000820698	1148.37	87.8645	3.19136e-08	43.3198	54.2172	2.12987	1.61661	615	0	-0.00397098	0	20	20
0.00781638	0.000816991	1141.51	81.3295	2.74683e-08	41.8299	52.8786	2.13296	1.61661	615	0	0.00529695	0	20	20
0.00781279	0.000813388	1134.85	74.9037	2.36422e-08	40.3911	51.573	2.1359	1.61661	615	0	0.013935	0	20	20
0.00780959	0.000809904	1128.45	68.6478	2.0349e-08	39.0019	50.2997	2.13853	1.61661	615	0	0.0219277	0	20	20
0.00780698	0.000806549	1122.35	62.616	1.75146e-08	37.6605	49.0578	2.14068	1.61661	615	0	0.0292754	0	20	20
0.00780512	0.000803332	1116.6	56.854	1.50749e-08	36.3651	47.8465	2.14221	1.61661	615	0	0.035993	0	20	20
0.00779693	0.000800931	1111.22	51.3986	1.29751e-08	35.1144	46.6652	2.14896	1.61661	615	0	0.0433063	0	20	20
0.00777165	0.000800366	1106.25	46.2769	1.11678e-08	33.9066	45.513	2.17001	1.61661	615	0	0.0525775	0	20	20
0.00775378	0.000799359	1101.7	41.5065	9.61219e-09	32.7404	44.3893	2.18504	1.61661	615	0	0.0598466	0	20	20
0.00774326	0.000797916	1097.57	37.0958	8.27329e-09	31.6143	43.2933	2.19396	1.61661	615	0	0.0655289	0	20	20
0.00773947	0.000796093	1093.86	33.0455	7.12089e-09	30.527	42.2244	2.19718	1.61661	615	0	0.0699897	0	20	20
0.00774144	0.000793976	1090.54	29.3494	6.129e-09	29.477	41.1819	2.1955	1.61661	615	0	0.0735391	0	20	20
0.00774804	0.000791665	1087.61	25.9957	5.27528e-09	28.4632	40.1651	2.1899	1.61661	615	0	0.0764303	0	20	20
0.00775816	0.000789253	1085.05	22.9685	4.54048e-09	27.4842	39.1734	2.18134	1.61661	615	0	0.0788606	0	20	20
0.00777082	0.000786822	1082.84	20.2488	3.90803e-09	26.5389	38.2062	2.1707	1.61661	615	0	0.080978	0	20	20
0.00778522	0.000784433	1080.94	17.8156	3.36367e-09	25.6261	37.2629	2.15868	1.61661	615	0	0.082889	0	20	20
0.00780074	0.000782128	1079.34	15.647	2.89514e-09	24.7447	36.3429	2.14582	1.61661	615	0	0.0846676	0	20	20
0.00781692	0.000779936	1078.02	13.7206	2.49187e-09	23.8936	35.4456	2.13252	1.61661	615	0	0.0863641	0	20	20
0.00783345	0.000777872	1076.95	12.0145	2.14477e-09	23.0718	34.5704	2.11905	1.61661	615	0	0.0880111	0	20	20
0.00785009	0.000775941	1076.11	10.5075	1.84602e-09	22.2782	33.7169	2.1056	1.61661	615	0	0.0896295	0	20	20
0.0078667	0.000774146	1075.47	9.17944	1.58888e-09	21.512	32.8844	2.09229	1.61661	615	0	0.0912319	0	20	20
0.00788316	0.000772481	1075.02	8.01152	1.36757e-09	20.7721	32.0725	2.07922	1.61661	615	0	0.0928257	0	20	20
0.0078994	0.000770942	1074.73	6.98628	1.17707e-09	20.0576	31.2806	2.06642	1.61661	615	0	0.0944144	0	20	20
0.00791538	0.000769521	1074.6	6.08771	1.01312e-09	19.3678	30.5083	2.05392	1.61661	615	0	0.0959995	0	20	20
0.00793108	0.000768212	1074.6	5.30126	8.71998e-10	18.7016	29.755	2.04175	1.61661	615	0	0.0975808	0	20	20
0.00794647	0.000767006	1074.72	4.61379	7.50536e-10	18.0584	29.0204	2.02992	1.61661	615	0	0.0991574	0	20	20
0.00796153	0.000765896	1074.95	4.01347	6.45992e-10	17.4373	28.3039	2.01841	1.61661	615	0	0.100727	0	20	20
0.00797627	0.000764877	1075.27	3.48975	5.56011e-10	16.8375	27.605	2.00725	1.61661	615	0	0.102289	0	20	20
0.00799068	0.00076394	1075.68	3.03321	4.78563e-10	16.2584	26.9235	1.99641	1.61661	615	0	0.10384	0	20	20
0.00800475	0.00076308	1076.16	2.63554	4.11903e-10	15.6992	26.2587	1.9859	1.61661	615	0	0.105379	0	20	20
0.00801849	0.000762293	1076.71	2.28934	3.54528e-10	15.1592	25.6104	1.9757	1.61661	615	0	0.106902	0	20	20
0.0080319	0.000761572	1077.32	1.98812	3.05145e-10	14.6378	24.9781	1.96582	1.61661	615	0	0.108408	0	20	20
0.00804499	0.000760914	1077.98	1.72616	2.62641e-10	14.1344	24.3614	1.95625	1.61661	615	0	0.109894	0	20	20
0.00805774	0.000760313	1078.69	1.49843	2.26057e-10	13.6482	23.7599	1.94697	1.61661	615	0	0.111359	0	20	20
0.00807017	0.000759768	1079.44	1.30053	1.94569e-10	13.1788	23.1732	1.93799	1.61661	615	0	0.112801	0	20	20
0.00808229	0.000759273	1080.22	1.12861	1.67467e-10	12.7255	22.6011	1.92929	1.61661	615	0	0.114217	0	20	20
0.00809409	0.000758827	1081.04	0.979295	1.4414e-10	12.2878	22.0431	1.92086	1.61661	615	0	0.115605	0	20	20
0.00810558	0.000758425	1081.89	0.849641	1.24063e-10	11.8652	21.4988	1.9127	1.61661	615	0	0.116965	0	20	20
0.00811677	0.000758066	1082.77	0.737084	1.06782e-10	11.4571	20.968	1.9048	1.61661	615	0	0.118295	0	20	20
0.00812766	0.000757747	1083.66	0.639386	9.1908e-11	11.063	20.4503	1.89716	1.61661	615	0	0.119594	0	20	20
0.00813826	0.000757465	1084.58	0.554598	7.91059e-11	10.6825	19.9454	1.88975	1.61661	615	0	0.12086	0	20	20
0.00814858	0.000757219	1085.51	0.481025	6.80871e-11	10.3151	19.4529	1.88259	1.61661	615	0	0.122093	0	20	20
0.00815861	0.000757006	1086.46	0.41719	5.86031e-11	9.96033	18.9727	1.87565	1.61661	615	0	0.123291	0	20	20
0.00816838	0.000756825	1087.43	0.361809	5.04402e-11	9.61775	18.5042	1.86893	1.61661	615	0	0.124454	0	20	20
0.00817788	0.000756673	1088.4	0.313768	4.34142e-11	9.28695	18.0473	1.86242	1.61661	615	0	0.125582	0	20	20
0.00818712	0.000756549	1089.38	0.272096	3.7367e-11	8.96753	17.6018	1.85612	1.61661	615	0	0.126674	0	20	20
0.00819611	0.000756452	1090.38	0.235951	3.21621e-11	8.6591	17.1672	1.85002	1.61661	615	0	0.12773	0	20	20
0.00820486	0.00075638	1091.38	0.204603	2.76821e-11	8.36127	16.7433	1.84411	1.61661	615	0	0.12875	0	20	20
0.00821337	0.000756332	1092.38	0.177415	2.38262e-11	8.07369	16.3299	1.83838	1.61661	615	0	0.129734	0	20	20
0.00822165	0.000756306	1093.39	0.153837	2.05074e-11	7.796	15.9267	1.83283	1.61661	615	0	0.130681	0	20	20
0.00822971	0.0007563	1094.4	0.133391	1.76509e-11	7.52786	15.5335	1.82745	1.61661	615	0	0.131593	0	20	20
0.00823756	0.000756315	1095.42	0.11566	1.51923e-11	7.26894	15.15	1.82224	1.61661	615	0	0.132469	0	20	20
0.0082452	0.000756348	1096.44	0.100284	1.30761e-11	7.01893	14.7759	1.81718	1.61661	615	0	0.13331	0	20	20
0.00825263	0.000756398	1097.46	0.0869522	1.12547e-11	6.77751	14.4111	1.81227	1.61661	615	0	0.134115	0	20	20
0.00825987	0.000756465	1098.48	0.0753916	9.68703e-12	6.5444	14.0553	1.80751	1.61661	615	0	0.134887	0	20	20
0.00826693	0.000756547	1099.5	0.0653675	8.3377e-12	6.31931	13.7083	1.80288	1.61661	615	0	0.135624	0	20	20
0.0082738	0.000756644	1100.52	0.0566758	7.17633e-12	6.10196	13.3698	1.79839	1.61661	615	0	0.136329	0	20	20
0.0082805	0.000756754	1101.54	0.0491395	6.17672e-12	5.89209	13.0397	1.79403	1.61661	615	0	0.137001	0	20	20
0.00828703	0.000756877	1102.56	0.0426051	5.31635e-12	5.68943	12.7177	1.78979	1.61661	615	0	0.137641	0	20	20
0.0082934	0.000757012	1103.57	0.0369394	4.57583e-12	5.49375	12.4037	1.78567	1.61661	615	0	0.13825	0	20	20
0.00829961	0.000757158	1104.58	0.0320271	3.93845e-12	5.30479	12.0975	1.78167	1.61661	615	0	0.138828	0	20	20
0.00830568	0.000757314	1105.59	0.0277679	3.38986e-12	5.12234	11.7988	1.77777	1.61661	615	0	0.139378	0	20	20
0.00831159	0.000757479	1106.6	0.024075	2.91768e-12	4.94615	11.5075	1.77397	1.61661	615	0	0.139898	0	20	20
0.00831737	0.000757654	1107.6	0.0208732	2.51127e-12	4.77603	11.2234	1.77028	1.61661	615	0	0.14039	0	20	20
0.00832301	0.000757836	1108.59	0.0180972	2.16147e-12	4.61176	10.9463	1.76668	1.61661	615	0	0.140855	0	20	20
0.00832852	0.000758026	1109.59	0.0156903	1.86039e-12	4.45314	10.676	1.76318	1.61661	615	0	0.141293	0	20	20
0.00833391	0.000758223	1110.57	0.0136036	1.60125e-12	4.29998	10.4124	1.75976	1.61661	615	0	0.141706	0	20	20
0.00833918	0.000758427	1111.56	0.0117943	1.37821e-12	4.15208	10.1553	1.75643	1.61661	615	0	0.142094	0	20	20
0.00834434	0.000758636	1112.53	0.0102257	1.18624e-12	4.00928	9.90459	1.75317	1.61661	615	0	0.142458	0	20	20
0.00834938	0.00075885	1113.5	0.00886563	1.02101e-12	3.87138	9.66005	1.75	1.61661	615	0	0.142799	0	20	20
0.00835431	0.00075907	1114.47	0.00768648	8.78787e-13	3.73822	9.42154	1.7469	1.61661	615	0	0.143117	0	20	20
0.00835915	0.000759294	1115.43	0.00666416	7.56379e-13	3.60965	9.18892	1.74387	1.61661	615	0	0.143414	0	20	20
0.00836388	0.000759521	1116.38	0.0057778	6.51022e-13	3.4855	8.96205	1.74091	1.61661	615	0	0.143689	0	20	20
0.00836852	0.000759752	1117.33	0.00500933	5.60339e-13	3.36561	8.74077	1.73802	1.61661	615	0	0.143944	0	20	20
0.00837307	0.000759987	1118.27	0.00434307	4.82289e-13	3.24986	8.52496	1.73519	1.61661	615	0	0.14418	0	20	20
0.00837753	0.000760224	1119.2	0.00376542	4.1511e-13	3.13808	8.31448	1.73242	1.61661	615	0	0.144397	0	20	20
0.0083819	0.000760463	1120.13	0.0032646	3.57288e-13	3.03015	8.10919	1.72971	1.61661	615	0	0.144595	0	20	20
0.00838619	0.000760704	1121.05	0.00283039	3.07521e-13	2.92592	7.90898	1.72705	1.61661	615	0	0.144777	0	20	20
0.00839041	0.000760947	1121.96	0.00245393	2.64686e-13	2.82529	7.7137	1.72445	1.61661	615	0	0.144941	0	20	20
0.00839454	0.000761191	1122.87	0.00212754	2.27817e-13	2.72811	7.52325	1.7219	1.61661	615	0	0.145089	0	20	20
0.00839861	0.000761436	1123.76	0.00184457	1.96084e-13	2.63428	7.3375	1.7194	1.61661	615	0	0.145222	0	20	20
0.0084026	0.000761683	1124.66	0.00159923	1.68771e-13	2.54368	7.15634	1.71695	1.61661	615	0	0.145339	0	20	20
0.00840653	0.000761929	1125.54	0.00138652	1.45263e-13	2.45619	6.97965	1.71455	1.61661	615	0	0.145442	0	20	20
0.00841039	0.000762176	1126.41	0.0012021	1.25029e-13	2.37171	6.80732	1.71219	1.61661	615	0	0.145531	0	20	20
0.00841419	0.000762423	1127.28	0.00104222	1.07613e-13	2.29013	6.63925	1.70987	1.61661	615	0	0.145607	0	20	20
0.00841793	0.000762669	1128.14	0.000903594	9.26235e-14	2.21137	6.47532	1.70759	1.61661	615	0	0.14567	0	20	20
0.00842161	0.000762915	1128.99	0.00078341	7.97218e-14	2.13531	6.31545	1.70536	1.61661	615	0	0.145721	0	20	20
0.00842523	0.000763161	1129.84	0.000679211	6.86172e-14	2.06186	6.15952	1.70316	1.61661	615	0	0.14576	0	20	20
0.0084288	0.000763406	1130.67	0.000588871	5.90593e-14	1.99095	6.00744	1.70099	1.61661	615	0	0.145788	0	20	20
0.00843231	0.000763657	1131.51	0.000510547	5.08329e-14	1.92247	5.85911	1.69887	1.61661	615	0	0.145806	0	20	20
0.00843574	0.000763939	1132.39	0.00044264	4.37522e-14	1.85635	5.71445	1.6968	1.61661	615	0	0.145819	0	20	20
0.00843908	0.000764269	1133.33	0.000383766	3.76579e-14	1.7925	5.57336	1.69479	1.61661	615	0	0.145831	0	20	20
0.00844233	0.000764645	1134.33	0.000332722	3.24125e-14	1.73085	5.43576	1.69283	1.61661	615	0	0.145843	0	20	20
0.00844549	0.000765064	1135.38	0.000288468	2.78977e-14	1.67131	5.30155	1.69093	1.61661	615	0	0.145853	0	20	20
0.00844858	0.000765523	1136.49	0.000250099	2.40117e-14	1.61383	5.17065	1.68908	1.61661	615	0	0.145863	0	20	20
0.00845159	0.00076602	1137.65	0.000216834	2.06671e-14	1.55832	5.04299	1.68727	1.61661	615	0	0.145872	0	20	20
0.00845452	0.000766552	1138.85	0.000187994	1.77883e-14	1.50473	4.91847	1.68552	1.61661	615	0	0.145881	0	20	20
0.00845739	0.000767118	1140.1	0.000162989	1.53106e-14	1.45297	4.79704	1.6838	1.61661	615	0	0.145889	0	20	20
0.00846018	0.000767716	1141.38	0.00014131	1.31779e-14	1.403	4.6786	1.68213	1.61661	615	0	0.145897	0	20	20
0.00846292	0.000768342	1142.71	0.000122515	1.13423e-14	1.35474	4.56308	1.6805	1.61661	615	0	0.145905	0	20	20
0.00846559	0.000768997	1144.07	0.00010622	9.76244e-15	1.30815	4.45042	1.67891	1.61661	615	0	0.145913	0	20	20
0.00846821	0.000769677	1145.46	9.20917e-05	8.40261e-15	1.26315	4.34054	1.67736	1.61661	615	0	0.14592	0	20	20
0.00847077	0.000770382	1146.89	7.98428e-05	7.2322e-15	1.21971	4.23337	1.67584	1.61661	615	0	0.145928	0	20	20
0.00847327	0.000771109	1148.35	6.92231e-05	6.22481e-15	1.17776	4.12885	1.67435	1.61661	615	0	0.145935	0	20	20
0.00847573	0.000771858	1149.83	6.00159e-05	5.35774e-15	1.13725	4.02691	1.67289	1.61661	615	0	0.145943	0	20	20
0.00847814	0.000772626	1151.33	5.20333e-05	4.61145e-15	1.09813	3.92748	1.67147	1.61661	615	0	0.14595	0	20	20
0.0084805	0.000773413	1152.87	4.51125e-05	3.96911e-15	1.06036	3.83051	1.67007	1.61661	615	0	0.145958	0	20	20
0.00848282	0.000774218	1154.42	3.91122e-05	3.41625e-15	1.02389	3.73594	1.66871	1.61661	615	0	0.145966	0	20	20
0.00848509	0.000775039	1155.99	3.391e-05	2.94039e-15	0.988675	3.6437	1.66736	1.61661	615	0	0.145974	0	20	20
0.00848733	0.000775874	1157.59	2.93997e-05	2.53082e-15	0.95467	3.55373	1.66605	1.61661	615	0	0.145983	0	20	20
0.00848952	0.000776724	1159.2	2.54893e-05	2.1783e-15	0.921835	3.46599	1.66476	1.61661	615	0	0.145992	0	20	20
0.00849168	0.000777587	1160.82	2.20991e-05	1.87488e-15	0.890128	3.38042	1.66349	1.61661	615	0	0.146001	0	20	20
0.0084938	0.000778462	1162.46	1.91597e-05	1.61372e-15	0.859513	3.29695	1.66224	1.61661	615	0	0.146011	0	20	20
0.00849589	0.000779348	1164.12	1.66113e-05	1.38894e-15	0.82995	3.21555	1.66102	1.61661	615	0	0.146021	0	20	20
0.00849794	0.000780244	1165.78	1.44019e-05	1.19547e-15	0.801404	3.13616	1.65981	1.61661	615	0	0.146032	0	20	20
0.00849996	0.00078115	1167.46	1.24863e-05	1.02895e-15	0.77384	3.05873	1.65863	1.61661	615	0	0.146043	0	20	20
0.00850195	0.000782065	1169.15	1.08256e-05	8.85629e-16	0.747225	2.98321	1.65746	1.61661	615	0	0.146055	0	20	20
0.00850392	0.000782988	1170.85	9.38568e-06	7.62268e-16	0.721524	2.90955	1.65632	1.61661	615	0	0.146068	0	20	20
0.00850585	0.000783918	1172.56	8.13731e-06	6.5609e-16	0.696708	2.83771	1.65519	1.61661	615	0	0.14608	0	20	20
0.00850776	0.000784854	1174.27	7.05499e-06	5.64702e-16	0.672745	2.76765	1.65407	1.61661	615	0	0.146094	0	20	20
0.00850964	0.000785797	1175.99	6.11662e-06	4.86043e-16	0.649606	2.69932	1.65298	1.61661	615	0	0.146108	0	20	20
0.0085115	0.000786746	1177.72	5.30307e-06	4.18342e-16	0.627263	2.63267	1.65189	1.61661	615	0	0.146123	0	20	20
0.00851333	0.000787699	1179.45	4.59772e-06	3.6007e-16	0.605688	2.56767	1.65083	1.61661	615	0	0.146139	0	20	20
0.00851514	0.000788657	1181.19	3.98619e-06	3.09915e-16	0.584856	2.50427	1.64977	1.61661	615	0	0.146155	0	20	20
0.00851693	0.000789619	1182.93	3.45599e-06	2.66746e-16	0.56474	2.44244	1.64874	1.61661	615	0	0.146172	0	20	20
0.0085187	0.000790584	1184.68	2.99632e-06	2.29591e-16	0.545316	2.38214	1.64771	1.61661	615	0	0.146189	0	20	20
0.00852044	0.000791553	1186.43	2.59779e-06	1.97611e-16	0.52656	2.32332	1.6467	1.61661	615	0	0.146208	0	20	20
0.00852217	0.000792524	1188.18	2.25226e-06	1.70085e-16	0.508449	2.26596	1.6457	1.61661	615	0	0.146227	0	20	20
0.00852388	0.000793497	1189.93	1.95269e-06	1.46393e-16	0.490962	2.21001	1.64471	1.61661	615	0	0.146247	0	20	20
0.00852557	0.000794472	1191.68	1.69297e-06	1.26002e-16	0.474075	2.15545	1.64373	1.61661	615	0	0.146267	0	20	20
0.00852724	0.000795449	1193.44	1.46779e-06	1.08451e-16	0.457769	2.10223	1.64276	1.61661	615	0	0.146289	0	20	20
0.00852889	0.000796427	1195.19	1.27257e-06	9.33446e-17	0.442025	2.05033	1.64181	1.61661	615	0	0.146311	0	20	20
0.00853053	0.000797406	1196.95	1.1033e-06	8.03424e-17	0.426821	1.9997	1.64086	1.61661	615	0	0.146334	0	20	20
0.00853216	0.000798386	1198.7	9.56557e-07	6.91514e-17	0.412141	1.95033	1.63992	1.61661	615	0	0.146358	0	20	20
0.00853376	0.000799366	1200.45	8.29328e-07	5.95191e-17	0.397966	1.90218	1.639	1.61661	615	0	0.146383	0	20	20
0.00853536	0.000800346	1202.2	7.19021e-07	5.12286e-17	0.384278	1.85521	1.63808	1.61661	615	0	0.146408	0	20	20
0.00853693	0.000801326	1203.96	6.23386e-07	4.40929e-17	0.371061	1.80941	1.63717	1.61661	615	0	0.146435	0	20	20
0.0085385	0.000802306	1205.7	5.40471e-07	3.79511e-17	0.358298	1.76473	1.63627	1.61661	615	0	0.146462	0	20	20
0.00854005	0.000803285	1207.45	4.68584e-07	3.26648e-17	0.345975	1.72116	1.63538	1.61661	615	0	0.14649	0	20	20
0.00854159	0.000804263	1209.2	4.06259e-07	2.81149e-17	0.334075	1.67866	1.6345	1.61661	615	0	0.146519	0	20	20
0.00854312	0.00080524	1210.94	3.52223e-07	2.41987e-17	0.322585	1.63722	1.63362	1.61661	615	0	0.146549	0	20	20
0.00854463	0.000806216	1212.68	3.05375e-07	2.0828e-17	0.31149	1.5968	1.63275	1.61661	615	0	0.14658	0	20	20
0.00854613	0.000807191	1214.41	2.64758e-07	1.79268e-17	0.300776	1.55737	1.63189	1.61661	615	0	0.146612	0	20	20
0.00854763	0.000808165	1216.15	2.29543e-07	1.54298e-17	0.290431	1.51892	1.63104	1.61661	615	0	0.146644	0	20	20
0.00854911	0.000809137	1217.88	1.99012e-07	1.32805e-17	0.280442	1.48142	1.63019	1.61661	615	0	0.146678	0	20	20
0.00855058	0.000810107	1219.6	1.72542e-07	1.14306e-17	0.270796	1.44484	1.62935	1.61661	615	0	0.146712	0	20	20
0.00855204	0.000811075	1221.33	1.49593e-07	9.83845e-18	0.261482	1.40917	1.62851	1.61661	615	0	0.146748	0	20	20
0.00855349	0.000812041	1223.05	1.29696e-07	8.46803e-18	0.252489	1.37437	1.62768	1.61661	615	0	0.146784	0	20	20
0.00855493	0.000813005	1224.76	1.12445e-07	7.2885e-18	0.243804	1.34044	1.62686	1.61661	615	0	0.146821	0	20	20
0.00855636	0.000813967	1226.47	9.74891e-08	6.27327e-18	0.235419	1.30735	1.62605	1.61661	615	0	0.14686	0	20	20
0.00855779	0.000814926	1228.18	8.45223e-08	5.39946e-18	0.227322	1.27507	1.62523	1.61661	615	0	0.146899	0	20	20
0.0085592	0.000815884	1229.88	7.32802e-08	4.64735e-18	0.219503	1.24359	1.62443	1.61661	615	0	0.146939	0	20	20
0.00856061	0.000816838	1231.58	6.35334e-08	4.00001e-18	0.211953	1.21288	1.62363	1.61661	615	0	0.14698	0	20	20
0.008562	0.000817791	1233.27	5.5083e-08	3.44284e-18	0.204663	1.18293	1.62283	1.61661	615	0	0.147021	0	20	20
0.00856339	0.00081874	1234.96	4.77565e-08	2.96328e-18	0.197624	1.15373	1.62204	1.61661	615	0	0.147064	0	20	20
0.00856477	0.000819687	1236.64	4.14045e-08	2.55052e-18	0.190827	1.12524	1.62126	1.61661	615	0	0.147108	0	20	20
0.00856615	0.000820631	1238.32	3.58974e-08	2.19525e-18	0.184263	1.09746	1.62048	1.61661	615	0	0.147153	0	20	20
0.00856752	0.000821573	1240	3.11228e-08	1.88947e-18	0.177926	1.07036	1.6197	1.61661	615	0	0.147199	0	20	20
0.00856888	0.000822511	1241.67	2.69832e-08	1.62628e-18	0.171806	1.04394	1.61893	1.61661	615	0	0.147245	0	20	20
0.00857023	0.000823447	1243.33	2.33943e-08	1.39976e-18	0.165897	1.01816	1.61817	1.61661	615	0	0.147293	0	20	20
0.00857157	0.00082438	1244.99	2.02826e-08	1.20478e-18	0.160191	0.993023	1.6174	1.61661	615	0	0.147341	0	20	20
0.00857291	0.00082531	1246.65	1.75849e-08	1.03696e-18	0.154681	0.968505	1.61664	1.61661	615	0	0.147391	0	20	20
0.00857425	0.000826236	1248.29	1.5246e-08	8.92524e-19	0.149361	0.944593	1.61589	1.61661	615	0	0.147441	0	20	20
0.00857557	0.00082716	1249.94	1.32181e-08	7.68203e-19	0.144224	0.921271	1.61514	1.61661	615	0	0.147493	0	20	20
0.0085769	0.000828081	1251.58	1.146e-08	6.61198e-19	0.139263	0.898524	1.61439	1.61661	615	0	0.147545	0	20	20
0.00857821	0.000828999	1253.21	9.93576e-09	5.69098e-19	0.134473	0.87634	1.61365	1.61661	615	0	0.147599	0	20	20
0.00857952	0.000829913	1254.84	8.61423e-09	4.89828e-19	0.129848	0.854703	1.61291	1.61661	615	0	0.147653	0	20	20
0.00858082	0.000830825	1256.47	7.46847e-09	4.21598e-19	0.125382	0.8336	1.61218	1.61661	615	0	0.147708	0	20	20
0.00858212	0.000831734	1258.09	6.47511e-09	3.62873e-19	0.12107	0.813018	1.61145	1.61661	615	0	0.147764	0	20	20
0.00858341	0.000832639	1259.7	5.61387e-09	3.12328e-19	0.116905	0.792945	1.61072	1.61661	615	0	0.147822	0	20	20
0.0085847	0.000833541	1261.31	4.86718e-09	2.68823e-19	0.112885	0.773367	1.60999	1.61661	615	0	0.14788	0	20	20
0.00858598	0.00083444	1262.91	4.21981e-09	2.31378e-19	0.109002	0.754273	1.60927	1.61661	615	0	0.147939	0	20	20
0.00858726	0.000835336	1264.51	3.65854e-09	1.99149e-19	0.105253	0.735649	1.60856	1.61661	615	0	0.147999	0	20	20
0.00858853	0.000836229	1266.1	3.17193e-09	1.71409e-19	0.101633	0.717486	1.60784	1.61661	615	0	0.14806	0	20	20
0.0085898	0.000837119	1267.69	2.75004e-09	1.47533e-19	0.0981371	0.699771	1.60713	1.61661	615	0	0.148122	0	20	20
0.00859107	0.000838005	1269.27	2.38426e-09	1.26983e-19	0.0947617	0.682494	1.60642	1.61661	615	0	0.148185	0	20	20
0.00859232	0.000838889	1270.85	2.06714e-09	1.09295e-19	0.0915025	0.665643	1.60571	1.61661	615	0	0.148249	0	20	20
