0.00911127	
0.00730899	
0.00579346	
0.00502267	
0.0045547	
0.00423005	
0.00398074	
0.00377871	
0.00362517	
0.00353652	
0.00353879	
0.00366425	
0.00388301	
0.00417431	
0.00453011	
0.0049515	
0.00544548	
0.00602308	
0.0066985	
0.00748884	
0.00841422	
0.00949824	
0.0107687	
0.0122576	
0.0139983	
0.0160308	
0.0184774	
0.0215404	
0.0254798	
0.0304932	
0.0407949	
0.0508049	
0.0540519	
0.0524624	
0.0495345	
0.0466699	
0.0442006	
0.0421643	
0.0405215	
0.0392136	
0.0381822	
0.0373757	
0.0367508	
0.036272	
0.0359107	
0.0356435	
0.0354519	
0.0353206	
0.0352376	
0.0351931	
0.035181	
0.0352214	
0.0353146	
0.0354516	
0.0356242	
0.0358256	
0.0360495	
0.0362904	
0.0365435	
0.0368047	
0.0370703	
0.0373371	
0.0376026	
0.0378645	
0.0381209	
0.0383703	
0.0386117	
0.038844	
0.0390666	
0.0392791	
0.0394812	
0.0396728	
0.0398539	
