0.00866328	0.000693248	1111.6	256.922	76.5	0	0	1.56658	1.61661	615	0	0.149347	0	20	20
0.0087391	0.000705123	1139.27	256.922	76.4694	18.5317	6.2451	1.52616	1.61661	615	0	-0.100549	0	20	20
0.00885741	0.000729727	1192.88	256.922	76.4339	54.3232	18.4279	1.46582	1.61661	615	0	-0.55522	0	20	20
0.00894165	0.000754526	1243.57	256.922	76.3927	88.8849	30.3103	1.42478	1.61661	615	0	-0.949682	0	20	20
0.009001	0.000779455	1292.02	256.922	76.3448	122.251	41.897	1.39678	1.61661	615	0	-1.29589	0	20	20
0.00904127	0.000804132	1338.07	256.922	76.2893	154.454	53.1926	1.3782	1.61661	615	0	-1.60088	0	20	20
0.00906727	0.000828288	1381.7	256.922	76.2249	185.529	64.202	1.36637	1.61661	615	0	-1.87034	0	20	20
0.00908278	0.000851769	1423	256.922	76.1502	215.506	74.9302	1.35939	1.61661	615	0	-2.10952	0	20	20
0.00909061	0.000874513	1462.15	256.922	76.0636	244.42	85.3822	1.35588	1.61661	615	0	-2.32305	0	20	20
0.00909283	0.000896517	1499.36	256.922	75.9633	272.302	95.5636	1.35489	1.61661	615	0	-2.51492	0	20	20
0.00909093	0.000917811	1534.82	256.921	75.847	299.184	105.48	1.35573	1.61661	615	0	-2.68844	0	20	20
0.009086	0.000938439	1568.75	256.921	75.7124	325.101	115.138	1.35794	1.61661	615	0	-2.84633	0	20	20
0.0090788	0.000958446	1601.29	256.921	75.5566	350.084	124.542	1.36118	1.61661	615	0	-2.99079	0	20	20
0.0090699	0.000977875	1632.58	256.921	75.3764	374.167	133.701	1.36519	1.61661	615	0	-3.1236	0	20	20
0.00905971	0.000996761	1662.74	256.921	75.1681	397.385	142.622	1.3698	1.61661	615	0	-3.24624	0	20	20
0.00904854	0.00101513	1691.84	256.92	74.9275	419.773	151.311	1.37488	1.61661	615	0	-3.35989	0	20	20
0.00903663	0.00103301	1719.97	256.92	74.6499	441.366	159.777	1.38032	1.61661	615	0	-3.46557	0	20	20
0.00902415	0.00105043	1747.16	256.92	74.33	462.202	168.03	1.38606	1.61661	615	0	-3.56414	0	20	20
0.00901123	0.00106739	1773.48	256.92	73.9617	482.319	176.077	1.39203	1.61661	615	0	-3.65633	0	20	20
0.00899797	0.00108392	1798.95	256.919	73.5383	501.755	183.93	1.39819	1.61661	615	0	-3.74278	0	20	20
0.00898444	0.00110003	1823.63	256.919	73.0526	520.55	191.599	1.40452	1.61661	615	0	-3.82406	0	20	20
0.00897072	0.00111574	1847.54	256.919	72.4961	538.746	199.094	1.41097	1.61661	615	0	-3.90068	0	20	20
0.00895684	0.00113108	1870.73	256.918	71.8602	556.383	206.426	1.41754	1.61661	615	0	-3.9731	0	20	20
0.00894282	0.00114606	1893.22	256.918	71.1353	573.503	213.608	1.42422	1.61661	615	0	-4.04174	0	20	20
0.00892869	0.0011607	1915.05	256.917	70.3111	590.147	220.651	1.43099	1.61661	615	0	-4.10696	0	20	20
0.00891446	0.00117503	1936.27	256.917	69.3773	606.353	227.565	1.43785	1.61661	615	0	-4.16909	0	20	20
0.00890014	0.00118905	1956.88	256.916	68.323	622.16	234.363	1.4448	1.61661	615	0	-4.22844	0	20	20
0.00888574	0.0012028	1976.93	256.916	67.1377	637.598	241.051	1.45184	1.61661	615	0	-4.28527	0	20	20
0.00887126	0.00121628	1996.43	256.915	65.8111	652.697	247.64	1.45896	1.61661	615	0	-4.33979	0	20	20
0.00885671	0.0012295	2015.4	256.914	64.3342	667.474	254.132	1.46616	1.61661	615	0	-4.39218	0	20	20
0.00884211	0.00124247	2033.82	256.913	62.6995	681.94	260.531	1.47344	1.61661	615	0	-4.44257	0	20	20
0.00882749	0.00125516	2051.7	256.913	60.9015	696.093	266.835	1.48077	1.61661	615	0	-4.49106	0	20	20
0.00881287	0.00126756	2069.01	256.912	58.9379	709.919	273.037	1.48815	1.61661	615	0	-4.53768	0	20	20
0.00879832	0.00127965	2085.7	256.911	56.8097	723.387	279.126	1.49555	1.61661	615	0	-4.58242	0	20	20
0.00878389	0.00129136	2101.72	256.909	54.5225	736.45	285.084	1.50293	1.61661	615	0	-4.62521	0	20	20
0.00876968	0.00130266	2116.98	256.908	52.086	749.047	290.89	1.51025	1.61661	615	0	-4.66594	0	20	20
0.00875578	0.00131346	2131.4	256.907	49.5151	761.099	296.514	1.51745	1.61661	615	0	-4.70447	0	20	20
0.00874231	0.00132368	2144.86	256.905	46.8297	772.515	301.925	1.52448	1.61661	615	0	-4.7406	0	20	20
0.00872938	0.00133323	2157.27	256.904	44.0538	783.196	307.087	1.53126	1.61661	615	0	-4.77413	0	20	20
0.00871713	0.00134202	2168.49	256.902	41.2153	793.036	311.96	1.53773	1.61661	615	0	-4.80485	0	20	20
0.00870569	0.00134996	2178.43	256.9	38.3448	801.93	316.508	1.5438	1.61661	615	0	-4.83252	0	20	20
0.00869518	0.00135696	2186.96	256.898	35.4743	809.781	320.693	1.5494	1.61661	615	0	-4.85695	0	20	20
0.00868571	0.00136294	2194.02	256.896	32.6358	816.5	324.484	1.55448	1.61661	615	0	-4.87796	0	20	20
0.00867738	0.00136785	2199.52	256.893	29.8599	822.018	327.853	1.55896	1.61661	615	0	-4.89542	0	20	20
0.00867026	0.00137164	2203.43	256.89	27.1745	826.286	330.779	1.5628	1.61661	615	0	-4.90923	0	20	20
0.0086644	0.00137428	2205.73	256.887	24.6037	829.275	333.25	1.56597	1.61661	615	0	-4.91935	0	20	20
0.00865983	0.00137577	2206.43	256.884	22.1672	830.982	335.261	1.56846	1.61661	615	0	-4.92578	0	20	20
0.00865647	0.00137615	2205.57	256.881	19.8799	831.424	336.813	1.57028	1.61661	615	0	-4.92813	0	20	20
0.00865344	0.00137556	2203.2	256.877	17.7517	830.639	337.917	1.57193	1.61661	615	0	-4.92106	0	20	20
0.00865072	0.00137405	2199.42	256.872	15.7881	828.682	338.587	1.57341	1.61661	615	0	-4.90508	0	20	20
0.0086483	0.00137168	2194.3	256.868	13.9901	825.62	338.844	1.57473	1.61661	615	0	-4.88077	0	20	20
0.00864616	0.00136852	2187.97	256.863	12.3554	821.531	338.711	1.57591	1.61661	615	0	-4.84879	0	20	20
0.00864425	0.00136462	2180.51	256.857	10.8785	816.499	338.214	1.57695	1.61661	615	0	-4.80984	0	20	20
0.00864258	0.00136006	2172.04	256.851	9.55195	810.61	337.381	1.57787	1.61661	615	0	-4.76461	0	20	20
0.0086411	0.00135491	2162.66	256.845	8.36659	803.949	336.238	1.57868	1.61661	615	0	-4.7138	0	20	20
0.0086398	0.00134921	2152.48	256.838	7.31231	796.601	334.813	1.57939	1.61661	615	0	-4.6581	0	20	20
0.00863865	0.00134305	2141.57	256.83	6.37848	788.645	333.131	1.58002	1.61661	615	0	-4.59815	0	20	20
0.00863764	0.00133647	2130.04	256.822	5.55436	780.155	331.218	1.58057	1.61661	615	0	-4.53453	0	20	20
0.00863675	0.00132951	2117.97	256.812	4.8294	771.2	329.096	1.58106	1.61661	615	0	-4.46779	0	20	20
0.00863596	0.00132224	2105.41	256.802	4.19349	761.843	326.785	1.5815	1.61661	615	0	-4.39842	0	20	20
0.00863526	0.0013147	2092.45	256.791	3.63707	752.141	324.305	1.58188	1.61661	615	0	-4.32687	0	20	20
0.00863463	0.00130691	2079.13	256.779	3.15127	742.142	321.674	1.58223	1.61661	615	0	-4.25352	0	20	20
0.00863406	0.00129891	2065.52	256.766	2.72794	731.893	318.905	1.58254	1.61661	615	0	-4.17873	0	20	20
0.00863355	0.00129074	2051.64	256.752	2.35965	721.432	316.015	1.58282	1.61661	615	0	-4.10279	0	20	20
0.00863308	0.00128241	2037.56	256.736	2.03971	710.794	313.013	1.58308	1.61661	615	0	-4.02597	0	20	20
0.00863265	0.00127395	2023.28	256.719	1.76213	700.01	309.912	1.58332	1.61661	615	0	-3.9485	0	20	20
0.00863225	0.00126539	2008.86	256.701	1.52155	689.105	306.722	1.58354	1.61661	615	0	-3.87057	0	20	20
0.00863188	0.00125673	1994.32	256.681	1.31324	678.102	303.45	1.58374	1.61661	615	0	-3.79237	0	20	20
0.00863153	0.00124799	1979.67	256.659	1.13301	667.022	300.104	1.58393	1.61661	615	0	-3.71403	0	20	20
0.00863121	0.00123919	1964.94	256.635	0.977206	655.882	296.692	1.58411	1.61661	615	0	-3.63569	0	20	20
0.0086309	0.00123034	1950.14	256.609	0.842585	644.697	293.219	1.58428	1.61661	615	0	-3.55745	0	20	20
0.00863061	0.00122144	1935.3	256.58	0.726331	633.481	289.69	1.58444	1.61661	615	0	-3.47943	0	20	20
0.00863034	0.00121251	1920.43	256.549	0.625985	622.245	286.112	1.58459	1.61661	615	0	-3.40169	0	20	20
0.00863009	0.00120356	1905.54	256.515	0.539403	610.999	282.488	1.58473	1.61661	615	0	-3.32432	0	20	20
0.00862985	0.00119459	1890.64	256.478	0.464724	599.754	278.822	1.58486	1.61661	615	0	-3.24738	0	20	20
0.00862963	0.0011856	1875.74	256.438	0.400329	588.516	275.118	1.58498	1.61661	615	0	-3.17093	0	20	20
0.00862944	0.00117662	1860.85	256.394	0.344818	577.294	271.381	1.58509	1.61661	615	0	-3.09502	0	20	20
0.00862926	0.00116763	1845.99	256.346	0.296973	566.095	267.612	1.58518	1.61661	615	0	-3.01969	0	20	20
0.0086291	0.00115865	1831.16	256.293	0.255745	554.925	263.816	1.58527	1.61661	615	0	-2.94498	0	20	20
0.00862897	0.00114968	1816.36	256.236	0.220224	543.789	259.995	1.58534	1.61661	615	0	-2.87095	0	20	20
0.00862887	0.00114073	1801.61	256.174	0.189625	532.693	256.153	1.5854	1.61661	615	0	-2.79761	0	20	20
0.0086288	0.0011318	1786.92	256.106	0.163268	521.643	252.291	1.58544	1.61661	615	0	-2.725	0	20	20
0.00862876	0.00112289	1772.29	256.032	0.140567	510.643	248.413	1.58546	1.61661	615	0	-2.65315	0	20	20
0.00862875	0.00111402	1757.72	255.951	0.121018	499.699	244.522	1.58546	1.61661	615	0	-2.58209	0	20	20
0.00862878	0.00110517	1743.24	255.863	0.104184	488.814	240.619	1.58545	1.61661	615	0	-2.51183	0	20	20
0.00862885	0.00109637	1728.83	255.768	0.0896893	477.993	236.707	1.58541	1.61661	615	0	-2.44242	0	20	20
0.00862897	0.00108761	1714.51	255.663	0.0772089	467.241	232.79	1.58534	1.61661	615	0	-2.37386	0	20	20
0.00862913	0.00107889	1700.29	255.549	0.0664636	456.562	228.868	1.58525	1.61661	615	0	-2.30618	0	20	20
0.00862934	0.00107023	1686.18	255.425	0.0572127	445.96	224.945	1.58514	1.61661	615	0	-2.2394	0	20	20
0.00862961	0.00106162	1672.17	255.29	0.0492485	435.439	221.023	1.58499	1.61661	615	0	-2.17354	0	20	20
0.00862993	0.00105306	1658.27	255.142	0.0423924	425.004	217.104	1.58482	1.61661	615	0	-2.10861	0	20	20
0.00863031	0.00104457	1644.5	254.982	0.0364903	414.658	213.191	1.58461	1.61661	615	0	-2.04463	0	20	20
0.00863075	0.00103615	1630.86	254.807	0.0314096	404.407	209.286	1.58436	1.61661	615	0	-1.98161	0	20	20
0.00863125	0.0010278	1617.35	254.616	0.027036	394.252	205.39	1.58409	1.61661	615	0	-1.91957	0	20	20
0.00863183	0.00101952	1603.98	254.409	0.0232712	384.2	201.507	1.58377	1.61661	615	0	-1.85853	0	20	20
0.00863247	0.00101132	1590.76	254.183	0.0200306	374.253	197.639	1.58342	1.61661	615	0	-1.79849	0	20	20
0.00863318	0.0010032	1577.68	253.936	0.0172411	364.416	193.787	1.58302	1.61661	615	0	-1.73946	0	20	20
0.00863397	0.000995166	1564.77	253.668	0.01484	354.693	189.955	1.58259	1.61661	615	0	-1.68145	0	20	20
0.00863483	0.000987222	1552.01	253.377	0.0127733	345.086	186.143	1.58212	1.61661	615	0	-1.62448	0	20	20
0.00863577	0.00097937	1539.42	253.059	0.0109943	335.601	182.355	1.5816	1.61661	615	0	-1.56854	0	20	20
0.00863679	0.000971614	1527.01	252.714	0.00946308	326.241	178.592	1.58104	1.61661	615	0	-1.51365	0	20	20
0.00863789	0.000963958	1514.77	252.338	0.00814509	317.009	174.856	1.58044	1.61661	615	0	-1.45981	0	20	20
0.00863906	0.000956404	1502.71	251.929	0.00701065	307.91	171.15	1.5798	1.61661	615	0	-1.40702	0	20	20
0.00864031	0.000948956	1490.83	251.485	0.0060342	298.946	167.475	1.57911	1.61661	615	0	-1.35529	0	20	20
0.00864163	0.000941618	1479.15	251.002	0.00519374	290.123	163.835	1.57838	1.61661	615	0	-1.30462	0	20	20
0.00864303	0.000934391	1467.65	250.478	0.00447034	281.442	160.229	1.57762	1.61661	615	0	-1.25501	0	20	20
0.0086445	0.00092728	1456.35	249.908	0.00384768	272.908	156.661	1.57682	1.61661	615	0	-1.20645	0	20	20
0.00864603	0.000920286	1445.25	249.29	0.00331176	264.525	153.133	1.57598	1.61661	615	0	-1.15896	0	20	20
0.00864763	0.000913412	1434.35	248.618	0.00285047	256.295	149.646	1.5751	1.61661	615	0	-1.11252	0	20	20
0.00864928	0.000906661	1423.64	247.89	0.00245344	248.222	146.203	1.5742	1.61661	615	0	-1.06714	0	20	20
0.00865097	0.000900036	1413.15	247.101	0.0021117	240.311	142.806	1.57328	1.61661	615	0	-1.02281	0	20	20
0.00865271	0.000893538	1402.85	246.245	0.00181757	232.564	139.455	1.57233	1.61661	615	0	-0.979535	0	20	20
0.00865448	0.00088717	1392.76	245.318	0.0015644	224.985	136.154	1.57137	1.61661	615	0	-0.937305	0	20	20
0.00865626	0.000880935	1382.88	244.315	0.00134649	217.577	132.905	1.5704	1.61661	615	0	-0.896118	0	20	20
0.00865804	0.000874835	1373.21	243.231	0.00115894	210.346	129.709	1.56943	1.61661	615	0	-0.855974	0	20	20
0.00865982	0.000868872	1363.74	242.058	0.000997512	203.295	126.569	1.56846	1.61661	615	0	-0.81687	0	20	20
0.00866156	0.000863048	1354.49	240.792	0.000858568	196.427	123.486	1.56752	1.61661	615	0	-0.778805	0	20	20
0.00866325	0.000857367	1345.44	239.426	0.000738977	189.748	120.463	1.5666	1.61661	615	0	-0.741779	0	20	20
0.00866486	0.00085183	1336.59	237.953	0.000636045	183.263	117.503	1.56572	1.61661	615	0	-0.705793	0	20	20
0.00866637	0.000846442	1327.96	236.367	0.000547449	176.975	114.607	1.5649	1.61661	615	0	-0.67085	0	20	20
0.00866776	0.000841204	1319.53	234.661	0.000471194	170.892	111.778	1.56416	1.61661	615	0	-0.636956	0	20	20
0.00866898	0.000836119	1311.31	232.828	0.000405561	165.014	109.019	1.56349	1.61661	615	0	-0.604099	0	20	20
0.00867003	0.000831179	1303.28	230.86	0.00034907	159.338	106.327	1.56292	1.61661	615	0	-0.572237	0	20	20
0.00867089	0.000826377	1295.42	228.751	0.000300448	153.858	103.702	1.56246	1.61661	615	0	-0.541314	0	20	20
0.00867154	0.000821704	1287.72	226.494	0.000258598	148.566	101.141	1.56211	1.61661	615	0	-0.511279	0	20	20
0.00867197	0.000817151	1280.16	224.082	0.000222577	143.456	98.6441	1.56188	1.61661	615	0	-0.482086	0	20	20
0.00867216	0.000812711	1272.73	221.509	0.000191574	138.522	96.2086	1.56177	1.61661	615	0	-0.453693	0	20	20
0.00867212	0.000808375	1265.41	218.768	0.000164889	133.758	93.8332	1.5618	1.61661	615	0	-0.426063	0	20	20
0.00867182	0.000804136	1258.19	215.855	0.000141922	129.157	91.5165	1.56196	1.61661	615	0	-0.399166	0	20	20
0.00867126	0.000799987	1251.05	212.764	0.000122153	124.715	89.2569	1.56226	1.61661	615	0	-0.372976	0	20	20
0.00867043	0.00079592	1243.99	209.492	0.000105138	120.425	87.0531	1.56271	1.61661	615	0	-0.347471	0	20	20
0.00866934	0.000791928	1236.99	206.035	9.04933e-05	116.283	84.9038	1.5633	1.61661	615	0	-0.322636	0	20	20
0.00866799	0.000788006	1230.04	202.392	7.78883e-05	112.284	82.8075	1.56403	1.61661	615	0	-0.298462	0	20	20
0.00866638	0.000784148	1223.14	198.562	6.70391e-05	108.422	80.763	1.5649	1.61661	615	0	-0.274943	0	20	20
0.00866453	0.000780347	1216.27	194.546	5.77011e-05	104.693	78.7689	1.5659	1.61661	615	0	-0.252079	0	20	20
0.00866245	0.000776598	1209.43	190.346	4.96638e-05	101.092	76.8241	1.56703	1.61661	615	0	-0.229876	0	20	20
0.00866016	0.000772898	1202.62	185.967	4.2746e-05	97.6148	74.9273	1.56828	1.61661	615	0	-0.208342	0	20	20
0.0086577	0.000769241	1195.84	181.413	3.67919e-05	94.2574	73.0774	1.56961	1.61661	615	0	-0.18749	0	20	20
0.0086551	0.000765624	1189.08	176.694	3.1667e-05	91.0154	71.2731	1.57103	1.61661	615	0	-0.167335	0	20	20
0.0086524	0.000762043	1182.35	171.818	2.72561e-05	87.885	69.5133	1.5725	1.61661	615	0	-0.147897	0	20	20
0.00864966	0.000758497	1175.66	166.796	2.34595e-05	84.8622	67.7971	1.574	1.61661	615	0	-0.129193	0	20	20
0.00864692	0.000754982	1169	161.643	2.01918e-05	81.9434	66.1231	1.57549	1.61661	615	0	-0.111246	0	20	20
0.00864426	0.000751497	1162.38	156.373	1.73792e-05	79.125	64.4906	1.57694	1.61661	615	0	-0.0940737	0	20	20
0.00864182	0.000748063	1155.87	151.002	1.49585e-05	76.4035	62.8983	1.57828	1.61661	615	0	-0.0777553	0	20	20
0.00863991	0.000744755	1149.61	145.549	1.28749e-05	73.7757	61.3453	1.57933	1.61661	615	0	-0.0624819	0	20	20
0.00863873	0.00074162	1143.71	140.032	1.10815e-05	71.2382	59.8307	1.57997	1.61661	615	0	-0.0483452	0	20	20
0.00863836	0.000738654	1138.18	134.472	9.53793e-06	68.788	58.3535	1.58018	1.61661	615	0	-0.0352931	0	20	20
0.0086338	0.000736245	1133	128.89	8.20938e-06	66.422	56.9127	1.58269	1.61661	615	0	-0.0196483	0	20	20
0.0086287	0.000734098	1128.17	123.305	7.06588e-06	64.1375	55.5075	1.58549	1.61661	615	0	-0.00434186	0	20	20
0.00862562	0.000732011	1123.69	117.74	6.08166e-06	61.9315	54.137	1.58719	1.61661	615	0	0.00900528	0	20	20
0.00862468	0.000729983	1119.58	112.216	5.23453e-06	59.8014	52.8004	1.58771	1.61661	615	0	0.0205949	0	20	20
0.008626	0.000728018	1115.85	106.751	4.5054e-06	57.7446	51.4968	1.58698	1.61661	615	0	0.0306238	0	20	20
0.00862963	0.000726127	1112.53	101.367	3.87783e-06	55.7585	50.2253	1.58498	1.61661	615	0	0.0392842	0	20	20
0.00863555	0.000724329	1109.65	96.0801	3.33768e-06	53.8407	48.9852	1.58172	1.61661	615	0	0.0467627	0	20	20
0.00864368	0.00072265	1107.24	90.9079	2.87277e-06	51.9888	47.7758	1.57726	1.61661	615	0	0.0532392	0	20	20
0.00865384	0.00072112	1105.33	85.8656	2.47262e-06	50.2007	46.5962	1.57171	1.61661	615	0	0.0588844	0	20	20
0.00866579	0.000719775	1103.94	80.9665	2.1282e-06	48.4741	45.4457	1.56522	1.61661	615	0	0.0638571	0	20	20
0.00867922	0.00071865	1103.09	76.2224	1.83176e-06	46.8068	44.3237	1.55797	1.61661	615	0	0.0683013	0	20	20
0.00869379	0.000717777	1102.8	71.6431	1.57661e-06	45.1969	43.2293	1.55015	1.61661	615	0	0.0723438	0	20	20
0.00870915	0.000717188	1103.07	67.2365	1.357e-06	43.6424	42.162	1.54196	1.61661	615	0	0.0760918	0	20	20
0.00872496	0.000716906	1103.91	63.0088	1.16798e-06	42.1413	41.121	1.53359	1.61661	615	0	0.0796332	0	20	20
0.00874093	0.000716947	1105.31	58.9643	1.00529e-06	40.6919	40.1057	1.5252	1.61661	615	0	0.0830364	0	20	20
0.00875679	0.000717321	1107.25	55.1056	8.65262e-07	39.2923	39.1155	1.51693	1.61661	615	0	0.0863522	0	20	20
0.00877236	0.00071803	1109.72	51.4339	7.44738e-07	37.9409	38.1497	1.50887	1.61661	615	0	0.0896166	0	20	20
0.00878748	0.000719071	1112.7	47.9486	6.41002e-07	36.6359	37.2078	1.50109	1.61661	615	0	0.0928531	0	20	20
0.00880207	0.000720435	1116.17	44.6482	5.51715e-07	35.3758	36.2891	1.49364	1.61661	615	0	0.0960757	0	20	20
0.00881605	0.00072211	1120.09	41.5299	4.74866e-07	34.1591	35.3932	1.48655	1.61661	615	0	0.0992918	0	20	20
0.00882939	0.00072408	1124.44	38.5897	4.08721e-07	32.9842	34.5193	1.47982	1.61661	615	0	0.102504	0	20	20
0.00884209	0.000726329	1129.2	35.8231	3.51789e-07	31.8497	33.667	1.47345	1.61661	615	0	0.105711	0	20	20
0.00885415	0.00072884	1134.34	33.2246	3.02788e-07	30.7543	32.8358	1.46743	1.61661	615	0	0.108911	0	20	20
0.0088656	0.000731593	1139.82	30.7884	2.60612e-07	29.6965	32.0251	1.46176	1.61661	615	0	0.112101	0	20	20
0.00887644	0.000734572	1145.63	28.5081	2.24311e-07	28.6751	31.2344	1.45641	1.61661	615	0	0.115276	0	20	20
0.00888671	0.000737759	1151.75	26.3769	1.93066e-07	27.6888	30.4632	1.45137	1.61661	615	0	0.118434	0	20	20
0.00889643	0.000741137	1158.13	24.3881	1.66173e-07	26.7365	29.711	1.44662	1.61661	615	0	0.121569	0	20	20
0.00890563	0.00074469	1164.77	22.5345	1.43027e-07	25.8169	28.9775	1.44214	1.61661	615	0	0.124679	0	20	20
0.00891434	0.000748402	1171.64	20.8092	1.23104e-07	24.9289	28.262	1.43792	1.61661	615	0	0.127762	0	20	20
0.00892257	0.000752259	1178.71	19.2052	1.05957e-07	24.0715	27.5642	1.43394	1.61661	615	0	0.130813	0	20	20
0.00893036	0.000756247	1185.97	17.7156	9.11979e-08	23.2436	26.8837	1.43019	1.61661	615	0	0.13383	0	20	20
0.00893773	0.000760353	1193.4	16.3335	7.84948e-08	22.4441	26.2199	1.42665	1.61661	615	0	0.136812	0	20	20
0.0089447	0.000764564	1200.97	15.0525	6.75611e-08	21.6722	25.5725	1.42332	1.61661	615	0	0.139755	0	20	20
0.00895128	0.000768869	1208.68	13.8662	5.81504e-08	20.9268	24.9411	1.42019	1.61661	615	0	0.142659	0	20	20
0.0089575	0.000773257	1216.5	12.7684	5.00505e-08	20.207	24.3253	1.41723	1.61661	615	0	0.145521	0	20	20
0.00896337	0.000777717	1224.41	11.7534	4.30789e-08	19.512	23.7247	1.41445	1.61661	615	0	0.14834	0	20	20
0.00896891	0.00078224	1232.41	10.8154	3.70783e-08	18.8409	23.139	1.41182	1.61661	615	0	0.151114	0	20	20
0.00897415	0.000786817	1240.48	9.94928	3.19136e-08	18.1929	22.5677	1.40935	1.61661	615	0	0.153843	0	20	20
0.00897909	0.000791439	1248.61	9.14994	2.74683e-08	17.5671	22.0105	1.40703	1.61661	615	0	0.156525	0	20	20
0.00898374	0.000796098	1256.78	8.41262	2.36422e-08	16.9629	21.467	1.40484	1.61661	615	0	0.15916	0	20	20
0.00898813	0.000800787	1264.98	7.73287	2.0349e-08	16.3795	20.937	1.40279	1.61661	615	0	0.161746	0	20	20
0.00899227	0.000805499	1273.2	7.10647	1.75146e-08	15.8161	20.4201	1.40085	1.61661	615	0	0.164283	0	20	20
0.00899616	0.000810227	1281.44	6.52948	1.50749e-08	15.2721	19.9159	1.39903	1.61661	615	0	0.16677	0	20	20
0.00899983	0.000814966	1289.68	5.99821	1.29751e-08	14.7468	19.4242	1.39732	1.61661	615	0	0.169207	0	20	20
0.00900329	0.000819708	1297.91	5.50922	1.11678e-08	14.2396	18.9446	1.39572	1.61661	615	0	0.171594	0	20	20
0.00900654	0.000824451	1306.13	5.05929	9.61219e-09	13.7499	18.4769	1.39421	1.61661	615	0	0.173931	0	20	20
0.00900959	0.000829188	1314.32	4.64543	8.27329e-09	13.2769	18.0207	1.39279	1.61661	615	0	0.176218	0	20	20
0.00901247	0.000833915	1322.49	4.26485	7.12089e-09	12.8203	17.5757	1.39145	1.61661	615	0	0.178454	0	20	20
0.00901517	0.000838627	1330.62	3.91496	6.129e-09	12.3793	17.1418	1.3902	1.61661	615	0	0.18064	0	20	20
0.00901771	0.000843322	1338.71	3.59337	5.27528e-09	11.9536	16.7185	1.38903	1.61661	615	0	0.182776	0	20	20
0.00902009	0.000847995	1346.76	3.29785	4.54048e-09	11.5424	16.3058	1.38793	1.61661	615	0	0.184862	0	20	20
0.00902233	0.000852644	1354.75	3.02635	3.90803e-09	11.1454	15.9032	1.3869	1.61661	615	0	0.1869	0	20	20
0.00902444	0.000857264	1362.69	2.77695	3.36367e-09	10.7621	15.5105	1.38593	1.61661	615	0	0.188888	0	20	20
0.00902641	0.000861854	1370.57	2.5479	2.89514e-09	10.3919	15.1276	1.38502	1.61661	615	0	0.190829	0	20	20
0.00902826	0.000866411	1378.39	2.33757	2.49187e-09	10.0345	14.7541	1.38416	1.61661	615	0	0.192722	0	20	20
0.00903	0.000870932	1386.13	2.14445	2.14477e-09	9.68937	14.3898	1.38337	1.61661	615	0	0.194567	0	20	20
0.00903163	0.000875416	1393.81	1.96717	1.84602e-09	9.3561	14.0345	1.38262	1.61661	615	0	0.196367	0	20	20
0.00903316	0.000879861	1401.42	1.80443	1.58888e-09	9.0343	13.688	1.38191	1.61661	615	0	0.198121	0	20	20
0.00903459	0.000884264	1408.95	1.65508	1.36757e-09	8.72357	13.35	1.38126	1.61661	615	0	0.19983	0	20	20
0.00903593	0.000888624	1416.4	1.51801	1.17707e-09	8.42353	13.0204	1.38064	1.61661	615	0	0.201495	0	20	20
0.00903719	0.00089294	1423.77	1.39223	1.01312e-09	8.13381	12.6989	1.38006	1.61661	615	0	0.203117	0	20	20
0.00903838	0.000897211	1431.07	1.27682	8.71998e-10	7.85405	12.3854	1.37952	1.61661	615	0	0.204696	0	20	20
0.00903948	0.000901435	1438.27	1.17093	7.50536e-10	7.58391	12.0796	1.37902	1.61661	615	0	0.206233	0	20	20
0.00904052	0.000905611	1445.4	1.07379	6.45992e-10	7.32307	11.7814	1.37854	1.61661	615	0	0.20773	0	20	20
0.00904149	0.000909739	1452.44	0.984679	5.56011e-10	7.07119	11.4905	1.3781	1.61661	615	0	0.209187	0	20	20
0.0090424	0.000913818	1459.39	0.902934	4.78563e-10	6.82798	11.2068	1.37768	1.61661	615	0	0.210605	0	20	20
0.00904326	0.000917847	1466.26	0.827954	4.11903e-10	6.59314	10.9301	1.37729	1.61661	615	0	0.211984	0	20	20
0.00904406	0.000921826	1473.04	0.759182	3.54528e-10	6.36637	10.6602	1.37692	1.61661	615	0	0.213326	0	20	20
0.00904482	0.000925754	1479.73	0.696106	3.05145e-10	6.1474	10.397	1.37658	1.61661	615	0	0.214632	0	20	20
0.00904552	0.000929631	1486.33	0.638258	2.62641e-10	5.93596	10.1403	1.37626	1.61661	615	0	0.215902	0	20	20
0.00904619	0.000933456	1492.84	0.585207	2.26057e-10	5.7318	9.88995	1.37595	1.61661	615	0	0.217137	0	20	20
0.00904681	0.00093723	1499.26	0.536555	1.94569e-10	5.53465	9.64576	1.37567	1.61661	615	0	0.218338	0	20	20
0.0090474	0.000940951	1505.6	0.491941	1.67467e-10	5.34429	9.40761	1.3754	1.61661	615	0	0.219506	0	20	20
0.00904796	0.000944621	1511.84	0.45103	1.4414e-10	5.16048	9.17533	1.37514	1.61661	615	0	0.220642	0	20	20
0.00904848	0.000948239	1518	0.413515	1.24063e-10	4.98298	8.94879	1.37491	1.61661	615	0	0.221746	0	20	20
0.00904898	0.000951805	1524.07	0.379116	1.06782e-10	4.8116	8.72785	1.37468	1.61661	615	0	0.22282	0	20	20
0.00904944	0.000955319	1530.05	0.347575	9.1908e-11	4.6461	8.51236	1.37447	1.61661	615	0	0.223863	0	20	20
0.00904989	0.000958782	1535.94	0.318655	7.91059e-11	4.4863	8.30219	1.37426	1.61661	615	0	0.224878	0	20	20
0.00905031	0.000962193	1541.74	0.292138	6.80871e-11	4.332	8.0972	1.37407	1.61661	615	0	0.225865	0	20	20
0.00905071	0.000965552	1547.46	0.267826	5.86031e-11	4.183	7.89728	1.37389	1.61661	615	0	0.226824	0	20	20
0.00905109	0.000968861	1553.09	0.245535	5.04402e-11	4.03913	7.7023	1.37372	1.61661	615	0	0.227756	0	20	20
0.00905146	0.000972119	1558.64	0.225098	4.34142e-11	3.9002	7.51213	1.37355	1.61661	615	0	0.228662	0	20	20
0.00905181	0.000975327	1564.1	0.20636	3.7367e-11	3.76606	7.32665	1.37339	1.61661	615	0	0.229543	0	20	20
0.00905215	0.000978485	1569.47	0.189181	3.21621e-11	3.63653	7.14576	1.37324	1.61661	615	0	0.230399	0	20	20
0.00905247	0.000981593	1574.77	0.173431	2.76821e-11	3.51145	6.96933	1.37309	1.61661	615	0	0.231232	0	20	20
0.00905279	0.000984652	1579.98	0.158992	2.38262e-11	3.39067	6.79725	1.37294	1.61661	615	0	0.232041	0	20	20
0.00905309	0.000987662	1585.1	0.145754	2.05074e-11	3.27405	6.62943	1.37281	1.61661	615	0	0.232828	0	20	20
0.00905339	0.000990624	1590.15	0.133617	1.76509e-11	3.16144	6.46575	1.37267	1.61661	615	0	0.233593	0	20	20
0.00905368	0.000993538	1595.12	0.122491	1.51923e-11	3.05271	6.30611	1.37254	1.61661	615	0	0.234336	0	20	20
0.00905396	0.000996405	1600.01	0.112291	1.30761e-11	2.94771	6.15041	1.37241	1.61661	615	0	0.235059	0	20	20
0.00905424	0.000999225	1604.82	0.10294	1.12547e-11	2.84633	5.99856	1.37228	1.61661	615	0	0.235762	0	20	20
0.00905452	0.001002	1609.55	0.0943671	9.68703e-12	2.74843	5.85045	1.37216	1.61661	615	0	0.236445	0	20	20
0.00905479	0.00100473	1614.21	0.0865081	8.3377e-12	2.6539	5.706	1.37203	1.61661	615	0	0.23711	0	20	20
0.00905506	0.00100741	1618.79	0.0793034	7.17633e-12	2.56262	5.56512	1.37191	1.61661	615	0	0.237756	0	20	20
0.00905533	0.00101005	1623.3	0.0726986	6.17672e-12	2.47448	5.42772	1.37179	1.61661	615	0	0.238385	0	20	20
0.0090556	0.00101264	1627.74	0.0666437	5.31635e-12	2.38937	5.29371	1.37167	1.61661	615	0	0.238996	0	20	20
0.00905586	0.00101519	1632.1	0.061093	4.57583e-12	2.30719	5.163	1.37155	1.61661	615	0	0.239591	0	20	20
0.00905613	0.0010177	1636.39	0.0560045	3.93845e-12	2.22783	5.03553	1.37142	1.61661	615	0	0.240169	0	20	20
0.0090564	0.00102017	1640.61	0.0513398	3.38986e-12	2.15121	4.9112	1.3713	1.61661	615	0	0.240732	0	20	20
0.00905667	0.00102259	1644.77	0.0470635	2.91768e-12	2.07722	4.78994	1.37118	1.61661	615	0	0.241279	0	20	20
0.00905695	0.00102498	1648.85	0.0431433	2.51127e-12	2.00577	4.67168	1.37106	1.61661	615	0	0.241812	0	20	20
0.00905722	0.00102732	1652.87	0.0395496	2.16147e-12	1.93678	4.55634	1.37093	1.61661	615	0	0.24233	0	20	20
0.00905749	0.00102963	1656.84	0.0362552	1.86039e-12	1.87017	4.44384	1.37081	1.61661	615	0	0.242835	0	20	20
0.00905771	0.00103194	1660.8	0.0332352	1.60125e-12	1.80585	4.33412	1.37071	1.61661	615	0	0.243327	0	20	20
0.00905789	0.00103426	1664.76	0.0304668	1.37821e-12	1.74373	4.22711	1.37063	1.61661	615	0	0.243807	0	20	20
0.009058	0.00103659	1668.73	0.0279289	1.18624e-12	1.68376	4.12274	1.37057	1.61661	615	0	0.244275	0	20	20
0.00905807	0.00103893	1672.71	0.0256024	1.02101e-12	1.62585	4.02095	1.37054	1.61661	615	0	0.244733	0	20	20
0.00905809	0.00104127	1676.69	0.0234697	8.78787e-13	1.56993	3.92167	1.37054	1.61661	615	0	0.245179	0	20	20
0.00905806	0.00104362	1680.67	0.0215146	7.56379e-13	1.51593	3.82485	1.37055	1.61661	615	0	0.245614	0	20	20
0.00905798	0.00104597	1684.65	0.0197224	6.51022e-13	1.46379	3.73041	1.37059	1.61661	615	0	0.246039	0	20	20
0.00905786	0.00104833	1688.63	0.0180794	5.60339e-13	1.41344	3.63831	1.37064	1.61661	615	0	0.246454	0	20	20
0.00905769	0.00105069	1692.61	0.0165733	4.82289e-13	1.36483	3.54848	1.37071	1.61661	615	0	0.246859	0	20	20
0.00905749	0.00105305	1696.59	0.0151927	4.1511e-13	1.31789	3.46087	1.37081	1.61661	615	0	0.247254	0	20	20
0.00905725	0.00105541	1700.56	0.0139271	3.57288e-13	1.27256	3.37542	1.37092	1.61661	615	0	0.24764	0	20	20
0.00905696	0.00105777	1704.52	0.0127669	3.07521e-13	1.22879	3.29208	1.37105	1.61661	615	0	0.248017	0	20	20
0.00905665	0.00106013	1708.48	0.0117033	2.64686e-13	1.18653	3.2108	1.37119	1.61661	615	0	0.248384	0	20	20
0.00905629	0.00106249	1712.43	0.0107284	2.27817e-13	1.14572	3.13152	1.37135	1.61661	615	0	0.248743	0	20	20
0.00905591	0.00106485	1716.38	0.00983465	1.96084e-13	1.10631	3.0542	1.37153	1.61661	615	0	0.249094	0	20	20
0.00905549	0.0010672	1720.31	0.00901536	1.68771e-13	1.06826	2.97879	1.37172	1.61661	615	0	0.249436	0	20	20
0.00905504	0.00106956	1724.23	0.00826432	1.45263e-13	1.03152	2.90525	1.37192	1.61661	615	0	0.24977	0	20	20
0.00905456	0.0010719	1728.13	0.00757585	1.25029e-13	0.996037	2.83352	1.37214	1.61661	615	0	0.250097	0	20	20
0.00905405	0.00107424	1732.03	0.00694473	1.07613e-13	0.961779	2.76356	1.37237	1.61661	615	0	0.250415	0	20	20
0.00905352	0.00107658	1735.91	0.00636619	9.26235e-14	0.928699	2.69532	1.37261	1.61661	615	0	0.250727	0	20	20
0.00905296	0.00107891	1739.77	0.00583584	7.97218e-14	0.896756	2.62878	1.37287	1.61661	615	0	0.251031	0	20	20
0.00905238	0.00108123	1743.62	0.00534967	6.86172e-14	0.865913	2.56387	1.37313	1.61661	615	0	0.251328	0	20	20
0.00905177	0.00108354	1747.45	0.004904	5.90593e-14	0.83613	2.50057	1.37341	1.61661	615	0	0.251618	0	20	20
0.00905114	0.00108584	1751.26	0.00449546	5.08329e-14	0.807372	2.43883	1.3737	1.61661	615	0	0.251901	0	20	20
0.00905049	0.00108814	1755.05	0.00412095	4.37522e-14	0.779603	2.37862	1.37399	1.61661	615	0	0.252178	0	20	20
0.00904982	0.00109043	1758.83	0.00377764	3.76579e-14	0.752788	2.31989	1.3743	1.61661	615	0	0.252448	0	20	20
0.00904913	0.0010927	1762.58	0.00346294	3.24125e-14	0.726897	2.26261	1.37461	1.61661	615	0	0.252712	0	20	20
0.00904842	0.00109497	1766.31	0.00317445	2.78977e-14	0.701895	2.20675	1.37493	1.61661	615	0	0.25297	0	20	20
0.00904769	0.00109722	1770.03	0.00290999	2.40117e-14	0.677754	2.15226	1.37527	1.61661	615	0	0.253222	0	20	20
0.00904695	0.00109947	1773.71	0.00266756	2.06671e-14	0.654443	2.09912	1.3756	1.61661	615	0	0.253469	0	20	20
0.0090462	0.0011017	1777.38	0.00244533	1.77883e-14	0.631934	2.04729	1.37595	1.61661	615	0	0.253709	0	20	20
0.00904542	0.00110392	1781.02	0.00224161	1.53106e-14	0.610198	1.99675	1.3763	1.61661	615	0	0.253945	0	20	20
0.00904464	0.00110612	1784.64	0.00205487	1.31779e-14	0.589211	1.94745	1.37666	1.61661	615	0	0.254174	0	20	20
0.00904384	0.00110831	1788.23	0.00188368	1.13423e-14	0.568945	1.89936	1.37702	1.61661	615	0	0.254399	0	20	20
0.00904303	0.00111049	1791.8	0.00172675	9.76244e-15	0.549377	1.85247	1.37739	1.61661	615	0	0.254619	0	20	20
0.00904221	0.00111265	1795.34	0.0015829	8.40261e-15	0.530481	1.80673	1.37777	1.61661	615	0	0.254833	0	20	20
0.00904138	0.0011148	1798.85	0.00145103	7.2322e-15	0.512235	1.76212	1.37815	1.61661	615	0	0.255043	0	20	20
0.00904054	0.00111694	1802.34	0.00133015	6.22481e-15	0.494617	1.71862	1.37853	1.61661	615	0	0.255248	0	20	20
0.0090397	0.00111906	1805.8	0.00121933	5.35774e-15	0.477605	1.67618	1.37892	1.61661	615	0	0.255448	0	20	20
0.00903884	0.00112116	1809.23	0.00111775	4.61145e-15	0.461178	1.6348	1.37931	1.61661	615	0	0.255644	0	20	20
0.00903798	0.00112325	1812.63	0.00102463	3.96911e-15	0.445316	1.59443	1.37971	1.61661	615	0	0.255836	0	20	20
0.0090371	0.00112532	1816.01	0.000939274	3.41625e-15	0.43	1.55507	1.38011	1.61661	615	0	0.256023	0	20	20
0.00903623	0.00112738	1819.36	0.000861024	2.94039e-15	0.41521	1.51667	1.38051	1.61661	615	0	0.256206	0	20	20
0.00903535	0.00112942	1822.67	0.000789293	2.53082e-15	0.400929	1.47923	1.38091	1.61661	615	0	0.256385	0	20	20
0.00903446	0.00113144	1825.96	0.000723538	2.1783e-15	0.387139	1.4427	1.38132	1.61661	615	0	0.25656	0	20	20
0.00903357	0.00113345	1829.22	0.000663261	1.87488e-15	0.373824	1.40708	1.38173	1.61661	615	0	0.256731	0	20	20
0.00903267	0.00113543	1832.44	0.000608005	1.61372e-15	0.360966	1.37234	1.38214	1.61661	615	0	0.256898	0	20	20
0.00903177	0.0011374	1835.64	0.000557353	1.38894e-15	0.348551	1.33846	1.38255	1.61661	615	0	0.257062	0	20	20
0.00903087	0.00113936	1838.81	0.00051092	1.19547e-15	0.336563	1.30541	1.38296	1.61661	615	0	0.257222	0	20	20
0.00902997	0.00114129	1841.94	0.000468356	1.02895e-15	0.324987	1.27318	1.38338	1.61661	615	0	0.257378	0	20	20
0.00902907	0.00114321	1845.05	0.000429338	8.85629e-16	0.313809	1.24175	1.38379	1.61661	615	0	0.257531	0	20	20
0.00902816	0.00114511	1848.12	0.00039357	7.62268e-16	0.303016	1.21109	1.38421	1.61661	615	0	0.257681	0	20	20
0.00902725	0.00114699	1851.16	0.000360782	6.5609e-16	0.292594	1.18119	1.38463	1.61661	615	0	0.257827	0	20	20
0.00902635	0.00114885	1854.17	0.000330726	5.64702e-16	0.28253	1.15202	1.38505	1.61661	615	0	0.25797	0	20	20
0.00902544	0.00115069	1857.15	0.000303173	4.86043e-16	0.272812	1.12358	1.38546	1.61661	615	0	0.25811	0	20	20
0.00902453	0.00115252	1860.09	0.000277916	4.18342e-16	0.263429	1.09584	1.38588	1.61661	615	0	0.258247	0	20	20
0.00902363	0.00115432	1863.01	0.000254763	3.6007e-16	0.254369	1.06878	1.3863	1.61661	615	0	0.258381	0	20	20
0.00902273	0.00115611	1865.89	0.000233539	3.09915e-16	0.24562	1.04239	1.38671	1.61661	615	0	0.258512	0	20	20
0.00902182	0.00115788	1868.74	0.000214083	2.66746e-16	0.237172	1.01666	1.38713	1.61661	615	0	0.25864	0	20	20
0.00902092	0.00115963	1871.56	0.000196248	2.29591e-16	0.229014	0.991555	1.38754	1.61661	615	0	0.258765	0	20	20
0.00902003	0.00116136	1874.35	0.000179899	1.97611e-16	0.221137	0.967073	1.38796	1.61661	615	0	0.258888	0	20	20
0.00901913	0.00116307	1877.1	0.000164912	1.70085e-16	0.213531	0.943196	1.38837	1.61661	615	0	0.259008	0	20	20
0.00901824	0.00116476	1879.82	0.000151173	1.46393e-16	0.206187	0.919908	1.38878	1.61661	615	0	0.259125	0	20	20
0.00901735	0.00116643	1882.51	0.000138579	1.26002e-16	0.199095	0.897196	1.38919	1.61661	615	0	0.25924	0	20	20
0.00901647	0.00116809	1885.17	0.000127034	1.08451e-16	0.192248	0.875044	1.3896	1.61661	615	0	0.259352	0	20	20
0.00901559	0.00116972	1887.79	0.000116451	9.33446e-17	0.185635	0.853439	1.39001	1.61661	615	0	0.259462	0	20	20
0.00901471	0.00117134	1890.39	0.00010675	8.03424e-17	0.179251	0.832367	1.39042	1.61661	615	0	0.25957	0	20	20
0.00901384	0.00117293	1892.95	9.78563e-05	6.91514e-17	0.173085	0.811816	1.39082	1.61661	615	0	0.259675	0	20	20
0.00901297	0.00117451	1895.48	8.9704e-05	5.95191e-17	0.167132	0.791772	1.39122	1.61661	615	0	0.259778	0	20	20
0.00901211	0.00117607	1897.98	8.22308e-05	5.12286e-17	0.161384	0.772224	1.39162	1.61661	615	0	0.259878	0	20	20
0.00901125	0.00117761	1900.44	7.53802e-05	4.40929e-17	0.155833	0.753157	1.39202	1.61661	615	0	0.259977	0	20	20
0.0090104	0.00117913	1902.88	6.91004e-05	3.79511e-17	0.150473	0.734562	1.39241	1.61661	615	0	0.260073	0	20	20
0.00900956	0.00118063	1905.28	6.33437e-05	3.26648e-17	0.145298	0.716425	1.3928	1.61661	615	0	0.260167	0	20	20
0.00900872	0.00118211	1907.65	5.80666e-05	2.81149e-17	0.1403	0.698737	1.39319	1.61661	615	0	0.26026	0	20	20
0.00900788	0.00118357	1909.99	5.32291e-05	2.41987e-17	0.135475	0.681485	1.39358	1.61661	615	0	0.26035	0	20	20
0.00900705	0.00118502	1912.3	4.87946e-05	2.0828e-17	0.130815	0.664659	1.39396	1.61661	615	0	0.260438	0	20	20
0.00900623	0.00118644	1914.58	4.47296e-05	1.79268e-17	0.126316	0.648248	1.39435	1.61661	615	0	0.260525	0	20	20
0.00900542	0.00118785	1916.83	4.10032e-05	1.54298e-17	0.121971	0.632243	1.39473	1.61661	615	0	0.26061	0	20	20
0.00900461	0.00118924	1919.05	3.75873e-05	1.32805e-17	0.117776	0.616633	1.3951	1.61661	615	0	0.260692	0	20	20
0.0090038	0.00119061	1921.24	3.44559e-05	1.14306e-17	0.113725	0.601408	1.39547	1.61661	615	0	0.260773	0	20	20
0.00900301	0.00119196	1923.39	3.15854e-05	9.83845e-18	0.109814	0.586559	1.39584	1.61661	615	0	0.260853	0	20	20
0.00900222	0.00119329	1925.52	2.89541e-05	8.46803e-18	0.106037	0.572077	1.39621	1.61661	615	0	0.26093	0	20	20
0.00900144	0.00119461	1927.62	2.65419e-05	7.2885e-18	0.10239	0.557953	1.39658	1.61661	615	0	0.261006	0	20	20
0.00900066	0.00119591	1929.68	2.43307e-05	6.27327e-18	0.0988679	0.544177	1.39694	1.61661	615	0	0.261081	0	20	20
0.0089999	0.00119718	1931.72	2.23038e-05	5.39946e-18	0.0954673	0.530741	1.39729	1.61661	615	0	0.261153	0	20	20
0.00899914	0.00119845	1933.73	2.04457e-05	4.64735e-18	0.0921838	0.517637	1.39765	1.61661	615	0	0.261225	0	20	20
0.00899838	0.00119969	1935.71	1.87423e-05	4.00001e-18	0.0890132	0.504856	1.398	1.61661	615	0	0.261294	0	20	20
0.00899764	0.00120091	1937.66	1.71809e-05	3.44284e-18	0.0859516	0.492391	1.39835	1.61661	615	0	0.261362	0	20	20
0.0089969	0.00120212	1939.58	1.57496e-05	2.96328e-18	0.0829953	0.480234	1.39869	1.61661	615	0	0.261429	0	20	20
0.00899617	0.00120331	1941.48	1.44375e-05	2.55052e-18	0.0801407	0.468377	1.39903	1.61661	615	0	0.261495	0	20	20
0.00899544	0.00120449	1943.34	1.32347e-05	2.19525e-18	0.0773843	0.456813	1.39937	1.61661	615	0	0.261558	0	20	20
0.00899473	0.00120564	1945.18	1.21322e-05	1.88947e-18	0.0747227	0.445534	1.3997	1.61661	615	0	0.261621	0	20	20
0.00899402	0.00120678	1946.99	1.11214e-05	1.62628e-18	0.0721527	0.434534	1.40003	1.61661	615	0	0.261682	0	20	20
0.00899332	0.00120791	1948.77	1.01949e-05	1.39976e-18	0.069671	0.423805	1.40036	1.61661	615	0	0.261742	0	20	20
0.00899263	0.00120901	1950.53	9.3456e-06	1.20478e-18	0.0672747	0.413341	1.40068	1.61661	615	0	0.261801	0	20	20
0.00899194	0.0012101	1952.26	8.56702e-06	1.03696e-18	0.0649608	0.403136	1.401	1.61661	615	0	0.261858	0	20	20
0.00899127	0.00121118	1953.96	7.85331e-06	8.92524e-19	0.0627265	0.393183	1.40132	1.61661	615	0	0.261915	0	20	20
0.0089906	0.00121223	1955.64	7.19906e-06	7.68203e-19	0.0605691	0.383475	1.40163	1.61661	615	0	0.26197	0	20	20
0.00898994	0.00121327	1957.29	6.59931e-06	6.61198e-19	0.0584858	0.374007	1.40194	1.61661	615	0	0.262024	0	20	20
0.00898928	0.0012143	1958.91	6.04953e-06	5.69098e-19	0.0564742	0.364773	1.40225	1.61661	615	0	0.262076	0	20	20
0.00898864	0.00121531	1960.51	5.54555e-06	4.89828e-19	0.0545318	0.355766	1.40255	1.61661	615	0	0.262128	0	20	20
0.008988	0.0012163	1962.09	5.08355e-06	4.21598e-19	0.0526562	0.346982	1.40285	1.61661	615	0	0.262179	0	20	20
0.00898737	0.00121728	1963.64	4.66005e-06	3.62873e-19	0.0508451	0.338415	1.40314	1.61661	615	0	0.262228	0	20	20
0.00898675	0.00121824	1965.16	4.27182e-06	3.12328e-19	0.0490963	0.33006	1.40344	1.61661	615	0	0.262276	0	20	20
0.00898613	0.00121919	1966.66	3.91594e-06	2.68823e-19	0.0474077	0.321911	1.40372	1.61661	615	0	0.262324	0	20	20
0.00898553	0.00122012	1968.14	3.58971e-06	2.31378e-19	0.0457771	0.313963	1.40401	1.61661	615	0	0.26237	0	20	20
0.00898493	0.00122104	1969.59	3.29065e-06	1.99149e-19	0.0442026	0.306211	1.40429	1.61661	615	0	0.262416	0	20	20
0.00898434	0.00122194	1971.02	3.01651e-06	1.71409e-19	0.0426823	0.298651	1.40457	1.61661	615	0	0.26246	0	20	20
0.00898375	0.00122283	1972.42	2.76521e-06	1.47533e-19	0.0412143	0.291277	1.40484	1.61661	615	0	0.262504	0	20	20
0.00898318	0.00122371	1973.8	2.53484e-06	1.26983e-19	0.0397967	0.284085	1.40511	1.61661	615	0	0.262546	0	20	20
0.00898261	0.00122457	1975.16	2.32366e-06	1.09295e-19	0.0384279	0.277071	1.40538	1.61661	615	0	0.262588	0	20	20
