0.00890634	
0.00503427	
0.00363427	
0.00296016	
0.00250495	
0.0021474	
0.00183837	
0.00156525	
0.00134541	
0.00120219	
0.00115423	
0.00118092	
0.00126767	
0.00139947	
0.00157075	
0.00177628	
0.00201978	
0.00231191	
0.00266508	
0.00309361	
0.00361461	
0.00425146	
0.00502931	
0.00596692	
0.00706953	
0.00831982	
0.00970506	
0.0112299	
0.01289	
0.0146808	
0.016584	
0.0185788	
0.0206305	
0.0226876	
0.0246753	
0.0265068	
0.0280697	
0.0292494	
0.0299579	
0.0301494	
0.0298482	
0.0291324	
0.028113	
0.0269078	
0.0259348	
0.0262747	
0.0259306	
0.0251125	
0.0240352	
0.0228683	
0.0217213	
0.020653	
0.0196876	
0.0188291	
0.0180713	
0.0174036	
0.0168146	
0.016293	
0.0158288	
0.0154133	
0.0150393	
0.0147004	
0.0143916	
0.0141086	
0.0138477	
0.013606	
0.0133809	
0.0131704	
0.0129727	
0.0127864	
0.0126102	
0.0124429	
0.0122838	
