0.00866132	0.000693393	1101	184.5	76.5	0	0	1.56764	1.61661	615	0	0.149314	0	20	20
0.00882831	0.000722533	1167.17	184.486	76.4694	48.0948	16.2077	1.48036	1.61661	615	0	-0.43941	0	20	20
0.00900626	0.000787986	1296.17	184.472	76.4339	141.038	47.8437	1.39433	1.61661	615	0	-1.4425	0	20	20
0.00906959	0.000857532	1420.2	184.457	76.3927	230.901	78.7383	1.36533	1.61661	615	0	-2.22384	0	20	20
0.00907178	0.000928289	1539.02	184.441	76.3448	317.786	108.908	1.36434	1.61661	615	0	-2.84385	0	20	20
0.00904128	0.00099887	1652.95	184.426	76.2893	401.794	138.371	1.37819	1.61661	615	0	-3.34609	0	20	20
0.00899262	0.00106873	1762.51	184.409	76.2249	483.026	167.144	1.40069	1.61661	615	0	-3.76177	0	20	20
0.00893346	0.00113769	1868.2	184.392	76.1502	561.586	195.249	1.4287	1.61661	615	0	-4.11264	0	20	20
0.00886813	0.00120567	1970.41	184.375	76.0636	637.581	222.706	1.46051	1.61661	615	0	-4.41395	0	20	20
0.00879915	0.00127267	2069.46	184.357	75.9633	711.119	249.538	1.49512	1.61661	615	0	-4.67657	0	20	20
0.00872811	0.00133868	2165.56	184.338	75.847	782.314	275.771	1.53193	1.61661	615	0	-4.90846	0	20	20
0.00865599	0.00140371	2258.9	184.318	75.7124	851.281	301.431	1.57055	1.61661	615	0	-5.11559	0	20	20
0.00858343	0.00146778	2349.64	184.298	75.5566	918.144	326.548	1.61071	1.61661	615	0	-5.30249	0	20	20
0.00851084	0.00153094	2437.95	184.278	75.3764	983.032	351.154	1.65228	1.61661	615	0	-5.47276	0	20	20
0.00843847	0.00159323	2523.98	184.256	75.1681	1046.08	375.286	1.69515	1.61661	615	0	-5.62924	0	20	20
0.00836648	0.00165473	2607.91	184.234	74.9275	1107.43	398.981	1.73929	1.61661	615	0	-5.77422	0	20	20
0.00829491	0.00171553	2689.91	184.211	74.6499	1167.23	422.282	1.7847	1.61661	615	0	-5.90958	0	20	20
0.00822377	0.00177573	2770.18	184.188	74.33	1225.65	445.234	1.83142	1.61661	615	0	-6.03688	0	20	20
0.00815301	0.00183545	2848.92	184.163	73.9617	1282.85	467.889	1.87952	1.61661	615	0	-6.15743	0	20	20
0.00808253	0.00189484	2926.35	184.138	73.5383	1339.01	490.298	1.92911	1.61661	615	0	-6.27236	0	20	20
0.00801223	0.00195405	3002.7	184.112	73.0526	1394.32	512.52	1.98034	1.61661	615	0	-6.38262	0	20	20
0.00794197	0.00201325	3078.22	184.085	72.4961	1448.98	534.616	2.03337	1.61661	615	0	-6.48908	0	20	20
0.00787158	0.00207263	3153.16	184.057	71.8602	1503.18	556.647	2.0884	1.61661	615	0	-6.59246	0	20	20
0.00780091	0.00213238	3227.77	184.028	71.1353	1557.12	578.681	2.14568	1.61661	615	0	-6.69342	0	20	20
0.00772977	0.0021927	3302.32	183.999	70.3111	1611.02	600.782	2.20547	1.61661	615	0	-6.79255	0	20	20
0.007658	0.00225379	3377.05	183.968	69.3773	1665.07	623.015	2.26806	1.61661	615	0	-6.89035	0	20	20
0.00758543	0.00231585	3452.2	183.936	68.323	1719.44	645.441	2.33377	1.61661	615	0	-6.98725	0	20	20
0.00751194	0.00237905	3527.96	183.903	67.1377	1774.31	668.111	2.40295	1.61661	615	0	-7.08361	0	20	20
0.0074374	0.00244354	3604.5	183.869	65.8111	1829.79	691.071	2.47592	1.61661	615	0	-7.17972	0	20	20
0.00736175	0.00250943	3681.92	183.834	64.3342	1885.98	714.349	2.55304	1.61661	615	0	-7.27578	0	20	20
0.00728499	0.00257675	3760.25	183.798	62.6995	1942.9	737.954	2.63459	1.61661	615	0	-7.3719	0	20	20
0.00720719	0.00264549	3839.43	183.76	60.9015	2000.51	761.873	2.72083	1.61661	615	0	-7.4681	0	20	20
0.00712849	0.00271552	3919.29	183.722	58.9379	2058.69	786.064	2.81195	1.61661	615	0	-7.56428	0	20	20
0.00704913	0.00278663	3999.54	183.682	56.8097	2117.21	810.453	2.90799	1.61661	615	0	-7.66025	0	20	20
0.00696945	0.00285848	4079.76	183.64	54.5225	2175.76	834.932	3.00887	1.61661	615	0	-7.7557	0	20	20
0.00688989	0.00293061	4159.4	183.598	52.086	2233.93	859.358	3.11432	1.61661	615	0	-7.85023	0	20	20
0.00681097	0.00300245	4237.77	183.553	49.5151	2291.19	883.553	3.22384	1.61661	615	0	-7.94335	0	20	20
0.00673329	0.0030733	4314.1	183.508	46.8297	2346.95	907.311	3.3367	1.61661	615	0	-8.03448	0	20	20
0.00665753	0.00314239	4387.51	183.461	44.0538	2400.56	930.402	3.45191	1.61661	615	0	-8.123	0	20	20
0.00658439	0.0032089	4457.1	183.412	41.2153	2451.32	952.582	3.56824	1.61661	615	0	-8.20827	0	20	20
0.00651455	0.00327197	4521.94	183.361	38.3448	2498.52	973.604	3.68424	1.61661	615	0	-8.28965	0	20	20
0.00644868	0.00333076	4581.16	183.309	35.4743	2541.51	993.23	3.79829	1.61661	615	0	-8.36653	0	20	20
0.00638738	0.0033845	4633.98	183.256	32.6358	2579.69	1011.24	3.90869	1.61661	615	0	-8.43836	0	20	20
0.00633117	0.00343252	4679.73	183.2	29.8599	2612.55	1027.46	4.01373	1.61661	615	0	-8.50469	0	20	20
0.00628044	0.00347426	4717.91	183.143	27.1745	2639.71	1041.72	4.11179	1.61661	615	0	-8.56513	0	20	20
0.00623545	0.00350935	4748.2	183.083	24.6037	2660.92	1053.94	4.20142	1.61661	615	0	-8.61944	0	20	20
0.00619636	0.00353754	4770.43	183.022	22.1672	2676.08	1064.05	4.28144	1.61661	615	0	-8.66745	0	20	20
0.00616314	0.00355879	4784.64	182.959	19.8799	2685.2	1072.04	4.35104	1.61661	615	0	-8.70925	0	20	20
0.00613559	0.00357322	4791.01	182.893	17.7517	2688.42	1077.95	4.40992	1.61661	615	0	-8.74514	0	20	20
0.0061136	0.00358101	4789.86	182.826	15.7881	2686.01	1081.83	4.45767	1.61661	615	0	-8.77506	0	20	20
0.00609536	0.00358305	4781.63	182.756	13.9901	2678.29	1083.8	4.49782	1.61661	615	0	-8.77984	0	20	20
0.00608027	0.00357988	4766.86	182.684	12.3554	2665.66	1083.96	4.53139	1.61661	615	0	-8.7574	0	20	20
0.00606806	0.0035719	4746.11	182.609	10.8785	2648.54	1082.46	4.5588	1.61661	615	0	-8.71008	0	20	20
0.00605845	0.00355959	4719.98	182.532	9.55195	2627.4	1079.43	4.58053	1.61661	615	0	-8.64042	0	20	20
0.00605112	0.00354339	4689.08	182.453	8.36659	2602.69	1075.01	4.59719	1.61661	615	0	-8.55111	0	20	20
0.00604583	0.00352377	4653.98	182.371	7.31231	2574.86	1069.37	4.60926	1.61661	615	0	-8.44469	0	20	20
0.00604235	0.00350112	4615.24	182.286	6.37848	2544.33	1062.62	4.61724	1.61661	615	0	-8.32359	0	20	20
0.00604043	0.00347587	4573.39	182.198	5.55436	2511.5	1054.9	4.62165	1.61661	615	0	-8.19019	0	20	20
0.00603988	0.00344836	4528.89	182.108	4.8294	2476.74	1046.34	4.62291	1.61661	615	0	-8.04657	0	20	20
0.00604046	0.00341895	4482.17	182.014	4.19349	2440.38	1037.05	4.62157	1.61661	615	0	-7.89478	0	20	20
0.00604206	0.00338792	4433.63	181.918	3.63707	2402.72	1027.12	4.6179	1.61661	615	0	-7.73646	0	20	20
0.00604449	0.00335556	4383.62	181.818	3.15127	2364.02	1016.64	4.61233	1.61661	615	0	-7.5732	0	20	20
0.00604763	0.00332208	4332.42	181.715	2.72794	2324.51	1005.7	4.60515	1.61661	615	0	-7.40631	0	20	20
0.00605138	0.0032877	4280.3	181.609	2.35965	2284.4	994.36	4.59661	1.61661	615	0	-7.23691	0	20	20
0.00605559	0.0032526	4227.49	181.499	2.03971	2243.86	982.69	4.58702	1.61661	615	0	-7.06607	0	20	20
0.00606023	0.00321693	4174.18	181.386	1.76213	2203.03	970.739	4.57649	1.61661	615	0	-6.89453	0	20	20
0.0060652	0.00318082	4120.55	181.269	1.52155	2162.05	958.554	4.56526	1.61661	615	0	-6.72305	0	20	20
0.00607041	0.0031444	4066.72	181.148	1.31324	2121.02	946.176	4.55351	1.61661	615	0	-6.55223	0	20	20
0.00607586	0.00310775	4012.83	181.023	1.13301	2080.02	933.639	4.54127	1.61661	615	0	-6.38248	0	20	20
0.00608147	0.00307095	3958.97	180.894	0.977206	2039.15	920.973	4.52871	1.61661	615	0	-6.21425	0	20	20
0.00608724	0.00303407	3905.22	180.761	0.842585	1998.45	908.204	4.51585	1.61661	615	0	-6.04781	0	20	20
0.00609313	0.00299717	3851.66	180.624	0.726331	1957.98	895.354	4.50277	1.61661	615	0	-5.88342	0	20	20
0.00609909	0.00296029	3798.34	180.482	0.625985	1917.78	882.442	4.48957	1.61661	615	0	-5.72133	0	20	20
0.00610514	0.00292348	3745.31	180.336	0.539403	1877.89	869.484	4.47623	1.61661	615	0	-5.56165	0	20	20
0.00611126	0.00288676	3692.62	180.185	0.464724	1838.33	856.495	4.4628	1.61661	615	0	-5.40452	0	20	20
0.00611742	0.00285017	3640.29	180.029	0.400329	1799.13	843.487	4.44934	1.61661	615	0	-5.25005	0	20	20
0.00612364	0.00281372	3588.36	179.869	0.344818	1760.31	830.47	4.4358	1.61661	615	0	-5.09827	0	20	20
0.00612989	0.00277744	3536.84	179.703	0.296973	1721.88	817.455	4.42224	1.61661	615	0	-4.94927	0	20	20
0.00613618	0.00274134	3485.76	179.531	0.255745	1683.85	804.449	4.40866	1.61661	615	0	-4.80306	0	20	20
0.00614252	0.00270543	3435.12	179.355	0.220224	1646.22	791.461	4.39502	1.61661	615	0	-4.65965	0	20	20
0.00614889	0.00266973	3384.95	179.172	0.189625	1609.02	778.496	4.38138	1.61661	615	0	-4.51907	0	20	20
0.0061553	0.00263424	3335.25	178.984	0.163268	1572.24	765.56	4.36769	1.61661	615	0	-4.38131	0	20	20
0.00616178	0.00259897	3286.03	178.79	0.140567	1535.88	752.66	4.35393	1.61661	615	0	-4.24635	0	20	20
0.0061683	0.00256393	3237.3	178.59	0.121018	1499.95	739.801	4.34014	1.61661	615	0	-4.1142	0	20	20
0.00617488	0.00252912	3189.07	178.384	0.104184	1464.46	726.987	4.32629	1.61661	615	0	-3.98484	0	20	20
0.00618153	0.00249455	3141.34	178.171	0.0896893	1429.4	714.223	4.31233	1.61661	615	0	-3.85823	0	20	20
0.00618826	0.00246022	3094.12	177.951	0.0772089	1394.77	701.513	4.29828	1.61661	615	0	-3.73438	0	20	20
0.00619506	0.00242615	3047.42	177.724	0.0664636	1360.59	688.862	4.28415	1.61661	615	0	-3.61326	0	20	20
0.00620196	0.00239233	3001.24	177.491	0.0572127	1326.84	676.274	4.26986	1.61661	615	0	-3.49482	0	20	20
0.00620896	0.00235877	2955.58	177.25	0.0492485	1293.53	663.752	4.25543	1.61661	615	0	-3.37906	0	20	20
0.00621605	0.00232547	2910.46	177.002	0.0423924	1260.66	651.301	4.24088	1.61661	615	0	-3.26598	0	20	20
0.00622327	0.00229245	2865.87	176.745	0.0364903	1228.24	638.925	4.22615	1.61661	615	0	-3.15552	0	20	20
0.00623062	0.0022597	2821.83	176.482	0.0314096	1196.26	626.627	4.21121	1.61661	615	0	-3.04765	0	20	20
0.00623809	0.00222723	2778.33	176.21	0.027036	1164.73	614.412	4.19609	1.61661	615	0	-2.94238	0	20	20
0.0062457	0.00219505	2735.4	175.929	0.0232712	1133.65	602.283	4.18077	1.61661	615	0	-2.83968	0	20	20
0.00625347	0.00216317	2693.02	175.64	0.0200306	1103.02	590.245	4.16521	1.61661	615	0	-2.73951	0	20	20
0.00626141	0.00213158	2651.22	175.343	0.0172411	1072.84	578.301	4.14939	1.61661	615	0	-2.64185	0	20	20
0.00626951	0.00210031	2609.99	175.036	0.01484	1043.13	566.456	4.13332	1.61661	615	0	-2.54669	0	20	20
0.00627777	0.00206935	2569.35	174.72	0.0127733	1013.87	554.713	4.11702	1.61661	615	0	-2.45402	0	20	20
0.00628623	0.00203873	2529.3	174.394	0.0109943	985.079	543.076	4.10044	1.61661	615	0	-2.36379	0	20	20
0.00629488	0.00200843	2489.85	174.059	0.00946308	956.756	531.551	4.08356	1.61661	615	0	-2.27599	0	20	20
0.00630372	0.00197848	2451.01	173.714	0.00814509	928.907	520.14	4.06638	1.61661	615	0	-2.1906	0	20	20
0.00631278	0.00194888	2412.79	173.359	0.00701065	901.535	508.849	4.04891	1.61661	615	0	-2.10759	0	20	20
0.00632203	0.00191965	2375.2	172.993	0.0060342	874.646	497.68	4.03116	1.61661	615	0	-2.02697	0	20	20
0.00633149	0.0018908	2338.24	172.616	0.00519374	848.245	486.64	4.01312	1.61661	615	0	-1.94868	0	20	20
0.00634117	0.00186233	2301.94	172.228	0.00447034	822.337	475.731	3.99477	1.61661	615	0	-1.87272	0	20	20
0.00635107	0.00183427	2266.29	171.829	0.00384768	796.928	464.959	3.97612	1.61661	615	0	-1.79907	0	20	20
0.00636118	0.00180661	2231.31	171.418	0.00331176	772.023	454.328	3.95719	1.61661	615	0	-1.72769	0	20	20
0.00637151	0.00177938	2197.01	170.996	0.00285047	747.629	443.842	3.93797	1.61661	615	0	-1.65857	0	20	20
0.00638205	0.00175258	2163.4	170.561	0.00245344	723.752	433.506	3.9185	1.61661	615	0	-1.5917	0	20	20
0.00639279	0.00172624	2130.49	170.114	0.0021117	700.4	423.325	3.89877	1.61661	615	0	-1.52704	0	20	20
0.00640373	0.00170037	2098.29	169.654	0.00181757	677.577	413.303	3.87883	1.61661	615	0	-1.46457	0	20	20
0.00641485	0.00167498	2066.82	169.182	0.0015644	655.293	403.444	3.85869	1.61661	615	0	-1.40428	0	20	20
0.00642614	0.00165009	2036.08	168.696	0.00134649	633.554	393.754	3.83839	1.61661	615	0	-1.34614	0	20	20
0.00643758	0.00162572	2006.09	168.196	0.00115894	612.367	384.237	3.81797	1.61661	615	0	-1.29014	0	20	20
0.00644914	0.00160187	1976.86	167.683	0.000997512	591.74	374.898	3.79747	1.61661	615	0	-1.23623	0	20	20
0.0064608	0.00157858	1948.4	167.156	0.000858568	571.682	365.741	3.77694	1.61661	615	0	-1.18442	0	20	20
0.00647254	0.00155585	1920.72	166.614	0.000738977	552.199	356.772	3.75644	1.61661	615	0	-1.13466	0	20	20
0.0064843	0.00153372	1893.83	166.058	0.000636045	533.3	347.995	3.73603	1.61661	615	0	-1.08694	0	20	20
0.00649605	0.00151219	1867.76	165.486	0.000547449	514.994	339.415	3.71579	1.61661	615	0	-1.04124	0	20	20
0.00650774	0.00149128	1842.5	164.9	0.000471194	497.288	331.037	3.6958	1.61661	615	0	-0.997544	0	20	20
0.00651933	0.00147102	1818.06	164.298	0.000405561	480.184	322.864	3.67613	1.61661	615	0	-0.955798	0	20	20
0.00653082	0.00145138	1794.43	163.68	0.00034907	463.668	314.893	3.65677	1.61661	615	0	-0.915926	0	20	20
0.0065422	0.00143235	1771.57	163.046	0.000300448	447.721	307.118	3.63772	1.61661	615	0	-0.877832	0	20	20
0.00655349	0.00141391	1749.46	162.396	0.000258598	432.321	299.535	3.61894	1.61661	615	0	-0.841424	0	20	20
0.0065647	0.00139604	1728.09	161.729	0.000222577	417.452	292.14	3.60044	1.61661	615	0	-0.806615	0	20	20
0.00657583	0.00137871	1707.41	161.045	0.000191574	403.094	284.927	3.58218	1.61661	615	0	-0.773325	0	20	20
0.00658689	0.00136192	1687.41	160.344	0.000164889	389.23	277.892	3.56417	1.61661	615	0	-0.741477	0	20	20
0.00659789	0.00134565	1668.07	159.626	0.000141922	375.842	271.031	3.54637	1.61661	615	0	-0.710997	0	20	20
0.00660883	0.00132988	1649.37	158.89	0.000122153	362.915	264.339	3.52879	1.61661	615	0	-0.681816	0	20	20
0.00661972	0.00131458	1631.27	158.137	0.000105138	350.433	257.812	3.51141	1.61661	615	0	-0.65387	0	20	20
0.00663056	0.00129976	1613.78	157.365	9.04933e-05	338.38	251.447	3.49421	1.61661	615	0	-0.627097	0	20	20
0.00664136	0.00128539	1596.85	156.576	7.78883e-05	326.741	245.239	3.47719	1.61661	615	0	-0.601437	0	20	20
0.00665212	0.00127146	1580.49	155.767	6.70391e-05	315.503	239.184	3.46035	1.61661	615	0	-0.576839	0	20	20
0.00666284	0.00125795	1564.65	154.94	5.77011e-05	304.652	233.278	3.44368	1.61661	615	0	-0.553251	0	20	20
0.00667352	0.00124485	1549.34	154.095	4.96638e-05	294.173	227.518	3.42716	1.61661	615	0	-0.530619	0	20	20
0.00668418	0.00123215	1534.53	153.23	4.2746e-05	284.055	221.901	3.41079	1.61661	615	0	-0.508898	0	20	20
0.00669483	0.00121983	1520.2	152.346	3.67919e-05	274.285	216.422	3.39455	1.61661	615	0	-0.488042	0	20	20
0.00670545	0.00120789	1506.35	151.443	3.1667e-05	264.851	211.079	3.37844	1.61661	615	0	-0.468011	0	20	20
0.00671605	0.0011963	1492.94	150.521	2.72561e-05	255.742	205.867	3.36246	1.61661	615	0	-0.448763	0	20	20
0.00672665	0.00118506	1479.98	149.579	2.34595e-05	246.946	200.784	3.3466	1.61661	615	0	-0.430262	0	20	20
0.00673722	0.00117416	1467.43	148.617	2.01918e-05	238.452	195.827	3.33087	1.61661	615	0	-0.412475	0	20	20
0.00674778	0.00116358	1455.3	147.636	1.73792e-05	230.251	190.992	3.31525	1.61661	615	0	-0.395366	0	20	20
0.00675834	0.00115332	1443.56	146.635	1.49585e-05	222.331	186.276	3.29974	1.61661	615	0	-0.378902	0	20	20
0.00676889	0.00114336	1432.2	145.614	1.28749e-05	214.684	181.677	3.28434	1.61661	615	0	-0.363052	0	20	20
0.00677944	0.0011337	1421.21	144.574	1.10815e-05	207.3	177.192	3.26903	1.61661	615	0	-0.347788	0	20	20
0.00678999	0.00112432	1410.58	143.514	9.53793e-06	200.17	172.817	3.25382	1.61661	615	0	-0.333082	0	20	20
0.00680052	0.00111522	1400.3	142.434	8.20938e-06	193.286	168.55	3.23872	1.61661	615	0	-0.31891	0	20	20
0.00681106	0.00110638	1390.35	141.335	7.06588e-06	186.638	164.388	3.22372	1.61661	615	0	-0.305249	0	20	20
0.00682159	0.0010978	1380.72	140.216	6.08166e-06	180.218	160.33	3.20881	1.61661	615	0	-0.292073	0	20	20
0.00683212	0.00108948	1371.4	139.078	5.23453e-06	174.02	156.371	3.19399	1.61661	615	0	-0.279359	0	20	20
0.00684266	0.00108139	1362.38	137.92	4.5054e-06	168.034	152.51	3.17925	1.61661	615	0	-0.267086	0	20	20
0.0068532	0.00107353	1353.65	136.743	3.87783e-06	162.255	148.745	3.16461	1.61661	615	0	-0.255237	0	20	20
0.00686373	0.00106591	1345.21	135.548	3.33768e-06	156.674	145.072	3.15007	1.61661	615	0	-0.243794	0	20	20
0.00687426	0.0010585	1337.03	134.333	2.87277e-06	151.286	141.49	3.13562	1.61661	615	0	-0.232737	0	20	20
0.00688479	0.0010513	1329.12	133.101	2.47262e-06	146.082	137.997	3.12125	1.61661	615	0	-0.222048	0	20	20
0.00689532	0.00104431	1321.46	131.85	2.1282e-06	141.058	134.59	3.10696	1.61661	615	0	-0.211712	0	20	20
0.00690586	0.00103752	1314.05	130.581	1.83176e-06	136.206	131.267	3.09277	1.61661	615	0	-0.201714	0	20	20
0.00691638	0.00103091	1306.87	129.295	1.57661e-06	131.521	128.026	3.07867	1.61661	615	0	-0.192043	0	20	20
0.0069269	0.0010245	1299.92	127.991	1.357e-06	126.998	124.865	3.06466	1.61661	615	0	-0.182681	0	20	20
0.00693743	0.00101826	1293.2	126.671	1.16798e-06	122.63	121.782	3.05074	1.61661	615	0	-0.173615	0	20	20
0.00694795	0.0010122	1286.69	125.334	1.00529e-06	118.412	118.775	3.0369	1.61661	615	0	-0.164834	0	20	20
0.00695846	0.0010063	1280.38	123.981	8.65262e-07	114.339	115.843	3.02315	1.61661	615	0	-0.156327	0	20	20
0.00696897	0.00100057	1274.28	122.613	7.44738e-07	110.407	112.982	3.0095	1.61661	615	0	-0.148084	0	20	20
0.00697947	0.000994996	1268.37	121.23	6.41002e-07	106.609	110.193	2.99594	1.61661	615	0	-0.140092	0	20	20
0.00698996	0.000989575	1262.64	119.833	5.51715e-07	102.942	107.472	2.98247	1.61661	615	0	-0.132341	0	20	20
0.00700045	0.000984303	1257.1	118.422	4.74866e-07	99.4017	104.819	2.96908	1.61661	615	0	-0.124822	0	20	20
0.00701092	0.000979175	1251.74	116.997	4.08721e-07	95.9828	102.231	2.9558	1.61661	615	0	-0.117529	0	20	20
0.00702138	0.000974185	1246.54	115.56	3.51789e-07	92.6815	99.7066	2.94261	1.61661	615	0	-0.110451	0	20	20
0.00703183	0.000969331	1241.51	114.111	3.02788e-07	89.4938	97.2448	2.92951	1.61661	615	0	-0.103579	0	20	20
0.00704227	0.000964607	1236.63	112.65	2.60612e-07	86.4157	94.8438	2.9165	1.61661	615	0	-0.096905	0	20	20
0.00705269	0.000960012	1231.92	111.179	2.24311e-07	83.4435	92.5021	2.9036	1.61661	615	0	-0.0904255	0	20	20
0.00706309	0.000955539	1227.35	109.698	1.93066e-07	80.5735	90.2182	2.89079	1.61661	615	0	-0.0841306	0	20	20
0.00707347	0.000951186	1222.92	108.208	1.66173e-07	77.8022	87.9907	2.87807	1.61661	615	0	-0.0780136	0	20	20
0.00708384	0.000946949	1218.64	106.709	1.43027e-07	75.1262	85.8182	2.86546	1.61661	615	0	-0.0720684	0	20	20
0.00709418	0.000942825	1214.49	105.202	1.23104e-07	72.5423	83.6994	2.85295	1.61661	615	0	-0.0662908	0	20	20
0.0071045	0.000938811	1210.48	103.689	1.05957e-07	70.0472	81.6328	2.84053	1.61661	615	0	-0.0606738	0	20	20
0.00711479	0.000934903	1206.59	102.169	9.11979e-08	67.638	79.6173	2.82822	1.61661	615	0	-0.0552115	0	20	20
0.00712506	0.000931098	1202.83	100.644	7.84948e-08	65.3116	77.6516	2.81601	1.61661	615	0	-0.0498988	0	20	20
0.0071353	0.000927395	1199.19	99.115	6.75611e-08	63.0652	75.7343	2.8039	1.61661	615	0	-0.0447323	0	20	20
0.00714551	0.00092379	1195.66	97.5819	5.81504e-08	60.8961	73.8644	2.79191	1.61661	615	0	-0.0397065	0	20	20
0.00715569	0.00092028	1192.25	96.046	5.00505e-08	58.8016	72.0407	2.78001	1.61661	615	0	-0.0348164	0	20	20
0.00716583	0.000916862	1188.95	94.5081	4.30789e-08	56.7792	70.262	2.76822	1.61661	615	0	-0.0300577	0	20	20
0.00717594	0.000913536	1185.76	92.969	3.70783e-08	54.8263	68.5273	2.75654	1.61661	615	0	-0.0254277	0	20	20
0.007186	0.000910297	1182.67	91.4297	3.19136e-08	52.9405	66.8353	2.74497	1.61661	615	0	-0.0209218	0	20	20
0.00719603	0.000907145	1179.68	89.8909	2.74683e-08	51.1197	65.1851	2.73351	1.61661	615	0	-0.0165359	0	20	20
0.00720602	0.000904076	1176.8	88.3535	2.36422e-08	49.3614	63.5757	2.72216	1.61661	615	0	-0.0122665	0	20	20
0.00721596	0.000901089	1174.01	86.8184	2.0349e-08	47.6637	62.006	2.71093	1.61661	615	0	-0.0081121	0	20	20
0.00722585	0.000898183	1171.31	85.2865	1.75146e-08	46.0243	60.4751	2.69981	1.61661	615	0	-0.00406823	0	20	20
0.00723569	0.000895354	1168.71	83.7585	1.50749e-08	44.4413	58.982	2.68881	1.61661	615	0	-0.000131259	0	20	20
0.00724548	0.000892602	1166.19	82.2352	1.29751e-08	42.9128	57.5257	2.67793	1.61661	615	0	0.00370168	0	20	20
0.00725521	0.000889924	1163.76	80.7176	1.11678e-08	41.4368	56.1054	2.66716	1.61661	615	0	0.00743266	0	20	20
0.00726489	0.000887319	1161.42	79.2063	9.61219e-09	40.0116	54.7201	2.65652	1.61661	615	0	0.0110644	0	20	20
0.00727451	0.000884785	1159.16	77.7023	8.27329e-09	38.6354	53.3691	2.64599	1.61661	615	0	0.0145999	0	20	20
0.00728407	0.000882321	1156.98	76.2062	7.12089e-09	37.3066	52.0514	2.63559	1.61661	615	0	0.0180418	0	20	20
0.00729356	0.000879925	1154.87	74.7189	6.129e-09	36.0234	50.7662	2.62532	1.61661	615	0	0.0213917	0	20	20
0.00730298	0.000877596	1152.85	73.241	5.27528e-09	34.7844	49.5128	2.61517	1.61661	615	0	0.0246516	0	20	20
0.00731233	0.000875333	1150.9	71.7733	4.54048e-09	33.588	48.2903	2.60515	1.61661	615	0	0.0278244	0	20	20
0.00732161	0.000873134	1149.02	70.3165	3.90803e-09	32.4328	47.098	2.59526	1.61661	615	0	0.030912	0	20	20
0.00733081	0.000870998	1147.21	68.8713	3.36367e-09	31.3173	45.9352	2.5855	1.61661	615	0	0.0339161	0	20	20
0.00733993	0.000868924	1145.48	67.4383	2.89514e-09	30.2401	44.801	2.57587	1.61661	615	0	0.036838	0	20	20
0.00734897	0.000866911	1143.81	66.0181	2.49187e-09	29.2	43.6949	2.56638	1.61661	615	0	0.0396802	0	20	20
0.00735792	0.000864957	1142.21	64.6114	2.14477e-09	28.1957	42.6161	2.55702	1.61661	615	0	0.0424443	0	20	20
0.00736679	0.000863062	1140.67	63.2188	1.84602e-09	27.2259	41.5639	2.5478	1.61661	615	0	0.045132	0	20	20
0.00737556	0.000861224	1139.2	61.8407	1.58888e-09	26.2895	40.5377	2.53872	1.61661	615	0	0.047744	0	20	20
0.00738424	0.000859443	1137.78	60.4777	1.36757e-09	25.3853	39.5368	2.52978	1.61661	615	0	0.0502826	0	20	20
0.00739282	0.000857717	1136.43	59.1304	1.17707e-09	24.5122	38.5606	2.52099	1.61661	615	0	0.0527493	0	20	20
0.0074013	0.000856045	1135.14	57.7991	1.01312e-09	23.6691	37.6086	2.51233	1.61661	615	0	0.0551454	0	20	20
0.00740968	0.000854427	1133.9	56.4844	8.71998e-10	22.855	36.68	2.50382	1.61661	615	0	0.0574715	0	20	20
0.00741795	0.000852861	1132.72	55.1865	7.50536e-10	22.0689	35.7744	2.49545	1.61661	615	0	0.0597294	0	20	20
0.00742611	0.000851347	1131.6	53.906	6.45992e-10	21.3098	34.8911	2.48723	1.61661	615	0	0.0619206	0	20	20
0.00743417	0.000849883	1130.53	52.6431	5.56011e-10	20.5769	34.0296	2.47915	1.61661	615	0	0.0640465	0	20	20
0.00744211	0.000848468	1129.51	51.3982	4.78563e-10	19.8692	33.1894	2.47122	1.61661	615	0	0.066108	0	20	20
0.00744994	0.000847103	1128.54	50.1716	4.11903e-10	19.1858	32.37	2.46344	1.61661	615	0	0.0681063	0	20	20
0.00745766	0.000845785	1127.63	48.9635	3.54528e-10	18.5259	31.5708	2.4558	1.61661	615	0	0.0700428	0	20	20
0.00746526	0.000844513	1126.76	47.7742	3.05145e-10	17.8887	30.7913	2.44831	1.61661	615	0	0.0719187	0	20	20
0.00747274	0.000843288	1125.93	46.6038	2.62641e-10	17.2734	30.031	2.44096	1.61661	615	0	0.0737351	0	20	20
0.0074801	0.000842107	1125.16	45.4527	2.26057e-10	16.6793	29.2896	2.43376	1.61661	615	0	0.0754929	0	20	20
0.00748735	0.000840971	1124.43	44.3208	1.94569e-10	16.1056	28.5664	2.4267	1.61661	615	0	0.0771936	0	20	20
0.00749448	0.000839877	1123.74	43.2084	1.67467e-10	15.5517	27.8611	2.41978	1.61661	615	0	0.0788384	0	20	20
0.00749795	0.000839182	1123.1	42.1156	1.4414e-10	15.0168	27.1732	2.41642	1.61661	615	0	0.0810927	0	20	20
0.00750047	0.000838613	1122.5	41.0424	1.24063e-10	14.5003	26.5023	2.41399	1.61661	615	0	0.0834417	0	20	20
0.00750326	0.000838045	1121.94	39.9889	1.06782e-10	14.0016	25.848	2.41129	1.61661	615	0	0.0856579	0	20	20
0.00750632	0.000837479	1121.42	38.9551	9.1908e-11	13.52	25.2098	2.40835	1.61661	615	0	0.0877495	0	20	20
0.00750963	0.000836914	1120.95	37.941	7.91059e-11	13.055	24.5873	2.40517	1.61661	615	0	0.089724	0	20	20
0.00751317	0.000836352	1120.51	36.9467	6.80871e-11	12.606	23.9803	2.40176	1.61661	615	0	0.0915885	0	20	20
0.00751693	0.000835794	1120.12	35.972	5.86031e-11	12.1724	23.3882	2.39816	1.61661	615	0	0.0933496	0	20	20
0.00752089	0.000835239	1119.75	35.017	5.04402e-11	11.7537	22.8107	2.39437	1.61661	615	0	0.0950132	0	20	20
0.00752504	0.00083469	1119.43	34.0815	4.34142e-11	11.3494	22.2475	2.39042	1.61661	615	0	0.096585	0	20	20
0.00752935	0.000834147	1119.13	33.1655	3.7367e-11	10.9591	21.6982	2.38632	1.61661	615	0	0.0980703	0	20	20
0.00753381	0.000833611	1118.87	32.2688	3.21621e-11	10.5822	21.1625	2.38208	1.61661	615	0	0.0994739	0	20	20
0.00753839	0.000833084	1118.65	31.3914	2.76821e-11	10.2182	20.64	2.37774	1.61661	615	0	0.1008	0	20	20
0.00754309	0.000832565	1118.45	30.533	2.38262e-11	9.86674	20.1304	2.3733	1.61661	615	0	0.102054	0	20	20
0.00754788	0.000832057	1118.28	29.6936	2.05074e-11	9.52738	19.6334	2.36878	1.61661	615	0	0.103238	0	20	20
0.00755275	0.00083156	1118.14	28.8729	1.76509e-11	9.19968	19.1486	2.36421	1.61661	615	0	0.104357	0	20	20
0.00755768	0.000831075	1118.03	28.0709	1.51923e-11	8.88327	18.6759	2.35958	1.61661	615	0	0.105414	0	20	20
0.00756266	0.000830602	1117.94	27.2872	1.30761e-11	8.57773	18.2147	2.35492	1.61661	615	0	0.106412	0	20	20
0.00756768	0.000830143	1117.88	26.5216	1.12547e-11	8.2827	17.765	2.35024	1.61661	615	0	0.107354	0	20	20
0.00757271	0.000829697	1117.85	25.7741	9.68703e-12	7.99782	17.3264	2.34555	1.61661	615	0	0.108243	0	20	20
0.00757776	0.000829266	1117.83	25.0443	8.3377e-12	7.72274	16.8986	2.34087	1.61661	615	0	0.109082	0	20	20
0.00758281	0.00082885	1117.85	24.332	7.17633e-12	7.45712	16.4814	2.3362	1.61661	615	0	0.109872	0	20	20
0.00758784	0.00082845	1117.88	23.6369	6.17672e-12	7.20064	16.0745	2.33155	1.61661	615	0	0.110616	0	20	20
0.00759286	0.000828065	1117.93	22.9589	5.31635e-12	6.95297	15.6776	2.32694	1.61661	615	0	0.111317	0	20	20
0.00759785	0.000827695	1118.01	22.2976	4.57583e-12	6.71383	15.2905	2.32236	1.61661	615	0	0.111977	0	20	20
0.0076028	0.000827342	1118.1	21.6529	3.93845e-12	6.48291	14.913	2.31782	1.61661	615	0	0.112596	0	20	20
0.00760771	0.000827004	1118.21	21.0243	3.38986e-12	6.25993	14.5448	2.31333	1.61661	615	0	0.113178	0	20	20
0.00761258	0.000826682	1118.34	20.4117	2.91768e-12	6.04462	14.1857	2.3089	1.61661	615	0	0.113724	0	20	20
0.00761739	0.000826376	1118.49	19.8149	2.51127e-12	5.83672	13.8354	2.30452	1.61661	615	0	0.114236	0	20	20
0.00762216	0.000826085	1118.65	19.2334	2.16147e-12	5.63597	13.4938	2.30021	1.61661	615	0	0.114715	0	20	20
0.00762686	0.00082581	1118.83	18.6671	1.86039e-12	5.44212	13.1607	2.29595	1.61661	615	0	0.115163	0	20	20
0.0076315	0.00082555	1119.03	18.1156	1.60125e-12	5.25494	12.8357	2.29176	1.61661	615	0	0.115581	0	20	20
0.00763609	0.000825305	1119.24	17.5787	1.37821e-12	5.0742	12.5188	2.28764	1.61661	615	0	0.115971	0	20	20
0.0076406	0.000825075	1119.46	17.056	1.18624e-12	4.89968	12.2097	2.28359	1.61661	615	0	0.116333	0	20	20
0.00764505	0.000824859	1119.69	16.5474	1.02101e-12	4.73115	11.9083	2.2796	1.61661	615	0	0.116671	0	20	20
0.00764944	0.000824657	1119.94	16.0525	8.78787e-13	4.56843	11.6142	2.27568	1.61661	615	0	0.116983	0	20	20
0.00765376	0.000824468	1120.2	15.571	7.56379e-13	4.4113	11.3275	2.27183	1.61661	615	0	0.117273	0	20	20
0.00765801	0.000824292	1120.47	15.1027	6.51022e-13	4.25957	11.0478	2.26805	1.61661	615	0	0.11754	0	20	20
0.0076622	0.00082413	1120.75	14.6473	5.60339e-13	4.11307	10.775	2.26433	1.61661	615	0	0.117786	0	20	20
0.00766632	0.000823979	1121.04	14.2044	4.82289e-13	3.9716	10.509	2.26069	1.61661	615	0	0.118013	0	20	20
0.00767037	0.00082384	1121.34	13.7738	4.1511e-13	3.835	10.2495	2.2571	1.61661	615	0	0.11822	0	20	20
0.00767436	0.000823713	1121.65	13.3553	3.57288e-13	3.7031	9.99647	2.25359	1.61661	615	0	0.118409	0	20	20
0.00767828	0.000823597	1121.97	12.9485	3.07521e-13	3.57573	9.74965	2.25013	1.61661	615	0	0.11858	0	20	20
0.00768214	0.000823492	1122.3	12.5532	2.64686e-13	3.45274	9.50893	2.24674	1.61661	615	0	0.118736	0	20	20
0.00768594	0.000823396	1122.63	12.1691	2.27817e-13	3.33399	9.27416	2.24341	1.61661	615	0	0.118875	0	20	20
0.00768968	0.00082331	1122.97	11.796	1.96084e-13	3.21932	9.04518	2.24014	1.61661	615	0	0.119	0	20	20
0.00769336	0.000823234	1123.32	11.4335	1.68771e-13	3.10859	8.82185	2.23693	1.61661	615	0	0.119111	0	20	20
0.00769698	0.000823166	1123.67	11.0815	1.45263e-13	3.00167	8.60404	2.23378	1.61661	615	0	0.119208	0	20	20
0.00770054	0.000823107	1124.03	10.7397	1.25029e-13	2.89843	8.3916	2.23068	1.61661	615	0	0.119293	0	20	20
0.00770405	0.000823056	1124.39	10.4077	1.07613e-13	2.79874	8.18441	2.22763	1.61661	615	0	0.119366	0	20	20
0.0077075	0.000823013	1124.76	10.0854	9.26235e-14	2.70248	7.98234	2.22464	1.61661	615	0	0.119427	0	20	20
0.0077109	0.000822977	1125.13	9.77258	7.97218e-14	2.60953	7.78525	2.2217	1.61661	615	0	0.119477	0	20	20
0.00771425	0.000822948	1125.51	9.46891	6.86172e-14	2.51977	7.59304	2.21881	1.61661	615	0	0.119517	0	20	20
0.00771755	0.000822926	1125.89	9.17417	5.90593e-14	2.43311	7.40556	2.21596	1.61661	615	0	0.119547	0	20	20
0.0077208	0.000822909	1126.28	8.88814	5.08329e-14	2.34942	7.22272	2.21316	1.61661	615	0	0.119568	0	20	20
0.007724	0.000822899	1126.66	8.6106	4.37522e-14	2.26861	7.04439	2.21041	1.61661	615	0	0.11958	0	20	20
0.00772716	0.000822894	1127.05	8.34131	3.76579e-14	2.19059	6.87046	2.20771	1.61661	615	0	0.119584	0	20	20
0.00773027	0.000822894	1127.45	8.08005	3.24125e-14	2.11524	6.70083	2.20504	1.61661	615	0	0.11958	0	20	20
0.00773334	0.000822899	1127.84	7.82662	2.78977e-14	2.04249	6.53539	2.20242	1.61661	615	0	0.119568	0	20	20
0.00773636	0.000822908	1128.24	7.58079	2.40117e-14	1.97224	6.37403	2.19983	1.61661	615	0	0.119549	0	20	20
0.00773935	0.000822922	1128.64	7.34237	2.06671e-14	1.9044	6.21665	2.19729	1.61661	615	0	0.119523	0	20	20
0.0077423	0.00082294	1129.03	7.11114	1.77883e-14	1.8389	6.06316	2.19478	1.61661	615	0	0.119491	0	20	20
0.0077452	0.000822962	1129.44	6.88691	1.53106e-14	1.77565	5.91346	2.19231	1.61661	615	0	0.119453	0	20	20
0.00774808	0.000822987	1129.84	6.66949	1.31779e-14	1.71458	5.76746	2.18987	1.61661	615	0	0.119409	0	20	20
0.00775091	0.000823015	1130.24	6.45868	1.13423e-14	1.65561	5.62506	2.18747	1.61661	615	0	0.11936	0	20	20
0.00775371	0.000823046	1130.64	6.25431	9.76244e-15	1.59867	5.48618	2.1851	1.61661	615	0	0.119306	0	20	20
0.00775648	0.00082308	1131.04	6.05618	8.40261e-15	1.54368	5.35072	2.18276	1.61661	615	0	0.119246	0	20	20
0.00775921	0.000823116	1131.45	5.86412	7.2322e-15	1.49059	5.21861	2.18046	1.61661	615	0	0.119182	0	20	20
0.00776191	0.000823154	1131.85	5.67795	6.22481e-15	1.43932	5.08976	2.17818	1.61661	615	0	0.119114	0	20	20
0.00776459	0.000823195	1132.25	5.49752	5.35774e-15	1.38981	4.9641	2.17593	1.61661	615	0	0.119041	0	20	20
0.00776723	0.000823237	1132.65	5.32265	4.61145e-15	1.34201	4.84153	2.17371	1.61661	615	0	0.118965	0	20	20
0.00776984	0.000823281	1133.05	5.15318	3.96911e-15	1.29585	4.722	2.17152	1.61661	615	0	0.118885	0	20	20
0.00777243	0.000823327	1133.45	4.98896	3.41625e-15	1.25128	4.60541	2.16935	1.61661	615	0	0.118801	0	20	20
0.00777499	0.000823374	1133.85	4.82983	2.94039e-15	1.20825	4.4917	2.16721	1.61661	615	0	0.118715	0	20	20
0.00777752	0.000823421	1134.25	4.67565	2.53082e-15	1.16669	4.3808	2.16509	1.61661	615	0	0.118625	0	20	20
0.00778003	0.00082347	1134.64	4.52626	2.1783e-15	1.12656	4.27264	2.163	1.61661	615	0	0.118532	0	20	20
0.00778251	0.00082352	1135.04	4.38153	1.87488e-15	1.08781	4.16715	2.16093	1.61661	615	0	0.118436	0	20	20
0.00778497	0.00082357	1135.43	4.24132	1.61372e-15	1.0504	4.06426	2.15889	1.61661	615	0	0.118338	0	20	20
0.0077874	0.000823621	1135.82	4.10549	1.38894e-15	1.01427	3.96391	2.15686	1.61661	615	0	0.118237	0	20	20
0.00778982	0.000823672	1136.21	3.97392	1.19547e-15	0.979385	3.86604	2.15486	1.61661	615	0	0.118134	0	20	20
0.00779221	0.000823724	1136.6	3.84648	1.02895e-15	0.945699	3.77059	2.15287	1.61661	615	0	0.118029	0	20	20
0.00779458	0.000823775	1136.98	3.72303	8.85629e-16	0.913172	3.67749	2.15091	1.61661	615	0	0.117922	0	20	20
0.00779693	0.000823827	1137.36	3.60348	7.62268e-16	0.881764	3.5867	2.14896	1.61661	615	0	0.117813	0	20	20
0.00779926	0.000823878	1137.75	3.48768	6.5609e-16	0.851436	3.49814	2.14704	1.61661	615	0	0.117702	0	20	20
0.00780158	0.00082393	1138.12	3.37554	5.64702e-16	0.822151	3.41177	2.14513	1.61661	615	0	0.117589	0	20	20
0.00780387	0.00082398	1138.5	3.26694	4.86043e-16	0.793874	3.32753	2.14324	1.61661	615	0	0.117475	0	20	20
0.00780614	0.000824031	1138.87	3.16177	4.18342e-16	0.766569	3.24538	2.14136	1.61661	615	0	0.117359	0	20	20
0.0078084	0.000824081	1139.24	3.05993	3.6007e-16	0.740203	3.16525	2.13951	1.61661	615	0	0.117242	0	20	20
0.00781064	0.000824131	1139.61	2.96132	3.09915e-16	0.714744	3.0871	2.13766	1.61661	615	0	0.117124	0	20	20
0.00781287	0.000824179	1139.98	2.86583	2.66746e-16	0.690161	3.01088	2.13584	1.61661	615	0	0.117004	0	20	20
0.00781508	0.000824228	1140.34	2.77338	2.29591e-16	0.666423	2.93654	2.13403	1.61661	615	0	0.116884	0	20	20
0.00781727	0.000824275	1140.7	2.68387	1.97611e-16	0.643502	2.86404	2.13223	1.61661	615	0	0.116762	0	20	20
0.00781945	0.000824321	1141.05	2.5972	1.70085e-16	0.621369	2.79332	2.13045	1.61661	615	0	0.11664	0	20	20
0.00782161	0.000824367	1141.41	2.51329	1.46393e-16	0.599997	2.72435	2.12868	1.61661	615	0	0.116516	0	20	20
0.00782376	0.000824411	1141.76	2.43206	1.26002e-16	0.57936	2.65709	2.12693	1.61661	615	0	0.116392	0	20	20
0.0078259	0.000824455	1142.11	2.35342	1.08451e-16	0.559433	2.59149	2.12519	1.61661	615	0	0.116267	0	20	20
0.00782802	0.000824497	1142.45	2.27729	9.33446e-17	0.540192	2.5275	2.12346	1.61661	615	0	0.116142	0	20	20
0.00783013	0.000824538	1142.79	2.20359	8.03424e-17	0.521612	2.4651	2.12175	1.61661	615	0	0.116015	0	20	20
0.00783223	0.000824578	1143.13	2.13226	6.91514e-17	0.503672	2.40423	2.12004	1.61661	615	0	0.115889	0	20	20
0.00783431	0.000824617	1143.47	2.0632	5.95191e-17	0.486348	2.34487	2.11835	1.61661	615	0	0.115761	0	20	20
0.00783638	0.000824654	1143.8	1.99636	5.12286e-17	0.46962	2.28698	2.11667	1.61661	615	0	0.115634	0	20	20
0.00783844	0.00082469	1144.13	1.93166	4.40929e-17	0.453468	2.23051	2.115	1.61661	615	0	0.115506	0	20	20
0.00784049	0.000824725	1144.45	1.86903	3.79511e-17	0.437871	2.17544	2.11334	1.61661	615	0	0.115377	0	20	20
0.00784253	0.000824759	1144.77	1.80841	3.26648e-17	0.422811	2.12173	2.1117	1.61661	615	0	0.115248	0	20	20
0.00784456	0.000824791	1145.09	1.74975	2.81149e-17	0.408268	2.06934	2.11006	1.61661	615	0	0.11512	0	20	20
0.00784657	0.000824821	1145.41	1.69296	2.41987e-17	0.394226	2.01825	2.10843	1.61661	615	0	0.11499	0	20	20
0.00784858	0.00082485	1145.72	1.63801	2.0828e-17	0.380667	1.96842	2.10682	1.61661	615	0	0.114861	0	20	20
0.00785058	0.000824878	1146.03	1.58482	1.79268e-17	0.367574	1.91982	2.10521	1.61661	615	0	0.114732	0	20	20
0.00785257	0.000824904	1146.34	1.53335	1.54298e-17	0.354931	1.87242	2.10361	1.61661	615	0	0.114602	0	20	20
0.00785454	0.000824928	1146.64	1.48353	1.32805e-17	0.342724	1.82619	2.10202	1.61661	615	0	0.114472	0	20	20
0.00785651	0.000824951	1146.94	1.43532	1.14306e-17	0.330936	1.7811	2.10044	1.61661	615	0	0.114343	0	20	20
0.00785847	0.000824972	1147.23	1.38866	9.83845e-18	0.319553	1.73713	2.09887	1.61661	615	0	0.114213	0	20	20
0.00786042	0.000824992	1147.53	1.34351	8.46803e-18	0.308563	1.69424	2.09731	1.61661	615	0	0.114084	0	20	20
0.00786236	0.00082501	1147.82	1.29982	7.2885e-18	0.29795	1.6524	2.09576	1.61661	615	0	0.113954	0	20	20
0.0078643	0.000825027	1148.1	1.25754	6.27327e-18	0.287702	1.61161	2.09421	1.61661	615	0	0.113825	0	20	20
0.00786622	0.000825042	1148.39	1.21662	5.39946e-18	0.277806	1.57182	2.09267	1.61661	615	0	0.113695	0	20	20
0.00786814	0.000825055	1148.67	1.17703	4.64735e-18	0.268251	1.53301	2.09115	1.61661	615	0	0.113566	0	20	20
0.00787005	0.000825067	1148.94	1.13872	4.00001e-18	0.259025	1.49516	2.08962	1.61661	615	0	0.113437	0	20	20
0.00787195	0.000825077	1149.21	1.10164	3.44284e-18	0.250116	1.45824	2.08811	1.61661	615	0	0.113308	0	20	20
0.00787384	0.000825085	1149.48	1.06577	2.96328e-18	0.241513	1.42224	2.0866	1.61661	615	0	0.11318	0	20	20
0.00787573	0.000825092	1149.75	1.03106	2.55052e-18	0.233207	1.38712	2.0851	1.61661	615	0	0.113051	0	20	20
0.00787761	0.000825097	1150.01	0.997473	2.19525e-18	0.225186	1.35287	2.08361	1.61661	615	0	0.112923	0	20	20
0.00787948	0.000825101	1150.27	0.964975	1.88947e-18	0.21744	1.31947	2.08213	1.61661	615	0	0.112795	0	20	20
0.00788135	0.000825103	1150.53	0.93353	1.62628e-18	0.209962	1.28689	2.08065	1.61661	615	0	0.112668	0	20	20
0.00788321	0.000825103	1150.79	0.903104	1.39976e-18	0.20274	1.25512	2.07918	1.61661	615	0	0.112541	0	20	20
0.00788506	0.000825102	1151.04	0.873666	1.20478e-18	0.195767	1.22413	2.07771	1.61661	615	0	0.112414	0	20	20
0.00788691	0.000825099	1151.28	0.845183	1.03696e-18	0.189034	1.19391	2.07625	1.61661	615	0	0.112287	0	20	20
0.00788874	0.000825094	1151.53	0.817624	8.92524e-19	0.182532	1.16443	2.0748	1.61661	615	0	0.112161	0	20	20
0.00789058	0.000825088	1151.77	0.79096	7.68203e-19	0.176254	1.13568	2.07335	1.61661	615	0	0.112035	0	20	20
0.00789241	0.00082508	1152.01	0.765162	6.61198e-19	0.170192	1.10764	2.07192	1.61661	615	0	0.111909	0	20	20
0.00789423	0.000825071	1152.24	0.740202	5.69098e-19	0.164338	1.08029	2.07048	1.61661	615	0	0.111784	0	20	20
0.00789604	0.00082506	1152.48	0.716053	4.89828e-19	0.158686	1.05362	2.06905	1.61661	615	0	0.11166	0	20	20
0.00789785	0.000825047	1152.7	0.692689	4.21598e-19	0.153228	1.02761	2.06763	1.61661	615	0	0.111535	0	20	20
0.00789966	0.000825033	1152.93	0.670084	3.62873e-19	0.147957	1.00223	2.06622	1.61661	615	0	0.111411	0	20	20
0.00790145	0.000825017	1153.15	0.648215	3.12328e-19	0.142868	0.977489	2.0648	1.61661	615	0	0.111288	0	20	20
0.00790325	0.000825	1153.37	0.627057	2.68823e-19	0.137955	0.953355	2.0634	1.61661	615	0	0.111165	0	20	20
0.00790504	0.000824981	1153.59	0.606587	2.31378e-19	0.13321	0.929816	2.062	1.61661	615	0	0.111042	0	20	20
0.00790682	0.000824961	1153.81	0.586783	1.99149e-19	0.128628	0.906859	2.06061	1.61661	615	0	0.11092	0	20	20
0.0079086	0.000824939	1154.02	0.567624	1.71409e-19	0.124204	0.884468	2.05922	1.61661	615	0	0.110799	0	20	20
0.00791037	0.000824916	1154.23	0.549089	1.47533e-19	0.119932	0.862631	2.05783	1.61661	615	0	0.110678	0	20	20
0.00791214	0.000824891	1154.43	0.531157	1.26983e-19	0.115807	0.841332	2.05645	1.61661	615	0	0.110557	0	20	20
0.0079139	0.000824865	1154.64	0.513809	1.09295e-19	0.111824	0.82056	2.05508	1.61661	615	0	0.110437	0	20	20
