0.00866132	0.000693393	1101	184.5	76.5	0	0	1.56764	1.61661	615	0	0.149314	0	20	20
0.00883316	0.000723546	1169.37	184.391	76.4694	49.8132	16.7868	1.47792	1.61661	615	0	-0.457072	0	20	20
0.009011	0.000791593	1302.72	184.281	76.4339	146.077	49.553	1.39213	1.61661	615	0	-1.48444	0	20	20
0.00906926	0.000864006	1430.91	184.168	76.3927	239.149	81.5509	1.36548	1.61661	615	0	-2.27731	0	20	20
0.00906504	0.000937717	1553.76	184.054	76.3448	329.132	112.796	1.36739	1.61661	615	0	-2.90111	0	20	20
0.00902792	0.0010113	1671.6	183.937	76.2893	416.127	143.307	1.38432	1.61661	615	0	-3.40254	0	20	20
0.00897269	0.00108419	1784.95	183.818	76.2249	500.236	173.1	1.41004	1.61661	615	0	-3.81455	0	20	20
0.0089071	0.00115619	1894.33	183.698	76.1502	581.563	202.195	1.44142	1.61661	615	0	-4.15989	0	20	20
0.00883548	0.00122723	2000.11	183.575	76.0636	660.213	230.612	1.47676	1.61661	615	0	-4.45438	0	20	20
0.00876035	0.00129728	2102.58	183.45	75.9633	736.294	258.374	1.51508	1.61661	615	0	-4.70925	0	20	20
0.0086833	0.00136633	2201.97	183.323	75.847	809.917	285.504	1.55577	1.61661	615	0	-4.93269	0	20	20
0.00860529	0.00143438	2298.45	183.193	75.7124	881.198	312.029	1.59847	1.61661	615	0	-5.13081	0	20	20
0.00852698	0.00150144	2392.18	183.061	75.5566	950.255	337.976	1.64291	1.61661	615	0	-5.30824	0	20	20
0.00844876	0.00156755	2483.31	182.927	75.3764	1017.22	363.376	1.68897	1.61661	615	0	-5.46866	0	20	20
0.0083709	0.00163275	2571.99	182.791	75.1681	1082.21	388.263	1.73654	1.61661	615	0	-5.61493	0	20	20
0.00829352	0.00169711	2658.4	182.652	74.9275	1145.37	412.674	1.7856	1.61661	615	0	-5.74936	0	20	20
0.00821668	0.0017607	2742.69	182.511	74.6499	1206.86	436.648	1.83616	1.61661	615	0	-5.87383	0	20	20
0.00814039	0.00182363	2825.06	182.368	74.33	1266.81	460.228	1.88827	1.61661	615	0	-5.98988	0	20	20
0.00806461	0.00188601	2905.7	182.222	73.9617	1325.4	483.462	1.94201	1.61661	615	0	-6.09882	0	20	20
0.00798923	0.00194796	2984.83	182.073	73.5383	1382.8	506.4	1.99749	1.61661	615	0	-6.20176	0	20	20
0.00791417	0.00200964	3062.65	181.922	73.0526	1439.17	529.096	2.05487	1.61661	615	0	-6.29964	0	20	20
0.00783928	0.00207121	3139.4	181.768	72.4961	1494.72	551.606	2.11433	1.61661	615	0	-6.39329	0	20	20
0.00776441	0.00213283	3215.32	181.612	71.8602	1549.62	573.99	2.17608	1.61661	615	0	-6.48342	0	20	20
0.0076894	0.0021947	3290.66	181.453	71.1353	1604.08	596.31	2.24039	1.61661	615	0	-6.57067	0	20	20
0.00761409	0.00225701	3365.65	181.291	70.3111	1658.28	618.626	2.30753	1.61661	615	0	-6.65558	0	20	20
0.0075383	0.00231993	3440.52	181.127	69.3773	1712.42	640.999	2.37782	1.61661	615	0	-6.73865	0	20	20
0.0074619	0.00238366	3515.51	180.959	68.323	1766.65	663.485	2.45162	1.61661	615	0	-6.82027	0	20	20
0.00738473	0.00244836	3590.79	180.789	67.1377	1821.15	686.135	2.52927	1.61661	615	0	-6.9008	0	20	20
0.00730671	0.00251418	3666.53	180.616	65.8111	1876.02	708.989	2.61117	1.61661	615	0	-6.98051	0	20	20
0.00722775	0.0025812	3742.81	180.44	64.3342	1931.36	732.073	2.69768	1.61661	615	0	-7.05959	0	20	20
0.00714787	0.00264948	3819.67	180.261	62.6995	1987.18	755.398	2.78914	1.61661	615	0	-7.13814	0	20	20
0.00706711	0.00271899	3897.05	180.079	60.9015	2043.45	778.948	2.88586	1.61661	615	0	-7.2162	0	20	20
0.00698561	0.00278962	3974.8	179.894	58.9379	2100.06	802.687	2.98804	1.61661	615	0	-7.29367	0	20	20
0.0069036	0.00286115	4052.64	179.706	56.8097	2156.8	826.543	3.0958	1.61661	615	0	-7.3704	0	20	20
0.0068214	0.00293327	4130.18	179.514	54.5225	2213.37	850.418	3.20908	1.61661	615	0	-7.44611	0	20	20
0.00673941	0.00300554	4206.91	179.32	52.086	2269.4	874.175	3.32763	1.61661	615	0	-7.52043	0	20	20
0.00665813	0.00307741	4282.19	179.122	49.5151	2324.4	897.651	3.45098	1.61661	615	0	-7.59293	0	20	20
0.00657815	0.00314822	4355.31	178.921	46.8297	2377.81	920.651	3.5784	1.61661	615	0	-7.6631	0	20	20
0.00650009	0.00321724	4425.44	178.717	44.0538	2429.02	942.961	3.70887	1.61661	615	0	-7.73038	0	20	20
0.00642461	0.00328367	4491.75	178.509	41.2153	2477.39	964.354	3.84113	1.61661	615	0	-7.7942	0	20	20
0.00635238	0.0033467	4553.37	178.297	38.3448	2522.26	984.6	3.97366	1.61661	615	0	-7.85399	0	20	20
0.00628403	0.00340553	4609.51	178.083	35.4743	2563.03	1003.48	4.10474	1.61661	615	0	-7.90922	0	20	20
0.00622013	0.0034594	4659.43	177.864	32.6358	2599.12	1020.78	4.23255	1.61661	615	0	-7.95941	0	20	20
0.00616083	0.00350781	4702.53	177.643	29.8599	2630.08	1036.34	4.35595	1.61661	615	0	-8.00492	0	20	20
0.00610653	0.00355022	4738.33	177.417	27.1745	2655.56	1050.02	4.47318	1.61661	615	0	-8.04541	0	20	20
0.00605774	0.00358617	4766.54	177.188	24.6037	2675.32	1061.73	4.58215	1.61661	615	0	-8.08012	0	20	20
0.00601457	0.00361544	4787.03	176.955	22.1672	2689.28	1071.4	4.68152	1.61661	615	0	-8.10897	0	20	20
0.00597711	0.00363794	4799.83	176.718	19.8799	2697.45	1079.05	4.77009	1.61661	615	0	-8.13179	0	20	20
0.00594533	0.00365371	4805.12	176.478	17.7517	2699.97	1084.69	4.84698	1.61661	615	0	-8.14852	0	20	20
0.00591905	0.00366296	4803.22	176.233	15.7881	2697.1	1088.39	4.91184	1.61661	615	0	-8.15934	0	20	20
0.00589769	0.0036661	4794.52	175.985	13.9901	2689.15	1090.24	4.96541	1.61661	615	0	-8.16012	0	20	20
0.00587954	0.00366408	4779.54	175.733	12.3554	2676.48	1090.36	5.01154	1.61661	615	0	-8.13635	0	20	20
0.00586438	0.00365728	4758.81	175.476	10.8785	2659.51	1088.87	5.05048	1.61661	615	0	-8.08999	0	20	20
0.00585187	0.00364617	4732.91	175.216	9.55195	2638.68	1085.91	5.08296	1.61661	615	0	-8.02349	0	20	20
0.00584176	0.00363117	4702.4	174.951	8.36659	2614.4	1081.62	5.10938	1.61661	615	0	-7.93908	0	20	20
0.00583372	0.00361275	4667.84	174.683	7.31231	2587.11	1076.13	5.13054	1.61661	615	0	-7.83928	0	20	20
0.00582758	0.00359128	4629.76	174.41	6.37848	2557.21	1069.57	5.14679	1.61661	615	0	-7.72608	0	20	20
0.00582305	0.00356718	4588.63	174.132	5.55436	2525.07	1062.07	5.1588	1.61661	615	0	-7.60171	0	20	20
0.00581996	0.00354079	4544.92	173.851	4.8294	2491.05	1053.74	5.16702	1.61661	615	0	-7.468	0	20	20
0.0058181	0.00351244	4499.03	173.565	4.19349	2455.45	1044.68	5.17197	1.61661	615	0	-7.32673	0	20	20
0.00581729	0.00348242	4451.34	173.274	3.63707	2418.55	1035	5.17414	1.61661	615	0	-7.17949	0	20	20
0.00581741	0.00345099	4402.16	172.979	3.15127	2380.62	1024.77	5.17382	1.61661	615	0	-7.02757	0	20	20
0.00581827	0.00341839	4351.77	172.68	2.72794	2341.86	1014.07	5.17153	1.61661	615	0	-6.87231	0	20	20
0.0058198	0.00338481	4300.44	172.376	2.35965	2302.47	1002.97	5.16744	1.61661	615	0	-6.7146	0	20	20
0.00582188	0.00335044	4248.37	172.067	2.03971	2262.61	991.533	5.1619	1.61661	615	0	-6.55541	0	20	20
0.00582443	0.00331541	4195.76	171.753	1.76213	2222.42	979.799	5.15513	1.61661	615	0	-6.39548	0	20	20
0.00582739	0.00327986	4142.75	171.435	1.52155	2182.03	967.818	5.14729	1.61661	615	0	-6.23541	0	20	20
0.00583065	0.00324391	4089.49	171.112	1.31324	2141.54	955.628	5.13865	1.61661	615	0	-6.07582	0	20	20
0.00583422	0.00320764	4036.09	170.784	1.13301	2101.04	943.262	5.12923	1.61661	615	0	-5.91704	0	20	20
0.00583801	0.00317114	3982.64	170.451	0.977206	2060.59	930.75	5.11925	1.61661	615	0	-5.75953	0	20	20
0.005842	0.00313448	3929.24	170.114	0.842585	2020.27	918.116	5.10877	1.61661	615	0	-5.60355	0	20	20
0.00584618	0.0030977	3875.94	169.771	0.726331	1980.11	905.381	5.0978	1.61661	615	0	-5.44932	0	20	20
0.00585048	0.00306087	3822.82	169.423	0.625985	1940.17	892.566	5.08657	1.61661	615	0	-5.29712	0	20	20
0.00585494	0.00302401	3769.9	169.07	0.539403	1900.47	879.685	5.07497	1.61661	615	0	-5.14702	0	20	20
0.0058595	0.00298717	3717.25	168.712	0.464724	1861.06	866.754	5.06311	1.61661	615	0	-4.99919	0	20	20
0.00586417	0.00295038	3664.89	168.348	0.400329	1821.94	853.785	5.05104	1.61661	615	0	-4.85373	0	20	20
0.00586896	0.00291365	3612.85	167.98	0.344818	1783.14	840.789	5.03869	1.61661	615	0	-4.71068	0	20	20
0.00587382	0.00287701	3561.15	167.606	0.296973	1744.68	827.777	5.02619	1.61661	615	0	-4.57015	0	20	20
0.00587878	0.00284048	3509.82	167.226	0.255745	1706.57	814.755	5.01347	1.61661	615	0	-4.43216	0	20	20
0.00588386	0.00280406	3458.88	166.841	0.220224	1668.82	801.734	5.0005	1.61661	615	0	-4.2967	0	20	20
0.00588899	0.00276779	3408.34	166.451	0.189625	1631.45	788.721	4.98743	1.61661	615	0	-4.16389	0	20	20
0.00589425	0.00273165	3358.21	166.055	0.163268	1594.45	775.721	4.97411	1.61661	615	0	-4.03366	0	20	20
0.00589962	0.00269567	3308.51	165.654	0.140567	1557.83	762.741	4.96053	1.61661	615	0	-3.90601	0	20	20
0.00590506	0.00265987	3259.25	165.247	0.121018	1521.61	749.788	4.94683	1.61661	615	0	-3.78103	0	20	20
0.00591064	0.00262423	3210.45	164.835	0.104184	1485.78	736.868	4.93283	1.61661	615	0	-3.65863	0	20	20
0.00591635	0.00258877	3162.1	164.416	0.0896893	1450.36	723.984	4.91856	1.61661	615	0	-3.53882	0	20	20
0.00592216	0.00255352	3114.22	163.992	0.0772089	1415.34	711.144	4.90411	1.61661	615	0	-3.42166	0	20	20
0.00592811	0.00251846	3066.83	163.562	0.0664636	1380.73	698.351	4.88934	1.61661	615	0	-3.30706	0	20	20
0.00593423	0.0024836	3019.92	163.127	0.0572127	1346.53	685.611	4.87424	1.61661	615	0	-3.19503	0	20	20
0.00594047	0.00244897	2973.51	162.685	0.0492485	1312.76	672.93	4.85891	1.61661	615	0	-3.0856	0	20	20
0.00594687	0.00241456	2927.62	162.238	0.0423924	1279.4	660.311	4.84323	1.61661	615	0	-2.97872	0	20	20
0.00595345	0.00238038	2882.23	161.785	0.0364903	1246.47	647.76	4.82718	1.61661	615	0	-2.87437	0	20	20
0.00596021	0.00234644	2837.38	161.325	0.0314096	1213.98	635.281	4.81078	1.61661	615	0	-2.77256	0	20	20
0.00596713	0.00231276	2793.06	160.86	0.027036	1181.92	622.88	4.79407	1.61661	615	0	-2.67328	0	20	20
0.00597425	0.00227933	2749.3	160.389	0.0232712	1150.3	610.561	4.77694	1.61661	615	0	-2.57649	0	20	20
0.00598159	0.00224618	2706.09	159.911	0.0200306	1119.13	598.33	4.75939	1.61661	615	0	-2.48217	0	20	20
0.00598912	0.00221331	2663.44	159.428	0.0172411	1088.41	586.19	4.74144	1.61661	615	0	-2.39033	0	20	20
0.00599686	0.00218073	2621.38	158.938	0.01484	1058.15	574.147	4.72312	1.61661	615	0	-2.30095	0	20	20
0.00600482	0.00214846	2579.91	158.442	0.0127733	1028.36	562.206	4.70435	1.61661	615	0	-2.21401	0	20	20
0.00601302	0.00211651	2539.04	157.94	0.0109943	999.027	550.372	4.68513	1.61661	615	0	-2.12947	0	20	20
0.00602147	0.00208488	2498.78	157.431	0.00946308	970.174	538.649	4.66544	1.61661	615	0	-2.04733	0	20	20
0.00603014	0.00205359	2459.15	156.917	0.00814509	941.803	527.042	4.64535	1.61661	615	0	-1.96758	0	20	20
0.00603904	0.00202266	2420.15	156.396	0.00701065	913.92	515.557	4.62483	1.61661	615	0	-1.89019	0	20	20
0.0060482	0.0019921	2381.81	155.868	0.0060342	886.531	504.199	4.60385	1.61661	615	0	-1.81514	0	20	20
0.00605761	0.00196192	2344.12	155.335	0.00519374	859.644	492.971	4.58243	1.61661	615	0	-1.74241	0	20	20
0.00606728	0.00193214	2307.1	154.795	0.00447034	833.266	481.88	4.56056	1.61661	615	0	-1.67196	0	20	20
0.0060772	0.00190276	2270.76	154.249	0.00384768	807.402	470.929	4.53826	1.61661	615	0	-1.60379	0	20	20
0.00608737	0.00187382	2235.13	153.696	0.00331176	782.061	460.125	4.51555	1.61661	615	0	-1.53786	0	20	20
0.00609777	0.00184531	2200.19	153.137	0.00285047	757.249	449.471	4.49248	1.61661	615	0	-1.47416	0	20	20
0.0061084	0.00181727	2165.98	152.571	0.00245344	732.973	438.973	4.46907	1.61661	615	0	-1.41266	0	20	20
0.00611927	0.00178971	2132.5	151.999	0.0021117	709.24	428.636	4.44531	1.61661	615	0	-1.35334	0	20	20
0.00613035	0.00176263	2099.76	151.421	0.00181757	686.058	418.463	4.42125	1.61661	615	0	-1.29615	0	20	20
0.00614163	0.00173606	2067.78	150.836	0.0015644	663.433	408.461	4.39692	1.61661	615	0	-1.24109	0	20	20
0.0061531	0.00171002	2036.56	150.245	0.00134649	641.372	398.633	4.37238	1.61661	615	0	-1.18811	0	20	20
0.00616473	0.00168453	2006.12	149.647	0.00115894	619.883	388.984	4.34768	1.61661	615	0	-1.13718	0	20	20
0.0061765	0.00165959	1976.47	149.043	0.000997512	598.972	379.518	4.32287	1.61661	615	0	-1.08829	0	20	20
0.00618838	0.00163524	1947.61	148.432	0.000858568	578.646	370.242	4.29802	1.61661	615	0	-1.0414	0	20	20
0.00620034	0.00161148	1919.56	147.815	0.000738977	558.912	361.157	4.27321	1.61661	615	0	-0.996476	0	20	20
0.00621233	0.00158835	1892.34	147.192	0.000636045	539.776	352.27	4.24851	1.61661	615	0	-0.953492	0	20	20
0.00622431	0.00156585	1865.94	146.562	0.000547449	521.244	343.584	4.22403	1.61661	615	0	-0.912417	0	20	20
0.00623623	0.001544	1840.37	145.926	0.000471194	503.322	335.103	4.19985	1.61661	615	0	-0.87322	0	20	20
0.00624805	0.00152283	1815.65	145.283	0.000405561	486.011	326.829	4.17605	1.61661	615	0	-0.835854	0	20	20
0.00625977	0.00150231	1791.74	144.634	0.00034907	469.295	318.76	4.15264	1.61661	615	0	-0.800239	0	20	20
0.0062714	0.00148242	1768.63	143.979	0.000300448	453.154	310.889	4.12959	1.61661	615	0	-0.766282	0	20	20
0.00628294	0.00146315	1746.28	143.317	0.000258598	437.567	303.213	4.10687	1.61661	615	0	-0.733897	0	20	20
0.0062944	0.00144447	1724.68	142.649	0.000222577	422.518	295.727	4.08448	1.61661	615	0	-0.703002	0	20	20
0.0063058	0.00142637	1703.79	141.975	0.000191574	407.985	288.426	4.06238	1.61661	615	0	-0.673518	0	20	20
0.00631713	0.00140883	1683.6	141.295	0.000164889	393.953	281.304	4.04055	1.61661	615	0	-0.645372	0	20	20
0.0063284	0.00139183	1664.08	140.608	0.000141922	380.403	274.359	4.01901	1.61661	615	0	-0.6185	0	20	20
0.00633962	0.00137535	1645.2	139.915	0.000122153	367.319	267.585	3.99771	1.61661	615	0	-0.592832	0	20	20
0.0063508	0.00135937	1626.96	139.216	0.000105138	354.685	260.978	3.97663	1.61661	615	0	-0.568305	0	20	20
0.00636194	0.00134389	1609.32	138.511	9.04933e-05	342.486	254.535	3.95577	1.61661	615	0	-0.544861	0	20	20
0.00637306	0.00132888	1592.28	137.8	7.78883e-05	330.706	248.25	3.9351	1.61661	615	0	-0.522444	0	20	20
0.00638416	0.00131432	1575.8	137.083	6.70391e-05	319.332	242.121	3.91461	1.61661	615	0	-0.501002	0	20	20
0.00639525	0.00130021	1559.87	136.36	5.77011e-05	308.349	236.143	3.89428	1.61661	615	0	-0.480485	0	20	20
0.00640633	0.00128653	1544.48	135.631	4.96638e-05	297.743	230.313	3.87412	1.61661	615	0	-0.460846	0	20	20
0.0064174	0.00127327	1529.6	134.896	4.2746e-05	287.502	224.626	3.8541	1.61661	615	0	-0.44204	0	20	20
0.00642848	0.0012604	1515.23	134.156	3.67919e-05	277.614	219.08	3.83421	1.61661	615	0	-0.424026	0	20	20
0.00643954	0.00124793	1501.33	133.41	3.1667e-05	268.065	213.671	3.81448	1.61661	615	0	-0.406768	0	20	20
0.00645061	0.00123584	1487.9	132.658	2.72561e-05	258.845	208.395	3.79487	1.61661	615	0	-0.390227	0	20	20
0.00646169	0.00122411	1474.93	131.9	2.34595e-05	249.943	203.25	3.77538	1.61661	615	0	-0.374364	0	20	20
0.00647279	0.00121273	1462.39	131.137	2.01918e-05	241.346	198.232	3.75599	1.61661	615	0	-0.359146	0	20	20
0.00648391	0.00120169	1450.27	130.369	1.73792e-05	233.045	193.337	3.7367	1.61661	615	0	-0.34454	0	20	20
0.00649506	0.00119098	1438.57	129.596	1.49585e-05	225.029	188.564	3.7175	1.61661	615	0	-0.330516	0	20	20
0.00650623	0.0011806	1427.26	128.817	1.28749e-05	217.29	183.908	3.69838	1.61661	615	0	-0.317045	0	20	20
0.00651742	0.00117052	1416.33	128.033	1.10815e-05	209.816	179.368	3.67937	1.61661	615	0	-0.304105	0	20	20
0.00652863	0.00116074	1405.78	127.243	9.53793e-06	202.599	174.939	3.66045	1.61661	615	0	-0.291668	0	20	20
0.00653987	0.00115126	1395.58	126.449	8.20938e-06	195.631	170.62	3.64161	1.61661	615	0	-0.279707	0	20	20
0.00655115	0.00114205	1385.73	125.65	7.06588e-06	188.902	166.407	3.62283	1.61661	615	0	-0.268198	0	20	20
0.00656246	0.00113311	1376.22	124.847	6.08166e-06	182.405	162.298	3.60413	1.61661	615	0	-0.257119	0	20	20
0.00657381	0.00112444	1367.03	124.038	5.23453e-06	176.132	158.291	3.58549	1.61661	615	0	-0.246451	0	20	20
0.00658518	0.00111602	1358.15	123.225	4.5054e-06	170.074	154.383	3.56695	1.61661	615	0	-0.236178	0	20	20
0.00659659	0.00110785	1349.58	122.407	3.87783e-06	164.224	150.571	3.54847	1.61661	615	0	-0.226277	0	20	20
0.00660804	0.00109991	1341.31	121.585	3.33768e-06	158.576	146.854	3.53006	1.61661	615	0	-0.216729	0	20	20
0.00661953	0.0010922	1333.32	120.759	2.87277e-06	153.121	143.228	3.51171	1.61661	615	0	-0.207518	0	20	20
0.00663106	0.00108472	1325.6	119.928	2.47262e-06	147.855	139.692	3.49343	1.61661	615	0	-0.198627	0	20	20
0.00664261	0.00107746	1318.15	119.094	2.1282e-06	142.769	136.243	3.47524	1.61661	615	0	-0.190047	0	20	20
0.00665419	0.0010704	1310.96	118.255	1.83176e-06	137.859	132.879	3.45711	1.61661	615	0	-0.181759	0	20	20
0.00666582	0.00106354	1304.02	117.413	1.57661e-06	133.117	129.598	3.43906	1.61661	615	0	-0.173748	0	20	20
0.00667748	0.00105689	1297.32	116.567	1.357e-06	128.539	126.398	3.42107	1.61661	615	0	-0.166001	0	20	20
0.00668918	0.00105042	1290.85	115.718	1.16798e-06	124.118	123.277	3.40316	1.61661	615	0	-0.158508	0	20	20
0.00670089	0.00104413	1284.61	114.865	1.00529e-06	119.849	120.234	3.38534	1.61661	615	0	-0.151259	0	20	20
0.00671264	0.00103803	1278.59	114.009	8.65262e-07	115.727	117.265	3.3676	1.61661	615	0	-0.14424	0	20	20
0.00672441	0.00103209	1272.78	113.149	7.44738e-07	111.746	114.37	3.34994	1.61661	615	0	-0.137439	0	20	20
0.00673622	0.00102632	1267.17	112.287	6.41002e-07	107.903	111.546	3.33235	1.61661	615	0	-0.130848	0	20	20
0.00674804	0.00102072	1261.76	111.421	5.51715e-07	104.192	108.792	3.31488	1.61661	615	0	-0.124461	0	20	20
0.00675987	0.00101527	1256.54	110.553	4.74866e-07	100.608	106.106	3.2975	1.61661	615	0	-0.118265	0	20	20
0.00677173	0.00100998	1251.51	109.682	4.08721e-07	97.1475	103.486	3.2802	1.61661	615	0	-0.112251	0	20	20
0.00678361	0.00100483	1246.66	108.809	3.51789e-07	93.8062	100.931	3.263	1.61661	615	0	-0.106412	0	20	20
0.00679549	0.00099983	1241.98	107.933	3.02788e-07	90.5798	98.439	3.24592	1.61661	615	0	-0.100743	0	20	20
0.00680737	0.000994967	1237.47	107.056	2.60612e-07	87.4643	96.0085	3.22895	1.61661	615	0	-0.0952346	0	20	20
0.00681927	0.000990238	1233.12	106.176	2.24311e-07	84.456	93.6381	3.21208	1.61661	615	0	-0.0898789	0	20	20
0.00683116	0.00098564	1228.93	105.294	1.93066e-07	81.5512	91.3261	3.19533	1.61661	615	0	-0.0846706	0	20	20
0.00684304	0.000981172	1224.89	104.411	1.66173e-07	78.7463	89.0713	3.17872	1.61661	615	0	-0.0796062	0	20	20
0.00685492	0.000976826	1220.99	103.526	1.43027e-07	76.0378	86.8721	3.16223	1.61661	615	0	-0.0746767	0	20	20
0.00686678	0.000972601	1217.24	102.639	1.23104e-07	73.4225	84.7272	3.14587	1.61661	615	0	-0.069877	0	20	20
0.00687863	0.000968494	1213.63	101.751	1.05957e-07	70.8972	82.6353	3.12964	1.61661	615	0	-0.0652033	0	20	20
0.00689044	0.000964501	1210.15	100.862	9.11979e-08	68.4587	80.595	3.11357	1.61661	615	0	-0.0606518	0	20	20
0.00690224	0.000960618	1206.8	99.9722	7.84948e-08	66.1041	78.6051	3.09764	1.61661	615	0	-0.0562158	0	20	20
0.006914	0.000956844	1203.57	99.0814	6.75611e-08	63.8305	76.6644	3.08186	1.61661	615	0	-0.0518914	0	20	20
0.00692571	0.000953175	1200.46	98.1899	5.81504e-08	61.6351	74.7715	3.06624	1.61661	615	0	-0.0476767	0	20	20
0.00693738	0.000949609	1197.48	97.2979	5.00505e-08	59.5152	72.9254	3.05079	1.61661	615	0	-0.0435671	0	20	20
0.00694901	0.000946143	1194.6	96.4055	4.30789e-08	57.4682	71.1249	3.03551	1.61661	615	0	-0.0395583	0	20	20
0.00696058	0.000942773	1191.83	95.5129	3.70783e-08	55.4916	69.3688	3.0204	1.61661	615	0	-0.0356472	0	20	20
0.00697208	0.0009395	1189.17	94.6203	3.19136e-08	53.583	67.6561	3.00548	1.61661	615	0	-0.0318334	0	20	20
0.00698351	0.00093632	1186.61	93.7278	2.74683e-08	51.74	65.9856	2.99074	1.61661	615	0	-0.0281118	0	20	20
0.00699487	0.00093323	1184.15	92.8355	2.36422e-08	49.9604	64.3564	2.97619	1.61661	615	0	-0.0244801	0	20	20
0.00700615	0.000930229	1181.78	91.9436	2.0349e-08	48.242	62.7675	2.96184	1.61661	615	0	-0.0209363	0	20	20
0.00701734	0.000927315	1179.51	91.0524	1.75146e-08	46.5828	61.2177	2.9477	1.61661	615	0	-0.0174796	0	20	20
0.00702843	0.000924485	1177.32	90.1618	1.50749e-08	44.9806	59.7063	2.93376	1.61661	615	0	-0.0141065	0	20	20
0.00703943	0.000921738	1175.23	89.2721	1.29751e-08	43.4335	58.2321	2.92003	1.61661	615	0	-0.0108152	0	20	20
0.00705032	0.000919072	1173.21	88.3835	1.11678e-08	41.9396	56.7944	2.90652	1.61661	615	0	-0.00760493	0	20	20
0.0070611	0.000916486	1171.28	87.4961	9.61219e-09	40.4971	55.3921	2.89323	1.61661	615	0	-0.00447454	0	20	20
0.00707176	0.000913977	1169.42	86.61	8.27329e-09	39.1042	54.0245	2.88017	1.61661	615	0	-0.00142162	0	20	20
0.00708229	0.000911544	1167.64	85.7254	7.12089e-09	37.7593	52.6906	2.86734	1.61661	615	0	0.00155499	0	20	20
0.00709269	0.000909185	1165.93	84.8425	6.129e-09	36.4606	51.3897	2.85474	1.61661	615	0	0.00445578	0	20	20
0.00710296	0.0009069	1164.29	83.9614	5.27528e-09	35.2065	50.1209	2.84238	1.61661	615	0	0.00728158	0	20	20
0.00711308	0.000904685	1162.72	83.0822	4.54048e-09	33.9956	48.8834	2.83026	1.61661	615	0	0.0100342	0	20	20
0.00712306	0.000902541	1161.22	82.2051	3.90803e-09	32.8263	47.6764	2.81838	1.61661	615	0	0.0127145	0	20	20
0.00713289	0.000900464	1159.78	81.3303	3.36367e-09	31.6973	46.4993	2.80675	1.61661	615	0	0.015323	0	20	20
0.00714256	0.000898455	1158.4	80.4579	2.89514e-09	30.6071	45.3512	2.79536	1.61661	615	0	0.01786	0	20	20
0.00715207	0.000896511	1157.08	79.588	2.49187e-09	29.5543	44.2315	2.78423	1.61661	615	0	0.0203272	0	20	20
0.00716142	0.00089463	1155.81	78.7207	2.14477e-09	28.5378	43.1394	2.77334	1.61661	615	0	0.0227254	0	20	20
0.0071706	0.000892812	1154.6	77.8563	1.84602e-09	27.5563	42.0743	2.7627	1.61661	615	0	0.0250553	0	20	20
0.00717961	0.000891056	1153.44	76.9948	1.58888e-09	26.6085	41.0355	2.75231	1.61661	615	0	0.0273171	0	20	20
0.00718845	0.000889359	1152.34	76.1364	1.36757e-09	25.6933	40.0223	2.74217	1.61661	615	0	0.0295122	0	20	20
0.00719712	0.00088772	1151.28	75.2813	1.17707e-09	24.8096	39.0342	2.73227	1.61661	615	0	0.0316416	0	20	20
0.00720561	0.000886137	1150.27	74.4294	1.01312e-09	23.9563	38.0704	2.72262	1.61661	615	0	0.0337062	0	20	20
0.00721393	0.000884611	1149.31	73.5811	8.71998e-10	23.1323	37.1304	2.71322	1.61661	615	0	0.0357069	0	20	20
0.00722207	0.000883138	1148.39	72.7364	7.50536e-10	22.3367	36.2137	2.70406	1.61661	615	0	0.037644	0	20	20
0.00723003	0.000881718	1147.51	71.8953	6.45992e-10	21.5684	35.3196	2.69513	1.61661	615	0	0.0395191	0	20	20
0.00723781	0.000880348	1146.67	71.0582	5.56011e-10	20.8266	34.4475	2.68645	1.61661	615	0	0.0413335	0	20	20
0.00724542	0.000879029	1145.87	70.225	4.78563e-10	20.1103	33.597	2.67799	1.61661	615	0	0.0430884	0	20	20
0.00725286	0.000877757	1145.11	69.3959	4.11903e-10	19.4186	32.7675	2.66976	1.61661	615	0	0.0447849	0	20	20
0.00726012	0.000876532	1144.39	68.571	3.54528e-10	18.7507	31.9585	2.66176	1.61661	615	0	0.0464239	0	20	20
0.00726722	0.000875353	1143.7	67.7505	3.05145e-10	18.1058	31.1694	2.65397	1.61661	615	0	0.048007	0	20	20
0.00727414	0.000874218	1143.04	66.9343	2.62641e-10	17.483	30.3998	2.6464	1.61661	615	0	0.0495355	0	20	20
0.0072809	0.000873125	1142.42	66.1227	2.26057e-10	16.8817	29.6493	2.63903	1.61661	615	0	0.0510109	0	20	20
0.0072875	0.000872074	1141.83	65.3158	1.94569e-10	16.3011	28.9172	2.63187	1.61661	615	0	0.0524344	0	20	20
0.00729393	0.000871062	1141.26	64.5135	1.67467e-10	15.7404	28.2032	2.62491	1.61661	615	0	0.0538075	0	20	20
0.00730021	0.000870089	1140.73	63.7161	1.4414e-10	15.199	27.5069	2.61815	1.61661	615	0	0.0551314	0	20	20
0.00730633	0.000869154	1140.23	62.9236	1.24063e-10	14.6763	26.8278	2.61157	1.61661	615	0	0.0564076	0	20	20
0.00731231	0.000868254	1139.75	62.1362	1.06782e-10	14.1715	26.1654	2.60517	1.61661	615	0	0.0576377	0	20	20
0.00731814	0.000867389	1139.29	61.3539	9.1908e-11	13.6841	25.5194	2.59895	1.61661	615	0	0.0588231	0	20	20
0.00732382	0.000866558	1138.86	60.5767	7.91059e-11	13.2134	24.8893	2.59291	1.61661	615	0	0.0599652	0	20	20
0.00732937	0.000865759	1138.46	59.8049	6.80871e-11	12.7589	24.2748	2.58703	1.61661	615	0	0.0610654	0	20	20
0.00733478	0.000864991	1138.07	59.0384	5.86031e-11	12.3201	23.6754	2.58131	1.61661	615	0	0.0621252	0	20	20
0.00734005	0.000864253	1137.71	58.2773	5.04402e-11	11.8963	23.0909	2.57574	1.61661	615	0	0.0631459	0	20	20
0.0073452	0.000863543	1137.37	57.5218	4.34142e-11	11.4872	22.5208	2.57033	1.61661	615	0	0.0641289	0	20	20
0.00735023	0.000862862	1137.05	56.7719	3.7367e-11	11.0921	21.9647	2.56506	1.61661	615	0	0.0650756	0	20	20
0.00735513	0.000862208	1136.75	56.0276	3.21621e-11	10.7106	21.4224	2.55993	1.61661	615	0	0.0659873	0	20	20
0.00735992	0.000861579	1136.46	55.289	2.76821e-11	10.3422	20.8935	2.55494	1.61661	615	0	0.0668654	0	20	20
0.0073646	0.000860975	1136.2	54.5562	2.38262e-11	9.98647	20.3776	2.55008	1.61661	615	0	0.0677112	0	20	20
0.00736916	0.000860394	1135.95	53.8293	2.05074e-11	9.64299	19.8745	2.54534	1.61661	615	0	0.0685257	0	20	20
0.00737362	0.000859837	1135.72	53.1082	1.76509e-11	9.31132	19.3838	2.54072	1.61661	615	0	0.0693104	0	20	20
0.00737798	0.000859301	1135.5	52.3932	1.51923e-11	8.99106	18.9052	2.53622	1.61661	615	0	0.0700663	0	20	20
0.00738224	0.000858787	1135.3	51.6841	1.30761e-11	8.68182	18.4384	2.53184	1.61661	615	0	0.0707945	0	20	20
0.0073864	0.000858293	1135.11	50.981	1.12547e-11	8.38321	17.9832	2.52756	1.61661	615	0	0.0714963	0	20	20
0.00739047	0.000857818	1134.94	50.2841	9.68703e-12	8.09487	17.5392	2.52338	1.61661	615	0	0.0721726	0	20	20
0.00739446	0.000857362	1134.78	49.5933	8.3377e-12	7.81645	17.1061	2.51931	1.61661	615	0	0.0728246	0	20	20
0.00739835	0.000856924	1134.63	48.9087	7.17633e-12	7.54761	16.6838	2.51533	1.61661	615	0	0.0734531	0	20	20
0.00740216	0.000856503	1134.5	48.2303	6.17672e-12	7.28801	16.2719	2.51145	1.61661	615	0	0.0740592	0	20	20
0.0074059	0.000856098	1134.38	47.5582	5.31635e-12	7.03734	15.8701	2.50765	1.61661	615	0	0.0746438	0	20	20
0.00740955	0.00085571	1134.27	46.8923	4.57583e-12	6.7953	15.4783	2.50394	1.61661	615	0	0.0752078	0	20	20
0.00741313	0.000855337	1134.17	46.2327	3.93845e-12	6.56158	15.0961	2.50031	1.61661	615	0	0.0757519	0	20	20
0.00741664	0.000854978	1134.08	45.5795	3.38986e-12	6.33589	14.7234	2.49677	1.61661	615	0	0.0762771	0	20	20
0.00742008	0.000854633	1134	44.9326	2.91768e-12	6.11797	14.3599	2.4933	1.61661	615	0	0.0767841	0	20	20
0.00742345	0.000854302	1133.93	44.2921	2.51127e-12	5.90755	14.0053	2.4899	1.61661	615	0	0.0772737	0	20	20
0.00742676	0.000853984	1133.87	43.658	2.16147e-12	5.70436	13.6595	2.48657	1.61661	615	0	0.0777467	0	20	20
0.00743001	0.000853678	1133.81	43.0302	1.86039e-12	5.50816	13.3223	2.48332	1.61661	615	0	0.0782036	0	20	20
0.00743319	0.000853384	1133.77	42.409	1.60125e-12	5.31871	12.9933	2.48013	1.61661	615	0	0.0786453	0	20	20
0.00743632	0.000853101	1133.73	41.7941	1.37821e-12	5.13578	12.6725	2.477	1.61661	615	0	0.0790722	0	20	20
0.00743826	0.000852948	1133.71	41.1856	1.18624e-12	4.95913	12.3597	2.47507	1.61661	615	0	0.0800689	0	20	20
0.00743982	0.00085284	1133.69	40.5837	1.02101e-12	4.78857	12.0545	2.4735	1.61661	615	0	0.0812157	0	20	20
0.00744141	0.000852737	1133.69	39.9881	8.78787e-13	4.62386	11.7569	2.47192	1.61661	615	0	0.0823132	0	20	20
0.00744302	0.000852638	1133.7	39.399	7.56379e-13	4.46483	11.4666	2.47031	1.61661	615	0	0.0833631	0	20	20
0.00744466	0.000852544	1133.72	38.8163	6.51022e-13	4.31126	11.1835	2.46868	1.61661	615	0	0.0843671	0	20	20
0.00744632	0.000852454	1133.75	38.2401	5.60339e-13	4.16298	10.9074	2.46703	1.61661	615	0	0.0853271	0	20	20
0.007448	0.000852367	1133.78	37.6703	4.82289e-13	4.0198	10.638	2.46536	1.61661	615	0	0.0862446	0	20	20
0.0074497	0.000852284	1133.83	37.1069	4.1511e-13	3.88154	10.3754	2.46367	1.61661	615	0	0.0871211	0	20	20
0.00745143	0.000852204	1133.88	36.5499	3.57288e-13	3.74803	10.1192	2.46197	1.61661	615	0	0.0879582	0	20	20
0.00745317	0.000852128	1133.94	35.9993	3.07521e-13	3.61912	9.86938	2.46024	1.61661	615	0	0.0887574	0	20	20
0.00745493	0.000852054	1134.01	35.4551	2.64686e-13	3.49464	9.62571	2.4585	1.61661	615	0	0.08952	0	20	20
0.00745671	0.000851982	1134.09	34.9173	2.27817e-13	3.37445	9.38805	2.45674	1.61661	615	0	0.0902475	0	20	20
0.0074585	0.000851913	1134.17	34.3858	1.96084e-13	3.25838	9.15625	2.45497	1.61661	615	0	0.0909411	0	20	20
0.00746031	0.000851847	1134.26	33.8607	1.68771e-13	3.14631	8.93019	2.45318	1.61661	615	0	0.0916022	0	20	20
0.00746214	0.000851782	1134.36	33.3418	1.45263e-13	3.0381	8.7097	2.45138	1.61661	615	0	0.0922319	0	20	20
0.00746398	0.00085172	1134.46	32.8292	1.25029e-13	2.9336	8.49466	2.44957	1.61661	615	0	0.0928315	0	20	20
0.00746583	0.000851659	1134.56	32.3229	1.07613e-13	2.8327	8.28492	2.44774	1.61661	615	0	0.093402	0	20	20
0.00746769	0.0008516	1134.67	31.8229	9.26235e-14	2.73527	8.08037	2.44591	1.61661	615	0	0.0939447	0	20	20
0.00746957	0.000851542	1134.79	31.329	7.97218e-14	2.64119	7.88086	2.44407	1.61661	615	0	0.0944606	0	20	20
0.00747146	0.000851486	1134.91	30.8413	6.86172e-14	2.55035	7.68628	2.44221	1.61661	615	0	0.0949507	0	20	20
0.00747336	0.000851432	1135.04	30.3597	5.90593e-14	2.46263	7.49651	2.44036	1.61661	615	0	0.0954161	0	20	20
0.00747526	0.000851378	1135.16	29.8843	5.08329e-14	2.37793	7.31142	2.43849	1.61661	615	0	0.0958576	0	20	20
0.00747718	0.000851326	1135.3	29.4149	4.37522e-14	2.29614	7.1309	2.43662	1.61661	615	0	0.0962763	0	20	20
0.0074791	0.000851275	1135.43	28.9516	3.76579e-14	2.21717	6.95484	2.43474	1.61661	615	0	0.0966729	0	20	20
0.00748103	0.000851224	1135.57	28.4943	3.24125e-14	2.14091	6.78312	2.43285	1.61661	615	0	0.0970485	0	20	20
0.00748296	0.000851175	1135.71	28.0429	2.78977e-14	2.06727	6.61564	2.43097	1.61661	615	0	0.0974039	0	20	20
0.00748491	0.000851127	1135.86	27.5975	2.40117e-14	1.99617	6.4523	2.42908	1.61661	615	0	0.0977398	0	20	20
0.00748685	0.000851079	1136	27.158	2.06671e-14	1.92751	6.293	2.42718	1.61661	615	0	0.098057	0	20	20
0.0074888	0.000851032	1136.15	26.7243	1.77883e-14	1.86122	6.13762	2.42529	1.61661	615	0	0.0983564	0	20	20
0.00749075	0.000850986	1136.31	26.2965	1.53106e-14	1.7972	5.98608	2.42339	1.61661	615	0	0.0986386	0	20	20
0.00749271	0.00085094	1136.46	25.8744	1.31779e-14	1.73539	5.83829	2.42149	1.61661	615	0	0.0989043	0	20	20
0.00749467	0.000850895	1136.62	25.458	1.13423e-14	1.6757	5.69414	2.41959	1.61661	615	0	0.0991542	0	20	20
0.00749663	0.00085085	1136.77	25.0473	9.76244e-15	1.61806	5.55355	2.4177	1.61661	615	0	0.099389	0	20	20
0.00749859	0.000850806	1136.93	24.6423	8.40261e-15	1.56241	5.41643	2.4158	1.61661	615	0	0.0996093	0	20	20
0.00750055	0.000850762	1137.09	24.2428	7.2322e-15	1.50867	5.2827	2.4139	1.61661	615	0	0.0998158	0	20	20
0.00750252	0.000850718	1137.25	23.8489	6.22481e-15	1.45678	5.15227	2.41201	1.61661	615	0	0.100009	0	20	20
0.00750448	0.000850675	1137.42	23.4604	5.35774e-15	1.40668	5.02506	2.41012	1.61661	615	0	0.100189	0	20	20
0.00750644	0.000850632	1137.58	23.0775	4.61145e-15	1.3583	4.90099	2.40823	1.61661	615	0	0.100357	0	20	20
0.0075084	0.000850589	1137.75	22.6999	3.96911e-15	1.31158	4.77998	2.40634	1.61661	615	0	0.100514	0	20	20
0.00751036	0.000850546	1137.91	22.3277	3.41625e-15	1.26647	4.66197	2.40446	1.61661	615	0	0.100659	0	20	20
0.00751232	0.000850503	1138.08	21.9608	2.94039e-15	1.22291	4.54686	2.40258	1.61661	615	0	0.100794	0	20	20
0.00751428	0.000850461	1138.25	21.5991	2.53082e-15	1.18085	4.4346	2.4007	1.61661	615	0	0.100919	0	20	20
0.00751623	0.000850418	1138.41	21.2427	2.1783e-15	1.14023	4.32511	2.39883	1.61661	615	0	0.101033	0	20	20
0.00751819	0.000850376	1138.58	20.8914	1.87488e-15	1.10101	4.21832	2.39696	1.61661	615	0	0.101139	0	20	20
0.00752013	0.000850333	1138.75	20.5452	1.61372e-15	1.06314	4.11417	2.3951	1.61661	615	0	0.101235	0	20	20
0.00752208	0.00085029	1138.92	20.204	1.38894e-15	1.02658	4.01259	2.39324	1.61661	615	0	0.101323	0	20	20
0.00752402	0.000850248	1139.09	19.8679	1.19547e-15	0.991269	3.91352	2.39139	1.61661	615	0	0.101403	0	20	20
0.00752596	0.000850205	1139.25	19.5367	1.02895e-15	0.957175	3.81689	2.38954	1.61661	615	0	0.101476	0	20	20
0.0075279	0.000850162	1139.42	19.2104	8.85629e-16	0.924253	3.72266	2.3877	1.61661	615	0	0.10154	0	20	20
0.00752983	0.000850119	1139.59	18.8889	7.62268e-16	0.892464	3.63074	2.38586	1.61661	615	0	0.101598	0	20	20
0.00753176	0.000850076	1139.76	18.5723	6.5609e-16	0.861768	3.5411	2.38403	1.61661	615	0	0.101649	0	20	20
0.00753368	0.000850032	1139.93	18.2604	5.64702e-16	0.832128	3.45367	2.3822	1.61661	615	0	0.101694	0	20	20
0.0075356	0.000849989	1140.09	17.9532	4.86043e-16	0.803507	3.3684	2.38038	1.61661	615	0	0.101732	0	20	20
0.00753751	0.000849945	1140.26	17.6506	4.18342e-16	0.775871	3.28523	2.37857	1.61661	615	0	0.101765	0	20	20
0.00753942	0.000849901	1140.43	17.3526	3.6007e-16	0.749185	3.20412	2.37676	1.61661	615	0	0.101792	0	20	20
0.00754133	0.000849856	1140.6	17.0592	3.09915e-16	0.723417	3.12501	2.37496	1.61661	615	0	0.101814	0	20	20
0.00754323	0.000849811	1140.76	16.7702	2.66746e-16	0.698536	3.04785	2.37317	1.61661	615	0	0.101831	0	20	20
0.00754513	0.000849766	1140.93	16.4856	2.29591e-16	0.67451	2.9726	2.37138	1.61661	615	0	0.101843	0	20	20
0.00754702	0.000849721	1141.09	16.2055	1.97611e-16	0.65131	2.89921	2.3696	1.61661	615	0	0.101851	0	20	20
0.0075489	0.000849675	1141.26	15.9296	1.70085e-16	0.628909	2.82763	2.36782	1.61661	615	0	0.101854	0	20	20
0.00755078	0.000849628	1141.42	15.6581	1.46393e-16	0.607278	2.75781	2.36605	1.61661	615	0	0.101854	0	20	20
0.00755266	0.000849582	1141.58	15.3907	1.26002e-16	0.586391	2.68972	2.36429	1.61661	615	0	0.101849	0	20	20
0.00755453	0.000849535	1141.74	15.1275	1.08451e-16	0.566222	2.62331	2.36253	1.61661	615	0	0.101841	0	20	20
0.00755639	0.000849487	1141.91	14.8685	9.33446e-17	0.546747	2.55854	2.36079	1.61661	615	0	0.101829	0	20	20
0.00755825	0.000849439	1142.07	14.6135	8.03424e-17	0.527942	2.49537	2.35904	1.61661	615	0	0.101814	0	20	20
0.00756011	0.000849391	1142.23	14.3625	6.91514e-17	0.509784	2.43376	2.35731	1.61661	615	0	0.101796	0	20	20
0.00756196	0.000849342	1142.38	14.1155	5.95191e-17	0.49225	2.37367	2.35558	1.61661	615	0	0.101774	0	20	20
0.0075638	0.000849292	1142.54	13.8724	5.12286e-17	0.475319	2.31506	2.35386	1.61661	615	0	0.10175	0	20	20
0.00756564	0.000849243	1142.7	13.6332	4.40929e-17	0.458971	2.2579	2.35214	1.61661	615	0	0.101724	0	20	20
0.00756747	0.000849192	1142.86	13.3977	3.79511e-17	0.443185	2.20216	2.35043	1.61661	615	0	0.101695	0	20	20
0.0075693	0.000849141	1143.01	13.1661	3.26648e-17	0.427941	2.14779	2.34873	1.61661	615	0	0.101663	0	20	20
0.00757112	0.00084909	1143.16	12.9381	2.81149e-17	0.413223	2.09476	2.34703	1.61661	615	0	0.101629	0	20	20
0.00757294	0.000849038	1143.32	12.7138	2.41987e-17	0.39901	2.04304	2.34534	1.61661	615	0	0.101594	0	20	20
0.00757475	0.000848985	1143.47	12.4932	2.0828e-17	0.385286	1.99259	2.34366	1.61661	615	0	0.101556	0	20	20
0.00757656	0.000848932	1143.62	12.2761	1.79268e-17	0.372034	1.9434	2.34198	1.61661	615	0	0.101516	0	20	20
0.00757836	0.000848879	1143.77	12.0625	1.54298e-17	0.359238	1.89541	2.34031	1.61661	615	0	0.101474	0	20	20
0.00758016	0.000848825	1143.92	11.8524	1.32805e-17	0.346883	1.84862	2.33865	1.61661	615	0	0.101431	0	20	20
0.00758195	0.00084877	1144.07	11.6457	1.14306e-17	0.334952	1.80297	2.33699	1.61661	615	0	0.101387	0	20	20
0.00758374	0.000848715	1144.21	11.4423	9.83845e-18	0.323431	1.75846	2.33534	1.61661	615	0	0.10134	0	20	20
0.00758552	0.000848659	1144.36	11.2423	8.46803e-18	0.312307	1.71504	2.3337	1.61661	615	0	0.101293	0	20	20
0.00758729	0.000848602	1144.5	11.0456	7.2885e-18	0.301565	1.6727	2.33206	1.61661	615	0	0.101244	0	20	20
0.00758907	0.000848545	1144.65	10.8521	6.27327e-18	0.291193	1.6314	2.33042	1.61661	615	0	0.101194	0	20	20
0.00759083	0.000848488	1144.79	10.6619	5.39946e-18	0.281178	1.59112	2.3288	1.61661	615	0	0.101143	0	20	20
0.00759259	0.00084843	1144.93	10.4747	4.64735e-18	0.271507	1.55183	2.32718	1.61661	615	0	0.101091	0	20	20
0.00759435	0.000848371	1145.07	10.2906	4.00001e-18	0.262168	1.51352	2.32556	1.61661	615	0	0.101038	0	20	20
0.0075961	0.000848311	1145.21	10.1096	3.44284e-18	0.253151	1.47615	2.32395	1.61661	615	0	0.100984	0	20	20
0.00759785	0.000848251	1145.35	9.93164	2.96328e-18	0.244444	1.4397	2.32235	1.61661	615	0	0.100929	0	20	20
0.00759959	0.000848191	1145.49	9.75661	2.55052e-18	0.236036	1.40416	2.32075	1.61661	615	0	0.100873	0	20	20
0.00760133	0.00084813	1145.62	9.5845	2.19525e-18	0.227918	1.36949	2.31916	1.61661	615	0	0.100817	0	20	20
0.00760306	0.000848068	1145.76	9.41527	1.88947e-18	0.220079	1.33568	2.31758	1.61661	615	0	0.10076	0	20	20
0.00760479	0.000848005	1145.89	9.24887	1.62628e-18	0.212509	1.3027	2.316	1.61661	615	0	0.100702	0	20	20
0.00760652	0.000847942	1146.02	9.08527	1.39976e-18	0.2052	1.27053	2.31442	1.61661	615	0	0.100644	0	20	20
0.00760823	0.000847879	1146.15	8.92441	1.20478e-18	0.198142	1.23916	2.31286	1.61661	615	0	0.100585	0	20	20
0.00760995	0.000847815	1146.28	8.76627	1.03696e-18	0.191327	1.20857	2.31129	1.61661	615	0	0.100526	0	20	20
0.00761166	0.00084775	1146.41	8.6108	8.92524e-19	0.184747	1.17873	2.30973	1.61661	615	0	0.100466	0	20	20
0.00761337	0.000847684	1146.54	8.45795	7.68203e-19	0.178393	1.14963	2.30818	1.61661	615	0	0.100406	0	20	20
0.00761507	0.000847618	1146.67	8.3077	6.61198e-19	0.172257	1.12124	2.30664	1.61661	615	0	0.100346	0	20	20
0.00761676	0.000847552	1146.79	8.15999	5.69098e-19	0.166332	1.09356	2.30509	1.61661	615	0	0.100285	0	20	20
0.00761846	0.000847485	1146.92	8.0148	4.89828e-19	0.160611	1.06656	2.30356	1.61661	615	0	0.100224	0	20	20
0.00762015	0.000847417	1147.04	7.87207	4.21598e-19	0.155087	1.04023	2.30203	1.61661	615	0	0.100163	0	20	20
0.00762183	0.000847349	1147.16	7.73179	3.62873e-19	0.149753	1.01454	2.3005	1.61661	615	0	0.100102	0	20	20
0.00762351	0.00084728	1147.28	7.59389	3.12328e-19	0.144602	0.989493	2.29898	1.61661	615	0	0.100041	0	20	20
0.00762519	0.00084721	1147.4	7.45836	2.68823e-19	0.139629	0.965062	2.29746	1.61661	615	0	0.0999789	0	20	20
0.00762686	0.00084714	1147.52	7.32515	2.31378e-19	0.134826	0.941235	2.29595	1.61661	615	0	0.0999172	0	20	20
0.00762853	0.000847069	1147.64	7.19422	1.99149e-19	0.130189	0.917995	2.29445	1.61661	615	0	0.0998554	0	20	20
0.00763019	0.000846998	1147.76	7.06554	1.71409e-19	0.125711	0.89533	2.29294	1.61661	615	0	0.0997935	0	20	20
0.00763185	0.000846926	1147.87	6.93908	1.47533e-19	0.121387	0.873224	2.29145	1.61661	615	0	0.0997316	0	20	20
0.00763351	0.000846854	1147.99	6.8148	1.26983e-19	0.117212	0.851664	2.28996	1.61661	615	0	0.0996696	0	20	20
0.00763516	0.000846781	1148.1	6.69266	1.09295e-19	0.113181	0.830637	2.28847	1.61661	615	0	0.0996077	0	20	20
