0.00596847	
0.0040289	
0.00304783	
0.0026106	
0.00230933	
0.00206119	
0.00183488	
0.00162386	
0.00144641	
0.00132916	
0.00128052	
0.00131117	
0.00140761	
0.00155136	
0.00173494	
0.00195911	
0.00225494	
0.00259555	
0.00300962	
0.00350971	
0.00412559	
0.00488041	
0.00580009	
0.00690665	
0.00820524	
0.0096737	
0.0112956	
0.0130655	
0.0149698	
0.0169865	
0.0190778	
0.0211903	
0.0232473	
0.0251976	
0.0269419	
0.028362	
0.029336	
0.0297482	
0.02957	
0.0288525	
0.0277149	
0.0263109	
0.024791	
0.023276	
0.0218474	
0.0205496	
0.0193994	
0.0183953	
0.0175264	
0.0167771	
0.0161447	
0.0159136	
0.0156527	
0.0153746	
0.0150892	
0.0148037	
0.0145235	
0.0142517	
0.0139907	
0.0137487	
0.0135316	
0.0133372	
0.0131631	
0.0130069	
0.0128664	
0.0127398	
0.0126253	
0.0125216	
0.0124272	
0.0123412	
0.0122627	
0.0121908	
0.0121248	
