0.00863293	0.000695504	1101	184.5	76.5	0	0	1.58316	1.61661	615	0	0.148828	0	20	20
0.00883787	0.00072319	1169.37	184.391	76.4694	49.8132	16.7868	1.47556	1.61661	615	0	-0.66682	0	20	20
0.00909782	0.000784513	1302.5	184.281	76.4339	146.077	49.553	1.35266	1.61661	615	0	-2.01058	0	20	20
0.00922835	0.000849774	1429.89	184.168	76.3927	239.149	81.5509	1.29607	1.61661	615	0	-3.03424	0	20	20
0.00928233	0.000916427	1551.47	184.054	76.3448	329.132	112.796	1.27359	1.61661	615	0	-3.83588	0	20	20
0.00929321	0.000983144	1668	183.937	76.2893	416.127	143.307	1.26912	1.61661	615	0	-4.47816	0	20	20
0.00927905	0.00104941	1780.3	183.818	76.2249	500.236	173.1	1.27494	1.61661	615	0	-5.00397	0	20	20
0.00924959	0.00111499	1888.96	183.698	76.1502	581.563	202.195	1.28716	1.61661	615	0	-5.44257	0	20	20
0.00921034	0.00117976	1994.34	183.575	76.0636	660.213	230.612	1.30369	1.61661	615	0	-5.81423	0	20	20
0.00916465	0.00124362	2096.63	183.45	75.9633	736.294	258.374	1.32328	1.61661	615	0	-6.13343	0	20	20
0.00911464	0.00130651	2195.96	183.323	75.847	809.917	285.504	1.34518	1.61661	615	0	-6.4108	0	20	20
0.00906171	0.0013684	2292.46	183.193	75.7124	881.198	312.029	1.36889	1.61661	615	0	-6.65431	0	20	20
0.00900682	0.00142927	2386.24	183.061	75.5566	950.255	337.976	1.39407	1.61661	615	0	-6.87019	0	20	20
0.00895061	0.00148914	2477.42	182.927	75.3764	1017.22	363.376	1.4205	1.61661	615	0	-7.06326	0	20	20
0.00889354	0.00154805	2566.17	182.791	75.1681	1082.21	388.263	1.44802	1.61661	615	0	-7.23734	0	20	20
0.0088359	0.00160606	2652.62	182.652	74.9275	1145.37	412.674	1.47655	1.61661	615	0	-7.3955	0	20	20
0.00877789	0.00166325	2736.94	182.511	74.6499	1206.86	436.648	1.50602	1.61661	615	0	-7.54025	0	20	20
0.00871961	0.0017197	2819.34	182.368	74.33	1266.81	460.228	1.53641	1.61661	615	0	-7.67367	0	20	20
0.00866112	0.00177554	2899.99	182.222	73.9617	1325.4	483.462	1.56775	1.61661	615	0	-7.79748	0	20	20
0.00860242	0.00183088	2979.12	182.073	73.5383	1382.8	506.4	1.60007	1.61661	615	0	-7.91316	0	20	20
0.00854347	0.00188586	3056.94	181.922	73.0526	1439.17	529.096	1.63342	1.61661	615	0	-8.02197	0	20	20
0.00848419	0.00194063	3133.69	181.768	72.4961	1494.72	551.606	1.6679	1.61661	615	0	-8.12498	0	20	20
0.0084245	0.00199536	3209.6	181.612	71.8602	1549.62	573.99	1.7036	1.61661	615	0	-8.22314	0	20	20
0.00836429	0.00205021	3284.92	181.453	71.1353	1604.08	596.31	1.74065	1.61661	615	0	-8.31728	0	20	20
0.00830344	0.00210535	3359.9	181.291	70.3111	1658.28	618.626	1.77921	1.61661	615	0	-8.40811	0	20	20
0.00824181	0.00216096	3434.76	181.127	69.3773	1712.42	640.999	1.81942	1.61661	615	0	-8.49625	0	20	20
0.00817929	0.0022172	3509.73	180.959	68.323	1766.65	663.485	1.86146	1.61661	615	0	-8.58223	0	20	20
0.00811578	0.00227423	3584.99	180.789	67.1377	1821.15	686.135	1.9055	1.61661	615	0	-8.66651	0	20	20
0.00805118	0.00233218	3660.71	180.616	65.8111	1876.02	708.989	1.95174	1.61661	615	0	-8.74943	0	20	20
0.00798545	0.00239112	3736.98	180.44	64.3342	1931.36	732.073	2.00033	1.61661	615	0	-8.83123	0	20	20
0.00791859	0.0024511	3813.82	180.261	62.6995	1987.18	755.398	2.05143	1.61661	615	0	-8.91209	0	20	20
0.00785066	0.0025121	3891.19	180.079	60.9015	2043.45	778.948	2.10514	1.61661	615	0	-8.99203	0	20	20
0.00778179	0.00257401	3968.92	179.894	58.9379	2100.06	802.687	2.16153	1.61661	615	0	-9.07099	0	20	20
0.00771218	0.00263665	4046.74	179.706	56.8097	2156.8	826.543	2.22059	1.61661	615	0	-9.14879	0	20	20
0.00764214	0.00269972	4124.27	179.514	54.5225	2213.37	850.418	2.28221	1.61661	615	0	-9.22514	0	20	20
0.00757204	0.00276284	4200.98	179.32	52.086	2269.4	874.175	2.34618	1.61661	615	0	-9.29962	0	20	20
0.00750235	0.00282551	4276.26	179.122	49.5151	2324.4	897.651	2.41217	1.61661	615	0	-9.37174	0	20	20
0.0074336	0.00288715	4349.36	178.921	46.8297	2377.81	920.651	2.47972	1.61661	615	0	-9.44094	0	20	20
0.00736639	0.0029471	4419.48	178.717	44.0538	2429.02	942.961	2.54821	1.61661	615	0	-9.5066	0	20	20
0.00730134	0.00300467	4485.78	178.509	41.2153	2477.39	964.354	2.61693	1.61661	615	0	-9.56808	0	20	20
0.00723906	0.00305911	4547.4	178.297	38.3448	2522.26	984.6	2.68506	1.61661	615	0	-9.62474	0	20	20
0.00718016	0.00310974	4603.53	178.083	35.4743	2563.03	1003.48	2.75168	1.61661	615	0	-9.676	0	20	20
0.00712517	0.00315589	4653.45	177.864	32.6358	2599.12	1020.78	2.81588	1.61661	615	0	-9.72133	0	20	20
0.00707456	0.003197	4696.54	177.643	29.8599	2630.08	1036.34	2.87674	1.61661	615	0	-9.7603	0	20	20
0.0070287	0.00323261	4732.34	177.417	27.1745	2655.56	1050.02	2.93343	1.61661	615	0	-9.79257	0	20	20
0.00698783	0.00326241	4760.56	177.188	24.6037	2675.32	1061.73	2.98519	1.61661	615	0	-9.81794	0	20	20
0.00695211	0.00328619	4781.05	176.955	22.1672	2689.28	1071.4	3.03145	1.61661	615	0	-9.83631	0	20	20
0.00692155	0.00330392	4793.86	176.718	19.8799	2697.45	1079.05	3.07178	1.61661	615	0	-9.84768	0	20	20
0.00689609	0.00331566	4799.17	176.478	17.7517	2699.97	1084.69	3.10593	1.61661	615	0	-9.85216	0	20	20
0.00687556	0.00332161	4797.28	176.233	15.7881	2697.1	1088.39	3.13383	1.61661	615	0	-9.84996	0	20	20
0.00685935	0.00332219	4788.61	175.985	13.9901	2689.15	1090.24	3.1561	1.61661	615	0	-9.83638	0	20	20
0.00684573	0.00331821	4773.65	175.733	12.3554	2676.48	1090.36	3.17498	1.61661	615	0	-9.79403	0	20	20
0.00683446	0.00331006	4752.95	175.476	10.8785	2659.51	1088.87	3.19071	1.61661	615	0	-9.72548	0	20	20
0.00682532	0.00329812	4727.08	175.216	9.55195	2638.68	1085.91	3.20355	1.61661	615	0	-9.63351	0	20	20
0.00681806	0.00328279	4696.61	174.951	8.36659	2614.4	1081.62	3.21379	1.61661	615	0	-9.5209	0	20	20
0.00681248	0.00326446	4662.08	174.683	7.31231	2587.11	1076.13	3.22169	1.61661	615	0	-9.39044	0	20	20
0.00680838	0.00324349	4624.02	174.41	6.37848	2557.21	1069.57	3.22753	1.61661	615	0	-9.24475	0	20	20
0.00680555	0.00322022	4582.92	174.132	5.55436	2525.07	1062.07	3.23155	1.61661	615	0	-9.0863	0	20	20
0.00680382	0.00319498	4539.22	173.851	4.8294	2491.05	1053.74	3.23401	1.61661	615	0	-8.91738	0	20	20
0.00680305	0.00316804	4493.35	173.565	4.19349	2455.45	1044.68	3.23511	1.61661	615	0	-8.74002	0	20	20
0.00680308	0.00313966	4445.66	173.274	3.63707	2418.55	1035	3.23506	1.61661	615	0	-8.55606	0	20	20
0.00680381	0.00311009	4396.49	172.979	3.15127	2380.62	1024.77	3.23403	1.61661	615	0	-8.36711	0	20	20
0.00680511	0.00307951	4346.1	172.68	2.72794	2341.86	1014.07	3.23218	1.61661	615	0	-8.17456	0	20	20
0.00680689	0.00304811	4294.76	172.376	2.35965	2302.47	1002.97	3.22963	1.61661	615	0	-7.97963	0	20	20
0.00680908	0.00301604	4242.69	172.067	2.03971	2262.61	991.533	3.22652	1.61661	615	0	-7.78335	0	20	20
0.00681161	0.00298344	4190.06	171.753	1.76213	2222.42	979.799	3.22294	1.61661	615	0	-7.58659	0	20	20
0.0068144	0.00295041	4137.03	171.435	1.52155	2182.03	967.818	3.21897	1.61661	615	0	-7.39009	0	20	20
0.00681743	0.00291706	4083.75	171.112	1.31324	2141.54	955.628	3.21469	1.61661	615	0	-7.19446	0	20	20
0.00682064	0.00288347	4030.32	170.784	1.13301	2101.04	943.262	3.21015	1.61661	615	0	-7.00022	0	20	20
0.00682399	0.0028497	3976.85	170.451	0.977206	2060.59	930.75	3.20542	1.61661	615	0	-6.80778	0	20	20
0.00682747	0.00281583	3923.42	170.114	0.842585	2020.27	918.116	3.20052	1.61661	615	0	-6.61749	0	20	20
0.00683105	0.0027819	3870.09	169.771	0.726331	1980.11	905.381	3.19549	1.61661	615	0	-6.42962	0	20	20
0.00683472	0.00274794	3816.93	169.423	0.625985	1940.17	892.566	3.19035	1.61661	615	0	-6.2444	0	20	20
0.00683845	0.00271401	3763.99	169.07	0.539403	1900.47	879.685	3.18513	1.61661	615	0	-6.062	0	20	20
0.00684224	0.00268012	3711.3	168.712	0.464724	1861.06	866.754	3.17985	1.61661	615	0	-5.88255	0	20	20
0.00684607	0.00264631	3658.9	168.348	0.400329	1821.94	853.785	3.17451	1.61661	615	0	-5.70619	0	20	20
0.00684989	0.0026126	3606.82	167.98	0.344818	1783.14	840.789	3.1692	1.61661	615	0	-5.53309	0	20	20
0.0068537	0.00257903	3555.09	167.606	0.296973	1744.68	827.777	3.16392	1.61661	615	0	-5.36327	0	20	20
0.00685753	0.00254558	3503.72	167.226	0.255745	1706.57	814.755	3.15861	1.61661	615	0	-5.19672	0	20	20
0.0068614	0.00251228	3452.74	166.841	0.220224	1668.82	801.734	3.15327	1.61661	615	0	-5.03347	0	20	20
0.00686528	0.00247914	3402.16	166.451	0.189625	1631.45	788.721	3.14793	1.61661	615	0	-4.87355	0	20	20
0.0068692	0.00244616	3351.99	166.055	0.163268	1594.45	775.721	3.14254	1.61661	615	0	-4.71694	0	20	20
0.00687317	0.00241335	3302.26	165.654	0.140567	1557.83	762.741	3.1371	1.61661	615	0	-4.56363	0	20	20
0.00687719	0.00238073	3252.96	165.247	0.121018	1521.61	749.788	3.13161	1.61661	615	0	-4.41363	0	20	20
0.00688128	0.0023483	3204.11	164.835	0.104184	1485.78	736.868	3.12603	1.61661	615	0	-4.2669	0	20	20
0.00688542	0.00231606	3155.73	164.416	0.0896893	1450.36	723.984	3.12039	1.61661	615	0	-4.12346	0	20	20
0.00688963	0.00228402	3107.82	163.992	0.0772089	1415.34	711.144	3.11467	1.61661	615	0	-3.98328	0	20	20
0.00689392	0.0022522	3060.38	163.562	0.0664636	1380.73	698.351	3.10886	1.61661	615	0	-3.84635	0	20	20
0.00689832	0.00222059	3013.44	163.127	0.0572127	1346.53	685.611	3.10292	1.61661	615	0	-3.71261	0	20	20
0.00690281	0.00218921	2967	162.685	0.0492485	1312.76	672.93	3.09687	1.61661	615	0	-3.58209	0	20	20
0.00690742	0.00215805	2921.07	162.238	0.0423924	1279.4	660.311	3.09066	1.61661	615	0	-3.45472	0	20	20
0.00691216	0.00212713	2875.66	161.785	0.0364903	1246.47	647.76	3.08432	1.61661	615	0	-3.33051	0	20	20
0.00691703	0.00209646	2830.78	161.325	0.0314096	1213.98	635.281	3.0778	1.61661	615	0	-3.20941	0	20	20
0.00692205	0.00206604	2786.43	160.86	0.027036	1181.92	622.88	3.07111	1.61661	615	0	-3.09141	0	20	20
0.00692722	0.00203588	2742.64	160.389	0.0232712	1150.3	610.561	3.06424	1.61661	615	0	-2.9765	0	20	20
0.00693256	0.00200599	2699.41	159.911	0.0200306	1119.13	598.33	3.05716	1.61661	615	0	-2.86462	0	20	20
0.00693807	0.00197638	2656.75	159.428	0.0172411	1088.41	586.19	3.04988	1.61661	615	0	-2.75577	0	20	20
0.00694377	0.00194705	2614.67	158.938	0.01484	1058.15	574.147	3.04239	1.61661	615	0	-2.64992	0	20	20
0.00694966	0.00191803	2573.18	158.442	0.0127733	1028.36	562.206	3.03465	1.61661	615	0	-2.54703	0	20	20
0.00695574	0.00188931	2532.3	157.94	0.0109943	999.027	550.372	3.0267	1.61661	615	0	-2.4471	0	20	20
0.00696203	0.00186091	2492.04	157.431	0.00946308	970.174	538.649	3.01851	1.61661	615	0	-2.35008	0	20	20
0.00696854	0.00183284	2452.4	156.917	0.00814509	941.803	527.042	3.01005	1.61661	615	0	-2.25595	0	20	20
0.00697529	0.00180511	2413.4	156.396	0.00701065	913.92	515.557	3.00133	1.61661	615	0	-2.16467	0	20	20
0.00698225	0.00177773	2375.06	155.868	0.0060342	886.531	504.199	2.99236	1.61661	615	0	-2.07623	0	20	20
0.00698945	0.00175071	2337.37	155.335	0.00519374	859.644	492.971	2.98312	1.61661	615	0	-1.99057	0	20	20
0.0069969	0.00172407	2300.37	154.795	0.00447034	833.266	481.88	2.97361	1.61661	615	0	-1.90768	0	20	20
0.00700459	0.00169782	2264.05	154.249	0.00384768	807.402	470.929	2.96382	1.61661	615	0	-1.82752	0	20	20
0.00701252	0.00167196	2228.43	153.696	0.00331176	782.061	460.125	2.95378	1.61661	615	0	-1.75006	0	20	20
0.00702069	0.00164652	2193.53	153.137	0.00285047	757.249	449.471	2.94348	1.61661	615	0	-1.67527	0	20	20
0.0070291	0.00162151	2159.35	152.571	0.00245344	732.973	438.973	2.93292	1.61661	615	0	-1.6031	0	20	20
0.00703775	0.00159694	2125.9	151.999	0.0021117	709.24	428.636	2.92212	1.61661	615	0	-1.53353	0	20	20
0.00704663	0.00157282	2093.21	151.421	0.00181757	686.058	418.463	2.91109	1.61661	615	0	-1.46652	0	20	20
0.00705572	0.00154917	2061.27	150.836	0.0015644	663.433	408.461	2.89985	1.61661	615	0	-1.40203	0	20	20
0.00706502	0.00152601	2030.11	150.245	0.00134649	641.372	398.633	2.88841	1.61661	615	0	-1.34002	0	20	20
0.00707451	0.00150334	1999.73	149.647	0.00115894	619.883	388.984	2.87681	1.61661	615	0	-1.28046	0	20	20
0.00708416	0.00148119	1970.14	149.043	0.000997512	598.972	379.518	2.86507	1.61661	615	0	-1.2233	0	20	20
0.00709395	0.00145957	1941.36	148.432	0.000858568	578.646	370.242	2.85322	1.61661	615	0	-1.16852	0	20	20
0.00710385	0.00143849	1913.39	147.815	0.000738977	558.912	361.157	2.84131	1.61661	615	0	-1.11607	0	20	20
0.00711383	0.00141797	1886.25	147.192	0.000636045	539.776	352.27	2.82937	1.61661	615	0	-1.06591	0	20	20
0.00712384	0.00139803	1859.94	146.562	0.000547449	521.244	343.584	2.81746	1.61661	615	0	-1.018	0	20	20
0.00713385	0.00137868	1834.48	145.926	0.000471194	503.322	335.103	2.80561	1.61661	615	0	-0.972297	0	20	20
0.00714382	0.00135993	1809.86	145.283	0.000405561	486.011	326.829	2.79389	1.61661	615	0	-0.928752	0	20	20
0.00715374	0.00134177	1786.07	144.634	0.00034907	469.295	318.76	2.78228	1.61661	615	0	-0.887267	0	20	20
0.00716361	0.00132417	1763.07	143.979	0.000300448	453.154	310.889	2.77079	1.61661	615	0	-0.847735	0	20	20
0.00717346	0.00130713	1740.85	143.317	0.000258598	437.567	303.213	2.7594	1.61661	615	0	-0.810054	0	20	20
0.00718328	0.00129063	1719.37	142.649	0.000222577	422.518	295.727	2.7481	1.61661	615	0	-0.774126	0	20	20
0.00719308	0.00127464	1698.62	141.975	0.000191574	407.985	288.426	2.73688	1.61661	615	0	-0.73986	0	20	20
0.00720287	0.00125916	1678.57	141.295	0.000164889	393.953	281.304	2.72573	1.61661	615	0	-0.70717	0	20	20
0.00721266	0.00124416	1659.2	140.608	0.000141922	380.403	274.359	2.71465	1.61661	615	0	-0.675976	0	20	20
0.00722246	0.00122962	1640.49	139.915	0.000122153	367.319	267.585	2.70362	1.61661	615	0	-0.646199	0	20	20
0.00723226	0.00121555	1622.4	139.216	0.000105138	354.685	260.978	2.69264	1.61661	615	0	-0.617767	0	20	20
0.00724208	0.00120191	1604.94	138.511	9.04933e-05	342.486	254.535	2.68169	1.61661	615	0	-0.59061	0	20	20
0.00725193	0.0011887	1588.06	137.8	7.78883e-05	330.706	248.25	2.67079	1.61661	615	0	-0.564665	0	20	20
0.0072618	0.00117591	1571.77	137.083	6.70391e-05	319.332	242.121	2.65991	1.61661	615	0	-0.539869	0	20	20
0.0072717	0.00116351	1556.03	136.36	5.77011e-05	308.349	236.143	2.64906	1.61661	615	0	-0.516165	0	20	20
0.00728164	0.0011515	1540.82	135.631	4.96638e-05	297.743	230.313	2.63823	1.61661	615	0	-0.493498	0	20	20
0.00729161	0.00113986	1526.14	134.896	4.2746e-05	287.502	224.626	2.62742	1.61661	615	0	-0.471815	0	20	20
0.00730164	0.00112859	1511.96	134.156	3.67919e-05	277.614	219.08	2.61661	1.61661	615	0	-0.451064	0	20	20
0.00731171	0.00111766	1498.28	133.41	3.1667e-05	268.065	213.671	2.60581	1.61661	615	0	-0.431201	0	20	20
0.00732184	0.00110708	1485.06	132.658	2.72561e-05	258.845	208.395	2.59502	1.61661	615	0	-0.412179	0	20	20
0.00733202	0.00109682	1472.3	131.9	2.34595e-05	249.943	203.25	2.58422	1.61661	615	0	-0.393959	0	20	20
0.00734225	0.00108688	1459.98	131.137	2.01918e-05	241.346	198.232	2.57343	1.61661	615	0	-0.376501	0	20	20
0.00735255	0.00107724	1448.09	130.369	1.73792e-05	233.045	193.337	2.56263	1.61661	615	0	-0.359765	0	20	20
0.00736292	0.00106791	1436.61	129.596	1.49585e-05	225.029	188.564	2.55182	1.61661	615	0	-0.343715	0	20	20
0.00737336	0.00105885	1425.54	128.817	1.28749e-05	217.29	183.908	2.541	1.61661	615	0	-0.328317	0	20	20
0.00738385	0.00105008	1414.85	128.033	1.10815e-05	209.816	179.368	2.53018	1.61661	615	0	-0.313542	0	20	20
0.00739441	0.00104158	1404.53	127.243	9.53793e-06	202.599	174.939	2.51935	1.61661	615	0	-0.29936	0	20	20
0.00740505	0.00103334	1394.58	126.449	8.20938e-06	195.631	170.62	2.50851	1.61661	615	0	-0.285737	0	20	20
0.00741576	0.00102534	1384.97	125.65	7.06588e-06	188.902	166.407	2.49766	1.61661	615	0	-0.272648	0	20	20
0.00742654	0.00101759	1375.71	124.847	6.08166e-06	182.405	162.298	2.4868	1.61661	615	0	-0.260067	0	20	20
0.00743739	0.00101008	1366.77	124.038	5.23453e-06	176.132	158.291	2.47593	1.61661	615	0	-0.24797	0	20	20
0.00744832	0.00100279	1358.15	123.225	4.5054e-06	170.074	154.383	2.46505	1.61661	615	0	-0.236331	0	20	20
0.00745933	0.000995727	1349.84	122.407	3.87783e-06	164.224	150.571	2.45415	1.61661	615	0	-0.225127	0	20	20
0.0074704	0.000988874	1341.82	121.585	3.33768e-06	158.576	146.854	2.44325	1.61661	615	0	-0.214343	0	20	20
0.00748156	0.000982226	1334.09	120.759	2.87277e-06	153.121	143.228	2.43234	1.61661	615	0	-0.203953	0	20	20
0.00749279	0.000975776	1326.64	119.928	2.47262e-06	147.855	139.692	2.42142	1.61661	615	0	-0.193939	0	20	20
0.00750409	0.00096952	1319.46	119.094	2.1282e-06	142.769	136.243	2.4105	1.61661	615	0	-0.184285	0	20	20
0.00751546	0.00096345	1312.53	118.255	1.83176e-06	137.859	132.879	2.39957	1.61661	615	0	-0.174972	0	20	20
0.0075269	0.00095756	1305.86	117.413	1.57661e-06	133.117	129.598	2.38864	1.61661	615	0	-0.165983	0	20	20
0.00753841	0.000951844	1299.43	116.567	1.357e-06	128.539	126.398	2.37772	1.61661	615	0	-0.157305	0	20	20
0.00754999	0.000946298	1293.23	115.718	1.16798e-06	124.118	123.277	2.36679	1.61661	615	0	-0.148922	0	20	20
0.00756164	0.000940914	1287.26	114.865	1.00529e-06	119.849	120.234	2.35587	1.61661	615	0	-0.140819	0	20	20
0.00757335	0.000935689	1281.51	114.009	8.65262e-07	115.727	117.265	2.34497	1.61661	615	0	-0.132986	0	20	20
0.00758511	0.000930617	1275.98	113.149	7.44738e-07	111.746	114.37	2.33407	1.61661	615	0	-0.125408	0	20	20
0.00759693	0.000925693	1270.64	112.287	6.41002e-07	107.903	111.546	2.3232	1.61661	615	0	-0.118074	0	20	20
0.0076088	0.000920914	1265.51	111.421	5.51715e-07	104.192	108.792	2.31234	1.61661	615	0	-0.110972	0	20	20
0.00762073	0.000916272	1260.56	110.553	4.74866e-07	100.608	106.106	2.3015	1.61661	615	0	-0.104091	0	20	20
0.0076327	0.000911766	1255.81	109.682	4.08721e-07	97.1475	103.486	2.29069	1.61661	615	0	-0.0974223	0	20	20
0.00764471	0.00090739	1251.23	108.809	3.51789e-07	93.8062	100.931	2.2799	1.61661	615	0	-0.090954	0	20	20
0.00765677	0.000903141	1246.82	107.933	3.02788e-07	90.5798	98.439	2.26915	1.61661	615	0	-0.0846786	0	20	20
0.00766886	0.000899014	1242.59	107.056	2.60612e-07	87.4643	96.0085	2.25843	1.61661	615	0	-0.0785867	0	20	20
0.00768098	0.000895007	1238.51	106.176	2.24311e-07	84.456	93.6381	2.24776	1.61661	615	0	-0.0726725	0	20	20
0.00769313	0.000891115	1234.59	105.294	1.93066e-07	81.5512	91.3261	2.23713	1.61661	615	0	-0.0669255	0	20	20
0.00770529	0.000887336	1230.82	104.411	1.66173e-07	78.7463	89.0713	2.22655	1.61661	615	0	-0.0613397	0	20	20
0.00771747	0.000883665	1227.2	103.526	1.43027e-07	76.0378	86.8721	2.21603	1.61661	615	0	-0.0559083	0	20	20
0.00772966	0.0008801	1223.72	102.639	1.23104e-07	73.4225	84.7272	2.20556	1.61661	615	0	-0.0506254	0	20	20
0.00774184	0.000876639	1220.38	101.751	1.05957e-07	70.8972	82.6353	2.19517	1.61661	615	0	-0.0454867	0	20	20
0.00775403	0.000873277	1217.17	100.862	9.11979e-08	68.4587	80.595	2.18483	1.61661	615	0	-0.0404822	0	20	20
0.00776621	0.000870011	1214.08	99.9722	7.84948e-08	66.1041	78.6051	2.17456	1.61661	615	0	-0.0356059	0	20	20
0.0077784	0.000866839	1211.12	99.0814	6.75611e-08	63.8305	76.6644	2.16436	1.61661	615	0	-0.0308528	0	20	20
0.00779057	0.000863757	1208.28	98.1899	5.81504e-08	61.6351	74.7715	2.15423	1.61661	615	0	-0.0262181	0	20	20
0.00780272	0.000860764	1205.56	97.2979	5.00505e-08	59.5152	72.9254	2.14418	1.61661	615	0	-0.0216975	0	20	20
0.00781486	0.000857857	1202.94	96.4055	4.30789e-08	57.4682	71.1249	2.13421	1.61661	615	0	-0.0172868	0	20	20
0.00782696	0.000855034	1200.44	95.5129	3.70783e-08	55.4916	69.3688	2.12432	1.61661	615	0	-0.0129821	0	20	20
0.00783903	0.000852293	1198.04	94.6203	3.19136e-08	53.583	67.6561	2.11453	1.61661	615	0	-0.00878001	0	20	20
0.00785105	0.000849632	1195.74	93.7278	2.74683e-08	51.74	65.9856	2.10483	1.61661	615	0	-0.00467715	0	20	20
0.00786302	0.000847048	1193.53	92.8355	2.36422e-08	49.9604	64.3564	2.09523	1.61661	615	0	-0.000670488	0	20	20
0.00787494	0.000844541	1191.42	91.9436	2.0349e-08	48.242	62.7675	2.08573	1.61661	615	0	0.00324276	0	20	20
0.00788679	0.000842107	1189.4	91.0524	1.75146e-08	46.5828	61.2177	2.07634	1.61661	615	0	0.00706516	0	20	20
0.00789857	0.000839746	1187.47	90.1618	1.50749e-08	44.9806	59.7063	2.06707	1.61661	615	0	0.010799	0	20	20
0.00791027	0.000837456	1185.62	89.2721	1.29751e-08	43.4335	58.2321	2.05791	1.61661	615	0	0.0144466	0	20	20
0.00792189	0.000835235	1183.86	88.3835	1.11678e-08	41.9396	56.7944	2.04887	1.61661	615	0	0.0180096	0	20	20
0.00793341	0.000833081	1182.17	87.4961	9.61219e-09	40.4971	55.3921	2.03995	1.61661	615	0	0.02149	0	20	20
0.00794484	0.000830993	1180.56	86.61	8.27329e-09	39.1042	54.0245	2.03117	1.61661	615	0	0.0248893	0	20	20
0.00795615	0.00082897	1179.03	85.7254	7.12089e-09	37.7593	52.6906	2.02251	1.61661	615	0	0.0282089	0	20	20
0.00796736	0.00082701	1177.56	84.8425	6.129e-09	36.4606	51.3897	2.01399	1.61661	615	0	0.0314501	0	20	20
0.00797845	0.000825112	1176.16	83.9614	5.27528e-09	35.2065	50.1209	2.0056	1.61661	615	0	0.0346139	0	20	20
0.00798941	0.000823275	1174.83	83.0822	4.54048e-09	33.9956	48.8834	1.99736	1.61661	615	0	0.0377015	0	20	20
0.00800024	0.000821496	1173.57	82.2051	3.90803e-09	32.8263	47.6764	1.98926	1.61661	615	0	0.0407137	0	20	20
0.00801093	0.000819776	1172.36	81.3303	3.36367e-09	31.6973	46.4993	1.9813	1.61661	615	0	0.0436514	0	20	20
0.00802149	0.000818112	1171.22	80.4579	2.89514e-09	30.6071	45.3512	1.97349	1.61661	615	0	0.0465153	0	20	20
0.00803189	0.000816504	1170.13	79.588	2.49187e-09	29.5543	44.2315	1.96583	1.61661	615	0	0.049306	0	20	20
0.00804215	0.000814949	1169.09	78.7207	2.14477e-09	28.5378	43.1394	1.95832	1.61661	615	0	0.0520243	0	20	20
0.00805224	0.000813448	1168.11	77.8563	1.84602e-09	27.5563	42.0743	1.95096	1.61661	615	0	0.0546706	0	20	20
0.00806218	0.000811998	1167.18	76.9948	1.58888e-09	26.6085	41.0355	1.94376	1.61661	615	0	0.0572457	0	20	20
0.00807196	0.000810599	1166.3	76.1364	1.36757e-09	25.6933	40.0223	1.93671	1.61661	615	0	0.0597499	0	20	20
0.00808157	0.000809249	1165.47	75.2813	1.17707e-09	24.8096	39.0342	1.92981	1.61661	615	0	0.062184	0	20	20
0.00809101	0.000807948	1164.68	74.4294	1.01312e-09	23.9563	38.0704	1.92306	1.61661	615	0	0.0645484	0	20	20
0.00810028	0.000806693	1163.94	73.5811	8.71998e-10	23.1323	37.1304	1.91646	1.61661	615	0	0.0668439	0	20	20
0.00810937	0.000805485	1163.23	72.7364	7.50536e-10	22.3367	36.2137	1.91002	1.61661	615	0	0.0690709	0	20	20
0.0081183	0.000804321	1162.57	71.8953	6.45992e-10	21.5684	35.3196	1.90373	1.61661	615	0	0.0712302	0	20	20
0.00812704	0.0008032	1161.95	71.0582	5.56011e-10	20.8266	34.4475	1.89759	1.61661	615	0	0.0733225	0	20	20
0.00813562	0.000802122	1161.37	70.225	4.78563e-10	20.1103	33.597	1.8916	1.61661	615	0	0.0753486	0	20	20
0.00814402	0.000801085	1160.82	69.3959	4.11903e-10	19.4186	32.7675	1.88575	1.61661	615	0	0.0773093	0	20	20
0.00815224	0.000800088	1160.31	68.571	3.54528e-10	18.7507	31.9585	1.88005	1.61661	615	0	0.0792055	0	20	20
0.00816029	0.00079913	1159.83	67.7505	3.05145e-10	18.1058	31.1694	1.87449	1.61661	615	0	0.081038	0	20	20
0.00816816	0.00079821	1159.38	66.9343	2.62641e-10	17.483	30.3998	1.86908	1.61661	615	0	0.0828079	0	20	20
0.00817587	0.000797326	1158.96	66.1227	2.26057e-10	16.8817	29.6493	1.8638	1.61661	615	0	0.0845163	0	20	20
0.0081834	0.000796478	1158.57	65.3158	1.94569e-10	16.3011	28.9172	1.85865	1.61661	615	0	0.0861641	0	20	20
0.00819077	0.000795664	1158.21	64.5135	1.67467e-10	15.7404	28.2032	1.85364	1.61661	615	0	0.0877526	0	20	20
0.00819797	0.000794884	1157.88	63.7161	1.4414e-10	15.199	27.5069	1.84876	1.61661	615	0	0.089283	0	20	20
0.00820501	0.000794135	1157.57	62.9236	1.24063e-10	14.6763	26.8278	1.84401	1.61661	615	0	0.0907565	0	20	20
0.00821189	0.000793418	1157.29	62.1362	1.06782e-10	14.1715	26.1654	1.83938	1.61661	615	0	0.0921744	0	20	20
0.00821861	0.000792731	1157.03	61.3539	9.1908e-11	13.6841	25.5194	1.83487	1.61661	615	0	0.0935379	0	20	20
0.00822518	0.000792073	1156.79	60.5767	7.91059e-11	13.2134	24.8893	1.83047	1.61661	615	0	0.0948485	0	20	20
0.0082316	0.000791443	1156.58	59.8049	6.80871e-11	12.7589	24.2748	1.8262	1.61661	615	0	0.0961075	0	20	20
0.00823787	0.00079084	1156.38	59.0384	5.86031e-11	12.3201	23.6754	1.82203	1.61661	615	0	0.0973163	0	20	20
0.00824399	0.000790263	1156.21	58.2773	5.04402e-11	11.8963	23.0909	1.81797	1.61661	615	0	0.0984762	0	20	20
0.00824998	0.000789712	1156.06	57.5218	4.34142e-11	11.4872	22.5208	1.81402	1.61661	615	0	0.0995887	0	20	20
0.00825583	0.000789184	1155.92	56.7719	3.7367e-11	11.0921	21.9647	1.81017	1.61661	615	0	0.100655	0	20	20
0.00826154	0.00078868	1155.8	56.0276	3.21621e-11	10.7106	21.4224	1.80641	1.61661	615	0	0.101677	0	20	20
0.00826713	0.000788198	1155.7	55.289	2.76821e-11	10.3422	20.8935	1.80275	1.61661	615	0	0.102656	0	20	20
0.00827259	0.000787738	1155.62	54.5562	2.38262e-11	9.98647	20.3776	1.79919	1.61661	615	0	0.103593	0	20	20
0.00827792	0.000787298	1155.55	53.8293	2.05074e-11	9.64299	19.8745	1.79571	1.61661	615	0	0.104489	0	20	20
0.00828314	0.000786878	1155.49	53.1082	1.76509e-11	9.31132	19.3838	1.79232	1.61661	615	0	0.105346	0	20	20
0.00828824	0.000786477	1155.45	52.3932	1.51923e-11	8.99106	18.9052	1.78901	1.61661	615	0	0.106166	0	20	20
0.00829323	0.000786095	1155.42	51.6841	1.30761e-11	8.68182	18.4384	1.78578	1.61661	615	0	0.106949	0	20	20
0.00829811	0.00078573	1155.41	50.981	1.12547e-11	8.38321	17.9832	1.78264	1.61661	615	0	0.107697	0	20	20
0.00830289	0.000785383	1155.41	50.2841	9.68703e-12	8.09487	17.5392	1.77956	1.61661	615	0	0.108412	0	20	20
0.00830756	0.000785051	1155.42	49.5933	8.3377e-12	7.81645	17.1061	1.77656	1.61661	615	0	0.109093	0	20	20
0.00831213	0.000784735	1155.44	48.9087	7.17633e-12	7.54761	16.6838	1.77363	1.61661	615	0	0.109744	0	20	20
0.00831661	0.000784434	1155.47	48.2303	6.17672e-12	7.28801	16.2719	1.77076	1.61661	615	0	0.110364	0	20	20
0.008321	0.000784147	1155.51	47.5582	5.31635e-12	7.03734	15.8701	1.76796	1.61661	615	0	0.110955	0	20	20
0.0083253	0.000783873	1155.56	46.8923	4.57583e-12	6.7953	15.4783	1.76523	1.61661	615	0	0.111518	0	20	20
0.00832951	0.000783613	1155.62	46.2327	3.93845e-12	6.56158	15.0961	1.76255	1.61661	615	0	0.112055	0	20	20
0.00833364	0.000783365	1155.69	45.5795	3.38986e-12	6.33589	14.7234	1.75993	1.61661	615	0	0.112565	0	20	20
0.00833769	0.00078313	1155.76	44.9326	2.91768e-12	6.11797	14.3599	1.75737	1.61661	615	0	0.113051	0	20	20
0.00834166	0.000782905	1155.85	44.2921	2.51127e-12	5.90755	14.0053	1.75486	1.61661	615	0	0.113514	0	20	20
0.00834555	0.000782692	1155.94	43.658	2.16147e-12	5.70436	13.6595	1.75241	1.61661	615	0	0.113953	0	20	20
0.00834937	0.000782489	1156.04	43.0302	1.86039e-12	5.50816	13.3223	1.75	1.61661	615	0	0.114371	0	20	20
0.00835296	0.000782311	1156.15	42.409	1.60125e-12	5.31871	12.9933	1.74775	1.61661	615	0	0.11487	0	20	20
0.00835571	0.000782208	1156.26	41.7941	1.37821e-12	5.13578	12.6725	1.74602	1.61661	615	0	0.115823	0	20	20
0.00835846	0.000782111	1156.38	41.1856	1.18624e-12	4.95913	12.3597	1.7443	1.61661	615	0	0.116731	0	20	20
0.00836121	0.000782019	1156.52	40.5837	1.02101e-12	4.78857	12.0545	1.74258	1.61661	615	0	0.117594	0	20	20
0.00836395	0.000781931	1156.65	39.9881	8.78787e-13	4.62386	11.7569	1.74087	1.61661	615	0	0.118415	0	20	20
0.00836668	0.000781849	1156.8	39.399	7.56379e-13	4.46483	11.4666	1.73917	1.61661	615	0	0.119195	0	20	20
0.0083694	0.000781771	1156.95	38.8163	6.51022e-13	4.31126	11.1835	1.73747	1.61661	615	0	0.119935	0	20	20
0.00837211	0.000781697	1157.11	38.2401	5.60339e-13	4.16298	10.9074	1.73578	1.61661	615	0	0.120637	0	20	20
0.00837482	0.000781628	1157.28	37.6703	4.82289e-13	4.0198	10.638	1.7341	1.61661	615	0	0.121303	0	20	20
0.00837752	0.000781562	1157.45	37.1069	4.1511e-13	3.88154	10.3754	1.73242	1.61661	615	0	0.121933	0	20	20
0.0083802	0.0007815	1157.62	36.5499	3.57288e-13	3.74803	10.1192	1.73076	1.61661	615	0	0.122529	0	20	20
0.00838288	0.000781442	1157.81	35.9993	3.07521e-13	3.61912	9.86938	1.7291	1.61661	615	0	0.123092	0	20	20
0.00838554	0.000781388	1157.99	35.4551	2.64686e-13	3.49464	9.62571	1.72746	1.61661	615	0	0.123624	0	20	20
0.00838819	0.000781336	1158.18	34.9173	2.27817e-13	3.37445	9.38805	1.72582	1.61661	615	0	0.124125	0	20	20
0.00839083	0.000781288	1158.38	34.3858	1.96084e-13	3.25838	9.15625	1.72419	1.61661	615	0	0.124597	0	20	20
0.00839346	0.000781242	1158.57	33.8607	1.68771e-13	3.14631	8.93019	1.72257	1.61661	615	0	0.125041	0	20	20
0.00839608	0.0007812	1158.78	33.3418	1.45263e-13	3.0381	8.7097	1.72096	1.61661	615	0	0.125458	0	20	20
0.00839868	0.00078116	1158.98	32.8292	1.25029e-13	2.9336	8.49466	1.71936	1.61661	615	0	0.125849	0	20	20
0.00840127	0.000781122	1159.19	32.3229	1.07613e-13	2.8327	8.28492	1.71777	1.61661	615	0	0.126214	0	20	20
0.00840385	0.000781087	1159.4	31.8229	9.26235e-14	2.73527	8.08037	1.71619	1.61661	615	0	0.126556	0	20	20
0.00840641	0.000781055	1159.62	31.329	7.97218e-14	2.64119	7.88086	1.71462	1.61661	615	0	0.126875	0	20	20
0.00840897	0.000781024	1159.83	30.8413	6.86172e-14	2.55035	7.68628	1.71306	1.61661	615	0	0.127171	0	20	20
0.0084115	0.000780996	1160.05	30.3597	5.90593e-14	2.46263	7.49651	1.71151	1.61661	615	0	0.127446	0	20	20
0.00841403	0.000780969	1160.27	29.8843	5.08329e-14	2.37793	7.31142	1.70997	1.61661	615	0	0.1277	0	20	20
0.00841654	0.000780944	1160.49	29.4149	4.37522e-14	2.29614	7.1309	1.70844	1.61661	615	0	0.127935	0	20	20
0.00841904	0.000780921	1160.72	28.9516	3.76579e-14	2.21717	6.95484	1.70692	1.61661	615	0	0.128151	0	20	20
0.00842152	0.0007809	1160.94	28.4943	3.24125e-14	2.14091	6.78312	1.70541	1.61661	615	0	0.128349	0	20	20
0.00842399	0.00078088	1161.17	28.0429	2.78977e-14	2.06727	6.61564	1.70391	1.61661	615	0	0.128529	0	20	20
0.00842645	0.000780861	1161.4	27.5975	2.40117e-14	1.99617	6.4523	1.70242	1.61661	615	0	0.128693	0	20	20
0.00842889	0.000780844	1161.63	27.158	2.06671e-14	1.92751	6.293	1.70094	1.61661	615	0	0.128841	0	20	20
0.00843132	0.000780828	1161.86	26.7243	1.77883e-14	1.86122	6.13762	1.69947	1.61661	615	0	0.128973	0	20	20
0.00843374	0.000780813	1162.09	26.2965	1.53106e-14	1.7972	5.98608	1.69801	1.61661	615	0	0.129091	0	20	20
0.00843614	0.000780799	1162.32	25.8744	1.31779e-14	1.73539	5.83829	1.69656	1.61661	615	0	0.129195	0	20	20
0.00843853	0.000780786	1162.56	25.458	1.13423e-14	1.6757	5.69414	1.69512	1.61661	615	0	0.129285	0	20	20
0.00844091	0.000780774	1162.79	25.0473	9.76244e-15	1.61806	5.55355	1.69369	1.61661	615	0	0.129363	0	20	20
0.00844327	0.000780763	1163.02	24.6423	8.40261e-15	1.56241	5.41643	1.69226	1.61661	615	0	0.129428	0	20	20
0.00844562	0.000780752	1163.26	24.2428	7.2322e-15	1.50867	5.2827	1.69085	1.61661	615	0	0.129481	0	20	20
0.00844795	0.000780742	1163.49	23.8489	6.22481e-15	1.45678	5.15227	1.68945	1.61661	615	0	0.129523	0	20	20
0.00845028	0.000780733	1163.72	23.4604	5.35774e-15	1.40668	5.02506	1.68806	1.61661	615	0	0.129555	0	20	20
0.00845259	0.000780724	1163.96	23.0775	4.61145e-15	1.3583	4.90099	1.68667	1.61661	615	0	0.129576	0	20	20
0.00845489	0.000780715	1164.19	22.6999	3.96911e-15	1.31158	4.77998	1.6853	1.61661	615	0	0.129587	0	20	20
0.00845716	0.000780725	1164.45	22.3277	3.41625e-15	1.26647	4.66197	1.68394	1.61661	615	0	0.129592	0	20	20
0.00845939	0.000780768	1164.75	21.9608	2.94039e-15	1.22291	4.54686	1.68261	1.61661	615	0	0.129594	0	20	20
0.00846159	0.000780844	1165.11	21.5991	2.53082e-15	1.18085	4.4346	1.6813	1.61661	615	0	0.129594	0	20	20
0.00846375	0.000780951	1165.51	21.2427	2.1783e-15	1.14023	4.32511	1.68001	1.61661	615	0	0.129592	0	20	20
0.00846587	0.000781089	1165.95	20.8914	1.87488e-15	1.10101	4.21832	1.67875	1.61661	615	0	0.129588	0	20	20
0.00846796	0.000781254	1166.43	20.5452	1.61372e-15	1.06314	4.11417	1.6775	1.61661	615	0	0.129583	0	20	20
0.00847002	0.000781447	1166.95	20.204	1.38894e-15	1.02658	4.01259	1.67628	1.61661	615	0	0.129577	0	20	20
0.00847204	0.000781667	1167.51	19.8679	1.19547e-15	0.991269	3.91352	1.67508	1.61661	615	0	0.12957	0	20	20
0.00847404	0.000781911	1168.1	19.5367	1.02895e-15	0.957175	3.81689	1.6739	1.61661	615	0	0.129562	0	20	20
0.008476	0.000782179	1168.73	19.2104	8.85629e-16	0.924253	3.72266	1.67273	1.61661	615	0	0.129554	0	20	20
0.00847794	0.00078247	1169.39	18.8889	7.62268e-16	0.892464	3.63074	1.67159	1.61661	615	0	0.129545	0	20	20
0.00847984	0.000782783	1170.08	18.5723	6.5609e-16	0.861768	3.5411	1.67046	1.61661	615	0	0.129537	0	20	20
0.00848172	0.000783116	1170.8	18.2604	5.64702e-16	0.832128	3.45367	1.66935	1.61661	615	0	0.129529	0	20	20
0.00848358	0.00078347	1171.55	17.9532	4.86043e-16	0.803507	3.3684	1.66826	1.61661	615	0	0.129521	0	20	20
0.00848541	0.000783843	1172.33	17.6506	4.18342e-16	0.775871	3.28523	1.66718	1.61661	615	0	0.129513	0	20	20
0.00848721	0.000784233	1173.13	17.3526	3.6007e-16	0.749185	3.20412	1.66612	1.61661	615	0	0.129506	0	20	20
0.00848899	0.000784641	1173.96	17.0592	3.09915e-16	0.723417	3.12501	1.66507	1.61661	615	0	0.129499	0	20	20
0.00849075	0.000785066	1174.81	16.7702	2.66746e-16	0.698536	3.04785	1.66404	1.61661	615	0	0.129493	0	20	20
0.00849248	0.000785506	1175.69	16.4856	2.29591e-16	0.67451	2.9726	1.66302	1.61661	615	0	0.129488	0	20	20
0.00849419	0.000785962	1176.58	16.2055	1.97611e-16	0.65131	2.89921	1.66201	1.61661	615	0	0.129484	0	20	20
0.00849588	0.000786432	1177.5	15.9296	1.70085e-16	0.628909	2.82763	1.66102	1.61661	615	0	0.129481	0	20	20
0.00849756	0.000786915	1178.43	15.6581	1.46393e-16	0.607278	2.75781	1.66004	1.61661	615	0	0.129479	0	20	20
0.00849921	0.000787412	1179.39	15.3907	1.26002e-16	0.586391	2.68972	1.65907	1.61661	615	0	0.129478	0	20	20
0.00850084	0.000787921	1180.36	15.1275	1.08451e-16	0.566222	2.62331	1.65811	1.61661	615	0	0.129478	0	20	20
0.00850246	0.000788442	1181.35	14.8685	9.33446e-17	0.546747	2.55854	1.65717	1.61661	615	0	0.129479	0	20	20
0.00850405	0.000788974	1182.36	14.6135	8.03424e-17	0.527942	2.49537	1.65624	1.61661	615	0	0.129482	0	20	20
0.00850563	0.000789517	1183.38	14.3625	6.91514e-17	0.509784	2.43376	1.65531	1.61661	615	0	0.129486	0	20	20
0.00850719	0.00079007	1184.41	14.1155	5.95191e-17	0.49225	2.37367	1.6544	1.61661	615	0	0.129491	0	20	20
0.00850874	0.000790633	1185.46	13.8724	5.12286e-17	0.475319	2.31506	1.6535	1.61661	615	0	0.129497	0	20	20
0.00851027	0.000791205	1186.53	13.6332	4.40929e-17	0.458971	2.2579	1.65261	1.61661	615	0	0.129505	0	20	20
0.00851179	0.000791786	1187.6	13.3977	3.79511e-17	0.443185	2.20216	1.65172	1.61661	615	0	0.129514	0	20	20
0.00851329	0.000792376	1188.69	13.1661	3.26648e-17	0.427941	2.14779	1.65085	1.61661	615	0	0.129525	0	20	20
0.00851478	0.000792973	1189.79	12.9381	2.81149e-17	0.413223	2.09476	1.64999	1.61661	615	0	0.129537	0	20	20
0.00851625	0.000793578	1190.9	12.7138	2.41987e-17	0.39901	2.04304	1.64913	1.61661	615	0	0.12955	0	20	20
0.00851771	0.00079419	1192.02	12.4932	2.0828e-17	0.385286	1.99259	1.64828	1.61661	615	0	0.129565	0	20	20
0.00851916	0.000794809	1193.15	12.2761	1.79268e-17	0.372034	1.9434	1.64744	1.61661	615	0	0.129582	0	20	20
0.00852059	0.000795434	1194.29	12.0625	1.54298e-17	0.359238	1.89541	1.64661	1.61661	615	0	0.1296	0	20	20
0.00852202	0.000796065	1195.44	11.8524	1.32805e-17	0.346883	1.84862	1.64579	1.61661	615	0	0.129619	0	20	20
0.00852343	0.000796702	1196.59	11.6457	1.14306e-17	0.334952	1.80297	1.64497	1.61661	615	0	0.12964	0	20	20
0.00852483	0.000797345	1197.76	11.4423	9.83845e-18	0.323431	1.75846	1.64416	1.61661	615	0	0.129662	0	20	20
0.00852622	0.000797993	1198.93	11.2423	8.46803e-18	0.312307	1.71504	1.64335	1.61661	615	0	0.129686	0	20	20
0.00852759	0.000798646	1200.11	11.0456	7.2885e-18	0.301565	1.6727	1.64256	1.61661	615	0	0.129712	0	20	20
0.00852896	0.000799303	1201.3	10.8521	6.27327e-18	0.291193	1.6314	1.64177	1.61661	615	0	0.129739	0	20	20
0.00853032	0.000799965	1202.49	10.6619	5.39946e-18	0.281178	1.59112	1.64098	1.61661	615	0	0.129767	0	20	20
0.00853167	0.00080063	1203.69	10.4747	4.64735e-18	0.271507	1.55183	1.64021	1.61661	615	0	0.129798	0	20	20
0.00853301	0.0008013	1204.89	10.2906	4.00001e-18	0.262168	1.51352	1.63943	1.61661	615	0	0.129829	0	20	20
0.00853433	0.000801973	1206.1	10.1096	3.44284e-18	0.253151	1.47615	1.63867	1.61661	615	0	0.129862	0	20	20
0.00853565	0.00080265	1207.31	9.93164	2.96328e-18	0.244444	1.4397	1.63791	1.61661	615	0	0.129897	0	20	20
0.00853697	0.00080333	1208.53	9.75661	2.55052e-18	0.236036	1.40416	1.63715	1.61661	615	0	0.129933	0	20	20
0.00853827	0.000804013	1209.76	9.5845	2.19525e-18	0.227918	1.36949	1.6364	1.61661	615	0	0.129971	0	20	20
0.00853957	0.000804699	1210.98	9.41527	1.88947e-18	0.220079	1.33568	1.63566	1.61661	615	0	0.13001	0	20	20
0.00854085	0.000805387	1212.22	9.24887	1.62628e-18	0.212509	1.3027	1.63492	1.61661	615	0	0.130051	0	20	20
0.00854213	0.000806078	1213.45	9.08527	1.39976e-18	0.2052	1.27053	1.63419	1.61661	615	0	0.130093	0	20	20
0.0085434	0.000806771	1214.69	8.92441	1.20478e-18	0.198142	1.23916	1.63346	1.61661	615	0	0.130137	0	20	20
0.00854467	0.000807467	1215.93	8.76627	1.03696e-18	0.191327	1.20857	1.63273	1.61661	615	0	0.130183	0	20	20
0.00854593	0.000808164	1217.18	8.6108	8.92524e-19	0.184747	1.17873	1.63201	1.61661	615	0	0.130229	0	20	20
0.00854718	0.000808863	1218.42	8.45795	7.68203e-19	0.178393	1.14963	1.63129	1.61661	615	0	0.130278	0	20	20
0.00854842	0.000809564	1219.67	8.3077	6.61198e-19	0.172257	1.12124	1.63058	1.61661	615	0	0.130328	0	20	20
0.00854966	0.000810266	1220.92	8.15999	5.69098e-19	0.166332	1.09356	1.62987	1.61661	615	0	0.130379	0	20	20
0.00855089	0.00081097	1222.18	8.0148	4.89828e-19	0.160611	1.06656	1.62917	1.61661	615	0	0.130432	0	20	20
0.00855212	0.000811675	1223.43	7.87207	4.21598e-19	0.155087	1.04023	1.62847	1.61661	615	0	0.130486	0	20	20
0.00855333	0.000812382	1224.69	7.73179	3.62873e-19	0.149753	1.01454	1.62777	1.61661	615	0	0.130541	0	20	20
0.00855455	0.000813089	1225.95	7.59389	3.12328e-19	0.144602	0.989493	1.62708	1.61661	615	0	0.130599	0	20	20
0.00855575	0.000813798	1227.21	7.45836	2.68823e-19	0.139629	0.965062	1.62639	1.61661	615	0	0.130657	0	20	20
0.00855696	0.000814507	1228.48	7.32515	2.31378e-19	0.134826	0.941235	1.62571	1.61661	615	0	0.130717	0	20	20
0.00855815	0.000815217	1229.74	7.19422	1.99149e-19	0.130189	0.917995	1.62502	1.61661	615	0	0.130778	0	20	20
0.00855934	0.000815928	1231	7.06554	1.71409e-19	0.125711	0.89533	1.62435	1.61661	615	0	0.130841	0	20	20
0.00856053	0.000816639	1232.27	6.93908	1.47533e-19	0.121387	0.873224	1.62367	1.61661	615	0	0.130905	0	20	20
0.00856171	0.000817351	1233.54	6.8148	1.26983e-19	0.117212	0.851664	1.623	1.61661	615	0	0.130971	0	20	20
0.00856289	0.000818064	1234.8	6.69266	1.09295e-19	0.113181	0.830637	1.62233	1.61661	615	0	0.131038	0	20	20
