0.00936804	
0.00743729	
0.0058768	
0.00508708	
0.00460694	
0.00427297	
0.00401593	
0.00380732	
0.00364834	
0.00355555	
0.00355517	
0.0036789	
0.00389632	
0.00418639	
0.00454088	
0.00496066	
0.00545234	
0.00602613	
0.00669458	
0.00747139	
0.00836994	
0.00940097	
0.0105687	
0.0118652	
0.0132624	
0.0147168	
0.0162221	
0.0178009	
0.0195027	
0.0213919	
0.0233244	
0.0253226	
0.0274419	
0.0296055	
0.0340222	
0.0390975	
0.0413625	
0.0417932	
0.0412503	
0.0403379	
0.0394108	
0.0386155	
0.0379844	
0.0375053	
0.0371538	
0.0369055	
0.0367393	
0.036638	
0.0366073	
0.0366673	
0.0368016	
0.036995	
0.0372339	
0.0375064	
0.0378021	
0.038112	
0.0384286	
0.0387453	
0.0390569	
0.0393594	
0.0396494	
0.0399247	
0.0401837	
0.0404253	
0.0406493	
0.0408554	
0.0410441	
0.041216	
0.0413717	
0.0415122	
0.0416384	
0.0417514	
0.041852	
