0.00866572	0.000693067	1111.6	256.922	76.5	0	0	1.56526	1.61661	615	0	0.149389	0	20	20
0.00874083	0.000705036	1139.33	256.922	76.4694	18.5315	6.24504	1.52525	1.61661	615	0	-0.0959609	0	20	20
0.00885707	0.000729835	1193.01	256.922	76.4339	54.3226	18.4277	1.46598	1.61661	615	0	-0.542231	0	20	20
0.00893897	0.000754822	1243.71	256.922	76.3927	88.8839	30.31	1.42606	1.61661	615	0	-0.92952	0	20	20
0.00899611	0.000779949	1292.19	256.922	76.3448	122.249	41.8965	1.39906	1.61661	615	0	-1.26962	0	20	20
0.00903436	0.000804828	1338.29	256.922	76.2893	154.453	53.192	1.38136	1.61661	615	0	-1.5694	0	20	20
0.00905855	0.000829188	1381.98	256.922	76.2249	185.526	64.2012	1.37033	1.61661	615	0	-1.83438	0	20	20
0.00907241	0.000852873	1423.36	256.922	76.1502	215.504	74.9292	1.36405	1.61661	615	0	-2.06966	0	20	20
0.00907875	0.000875817	1462.59	256.922	76.0636	244.417	85.3811	1.3612	1.61661	615	0	-2.27976	0	20	20
0.00907958	0.000898014	1499.87	256.922	75.9633	272.298	95.5623	1.36082	1.61661	615	0	-2.46856	0	20	20
0.0090764	0.000919491	1535.4	256.922	75.847	299.18	105.479	1.36226	1.61661	615	0	-2.63932	0	20	20
0.00907025	0.000940291	1569.38	256.922	75.7124	325.096	115.136	1.36503	1.61661	615	0	-2.79469	0	20	20
0.0090619	0.000960461	1601.96	256.922	75.5566	350.078	124.54	1.36881	1.61661	615	0	-2.93683	0	20	20
0.00905192	0.000980041	1633.28	256.922	75.3764	374.161	133.699	1.37334	1.61661	615	0	-3.06753	0	20	20
0.0090407	0.00099907	1663.45	256.922	75.1681	397.378	142.619	1.37846	1.61661	615	0	-3.18821	0	20	20
0.00902855	0.00101758	1692.56	256.922	74.9275	419.765	151.308	1.38403	1.61661	615	0	-3.30006	0	20	20
0.00901569	0.00103559	1720.67	256.922	74.6499	441.358	159.774	1.38996	1.61661	615	0	-3.40409	0	20	20
0.00900231	0.00105312	1747.86	256.922	74.33	462.193	168.026	1.39617	1.61661	615	0	-3.50114	0	20	20
0.00898852	0.0010702	1774.16	256.922	73.9617	482.308	176.074	1.40261	1.61661	615	0	-3.59193	0	20	20
0.00897443	0.00108684	1799.62	256.922	73.5383	501.743	183.926	1.40922	1.61661	615	0	-3.6771	0	20	20
0.0089601	0.00110307	1824.27	256.922	73.0526	520.537	191.594	1.41599	1.61661	615	0	-3.75722	0	20	20
0.00894561	0.0011189	1848.17	256.922	72.4961	538.732	199.089	1.42289	1.61661	615	0	-3.83277	0	20	20
0.00893097	0.00113435	1871.33	256.922	71.8602	556.368	206.421	1.4299	1.61661	615	0	-3.90422	0	20	20
0.00891622	0.00114944	1893.81	256.922	71.1353	573.487	213.602	1.437	1.61661	615	0	-3.97196	0	20	20
0.00890138	0.00116419	1915.63	256.922	70.3111	590.129	220.644	1.4442	1.61661	615	0	-4.03636	0	20	20
0.00888646	0.00117862	1936.82	256.922	69.3773	606.334	227.558	1.45149	1.61661	615	0	-4.09775	0	20	20
0.00887147	0.00119276	1957.42	256.922	68.323	622.139	234.355	1.45886	1.61661	615	0	-4.15642	0	20	20
0.00885641	0.00120662	1977.46	256.921	67.1377	637.576	241.043	1.46631	1.61661	615	0	-4.21262	0	20	20
0.00884128	0.00122021	1996.94	256.921	65.8111	652.672	247.631	1.47385	1.61661	615	0	-4.26657	0	20	20
0.0088261	0.00123354	2015.9	256.921	64.3342	667.447	254.122	1.48147	1.61661	615	0	-4.31844	0	20	20
0.00881088	0.00124661	2034.31	256.921	62.6995	681.911	260.521	1.48916	1.61661	615	0	-4.36837	0	20	20
0.00879565	0.00125942	2052.18	256.921	60.9015	696.062	266.824	1.49691	1.61661	615	0	-4.41643	0	20	20
0.00878044	0.00127193	2069.48	256.921	58.9379	709.885	273.025	1.50471	1.61661	615	0	-4.46266	0	20	20
0.0087653	0.00128412	2086.16	256.921	56.8097	723.35	279.113	1.51252	1.61661	615	0	-4.50706	0	20	20
0.00875031	0.00129595	2102.16	256.921	54.5225	736.411	285.07	1.5203	1.61661	615	0	-4.54956	0	20	20
0.00873554	0.00130734	2117.42	256.92	52.086	749.004	290.874	1.52803	1.61661	615	0	-4.59004	0	20	20
0.0087211	0.00131825	2131.82	256.92	49.5151	761.053	296.497	1.53563	1.61661	615	0	-4.62836	0	20	20
0.00870711	0.00132857	2145.28	256.92	46.8297	772.466	301.907	1.54304	1.61661	615	0	-4.66435	0	20	20
0.00869368	0.00133821	2157.68	256.92	44.0538	783.142	307.067	1.55021	1.61661	615	0	-4.69778	0	20	20
0.00868095	0.0013471	2168.89	256.92	41.2153	792.978	311.939	1.55703	1.61661	615	0	-4.72844	0	20	20
0.00866905	0.00135513	2178.82	256.919	38.3448	801.868	316.485	1.56346	1.61661	615	0	-4.75613	0	20	20
0.00865811	0.00136221	2187.34	256.919	35.4743	809.713	320.669	1.56939	1.61661	615	0	-4.78063	0	20	20
0.00864823	0.00136826	2194.39	256.919	32.6358	816.427	324.457	1.57478	1.61661	615	0	-4.80178	0	20	20
0.00863952	0.00137324	2199.88	256.918	29.8599	821.94	327.824	1.57954	1.61661	615	0	-4.81944	0	20	20
0.00863204	0.00137708	2203.78	256.918	27.1745	826.202	330.748	1.58365	1.61661	615	0	-4.83352	0	20	20
0.00862586	0.00137977	2206.07	256.918	24.6037	829.185	333.217	1.58706	1.61661	615	0	-4.84397	0	20	20
0.00862099	0.00138131	2206.76	256.917	22.1672	830.885	335.225	1.58975	1.61661	615	0	-4.8508	0	20	20
0.00861734	0.00138172	2205.89	256.917	19.8799	831.319	336.775	1.59177	1.61661	615	0	-4.85348	0	20	20
0.00861405	0.00138116	2203.51	256.916	17.7517	830.526	337.875	1.5936	1.61661	615	0	-4.84689	0	20	20
0.0086111	0.00137967	2199.71	256.916	15.7881	828.561	338.542	1.59524	1.61661	615	0	-4.83151	0	20	20
0.00860846	0.00137732	2194.59	256.915	13.9901	825.49	338.796	1.5967	1.61661	615	0	-4.80792	0	20	20
0.00860613	0.00137417	2188.24	256.914	12.3554	821.392	338.659	1.598	1.61661	615	0	-4.77677	0	20	20
0.00860406	0.00137027	2180.77	256.913	10.8785	816.35	338.159	1.59915	1.61661	615	0	-4.73874	0	20	20
0.00860224	0.00136571	2172.29	256.913	9.55195	810.449	337.321	1.60017	1.61661	615	0	-4.69452	0	20	20
0.00860064	0.00136055	2162.9	256.912	8.36659	803.777	336.174	1.60106	1.61661	615	0	-4.64481	0	20	20
0.00859923	0.00135484	2152.7	256.911	7.31231	796.417	334.744	1.60185	1.61661	615	0	-4.59027	0	20	20
0.008598	0.00134866	2141.79	256.91	6.37848	788.447	333.058	1.60254	1.61661	615	0	-4.53152	0	20	20
0.00859692	0.00134206	2130.25	256.909	5.55436	779.943	331.14	1.60314	1.61661	615	0	-4.46916	0	20	20
0.00859598	0.00133508	2118.16	256.907	4.8294	770.974	329.012	1.60367	1.61661	615	0	-4.40373	0	20	20
0.00859515	0.00132778	2105.59	256.906	4.19349	761.602	326.695	1.60413	1.61661	615	0	-4.33569	0	20	20
0.00859443	0.0013202	2092.62	256.904	3.63707	751.882	324.209	1.60454	1.61661	615	0	-4.2655	0	20	20
0.00859379	0.00131238	2079.29	256.903	3.15127	741.866	321.571	1.60489	1.61661	615	0	-4.19354	0	20	20
0.00859323	0.00130434	2065.66	256.901	2.72794	731.598	318.796	1.60521	1.61661	615	0	-4.12014	0	20	20
0.00859274	0.00129613	2051.77	256.899	2.35965	721.118	315.898	1.60548	1.61661	615	0	-4.04561	0	20	20
0.00859231	0.00128776	2037.67	256.897	2.03971	710.46	312.888	1.60572	1.61661	615	0	-3.97021	0	20	20
0.00859193	0.00127926	2023.39	256.894	1.76213	699.653	309.779	1.60594	1.61661	615	0	-3.89416	0	20	20
0.0085916	0.00127064	2008.95	256.892	1.52155	688.725	306.58	1.60612	1.61661	615	0	-3.81766	0	20	20
0.0085913	0.00126193	1994.39	256.889	1.31324	677.698	303.299	1.60629	1.61661	615	0	-3.74088	0	20	20
0.00859105	0.00125314	1979.73	256.886	1.13301	666.592	299.944	1.60643	1.61661	615	0	-3.66397	0	20	20
0.00859084	0.00124429	1964.99	256.883	0.977206	655.425	296.521	1.60655	1.61661	615	0	-3.58705	0	20	20
0.00859065	0.00123538	1950.18	256.879	0.842585	644.212	293.037	1.60665	1.61661	615	0	-3.51025	0	20	20
0.00859051	0.00122642	1935.32	256.875	0.726331	632.966	289.498	1.60673	1.61661	615	0	-3.43364	0	20	20
0.00859039	0.00121743	1920.44	256.871	0.625985	621.698	285.907	1.6068	1.61661	615	0	-3.35733	0	20	20
0.00859031	0.00120841	1905.53	256.866	0.539403	610.42	282.271	1.60684	1.61661	615	0	-3.28137	0	20	20
0.00859027	0.00119937	1890.62	256.861	0.464724	599.14	278.592	1.60687	1.61661	615	0	-3.20585	0	20	20
0.00859026	0.00119032	1875.71	256.856	0.400329	587.867	274.875	1.60687	1.61661	615	0	-3.13081	0	20	20
0.00859029	0.00118127	1860.81	256.85	0.344818	576.608	271.123	1.60686	1.61661	615	0	-3.05631	0	20	20
0.00859036	0.00117221	1845.94	256.843	0.296973	565.37	267.34	1.60682	1.61661	615	0	-2.98239	0	20	20
0.00859047	0.00116316	1831.1	256.836	0.255745	554.16	263.528	1.60675	1.61661	615	0	-2.9091	0	20	20
0.00859063	0.00115411	1816.3	256.828	0.220224	542.982	259.691	1.60666	1.61661	615	0	-2.83648	0	20	20
0.00859085	0.00114509	1801.54	256.819	0.189625	531.843	255.832	1.60654	1.61661	615	0	-2.76456	0	20	20
0.00859111	0.00113608	1786.85	256.81	0.163268	520.748	251.954	1.60639	1.61661	615	0	-2.69338	0	20	20
0.00859143	0.00112709	1772.22	256.8	0.140567	509.702	248.058	1.60621	1.61661	615	0	-2.62296	0	20	20
0.00859182	0.00111814	1757.66	256.788	0.121018	498.71	244.148	1.606	1.61661	615	0	-2.55334	0	20	20
0.00859227	0.00110921	1743.18	256.776	0.104184	487.776	240.227	1.60575	1.61661	615	0	-2.48454	0	20	20
0.00859279	0.00110033	1728.78	256.763	0.0896893	476.905	236.296	1.60545	1.61661	615	0	-2.41659	0	20	20
0.00859339	0.00109149	1714.48	256.748	0.0772089	466.102	232.358	1.60512	1.61661	615	0	-2.34952	0	20	20
0.00859406	0.00108269	1700.29	256.733	0.0664636	455.37	228.416	1.60474	1.61661	615	0	-2.28334	0	20	20
0.00859482	0.00107394	1686.2	256.715	0.0572127	444.715	224.473	1.60431	1.61661	615	0	-2.21808	0	20	20
0.00859568	0.00106525	1672.22	256.696	0.0492485	434.141	220.529	1.60384	1.61661	615	0	-2.15377	0	20	20
0.00859662	0.00105662	1658.38	256.676	0.0423924	423.651	216.589	1.60331	1.61661	615	0	-2.09042	0	20	20
0.00859767	0.00104805	1644.66	256.654	0.0364903	413.251	212.654	1.60272	1.61661	615	0	-2.02805	0	20	20
0.00859883	0.00103956	1631.08	256.629	0.0314096	402.944	208.727	1.60207	1.61661	615	0	-1.96668	0	20	20
0.00860009	0.00103113	1617.65	256.603	0.027036	392.735	204.81	1.60137	1.61661	615	0	-1.90634	0	20	20
0.00860148	0.00102278	1604.37	256.574	0.0232712	382.628	200.905	1.60059	1.61661	615	0	-1.84703	0	20	20
0.00860298	0.00101451	1591.25	256.542	0.0200306	372.628	197.015	1.59975	1.61661	615	0	-1.78877	0	20	20
0.00860462	0.00100633	1578.3	256.507	0.0172411	362.738	193.142	1.59884	1.61661	615	0	-1.73158	0	20	20
0.00860639	0.000998238	1565.52	256.47	0.01484	352.963	189.289	1.59786	1.61661	615	0	-1.67547	0	20	20
0.00860829	0.000990241	1552.92	256.429	0.0127733	343.307	185.457	1.5968	1.61661	615	0	-1.62046	0	20	20
0.00861034	0.000982343	1540.52	256.384	0.0109943	333.775	181.648	1.59566	1.61661	615	0	-1.56656	0	20	20
0.00861253	0.000974549	1528.3	256.335	0.00946308	324.37	177.866	1.59444	1.61661	615	0	-1.51378	0	20	20
0.00861488	0.000966862	1516.29	256.282	0.00814509	315.097	174.113	1.59313	1.61661	615	0	-1.46213	0	20	20
0.00861738	0.000959288	1504.49	256.224	0.00701065	305.959	170.39	1.59175	1.61661	615	0	-1.41163	0	20	20
0.00862005	0.00095183	1492.91	256.16	0.0060342	296.962	166.7	1.59027	1.61661	615	0	-1.36228	0	20	20
0.00862288	0.000944492	1481.55	256.091	0.00519374	288.109	163.045	1.58871	1.61661	615	0	-1.31408	0	20	20
0.00862587	0.00093728	1470.41	256.016	0.00447034	279.404	159.428	1.58705	1.61661	615	0	-1.26706	0	20	20
0.00862903	0.000930196	1459.51	255.934	0.00384768	270.851	155.849	1.58531	1.61661	615	0	-1.22121	0	20	20
0.00863236	0.000923245	1448.85	255.844	0.00331176	262.454	152.313	1.58348	1.61661	615	0	-1.17653	0	20	20
0.00863586	0.000916431	1438.43	255.747	0.00285047	254.217	148.82	1.58155	1.61661	615	0	-1.13305	0	20	20
0.00863953	0.000909758	1428.26	255.64	0.00245344	246.145	145.373	1.57953	1.61661	615	0	-1.09074	0	20	20
0.00864338	0.00090323	1418.35	255.525	0.0021117	238.24	141.974	1.57743	1.61661	615	0	-1.04964	0	20	20
0.00864739	0.00089685	1408.7	255.398	0.00181757	230.507	138.625	1.57524	1.61661	615	0	-1.00972	0	20	20
0.00865156	0.000890622	1399.32	255.261	0.0015644	222.949	135.327	1.57296	1.61661	615	0	-0.970996	0	20	20
0.0086559	0.000884549	1390.21	255.111	0.00134649	215.57	132.084	1.57059	1.61661	615	0	-0.93347	0	20	20
0.00866039	0.000878636	1381.36	254.947	0.00115894	208.374	128.897	1.56815	1.61661	615	0	-0.897138	0	20	20
0.00866503	0.000872884	1372.8	254.769	0.000997512	201.364	125.768	1.56563	1.61661	615	0	-0.862	0	20	20
0.00866981	0.000867299	1364.51	254.575	0.000858568	194.544	122.698	1.56304	1.61661	615	0	-0.828057	0	20	20
0.00867472	0.000861882	1356.51	254.364	0.000738977	187.917	119.691	1.56039	1.61661	615	0	-0.795304	0	20	20
0.00867975	0.000856637	1348.8	254.134	0.000636045	181.488	116.747	1.55768	1.61661	615	0	-0.763741	0	20	20
0.00868488	0.000851567	1341.37	253.884	0.000547449	175.259	113.869	1.55492	1.61661	615	0	-0.733365	0	20	20
0.00869011	0.000846674	1334.23	253.611	0.000471194	169.233	111.059	1.55212	1.61661	615	0	-0.704172	0	20	20
0.0086954	0.00084196	1327.38	253.315	0.000405561	163.413	108.317	1.54928	1.61661	615	0	-0.676146	0	20	20
0.00870077	0.000837419	1320.81	252.992	0.00034907	157.792	105.642	1.54642	1.61661	615	0	-0.649241	0	20	20
0.0087062	0.000833044	1314.51	252.641	0.000300448	152.365	103.034	1.54353	1.61661	615	0	-0.623396	0	20	20
0.00871168	0.000828829	1308.46	252.258	0.000258598	147.124	100.49	1.54062	1.61661	615	0	-0.598557	0	20	20
0.00871721	0.000824767	1302.65	251.843	0.000222577	142.064	98.0089	1.53769	1.61661	615	0	-0.574669	0	20	20
0.00872277	0.000820851	1297.07	251.391	0.000191574	137.178	95.5891	1.53474	1.61661	615	0	-0.551681	0	20	20
0.00872838	0.000817074	1291.71	250.9	0.000164889	132.46	93.229	1.53179	1.61661	615	0	-0.529541	0	20	20
0.008734	0.000813431	1286.56	250.367	0.000141922	127.904	90.9271	1.52883	1.61661	615	0	-0.508203	0	20	20
0.00873965	0.000809915	1281.6	249.788	0.000122153	123.505	88.6821	1.52587	1.61661	615	0	-0.487619	0	20	20
0.00874529	0.000806519	1276.82	249.159	0.000105138	119.257	86.4926	1.52292	1.61661	615	0	-0.467744	0	20	20
0.00875093	0.000803238	1272.22	248.477	9.04933e-05	115.155	84.357	1.51998	1.61661	615	0	-0.448536	0	20	20
0.00875656	0.000800066	1267.77	247.737	7.78883e-05	111.194	82.2743	1.51705	1.61661	615	0	-0.429951	0	20	20
0.00876215	0.000796997	1263.47	246.934	6.70391e-05	107.37	80.2429	1.51415	1.61661	615	0	-0.41195	0	20	20
0.00876771	0.000794024	1259.31	246.065	5.77011e-05	103.677	78.2617	1.51127	1.61661	615	0	-0.394493	0	20	20
0.00877321	0.000791143	1255.27	245.123	4.96638e-05	100.111	76.3294	1.50843	1.61661	615	0	-0.377542	0	20	20
0.00877864	0.000788346	1251.35	244.105	4.2746e-05	96.6676	74.4448	1.50563	1.61661	615	0	-0.36106	0	20	20
0.00878399	0.00078563	1247.53	243.003	3.67919e-05	93.3428	72.6068	1.50288	1.61661	615	0	-0.345011	0	20	20
0.00878925	0.000782987	1243.79	241.812	3.1667e-05	90.1323	70.8141	1.50019	1.61661	615	0	-0.329362	0	20	20
0.00879439	0.000780412	1240.14	240.527	2.72561e-05	87.0322	69.0657	1.49756	1.61661	615	0	-0.31408	0	20	20
0.00879941	0.0007779	1236.55	239.14	2.34595e-05	84.0388	67.3605	1.49499	1.61661	615	0	-0.299132	0	20	20
0.00880429	0.000775445	1233.01	237.645	2.01918e-05	81.1483	65.6973	1.49251	1.61661	615	0	-0.284488	0	20	20
0.00880901	0.000773041	1229.52	236.035	1.73792e-05	78.3572	64.0753	1.49011	1.61661	615	0	-0.270121	0	20	20
0.00881356	0.000770683	1226.06	234.304	1.49585e-05	75.6622	62.4932	1.48781	1.61661	615	0	-0.256002	0	20	20
0.00881818	0.000768431	1222.75	232.444	1.28749e-05	73.0598	60.9503	1.48547	1.61661	615	0	-0.242382	0	20	20
0.0088232	0.000766359	1219.77	230.449	1.10815e-05	70.5469	59.4454	1.48293	1.61661	615	0	-0.229546	0	20	20
0.00882864	0.000764472	1217.11	228.311	9.53793e-06	68.1205	57.9777	1.48019	1.61661	615	0	-0.217488	0	20	20
0.00883448	0.000762756	1214.76	226.024	8.20938e-06	65.7775	56.5462	1.47726	1.61661	615	0	-0.206125	0	20	20
0.00884068	0.0007612	1212.69	223.58	7.06588e-06	63.5151	55.1501	1.47415	1.61661	615	0	-0.195385	0	20	20
0.00884722	0.000759792	1210.87	220.974	6.08166e-06	61.3306	53.7884	1.47089	1.61661	615	0	-0.185197	0	20	20
0.00885407	0.000758522	1209.29	218.199	5.23453e-06	59.2211	52.4604	1.46748	1.61661	615	0	-0.175498	0	20	20
0.00886121	0.000757381	1207.92	215.251	4.5054e-06	57.1842	51.1651	1.46393	1.61661	615	0	-0.16623	0	20	20
0.00886861	0.000756361	1206.75	212.124	3.87783e-06	55.2174	49.9019	1.46027	1.61661	615	0	-0.157338	0	20	20
0.00887625	0.000755454	1205.77	208.815	3.33768e-06	53.3182	48.6698	1.45651	1.61661	615	0	-0.148774	0	20	20
0.00888411	0.000754654	1204.96	205.321	2.87277e-06	51.4844	47.4681	1.45264	1.61661	615	0	-0.140493	0	20	20
0.00889218	0.000753955	1204.31	201.641	2.47262e-06	49.7136	46.2961	1.44869	1.61661	615	0	-0.132456	0	20	20
0.00890045	0.000753353	1203.82	197.773	2.1282e-06	48.0037	45.1531	1.44466	1.61661	615	0	-0.124627	0	20	20
0.0089089	0.000752843	1203.47	193.72	1.83176e-06	46.3526	44.0382	1.44055	1.61661	615	0	-0.116977	0	20	20
0.00891754	0.000752424	1203.26	189.484	1.57661e-06	44.7584	42.9509	1.43637	1.61661	615	0	-0.109479	0	20	20
0.00892635	0.000752094	1203.19	185.069	1.357e-06	43.2189	41.8905	1.43212	1.61661	615	0	-0.102111	0	20	20
0.00893534	0.000751852	1203.26	180.482	1.16798e-06	41.7324	40.8562	1.4278	1.61661	615	0	-0.0948546	0	20	20
0.00894452	0.000751698	1203.48	175.73	1.00529e-06	40.297	39.8474	1.42341	1.61661	615	0	-0.0876952	0	20	20
0.00895388	0.000751635	1203.84	170.824	8.65262e-07	38.911	38.8636	1.41895	1.61661	615	0	-0.0806214	0	20	20
0.00896343	0.000751665	1204.36	165.776	7.44738e-07	37.5727	37.9041	1.41442	1.61661	615	0	-0.0736246	0	20	20
0.00897318	0.000751792	1205.04	160.598	6.41002e-07	36.2804	36.9682	1.40981	1.61661	615	0	-0.0666987	0	20	20
0.00898313	0.00075202	1205.89	155.306	5.51715e-07	35.0326	36.0555	1.40513	1.61661	615	0	-0.0598391	0	20	20
0.00899329	0.000752355	1206.94	149.917	4.74866e-07	33.8276	35.1652	1.40037	1.61661	615	0	-0.0530429	0	20	20
0.00900367	0.000752804	1208.19	144.45	4.08721e-07	32.6642	34.297	1.39554	1.61661	615	0	-0.0463079	0	20	20
0.00901241	0.000753539	1209.69	138.923	3.51789e-07	31.5407	33.4502	1.39148	1.61661	615	0	-0.0352424	0	20	20
0.00901883	0.000754676	1211.56	133.357	3.02788e-07	30.4559	32.6243	1.38851	1.61661	615	0	-0.0185985	0	20	20
0.00902556	0.00075604	1213.84	127.772	2.60612e-07	29.4083	31.8188	1.38541	1.61661	615	0	-0.00294737	0	20	20
0.00903245	0.000757631	1216.51	122.19	2.24311e-07	28.3968	31.0332	1.38224	1.61661	615	0	0.0117569	0	20	20
0.00903936	0.000759453	1219.58	116.631	1.93066e-07	27.4202	30.267	1.37907	1.61661	615	0	0.0255548	0	20	20
0.00904616	0.000761505	1223.03	111.117	1.66173e-07	26.477	29.5197	1.37596	1.61661	615	0	0.0384823	0	20	20
0.00905274	0.000763785	1226.83	105.667	1.43027e-07	25.5664	28.7909	1.37297	1.61661	615	0	0.0505731	0	20	20
0.009059	0.000766288	1230.98	100.301	1.23104e-07	24.687	28.08	1.37012	1.61661	615	0	0.0618591	0	20	20
0.00906491	0.000769007	1235.47	95.0357	1.05957e-07	23.8379	27.3867	1.36745	1.61661	615	0	0.0723721	0	20	20
0.00907041	0.000771932	1240.27	89.8884	9.11979e-08	23.018	26.7105	1.36496	1.61661	615	0	0.0821447	0	20	20
0.00907552	0.000775053	1245.36	84.8737	7.84948e-08	22.2263	26.0511	1.36265	1.61661	615	0	0.0912113	0	20	20
0.00908026	0.000778356	1250.74	80.0047	6.75611e-08	21.4619	25.4079	1.36052	1.61661	615	0	0.0996085	0	20	20
0.00908465	0.000781827	1256.38	75.2929	5.81504e-08	20.7237	24.7805	1.35855	1.61661	615	0	0.107375	0	20	20
0.00908875	0.000785454	1262.28	70.7475	5.00505e-08	20.0109	24.1687	1.35671	1.61661	615	0	0.114553	0	20	20
0.00909261	0.000789221	1268.4	66.3763	4.30789e-08	19.3227	23.572	1.35499	1.61661	615	0	0.121183	0	20	20
0.00909626	0.000793117	1274.75	62.185	3.70783e-08	18.6581	22.99	1.35335	1.61661	615	0	0.12731	0	20	20
0.00909975	0.000797129	1281.3	58.1775	3.19136e-08	18.0163	22.4224	1.3518	1.61661	615	0	0.132978	0	20	20
0.00910312	0.000801247	1288.05	54.3562	2.74683e-08	17.3967	21.8687	1.3503	1.61661	615	0	0.138229	0	20	20
0.00910638	0.000805461	1294.97	50.7218	2.36422e-08	16.7983	21.3288	1.34885	1.61661	615	0	0.143104	0	20	20
0.00910955	0.000809761	1302.07	47.2737	2.0349e-08	16.2205	20.8022	1.34744	1.61661	615	0	0.147642	0	20	20
0.00911264	0.00081414	1309.32	44.01	1.75146e-08	15.6626	20.2886	1.34607	1.61661	615	0	0.15188	0	20	20
0.00911565	0.00081859	1316.71	40.9276	1.50749e-08	15.1239	19.7877	1.34473	1.61661	615	0	0.155851	0	20	20
0.00911859	0.000823105	1324.23	38.0226	1.29751e-08	14.6037	19.2991	1.34344	1.61661	615	0	0.159585	0	20	20
0.00912144	0.000827677	1331.87	35.2901	1.11678e-08	14.1015	18.8226	1.34218	1.61661	615	0	0.163109	0	20	20
0.00912421	0.000832301	1339.62	32.7245	9.61219e-09	13.6164	18.3579	1.34096	1.61661	615	0	0.166446	0	20	20
0.00912687	0.00083697	1347.46	30.32	8.27329e-09	13.1481	17.9046	1.33978	1.61661	615	0	0.169619	0	20	20
0.00912944	0.000841679	1355.38	28.0701	7.12089e-09	12.6959	17.4625	1.33865	1.61661	615	0	0.172644	0	20	20
0.00913189	0.000846421	1363.37	25.9679	6.129e-09	12.2592	17.0314	1.33757	1.61661	615	0	0.175537	0	20	20
0.00913423	0.000851192	1371.42	24.0067	5.27528e-09	11.8376	16.6109	1.33655	1.61661	615	0	0.178312	0	20	20
0.00913645	0.000855984	1379.52	22.1794	4.54048e-09	11.4304	16.2008	1.33557	1.61661	615	0	0.18098	0	20	20
0.00913855	0.000860794	1387.66	20.4789	3.90803e-09	11.0373	15.8008	1.33465	1.61661	615	0	0.183549	0	20	20
0.00914053	0.000865614	1395.82	18.8983	3.36367e-09	10.6577	15.4106	1.33379	1.61661	615	0	0.18603	0	20	20
0.00914238	0.000870441	1404	17.4307	2.89514e-09	10.2911	15.0302	1.33298	1.61661	615	0	0.188427	0	20	20
0.00914411	0.000875268	1412.18	16.0694	2.49187e-09	9.93713	14.6591	1.33222	1.61661	615	0	0.190747	0	20	20
0.00914572	0.000880092	1420.36	14.8078	2.14477e-09	9.59535	14.2971	1.33152	1.61661	615	0	0.192994	0	20	20
0.00914722	0.000884907	1428.53	13.6397	1.84602e-09	9.26532	13.9441	1.33086	1.61661	615	0	0.195174	0	20	20
0.0091486	0.000889708	1436.68	12.5589	1.58888e-09	8.94664	13.5998	1.33026	1.61661	615	0	0.197288	0	20	20
0.00914987	0.000894492	1444.8	11.5597	1.36757e-09	8.63893	13.2641	1.32971	1.61661	615	0	0.199341	0	20	20
0.00915103	0.000899255	1452.88	10.6366	1.17707e-09	8.34179	12.9366	1.3292	1.61661	615	0	0.201335	0	20	20
0.0091521	0.000903993	1460.92	9.7842	1.01312e-09	8.05488	12.6172	1.32873	1.61661	615	0	0.203272	0	20	20
0.00915307	0.000908701	1468.92	8.99764	8.71998e-10	7.77784	12.3056	1.32831	1.61661	615	0	0.205155	0	20	20
0.00915394	0.000913378	1476.86	8.27218	7.50536e-10	7.51032	12.0018	1.32793	1.61661	615	0	0.206984	0	20	20
0.00915473	0.00091802	1484.74	7.60343	6.45992e-10	7.25201	11.7055	1.32759	1.61661	615	0	0.208762	0	20	20
0.00915544	0.000922624	1492.56	6.98722	5.56011e-10	7.00258	11.4165	1.32728	1.61661	615	0	0.21049	0	20	20
0.00915608	0.000927188	1500.31	6.41967	4.78563e-10	6.76173	11.1346	1.327	1.61661	615	0	0.212169	0	20	20
0.00915664	0.000931708	1507.98	5.89713	4.11903e-10	6.52916	10.8597	1.32676	1.61661	615	0	0.213802	0	20	20
0.00915713	0.000936184	1515.58	5.4162	3.54528e-10	6.30459	10.5916	1.32654	1.61661	615	0	0.215388	0	20	20
0.00915757	0.000940614	1523.1	4.97371	3.05145e-10	6.08775	10.3301	1.32635	1.61661	615	0	0.21693	0	20	20
0.00915794	0.000944994	1530.54	4.56672	2.62641e-10	5.87836	10.075	1.32619	1.61661	615	0	0.218429	0	20	20
0.00915826	0.000949325	1537.9	4.19248	2.26057e-10	5.67618	9.82626	1.32605	1.61661	615	0	0.219885	0	20	20
0.00915853	0.000953604	1545.16	3.84844	1.94569e-10	5.48095	9.58365	1.32594	1.61661	615	0	0.221299	0	20	20
0.00915876	0.000957831	1552.34	3.53224	1.67467e-10	5.29243	9.34703	1.32584	1.61661	615	0	0.222674	0	20	20
0.00915894	0.000962004	1559.42	3.24168	1.4414e-10	5.1104	9.11625	1.32576	1.61661	615	0	0.224009	0	20	20
0.00915908	0.000966123	1566.42	2.97475	1.24063e-10	4.93463	8.89117	1.3257	1.61661	615	0	0.225306	0	20	20
0.00915919	0.000970187	1573.32	2.72956	1.06782e-10	4.76491	8.67164	1.32565	1.61661	615	0	0.226566	0	20	20
0.00915926	0.000974194	1580.12	2.50438	9.1908e-11	4.60102	8.45754	1.32562	1.61661	615	0	0.22779	0	20	20
0.00915931	0.000978146	1586.83	2.29761	7.91059e-11	4.44277	8.24872	1.3256	1.61661	615	0	0.228978	0	20	20
0.00915932	0.00098204	1593.44	2.10776	6.80871e-11	4.28996	8.04506	1.32559	1.61661	615	0	0.230133	0	20	20
0.00915931	0.000985878	1599.96	1.93349	5.86031e-11	4.14241	7.84643	1.3256	1.61661	615	0	0.231253	0	20	20
0.00915928	0.000989658	1606.38	1.77352	5.04402e-11	3.99994	7.6527	1.32561	1.61661	615	0	0.232342	0	20	20
0.00915923	0.000993381	1612.7	1.62671	4.34142e-11	3.86236	7.46375	1.32563	1.61661	615	0	0.233398	0	20	20
0.00915917	0.000997047	1618.93	1.49198	3.7367e-11	3.72952	7.27947	1.32566	1.61661	615	0	0.234424	0	20	20
0.00915908	0.00100065	1625.06	1.36834	3.21621e-11	3.60124	7.09974	1.3257	1.61661	615	0	0.23542	0	20	20
0.00915898	0.00100421	1631.09	1.2549	2.76821e-11	3.47738	6.92445	1.32574	1.61661	615	0	0.236387	0	20	20
0.00915887	0.0010077	1637.03	1.15083	2.38262e-11	3.35777	6.75348	1.32579	1.61661	615	0	0.237326	0	20	20
0.00915875	0.00101114	1642.87	1.05535	2.05074e-11	3.24228	6.58674	1.32584	1.61661	615	0	0.238238	0	20	20
0.00915863	0.00101452	1648.62	0.967758	1.76509e-11	3.13077	6.42411	1.32589	1.61661	615	0	0.239123	0	20	20
0.00915849	0.00101784	1654.27	0.887413	1.51923e-11	3.02309	6.2655	1.32595	1.61661	615	0	0.239982	0	20	20
0.00915834	0.00102112	1659.83	0.813718	1.30761e-11	2.91911	6.1108	1.32602	1.61661	615	0	0.240816	0	20	20
0.00915814	0.00102438	1665.37	0.746125	1.12547e-11	2.81871	5.95993	1.32611	1.61661	615	0	0.241626	0	20	20
0.00915784	0.00102766	1670.92	0.684131	9.68703e-12	2.72176	5.81278	1.32624	1.61661	615	0	0.242415	0	20	20
0.00915744	0.00103096	1676.5	0.627276	8.3377e-12	2.62814	5.66926	1.32641	1.61661	615	0	0.243183	0	20	20
0.00915696	0.00103428	1682.09	0.575135	7.17633e-12	2.53775	5.52928	1.32662	1.61661	615	0	0.243929	0	20	20
0.00915638	0.00103761	1687.69	0.527319	6.17672e-12	2.45047	5.39277	1.32687	1.61661	615	0	0.244655	0	20	20
0.00915573	0.00104095	1693.3	0.483471	5.31635e-12	2.36618	5.25962	1.32715	1.61661	615	0	0.245361	0	20	20
0.009155	0.0010443	1698.91	0.443263	4.57583e-12	2.2848	5.12976	1.32747	1.61661	615	0	0.246048	0	20	20
0.00915419	0.00104766	1704.53	0.406394	3.93845e-12	2.20621	5.0031	1.32783	1.61661	615	0	0.246715	0	20	20
0.0091533	0.00105103	1710.14	0.372587	3.38986e-12	2.13033	4.87958	1.32821	1.61661	615	0	0.247365	0	20	20
0.00915235	0.00105441	1715.76	0.341588	2.91768e-12	2.05706	4.7591	1.32863	1.61661	615	0	0.247995	0	20	20
0.00915133	0.00105778	1721.37	0.313165	2.51127e-12	1.98631	4.6416	1.32907	1.61661	615	0	0.248609	0	20	20
0.00915024	0.00106116	1726.97	0.287105	2.16147e-12	1.91799	4.52699	1.32954	1.61661	615	0	0.249205	0	20	20
0.00914909	0.00106454	1732.56	0.263211	1.86039e-12	1.85202	4.41522	1.33004	1.61661	615	0	0.249784	0	20	20
0.00914789	0.00106792	1738.14	0.241304	1.60125e-12	1.78832	4.30621	1.33057	1.61661	615	0	0.250347	0	20	20
0.00914663	0.00107129	1743.71	0.221218	1.37821e-12	1.72681	4.19989	1.33112	1.61661	615	0	0.250894	0	20	20
0.00914531	0.00107466	1749.26	0.202803	1.18624e-12	1.66742	4.09619	1.3317	1.61661	615	0	0.251425	0	20	20
0.00914394	0.00107803	1754.79	0.18592	1.02101e-12	1.61007	3.99506	1.33229	1.61661	615	0	0.251941	0	20	20
0.00914253	0.00108138	1760.3	0.170442	8.78787e-13	1.55469	3.89642	1.33291	1.61661	615	0	0.252442	0	20	20
0.00914107	0.00108473	1765.78	0.156251	7.56379e-13	1.50122	3.80022	1.33355	1.61661	615	0	0.252929	0	20	20
0.00913956	0.00108807	1771.24	0.143241	6.51022e-13	1.44959	3.70639	1.33421	1.61661	615	0	0.253402	0	20	20
0.00913802	0.00109139	1776.67	0.131314	5.60339e-13	1.39973	3.61488	1.33489	1.61661	615	0	0.253861	0	20	20
0.00913643	0.00109471	1782.08	0.120379	4.82289e-13	1.35159	3.52563	1.33558	1.61661	615	0	0.254307	0	20	20
0.00913481	0.001098	1787.45	0.110355	4.1511e-13	1.3051	3.43858	1.33629	1.61661	615	0	0.25474	0	20	20
0.00913315	0.00110129	1792.79	0.101165	3.57288e-13	1.26021	3.35368	1.33702	1.61661	615	0	0.25516	0	20	20
0.00913146	0.00110456	1798.1	0.09274	3.07521e-13	1.21687	3.27088	1.33776	1.61661	615	0	0.255567	0	20	20
0.00912974	0.00110781	1803.38	0.0850165	2.64686e-13	1.17501	3.19012	1.33852	1.61661	615	0	0.255963	0	20	20
0.009128	0.00111104	1808.61	0.077936	2.27817e-13	1.1346	3.11135	1.33929	1.61661	615	0	0.256347	0	20	20
0.00912622	0.00111425	1813.81	0.071445	1.96084e-13	1.09557	3.03454	1.34007	1.61661	615	0	0.25672	0	20	20
0.00912442	0.00111744	1818.97	0.0654945	1.68771e-13	1.05789	2.95961	1.34086	1.61661	615	0	0.257081	0	20	20
0.0091226	0.00112061	1824.08	0.0600395	1.45263e-13	1.02151	2.88654	1.34167	1.61661	615	0	0.257432	0	20	20
0.00912076	0.00112376	1829.15	0.0550387	1.25029e-13	0.986372	2.81527	1.34248	1.61661	615	0	0.257772	0	20	20
0.00911889	0.00112689	1834.18	0.0504544	1.07613e-13	0.952446	2.74576	1.3433	1.61661	615	0	0.258102	0	20	20
0.00911701	0.00112999	1839.17	0.0462518	9.26235e-14	0.919687	2.67797	1.34413	1.61661	615	0	0.258422	0	20	20
0.00911512	0.00113307	1844.11	0.0423993	7.97218e-14	0.888055	2.61185	1.34497	1.61661	615	0	0.258732	0	20	20
0.00911321	0.00113612	1849	0.0388675	6.86172e-14	0.857511	2.54736	1.34582	1.61661	615	0	0.259033	0	20	20
0.00911128	0.00113914	1853.84	0.03563	5.90593e-14	0.828017	2.48447	1.34667	1.61661	615	0	0.259325	0	20	20
0.00910935	0.00114214	1858.64	0.032662	5.08329e-14	0.799538	2.42313	1.34753	1.61661	615	0	0.259608	0	20	20
0.0091074	0.00114511	1863.38	0.0299413	4.37522e-14	0.772038	2.3633	1.34839	1.61661	615	0	0.259882	0	20	20
0.00910545	0.00114805	1868.07	0.0274472	3.76579e-14	0.745484	2.30495	1.34926	1.61661	615	0	0.260147	0	20	20
0.00910349	0.00115096	1872.71	0.0251608	3.24125e-14	0.719843	2.24804	1.35013	1.61661	615	0	0.260405	0	20	20
0.00910152	0.00115385	1877.3	0.0230649	2.78977e-14	0.695085	2.19253	1.35101	1.61661	615	0	0.260654	0	20	20
0.00909955	0.0011567	1881.84	0.0211435	2.40117e-14	0.671177	2.1384	1.35189	1.61661	615	0	0.260896	0	20	20
0.00909758	0.00115952	1886.32	0.0193822	2.06671e-14	0.648093	2.0856	1.35277	1.61661	615	0	0.26113	0	20	20
0.0090956	0.00116231	1890.75	0.0177676	1.77883e-14	0.625802	2.03411	1.35365	1.61661	615	0	0.261357	0	20	20
0.00909363	0.00116507	1895.12	0.0162875	1.53106e-14	0.604277	1.98389	1.35453	1.61661	615	0	0.261576	0	20	20
0.00909165	0.0011678	1899.43	0.0149307	1.31779e-14	0.583494	1.93491	1.35541	1.61661	615	0	0.261789	0	20	20
0.00908968	0.00117049	1903.7	0.0136869	1.13423e-14	0.563425	1.88713	1.3563	1.61661	615	0	0.261994	0	20	20
0.00908771	0.00117316	1907.9	0.0125467	9.76244e-15	0.544046	1.84054	1.35718	1.61661	615	0	0.262194	0	20	20
0.00908574	0.00117579	1912.05	0.0115015	8.40261e-15	0.525334	1.7951	1.35806	1.61661	615	0	0.262386	0	20	20
0.00908377	0.00117838	1916.14	0.0105433	7.2322e-15	0.507265	1.75077	1.35894	1.61661	615	0	0.262573	0	20	20
0.00908182	0.00118094	1920.17	0.00966502	6.22481e-15	0.489818	1.70755	1.35982	1.61661	615	0	0.262754	0	20	20
0.00907986	0.00118347	1924.14	0.00885986	5.35774e-15	0.472971	1.66539	1.3607	1.61661	615	0	0.262928	0	20	20
0.00907792	0.00118597	1928.06	0.00812178	4.61145e-15	0.456703	1.62427	1.36157	1.61661	615	0	0.263097	0	20	20
0.00907598	0.00118843	1931.92	0.00744518	3.96911e-15	0.440995	1.58417	1.36245	1.61661	615	0	0.263261	0	20	20
0.00907405	0.00119085	1935.72	0.00682494	3.41625e-15	0.425827	1.54505	1.36332	1.61661	615	0	0.263419	0	20	20
0.00907213	0.00119324	1939.46	0.00625638	2.94039e-15	0.411181	1.50691	1.36418	1.61661	615	0	0.263571	0	20	20
0.00907023	0.0011956	1943.14	0.00573518	2.53082e-15	0.397039	1.4697	1.36504	1.61661	615	0	0.263719	0	20	20
0.00906833	0.00119792	1946.76	0.00525739	2.1783e-15	0.383383	1.43341	1.3659	1.61661	615	0	0.263862	0	20	20
0.00906644	0.00120021	1950.33	0.00481941	1.87488e-15	0.370196	1.39802	1.36675	1.61661	615	0	0.264	0	20	20
0.00906457	0.00120246	1953.84	0.00441792	1.61372e-15	0.357464	1.3635	1.3676	1.61661	615	0	0.264133	0	20	20
0.00906271	0.00120468	1957.29	0.00404987	1.38894e-15	0.345169	1.32984	1.36844	1.61661	615	0	0.264261	0	20	20
0.00906086	0.00120686	1960.68	0.00371248	1.19547e-15	0.333297	1.29701	1.36928	1.61661	615	0	0.264386	0	20	20
0.00905903	0.001209	1964.01	0.0034032	1.02895e-15	0.321833	1.26498	1.37011	1.61661	615	0	0.264506	0	20	20
0.00905721	0.00121112	1967.29	0.00311969	8.85629e-16	0.310764	1.23375	1.37094	1.61661	615	0	0.264621	0	20	20
0.0090554	0.00121319	1970.5	0.00285979	7.62268e-16	0.300075	1.20329	1.37176	1.61661	615	0	0.264733	0	20	20
0.00905362	0.00121524	1973.66	0.00262155	6.5609e-16	0.289754	1.17358	1.37257	1.61661	615	0	0.264841	0	20	20
0.00905184	0.00121724	1976.77	0.00240315	5.64702e-16	0.279788	1.1446	1.37337	1.61661	615	0	0.264945	0	20	20
0.00905009	0.00121922	1979.81	0.00220295	4.86043e-16	0.270165	1.11634	1.37417	1.61661	615	0	0.265045	0	20	20
0.00904835	0.00122115	1982.8	0.00201943	4.18342e-16	0.260873	1.08878	1.37497	1.61661	615	0	0.265142	0	20	20
0.00904662	0.00122306	1985.73	0.00185119	3.6007e-16	0.2519	1.0619	1.37575	1.61661	615	0	0.265235	0	20	20
0.00904492	0.00122493	1988.61	0.00169697	3.09915e-16	0.243236	1.03568	1.37653	1.61661	615	0	0.265325	0	20	20
0.00904323	0.00122676	1991.43	0.0015556	2.66746e-16	0.23487	1.01011	1.3773	1.61661	615	0	0.265411	0	20	20
0.00904156	0.00122856	1994.2	0.001426	2.29591e-16	0.226792	0.985169	1.37807	1.61661	615	0	0.265494	0	20	20
0.00903991	0.00123033	1996.91	0.0013072	1.97611e-16	0.218992	0.960845	1.37882	1.61661	615	0	0.265574	0	20	20
0.00903827	0.00123207	1999.57	0.0011983	1.70085e-16	0.21146	0.937122	1.37957	1.61661	615	0	0.265651	0	20	20
0.00903666	0.00123377	2002.17	0.00109847	1.46393e-16	0.204186	0.913984	1.38031	1.61661	615	0	0.265725	0	20	20
0.00903506	0.00123544	2004.72	0.00100696	1.26002e-16	0.197164	0.891418	1.38104	1.61661	615	0	0.265797	0	20	20
0.00903348	0.00123707	2007.21	0.000923072	1.08451e-16	0.190382	0.869409	1.38177	1.61661	615	0	0.265865	0	20	20
0.00903192	0.00123868	2009.66	0.000846172	9.33446e-17	0.183834	0.847943	1.38248	1.61661	615	0	0.265931	0	20	20
0.00903038	0.00124025	2012.05	0.000775678	8.03424e-17	0.177511	0.827007	1.38319	1.61661	615	0	0.265994	0	20	20
0.00902886	0.00124179	2014.39	0.000711058	6.91514e-17	0.171406	0.806588	1.38389	1.61661	615	0	0.266055	0	20	20
0.00902736	0.00124329	2016.68	0.00065182	5.95191e-17	0.16551	0.786674	1.38458	1.61661	615	0	0.266113	0	20	20
0.00902588	0.00124477	2018.92	0.000597518	5.12286e-17	0.159818	0.767251	1.38526	1.61661	615	0	0.266169	0	20	20
0.00902441	0.00124621	2021.1	0.000547739	4.40929e-17	0.154321	0.748307	1.38594	1.61661	615	0	0.266222	0	20	20
0.00902297	0.00124763	2023.24	0.000502107	3.79511e-17	0.149013	0.729831	1.3866	1.61661	615	0	0.266273	0	20	20
0.00902155	0.00124901	2025.33	0.000460277	3.26648e-17	0.143888	0.711812	1.38726	1.61661	615	0	0.266322	0	20	20
0.00902014	0.00125037	2027.38	0.000421932	2.81149e-17	0.138939	0.694237	1.38791	1.61661	615	0	0.266369	0	20	20
0.00901876	0.00125169	2029.37	0.000386781	2.41987e-17	0.13416	0.677096	1.38855	1.61661	615	0	0.266414	0	20	20
0.00901739	0.00125299	2031.32	0.000354559	2.0828e-17	0.129546	0.660379	1.38918	1.61661	615	0	0.266457	0	20	20
0.00901605	0.00125425	2033.22	0.000325021	1.79268e-17	0.12509	0.644074	1.3898	1.61661	615	0	0.266498	0	20	20
0.00901472	0.00125549	2035.08	0.000297944	1.54298e-17	0.120788	0.628172	1.39041	1.61661	615	0	0.266537	0	20	20
0.00901341	0.0012567	2036.89	0.000273122	1.32805e-17	0.116633	0.612662	1.39102	1.61661	615	0	0.266574	0	20	20
0.00901213	0.00125788	2038.66	0.000250369	1.14306e-17	0.112622	0.597535	1.39161	1.61661	615	0	0.266609	0	20	20
0.00901086	0.00125903	2040.38	0.000229511	9.83845e-18	0.108748	0.582782	1.3922	1.61661	615	0	0.266643	0	20	20
0.00900961	0.00126016	2042.06	0.00021039	8.46803e-18	0.105008	0.568393	1.39278	1.61661	615	0	0.266675	0	20	20
0.00900838	0.00126126	2043.69	0.000192863	7.2885e-18	0.101396	0.55436	1.39335	1.61661	615	0	0.266705	0	20	20
0.00900717	0.00126233	2045.29	0.000176796	6.27327e-18	0.0979085	0.540672	1.39391	1.61661	615	0	0.266734	0	20	20
0.00900598	0.00126337	2046.84	0.000162067	5.39946e-18	0.094541	0.527323	1.39447	1.61661	615	0	0.266761	0	20	20
0.0090048	0.0012644	2048.35	0.000148565	4.64735e-18	0.0912893	0.514304	1.39501	1.61661	615	0	0.266787	0	20	20
0.00900365	0.00126539	2049.83	0.000136189	4.00001e-18	0.0881494	0.501605	1.39555	1.61661	615	0	0.266812	0	20	20
0.00900251	0.00126636	2051.26	0.000124843	3.44284e-18	0.0851176	0.489221	1.39607	1.61661	615	0	0.266835	0	20	20
0.0090014	0.00126731	2052.65	0.000114442	2.96328e-18	0.08219	0.477142	1.39659	1.61661	615	0	0.266856	0	20	20
0.0090003	0.00126823	2054.01	0.000104908	2.55052e-18	0.0793631	0.465361	1.39711	1.61661	615	0	0.266877	0	20	20
0.00899922	0.00126912	2055.33	9.61684e-05	2.19525e-18	0.0766334	0.453871	1.39761	1.61661	615	0	0.266896	0	20	20
0.00899815	0.00127	2056.61	8.81567e-05	1.88947e-18	0.0739977	0.442665	1.39811	1.61661	615	0	0.266913	0	20	20
0.00899711	0.00127085	2057.85	8.08124e-05	1.62628e-18	0.0714525	0.431736	1.39859	1.61661	615	0	0.26693	0	20	20
0.00899608	0.00127168	2059.06	7.408e-05	1.39976e-18	0.068995	0.421076	1.39907	1.61661	615	0	0.266946	0	20	20
0.00899507	0.00127248	2060.24	6.79085e-05	1.20478e-18	0.0666219	0.41068	1.39954	1.61661	615	0	0.26696	0	20	20
0.00899408	0.00127326	2061.38	6.22511e-05	1.03696e-18	0.0643305	0.40054	1.40001	1.61661	615	0	0.266973	0	20	20
0.0089931	0.00127403	2062.48	5.7065e-05	8.92524e-19	0.0621179	0.390651	1.40046	1.61661	615	0	0.266985	0	20	20
0.00899215	0.00127477	2063.55	5.2311e-05	7.68203e-19	0.0599813	0.381005	1.40091	1.61661	615	0	0.266997	0	20	20
0.0089912	0.00127549	2064.59	4.7953e-05	6.61198e-19	0.0579183	0.371598	1.40135	1.61661	615	0	0.267007	0	20	20
0.00899028	0.00127618	2065.6	4.39581e-05	5.69098e-19	0.0559262	0.362424	1.40178	1.61661	615	0	0.267016	0	20	20
0.00898937	0.00127686	2066.58	4.02959e-05	4.89828e-19	0.0540027	0.353475	1.40221	1.61661	615	0	0.267025	0	20	20
0.00898848	0.00127752	2067.52	3.69389e-05	4.21598e-19	0.0521453	0.344748	1.40262	1.61661	615	0	0.267032	0	20	20
0.0089876	0.00127816	2068.44	3.38616e-05	3.62873e-19	0.0503518	0.336236	1.40304	1.61661	615	0	0.267039	0	20	20
0.00898674	0.00127878	2069.32	3.10406e-05	3.12328e-19	0.0486199	0.327934	1.40344	1.61661	615	0	0.267044	0	20	20
0.0089859	0.00127938	2070.18	2.84546e-05	2.68823e-19	0.0469477	0.319838	1.40383	1.61661	615	0	0.267049	0	20	20
0.00898507	0.00127996	2071.01	2.60841e-05	2.31378e-19	0.0453329	0.311941	1.40422	1.61661	615	0	0.267053	0	20	20
0.00898425	0.00128053	2071.81	2.39111e-05	1.99149e-19	0.0437737	0.304239	1.4046	1.61661	615	0	0.267057	0	20	20
0.00898346	0.00128108	2072.58	2.1919e-05	1.71409e-19	0.0422681	0.296727	1.40498	1.61661	615	0	0.26706	0	20	20
0.00898267	0.00128161	2073.32	2.0093e-05	1.47533e-19	0.0408143	0.289401	1.40535	1.61661	615	0	0.267062	0	20	20
0.0089819	0.00128212	2074.04	1.84191e-05	1.26983e-19	0.0394105	0.282256	1.40571	1.61661	615	0	0.267063	0	20	20
0.00898115	0.00128261	2074.73	1.68846e-05	1.09295e-19	0.038055	0.275287	1.40606	1.61661	615	0	0.267063	0	20	20
