0.00890634	
0.00432846	
0.00300923	
0.00233789	
0.00188753	
0.00154699	
0.00126671	
0.00106547	
0.000894048	
0.000773768	
0.000716368	
0.000719814	
0.00077066	
0.000849129	
0.000956173	
0.00109087	
0.00125679	
0.00145155	
0.00170446	
0.00200757	
0.00238959	
0.002874	
0.00347819	
0.00422466	
0.00511713	
0.00615183	
0.00731814	
0.00862802	
0.0100722	
0.0116501	
0.0133471	
0.0151468	
0.0170165	
0.018925	
0.020804	
0.0225774	
0.0241468	
0.0253965	
0.0262113	
0.0265091	
0.0262766	
0.0255801	
0.0245467	
0.0233247	
0.0220462	
0.0208101	
0.0196739	
0.018665	
0.017789	
0.0170385	
0.0164008	
0.015861	
0.0154045	
0.0150178	
0.0148287	
0.0150984	
0.0152674	
0.0153496	
0.0153601	
0.0153138	
0.015224	
0.0151025	
0.0149588	
0.0148005	
0.0146336	
0.0144624	
0.0142901	
0.014119	
0.0139506	
0.013786	
0.0136257	
0.0134702	
0.0133195	
