0.00866132	0.000693393	1101	184.5	76.5	0	0	1.56764	1.61661	615	0	0.149314	0	20	20
0.00888575	0.000734517	1193.5	184.391	76.4694	67.8594	22.8684	1.45184	1.61661	615	0	-0.648258	0	20	20
0.00905901	0.000830367	1373.44	184.281	76.4339	198.997	67.505	1.37012	1.61661	615	0	-1.93797	0	20	20
0.0090707	0.000932844	1546.49	184.168	76.3927	325.788	111.095	1.36483	1.61661	615	0	-2.86881	0	20	20
0.00901353	0.0010371	1712.72	184.054	76.3448	448.37	153.66	1.39096	1.61661	615	0	-3.56565	0	20	20
0.00892501	0.00114136	1872.76	183.937	76.2893	566.881	195.224	1.43276	1.61661	615	0	-4.10687	0	20	20
0.00882131	0.00124498	2027.28	183.818	76.2249	681.461	235.81	1.48389	1.61661	615	0	-4.5413	0	20	20
0.0087102	0.00134769	2176.76	183.698	76.1502	792.251	275.446	1.5414	1.61661	615	0	-4.89985	0	20	20
0.00859575	0.00144935	2321.58	183.575	76.0636	899.394	314.158	1.60379	1.61661	615	0	-5.20275	0	20	20
0.00848021	0.00154985	2461.98	183.45	75.9633	1003.04	351.978	1.67025	1.61661	615	0	-5.46366	0	20	20
0.00836489	0.00164914	2598.21	183.323	75.847	1103.33	388.936	1.74028	1.61661	615	0	-5.69232	0	20	20
0.00825053	0.00174721	2730.45	183.193	75.7124	1200.44	425.07	1.81365	1.61661	615	0	-5.89566	0	20	20
0.00813757	0.00184404	2858.9	183.061	75.5566	1294.51	460.417	1.89023	1.61661	615	0	-6.07879	0	20	20
0.00802622	0.00193969	2983.78	182.927	75.3764	1385.73	495.02	1.97	1.61661	615	0	-6.24557	0	20	20
0.00791656	0.00203421	3105.29	182.791	75.1681	1474.27	528.923	2.053	1.61661	615	0	-6.399	0	20	20
0.00780859	0.00212767	3223.65	182.652	74.9275	1560.32	562.177	2.13936	1.61661	615	0	-6.5414	0	20	20
0.00770221	0.0022202	3339.12	182.511	74.6499	1644.08	594.836	2.22922	1.61661	615	0	-6.67466	0	20	20
0.00759732	0.00231193	3451.95	182.368	74.33	1725.75	626.96	2.32284	1.61661	615	0	-6.80029	0	20	20
0.00749374	0.00240303	3562.41	182.222	73.9617	1805.57	658.611	2.42049	1.61661	615	0	-6.91957	0	20	20
0.0073913	0.00249366	3670.8	182.073	73.5383	1883.75	689.858	2.52254	1.61661	615	0	-7.03355	0	20	20
0.00728977	0.00258406	3777.41	181.922	73.0526	1960.55	720.776	2.62941	1.61661	615	0	-7.14315	0	20	20
0.00718893	0.00267444	3882.58	181.768	72.4961	2036.22	751.441	2.74162	1.61661	615	0	-7.24914	0	20	20
0.00708854	0.00276505	3986.63	181.612	71.8602	2111.02	781.935	2.85976	1.61661	615	0	-7.35222	0	20	20
0.00698834	0.00285616	4089.89	181.453	71.1353	2185.21	812.34	2.98454	1.61661	615	0	-7.45298	0	20	20
0.0068881	0.00294805	4192.71	181.291	70.3111	2259.04	842.741	3.11674	1.61661	615	0	-7.55197	0	20	20
0.00678757	0.003041	4295.41	181.127	69.3773	2332.79	873.22	3.25729	1.61661	615	0	-7.64965	0	20	20
0.00668653	0.00313526	4398.29	180.959	68.323	2406.68	903.852	3.4072	1.61661	615	0	-7.74641	0	20	20
0.00658478	0.00323108	4501.61	180.789	67.1377	2480.91	934.708	3.5676	1.61661	615	0	-7.8426	0	20	20
0.00648217	0.00332867	4605.59	180.616	65.8111	2555.67	965.841	3.73973	1.61661	615	0	-7.93848	0	20	20
0.00637859	0.00342819	4710.36	180.44	64.3342	2631.05	997.288	3.92488	1.61661	615	0	-8.03423	0	20	20
0.00627402	0.00352969	4815.97	180.261	62.6995	2707.09	1029.06	4.12441	1.61661	615	0	-8.12994	0	20	20
0.00616852	0.00363314	4922.35	180.079	60.9015	2783.75	1061.15	4.33967	1.61661	615	0	-8.22562	0	20	20
0.00606202	0.00373848	5029.27	179.894	58.9379	2860.86	1093.48	4.57243	1.61661	615	0	-8.3217	0	20	20
0.005954	0.00384571	5136.37	179.706	56.8097	2938.16	1125.98	4.82585	1.61661	615	0	-8.41986	0	20	20
0.00584515	0.00395428	5243.12	179.514	54.5225	3015.23	1158.51	5.1005	1.61661	615	0	-8.51905	0	20	20
0.00573634	0.00406343	5348.8	179.32	52.086	3091.55	1190.87	5.39628	1.61661	615	0	-8.61803	0	20	20
0.00562827	0.00417233	5452.57	179.122	49.5151	3166.48	1222.85	5.71315	1.61661	615	0	-8.71613	0	20	20
0.00552142	0.00428013	5553.4	178.921	46.8297	3239.24	1254.18	6.05129	1.61661	615	0	-8.81336	0	20	20
0.00541695	0.00438561	5650.21	178.717	44.0538	3309.01	1284.58	6.4082	1.61661	615	0	-8.90821	0	20	20
0.00531578	0.00448754	5741.81	178.509	41.2153	3374.9	1313.72	6.78107	1.61661	615	0	-8.99981	0	20	20
0.00521884	0.00458469	5827.05	178.297	38.3448	3436.03	1341.3	7.16603	1.61661	615	0	-9.08733	0	20	20
0.00512699	0.00467582	5904.81	178.083	35.4743	3491.56	1367.01	7.5581	1.61661	615	0	-9.16999	0	20	20
0.00504104	0.00475979	5974.09	177.864	32.6358	3540.73	1390.59	7.95134	1.61661	615	0	-9.24704	0	20	20
0.00496167	0.00483559	6034.04	177.643	29.8599	3582.91	1411.79	8.33904	1.61661	615	0	-9.31783	0	20	20
0.00488945	0.00490239	6084.02	177.417	27.1745	3617.61	1430.42	8.71407	1.61661	615	0	-9.38184	0	20	20
0.00482467	0.0049596	6123.63	177.188	24.6037	3644.54	1446.37	9.06979	1.61661	615	0	-9.43885	0	20	20
0.00476761	0.00500683	6152.67	176.955	22.1672	3663.54	1459.55	9.39938	1.61661	615	0	-9.48848	0	20	20
0.00471835	0.0050439	6171.18	176.718	19.8799	3674.67	1469.96	9.69685	1.61661	615	0	-9.53051	0	20	20
0.0046767	0.00507094	6179.41	176.478	17.7517	3678.12	1477.65	9.95821	1.61661	615	0	-9.56519	0	20	20
0.0046425	0.00508818	6177.78	176.233	15.7881	3674.21	1482.69	10.1799	1.61661	615	0	-9.59248	0	20	20
0.00461502	0.00509625	6166.84	175.985	13.9901	3663.37	1485.21	10.3628	1.61661	615	0	-9.60791	0	20	20
0.00459235	0.0050965	6147.28	175.733	12.3554	3646.11	1485.37	10.5171	1.61661	615	0	-9.59223	0	20	20
0.00457407	0.00508955	6119.83	175.476	10.8785	3623	1483.35	10.6436	1.61661	615	0	-9.54804	0	20	20
0.00455978	0.00507606	6085.27	175.216	9.55195	3594.61	1479.32	10.744	1.61661	615	0	-9.47811	0	20	20
0.00454902	0.00505669	6044.37	174.951	8.36659	3561.55	1473.47	10.8205	1.61661	615	0	-9.38545	0	20	20
0.00454146	0.00503206	5997.9	174.683	7.31231	3524.37	1465.99	10.8746	1.61661	615	0	-9.27275	0	20	20
0.00453663	0.00500286	5946.56	174.41	6.37848	3483.64	1457.05	10.9094	1.61661	615	0	-9.14312	0	20	20
0.00453429	0.00496958	5891.04	174.132	5.55436	3439.86	1446.83	10.9263	1.61661	615	0	-8.99883	0	20	20
0.00453403	0.00493283	5831.95	173.851	4.8294	3393.5	1435.48	10.9282	1.61661	615	0	-8.84259	0	20	20
0.00453562	0.00489305	5769.86	173.565	4.19349	3345	1423.15	10.9167	1.61661	615	0	-8.67644	0	20	20
0.00453881	0.0048507	5705.26	173.274	3.63707	3294.75	1409.96	10.8937	1.61661	615	0	-8.50234	0	20	20
0.0045433	0.00480619	5638.6	172.979	3.15127	3243.07	1396.02	10.8614	1.61661	615	0	-8.32221	0	20	20
0.00454899	0.00475982	5570.28	172.68	2.72794	3190.26	1381.45	10.8207	1.61661	615	0	-8.13734	0	20	20
0.00455561	0.00471194	5500.64	172.376	2.35965	3136.6	1366.33	10.7736	1.61661	615	0	-7.94925	0	20	20
0.00456307	0.00466279	5429.97	172.067	2.03971	3082.3	1350.74	10.7208	1.61661	615	0	-7.75896	0	20	20
0.00457126	0.00461258	5358.53	171.753	1.76213	3027.56	1334.76	10.6633	1.61661	615	0	-7.56737	0	20	20
0.00457996	0.00456157	5286.53	171.435	1.52155	2972.54	1318.44	10.6026	1.61661	615	0	-7.37555	0	20	20
0.0045892	0.00450985	5214.17	171.112	1.31324	2917.38	1301.83	10.5388	1.61661	615	0	-7.18391	0	20	20
0.00459884	0.00445761	5141.61	170.784	1.13301	2862.2	1284.99	10.4726	1.61661	615	0	-6.99313	0	20	20
0.00460879	0.00440497	5068.97	170.451	0.977206	2807.1	1267.94	10.4049	1.61661	615	0	-6.80376	0	20	20
0.00461907	0.004352	4996.38	170.114	0.842585	2752.17	1250.73	10.3356	1.61661	615	0	-6.61601	0	20	20
0.00462956	0.00429882	4923.91	169.771	0.726331	2697.46	1233.38	10.2655	1.61661	615	0	-6.43038	0	20	20
0.00464025	0.0042455	4851.67	169.423	0.625985	2643.05	1215.92	10.1948	1.61661	615	0	-6.24704	0	20	20
0.00465115	0.00419207	4779.71	169.07	0.539403	2588.98	1198.38	10.1232	1.61661	615	0	-6.06613	0	20	20
0.00466214	0.00413864	4708.08	168.712	0.464724	2535.28	1180.76	10.0518	1.61661	615	0	-5.888	0	20	20
0.00467329	0.0040852	4636.85	168.348	0.400329	2481.99	1163.09	9.98005	1.61661	615	0	-5.71264	0	20	20
0.00468459	0.00403179	4566.04	167.98	0.344818	2429.14	1145.39	9.90799	1.61661	615	0	-5.54011	0	20	20
0.00469592	0.0039785	4495.7	167.606	0.296973	2376.74	1127.66	9.83641	1.61661	615	0	-5.3707	0	20	20
0.00470739	0.00392529	4425.84	167.226	0.255745	2324.83	1109.92	9.76472	1.61661	615	0	-5.20429	0	20	20
0.00471899	0.00387219	4356.51	166.841	0.220224	2273.41	1092.19	9.6929	1.61661	615	0	-5.0409	0	20	20
0.0047306	0.00381927	4287.71	166.451	0.189625	2222.49	1074.46	9.6217	1.61661	615	0	-4.88077	0	20	20
0.00474233	0.00376651	4219.47	166.055	0.163268	2172.08	1056.75	9.55045	1.61661	615	0	-4.72374	0	20	20
0.0047542	0.00371391	4151.8	165.654	0.140567	2122.2	1039.07	9.47911	1.61661	615	0	-4.56981	0	20	20
0.00476609	0.00366153	4084.72	165.247	0.121018	2072.86	1021.42	9.40835	1.61661	615	0	-4.41916	0	20	20
0.0047781	0.00360935	4018.25	164.835	0.104184	2024.05	1003.82	9.33758	1.61661	615	0	-4.27166	0	20	20
0.00479025	0.00355738	3952.4	164.416	0.0896893	1975.79	986.269	9.26672	1.61661	615	0	-4.12727	0	20	20
0.00480246	0.00350566	3887.18	163.992	0.0772089	1928.09	968.776	9.19621	1.61661	615	0	-3.98612	0	20	20
0.00481478	0.00345419	3822.6	163.562	0.0664636	1880.94	951.349	9.12582	1.61661	615	0	-3.84815	0	20	20
0.00482724	0.00340297	3758.69	163.127	0.0572127	1834.35	933.994	9.05529	1.61661	615	0	-3.71328	0	20	20
0.00483984	0.00335202	3695.44	162.685	0.0492485	1788.34	916.718	8.98477	1.61661	615	0	-3.58155	0	20	20
0.00485251	0.00330137	3632.88	162.238	0.0423924	1742.9	899.528	8.91458	1.61661	615	0	-3.45303	0	20	20
0.00486534	0.00325101	3571.01	161.785	0.0364903	1698.05	882.43	8.84422	1.61661	615	0	-3.3276	0	20	20
0.00487835	0.00320096	3509.86	161.325	0.0314096	1653.78	865.43	8.77367	1.61661	615	0	-3.20523	0	20	20
0.00489147	0.00315124	3449.42	160.86	0.027036	1610.1	848.537	8.70325	1.61661	615	0	-3.08599	0	20	20
0.00490473	0.00310188	3389.72	160.389	0.0232712	1567.03	831.755	8.63289	1.61661	615	0	-2.96986	0	20	20
0.00491816	0.00305286	3330.77	159.911	0.0200306	1524.57	815.092	8.56231	1.61661	615	0	-2.85675	0	20	20
0.00493179	0.0030042	3272.59	159.428	0.0172411	1482.72	798.554	8.49152	1.61661	615	0	-2.74666	0	20	20
0.00494556	0.00295595	3215.18	158.938	0.01484	1441.5	782.149	8.42079	1.61661	615	0	-2.63963	0	20	20
0.00495948	0.00290812	3158.57	158.442	0.0127733	1400.91	765.882	8.3501	1.61661	615	0	-2.53563	0	20	20
0.0049736	0.00286071	3102.77	157.94	0.0109943	1360.95	749.76	8.2792	1.61661	615	0	-2.43459	0	20	20
0.00498791	0.00281373	3047.79	157.431	0.00946308	1321.65	733.79	8.20811	1.61661	615	0	-2.33649	0	20	20
0.00500243	0.00276722	2993.65	156.917	0.00814509	1283	717.979	8.13687	1.61661	615	0	-2.24132	0	20	20
0.00501708	0.00272122	2940.36	156.396	0.00701065	1245.01	702.333	8.06581	1.61661	615	0	-2.14911	0	20	20
0.00503191	0.00267572	2887.95	155.868	0.0060342	1207.7	686.859	7.99469	1.61661	615	0	-2.0598	0	20	20
0.00504694	0.00263075	2836.42	155.335	0.00519374	1171.08	671.564	7.92347	1.61661	615	0	-1.97333	0	20	20
0.00506216	0.00258633	2785.79	154.795	0.00447034	1135.14	656.455	7.85221	1.61661	615	0	-1.8897	0	20	20
0.00507757	0.00254249	2736.09	154.249	0.00384768	1099.91	641.537	7.78094	1.61661	615	0	-1.80886	0	20	20
0.00509316	0.00249924	2687.32	153.696	0.00331176	1065.39	626.819	7.70973	1.61661	615	0	-1.7308	0	20	20
0.00510887	0.00245664	2639.5	153.137	0.00285047	1031.58	612.305	7.63882	1.61661	615	0	-1.65552	0	20	20
0.00512472	0.00241468	2592.64	152.571	0.00245344	998.513	598.004	7.56813	1.61661	615	0	-1.58295	0	20	20
0.00514072	0.00237341	2546.77	151.999	0.0021117	966.183	583.921	7.49769	1.61661	615	0	-1.51306	0	20	20
0.00515685	0.00233284	2501.9	151.421	0.00181757	934.602	570.064	7.42758	1.61661	615	0	-1.44581	0	20	20
0.00517308	0.002293	2458.05	150.836	0.0015644	903.781	556.437	7.35789	1.61661	615	0	-1.38117	0	20	20
0.00518938	0.00225392	2415.22	150.245	0.00134649	873.728	543.049	7.28875	1.61661	615	0	-1.31909	0	20	20
0.00520574	0.00221563	2373.44	149.647	0.00115894	844.454	529.904	7.22027	1.61661	615	0	-1.25956	0	20	20
0.00522211	0.00217817	2332.72	149.043	0.000997512	815.967	517.01	7.15258	1.61661	615	0	-1.20251	0	20	20
0.00523845	0.00214155	2293.08	148.432	0.000858568	788.278	504.372	7.08583	1.61661	615	0	-1.14793	0	20	20
0.00525473	0.00210582	2254.52	147.815	0.000738977	761.394	491.997	7.02019	1.61661	615	0	-1.09576	0	20	20
0.00527089	0.002071	2217.07	147.192	0.000636045	735.325	479.89	6.95582	1.61661	615	0	-1.04596	0	20	20
0.00528687	0.00203712	2180.74	146.562	0.000547449	710.079	468.057	6.89292	1.61661	615	0	-0.9985	0	20	20
0.00530262	0.00200422	2145.54	145.926	0.000471194	685.666	456.503	6.8317	1.61661	615	0	-0.953333	0	20	20
0.00531808	0.00197231	2111.46	145.283	0.000405561	662.082	445.232	6.77229	1.61661	615	0	-0.910398	0	20	20
0.00533325	0.00194138	2078.49	144.634	0.00034907	639.31	434.24	6.71468	1.61661	615	0	-0.869592	0	20	20
0.00534813	0.0019114	2046.6	143.979	0.000300448	617.322	423.518	6.65876	1.61661	615	0	-0.830801	0	20	20
0.00536276	0.00188234	2015.73	143.317	0.000258598	596.089	413.061	6.60443	1.61661	615	0	-0.793914	0	20	20
0.00537713	0.00185417	1985.87	142.649	0.000222577	575.587	402.863	6.55161	1.61661	615	0	-0.758829	0	20	20
0.00539127	0.00182686	1956.97	141.975	0.000191574	555.79	392.916	6.5002	1.61661	615	0	-0.725447	0	20	20
0.00540518	0.00180038	1929.01	141.295	0.000164889	536.674	383.215	6.45014	1.61661	615	0	-0.693679	0	20	20
0.00541888	0.00177471	1901.96	140.608	0.000141922	518.215	373.753	6.40134	1.61661	615	0	-0.663435	0	20	20
0.00543238	0.00174982	1875.79	139.915	0.000122153	500.391	364.525	6.35374	1.61661	615	0	-0.634636	0	20	20
0.00544569	0.00172569	1850.46	139.216	0.000105138	483.18	355.525	6.30726	1.61661	615	0	-0.607203	0	20	20
0.00545882	0.00170229	1825.95	138.511	9.04933e-05	466.562	346.747	6.26185	1.61661	615	0	-0.581065	0	20	20
0.00547179	0.00167961	1802.24	137.8	7.78883e-05	450.514	338.186	6.21744	1.61661	615	0	-0.556151	0	20	20
0.0054846	0.00165761	1779.3	137.083	6.70391e-05	435.019	329.836	6.17398	1.61661	615	0	-0.532398	0	20	20
0.00549726	0.00163627	1757.11	136.36	5.77011e-05	420.057	321.693	6.13141	1.61661	615	0	-0.509743	0	20	20
0.00550979	0.00161559	1735.63	135.631	4.96638e-05	405.609	313.75	6.08969	1.61661	615	0	-0.488129	0	20	20
0.00552219	0.00159552	1714.85	134.896	4.2746e-05	391.658	306.003	6.04877	1.61661	615	0	-0.467501	0	20	20
0.00553446	0.00157607	1694.74	134.156	3.67919e-05	378.188	298.448	6.0086	1.61661	615	0	-0.447808	0	20	20
0.00554663	0.00155719	1675.29	133.41	3.1667e-05	365.18	291.079	5.96915	1.61661	615	0	-0.429	0	20	20
0.0055587	0.00153889	1656.47	132.658	2.72561e-05	352.62	283.893	5.93037	1.61661	615	0	-0.411032	0	20	20
0.00557067	0.00152113	1638.26	131.9	2.34595e-05	340.491	276.883	5.89222	1.61661	615	0	-0.393859	0	20	20
0.00558255	0.0015039	1620.64	131.137	2.01918e-05	328.78	270.047	5.85467	1.61661	615	0	-0.377441	0	20	20
0.00559435	0.00148719	1603.59	130.369	1.73792e-05	317.472	263.38	5.8177	1.61661	615	0	-0.361738	0	20	20
0.00560608	0.00147097	1587.09	129.596	1.49585e-05	306.553	256.877	5.78126	1.61661	615	0	-0.346714	0	20	20
0.00561771	0.00145525	1571.13	128.817	1.28749e-05	296.009	250.534	5.74543	1.61661	615	0	-0.332343	0	20	20
0.00562928	0.00143998	1555.69	128.033	1.10815e-05	285.828	244.349	5.71008	1.61661	615	0	-0.318583	0	20	20
0.00564079	0.00142518	1540.76	127.243	9.53793e-06	275.997	238.316	5.67519	1.61661	615	0	-0.305402	0	20	20
0.00565225	0.0014108	1526.3	126.449	8.20938e-06	266.504	232.432	5.64073	1.61661	615	0	-0.292771	0	20	20
0.00566367	0.00139685	1512.32	125.65	7.06588e-06	257.338	226.693	5.60669	1.61661	615	0	-0.280662	0	20	20
0.00567505	0.00138331	1498.79	124.847	6.08166e-06	248.487	221.096	5.57304	1.61661	615	0	-0.269049	0	20	20
0.00568639	0.00137017	1485.7	124.038	5.23453e-06	239.94	215.637	5.53976	1.61661	615	0	-0.257907	0	20	20
0.0056977	0.00135741	1473.04	123.225	4.5054e-06	231.688	210.313	5.50683	1.61661	615	0	-0.247212	0	20	20
0.00570898	0.00134502	1460.79	122.407	3.87783e-06	223.719	205.12	5.47424	1.61661	615	0	-0.236941	0	20	20
0.00572023	0.00133299	1448.94	121.585	3.33768e-06	216.024	200.056	5.44202	1.61661	615	0	-0.227078	0	20	20
0.00573143	0.00132131	1437.47	120.759	2.87277e-06	208.594	195.116	5.41017	1.61661	615	0	-0.217603	0	20	20
0.00574262	0.00130997	1426.38	119.928	2.47262e-06	201.42	190.299	5.37862	1.61661	615	0	-0.208493	0	20	20
0.00575379	0.00129896	1415.65	119.094	2.1282e-06	194.492	185.6	5.34735	1.61661	615	0	-0.199729	0	20	20
0.00576495	0.00128826	1405.27	118.255	1.83176e-06	187.802	181.018	5.31635	1.61661	615	0	-0.191295	0	20	20
0.0057761	0.00127786	1395.23	117.413	1.57661e-06	181.343	176.549	5.28561	1.61661	615	0	-0.183173	0	20	20
0.00578725	0.00126777	1385.52	116.567	1.357e-06	175.106	172.19	5.25513	1.61661	615	0	-0.175349	0	20	20
0.00579839	0.00125795	1376.12	115.718	1.16798e-06	169.083	167.938	5.22489	1.61661	615	0	-0.167808	0	20	20
0.0058095	0.00124842	1367.03	114.865	1.00529e-06	163.268	163.792	5.19497	1.61661	615	0	-0.160545	0	20	20
0.0058206	0.00123916	1358.24	114.009	8.65262e-07	157.652	159.748	5.16531	1.61661	615	0	-0.153539	0	20	20
0.0058317	0.00123016	1349.73	113.149	7.44738e-07	152.23	155.804	5.13588	1.61661	615	0	-0.146778	0	20	20
0.0058428	0.00122142	1341.51	112.287	6.41002e-07	146.994	151.957	5.10666	1.61661	615	0	-0.140249	0	20	20
0.0058539	0.00121291	1333.55	111.421	5.51715e-07	141.938	148.205	5.07766	1.61661	615	0	-0.133942	0	20	20
0.00586501	0.00120464	1325.85	110.553	4.74866e-07	137.056	144.546	5.04887	1.61661	615	0	-0.127845	0	20	20
0.00587611	0.0011966	1318.41	109.682	4.08721e-07	132.342	140.977	5.02031	1.61661	615	0	-0.121951	0	20	20
0.00588718	0.00118879	1311.21	108.809	3.51789e-07	127.79	137.496	4.99205	1.61661	615	0	-0.116256	0	20	20
0.00589825	0.00118119	1304.25	107.933	3.02788e-07	123.395	134.101	4.96399	1.61661	615	0	-0.110743	0	20	20
0.00590932	0.0011738	1297.51	107.056	2.60612e-07	119.151	130.79	4.93613	1.61661	615	0	-0.105405	0	20	20
0.0059204	0.00116661	1291	106.176	2.24311e-07	115.053	127.561	4.90848	1.61661	615	0	-0.100233	0	20	20
0.00593148	0.00115962	1284.7	105.294	1.93066e-07	111.095	124.412	4.88103	1.61661	615	0	-0.0952201	0	20	20
0.00594255	0.00115282	1278.61	104.411	1.66173e-07	107.274	121.34	4.8538	1.61661	615	0	-0.0903591	0	20	20
0.00595359	0.0011462	1272.73	103.526	1.43027e-07	103.585	118.344	4.82685	1.61661	615	0	-0.0856499	0	20	20
0.00596462	0.00113977	1267.03	102.639	1.23104e-07	100.022	115.422	4.80012	1.61661	615	0	-0.0810792	0	20	20
0.00597565	0.0011335	1261.53	101.751	1.05957e-07	96.5818	112.572	4.77359	1.61661	615	0	-0.0766409	0	20	20
0.00598667	0.00112741	1256.21	100.862	9.11979e-08	93.2599	109.793	4.74728	1.61661	615	0	-0.0723294	0	20	20
0.00599768	0.00112148	1251.06	99.9722	7.84948e-08	90.0523	107.082	4.72118	1.61661	615	0	-0.0681392	0	20	20
0.00600867	0.00111571	1246.09	99.0814	6.75611e-08	86.9549	104.438	4.69533	1.61661	615	0	-0.0640674	0	20	20
0.00601962	0.00111009	1241.28	98.1899	5.81504e-08	83.9642	101.86	4.66975	1.61661	615	0	-0.0601113	0	20	20
0.00603055	0.00110463	1236.63	97.2979	5.00505e-08	81.0763	99.3448	4.64439	1.61661	615	0	-0.0562622	0	20	20
0.00604146	0.00109931	1232.14	96.4055	4.30789e-08	78.2877	96.8919	4.61927	1.61661	615	0	-0.0525156	0	20	20
0.00605236	0.00109413	1227.8	95.5129	3.70783e-08	75.595	94.4997	4.59438	1.61661	615	0	-0.0488678	0	20	20
0.00606322	0.00108909	1223.6	94.6203	3.19136e-08	72.9949	92.1665	4.56973	1.61661	615	0	-0.0453149	0	20	20
0.00607403	0.00108418	1219.55	93.7278	2.74683e-08	70.4843	89.8909	4.54537	1.61661	615	0	-0.0418577	0	20	20
0.0060848	0.00107941	1215.63	92.8355	2.36422e-08	68.06	87.6715	4.52128	1.61661	615	0	-0.0384894	0	20	20
0.00609553	0.00107476	1211.84	91.9436	2.0349e-08	65.7191	85.5068	4.49744	1.61661	615	0	-0.035206	0	20	20
0.00610622	0.00107024	1208.19	91.0524	1.75146e-08	63.4588	83.3957	4.47386	1.61661	615	0	-0.0320045	0	20	20
0.00611686	0.00106584	1204.65	90.1618	1.50749e-08	61.2761	81.3366	4.45055	1.61661	615	0	-0.0288824	0	20	20
0.00612745	0.00106156	1201.24	89.2721	1.29751e-08	59.1685	79.3284	4.42753	1.61661	615	0	-0.0258391	0	20	20
0.00613796	0.00105739	1197.95	88.3835	1.11678e-08	57.1335	77.3698	4.40482	1.61661	615	0	-0.0228723	0	20	20
0.00614841	0.00105333	1194.76	87.4961	9.61219e-09	55.1684	75.4595	4.38239	1.61661	615	0	-0.0199776	0	20	20
0.0061588	0.00104938	1191.69	86.61	8.27329e-09	53.2709	73.5964	4.36025	1.61661	615	0	-0.017153	0	20	20
0.00616912	0.00104554	1188.72	85.7254	7.12089e-09	51.4387	71.7793	4.3384	1.61661	615	0	-0.0143965	0	20	20
0.00617936	0.00104181	1185.85	84.8425	6.129e-09	49.6695	70.0071	4.31687	1.61661	615	0	-0.011707	0	20	20
0.00618951	0.00103818	1183.09	83.9614	5.27528e-09	47.9611	68.2786	4.29567	1.61661	615	0	-0.0090852	0	20	20
0.00619957	0.00103464	1180.42	83.0822	4.54048e-09	46.3115	66.5928	4.27479	1.61661	615	0	-0.00652658	0	20	20
0.00620955	0.0010312	1177.84	82.2051	3.90803e-09	44.7186	64.9486	4.25422	1.61661	615	0	-0.00402977	0	20	20
0.00621943	0.00102786	1175.35	81.3303	3.36367e-09	43.1805	63.345	4.23398	1.61661	615	0	-0.00159349	0	20	20
0.00622921	0.00102461	1172.95	80.4579	2.89514e-09	41.6954	61.781	4.21407	1.61661	615	0	0.000783413	0	20	20
0.00623887	0.00102146	1170.64	79.588	2.49187e-09	40.2613	60.2556	4.19451	1.61661	615	0	0.00310015	0	20	20
0.00624843	0.00101839	1168.4	78.7207	2.14477e-09	38.8765	58.7679	4.1753	1.61661	615	0	0.00535897	0	20	20
0.00625787	0.00101541	1166.25	77.8563	1.84602e-09	37.5394	57.3169	4.15644	1.61661	615	0	0.0075616	0	20	20
0.00626719	0.00101251	1164.17	76.9948	1.58888e-09	36.2482	55.9018	4.13792	1.61661	615	0	0.00970893	0	20	20
0.00627639	0.0010097	1162.16	76.1364	1.36757e-09	35.0015	54.5216	4.11975	1.61661	615	0	0.0118018	0	20	20
0.00628546	0.00100697	1160.23	75.2813	1.17707e-09	33.7976	53.1754	4.10193	1.61661	615	0	0.0138409	0	20	20
0.00629439	0.00100432	1158.37	74.4294	1.01312e-09	32.6352	51.8625	4.0845	1.61661	615	0	0.0158251	0	20	20
0.00630319	0.00100175	1156.57	73.5811	8.71998e-10	31.5127	50.582	4.06742	1.61661	615	0	0.0177573	0	20	20
0.00631185	0.000999258	1154.84	72.7364	7.50536e-10	30.4288	49.3332	4.0507	1.61661	615	0	0.0196381	0	20	20
0.00632037	0.000996838	1153.17	71.8953	6.45992e-10	29.3822	48.1151	4.03434	1.61661	615	0	0.0214682	0	20	20
0.00632875	0.000994492	1151.56	71.0582	5.56011e-10	28.3716	46.9271	4.01834	1.61661	615	0	0.0232483	0	20	20
0.00633698	0.000992216	1150.01	70.225	4.78563e-10	27.3958	45.7685	4.0027	1.61661	615	0	0.0249792	0	20	20
0.00634506	0.000990012	1148.52	69.3959	4.11903e-10	26.4535	44.6385	3.98743	1.61661	615	0	0.0266601	0	20	20
0.00635299	0.000987876	1147.08	68.571	3.54528e-10	25.5437	43.5364	3.97252	1.61661	615	0	0.0282932	0	20	20
0.00636076	0.000985807	1145.7	67.7505	3.05145e-10	24.6651	42.4614	3.95797	1.61661	615	0	0.0298793	0	20	20
0.00636839	0.000983803	1144.36	66.9343	2.62641e-10	23.8168	41.4131	3.94377	1.61661	615	0	0.0314191	0	20	20
0.00637586	0.000981862	1143.08	66.1227	2.26057e-10	22.9976	40.3906	3.92992	1.61661	615	0	0.0329134	0	20	20
0.00638318	0.000979983	1141.85	65.3158	1.94569e-10	22.2066	39.3933	3.91641	1.61661	615	0	0.0343629	0	20	20
0.00639035	0.000978165	1140.66	64.5135	1.67467e-10	21.4428	38.4207	3.90325	1.61661	615	0	0.0357685	0	20	20
0.00639736	0.000976406	1139.51	63.7161	1.4414e-10	20.7053	37.4721	3.89043	1.61661	615	0	0.0371303	0	20	20
0.00640422	0.000974704	1138.41	62.9236	1.24063e-10	19.9932	36.5469	3.87794	1.61661	615	0	0.03845	0	20	20
0.00641093	0.000973058	1137.35	62.1362	1.06782e-10	19.3055	35.6446	3.86578	1.61661	615	0	0.0397286	0	20	20
0.00641749	0.000971466	1136.33	61.3539	9.1908e-11	18.6415	34.7645	3.85394	1.61661	615	0	0.0409668	0	20	20
0.0064239	0.000969926	1135.35	60.5767	7.91059e-11	18.0003	33.9061	3.84241	1.61661	615	0	0.0421658	0	20	20
0.00643017	0.000968437	1134.41	59.8049	6.80871e-11	17.3812	33.069	3.83118	1.61661	615	0	0.0433264	0	20	20
0.00643629	0.000966998	1133.5	59.0384	5.86031e-11	16.7834	32.2525	3.82026	1.61661	615	0	0.0444496	0	20	20
0.00644227	0.000965607	1132.63	58.2773	5.04402e-11	16.2061	31.4562	3.80963	1.61661	615	0	0.0455363	0	20	20
0.00644812	0.000964263	1131.79	57.5218	4.34142e-11	15.6487	30.6796	3.79928	1.61661	615	0	0.0465872	0	20	20
0.00645382	0.000962964	1130.99	56.7719	3.7367e-11	15.1105	29.9221	3.78922	1.61661	615	0	0.0476038	0	20	20
0.00645939	0.000961709	1130.21	56.0276	3.21621e-11	14.5908	29.1833	3.77942	1.61661	615	0	0.048587	0	20	20
0.00646483	0.000960495	1129.47	55.289	2.76821e-11	14.0889	28.4628	3.76989	1.61661	615	0	0.0495378	0	20	20
0.00647014	0.000959323	1128.76	54.5562	2.38262e-11	13.6044	27.76	3.76061	1.61661	615	0	0.0504573	0	20	20
0.00647533	0.000958191	1128.07	53.8293	2.05074e-11	13.1364	27.0746	3.75158	1.61661	615	0	0.0513464	0	20	20
0.0064804	0.000957096	1127.42	53.1082	1.76509e-11	12.6846	26.4061	3.74278	1.61661	615	0	0.0522062	0	20	20
0.00648535	0.000956039	1126.78	52.3932	1.51923e-11	12.2483	25.7542	3.73422	1.61661	615	0	0.0530375	0	20	20
0.00649018	0.000955018	1126.18	51.6841	1.30761e-11	11.8271	25.1183	3.72589	1.61661	615	0	0.0538414	0	20	20
0.0064949	0.000954031	1125.6	50.981	1.12547e-11	11.4203	24.4981	3.71777	1.61661	615	0	0.0546185	0	20	20
0.00649951	0.000953077	1125.04	50.2841	9.68703e-12	11.0275	23.8933	3.70987	1.61661	615	0	0.0553701	0	20	20
0.00650402	0.000952156	1124.51	49.5933	8.3377e-12	10.6482	23.3033	3.70216	1.61661	615	0	0.056097	0	20	20
0.00650842	0.000951265	1123.99	48.9087	7.17633e-12	10.282	22.728	3.69465	1.61661	615	0	0.0568001	0	20	20
0.00651272	0.000950405	1123.5	48.2303	6.17672e-12	9.92831	22.1668	3.68734	1.61661	615	0	0.0574803	0	20	20
0.00651693	0.000949574	1123.03	47.5582	5.31635e-12	9.58683	21.6195	3.6802	1.61661	615	0	0.0581385	0	20	20
0.00652104	0.00094877	1122.58	46.8923	4.57583e-12	9.25709	21.0857	3.67324	1.61661	615	0	0.0587754	0	20	20
0.00652506	0.000947993	1122.15	46.2327	3.93845e-12	8.9387	20.5651	3.66645	1.61661	615	0	0.0593918	0	20	20
0.006529	0.000947243	1121.74	45.5795	3.38986e-12	8.63126	20.0574	3.65983	1.61661	615	0	0.0599886	0	20	20
0.00653285	0.000946517	1121.35	44.9326	2.91768e-12	8.33439	19.5621	3.65336	1.61661	615	0	0.0605665	0	20	20
0.00653661	0.000945815	1120.97	44.2921	2.51127e-12	8.04773	19.0792	3.64705	1.61661	615	0	0.0611261	0	20	20
0.0065403	0.000945137	1120.61	43.658	2.16147e-12	7.77093	18.6081	3.64088	1.61661	615	0	0.0616682	0	20	20
0.00654391	0.000944481	1120.26	43.0302	1.86039e-12	7.50365	18.1487	3.63486	1.61661	615	0	0.0621934	0	20	20
0.00654745	0.000943846	1119.94	42.409	1.60125e-12	7.24557	17.7006	3.62897	1.61661	615	0	0.0627024	0	20	20
0.00655092	0.000943232	1119.62	41.7941	1.37821e-12	6.99636	17.2635	3.62321	1.61661	615	0	0.0631958	0	20	20
0.00655431	0.000942639	1119.32	41.1856	1.18624e-12	6.75572	16.8373	3.61758	1.61661	615	0	0.0636743	0	20	20
0.00655764	0.000942064	1119.04	40.5837	1.02101e-12	6.52336	16.4216	3.61207	1.61661	615	0	0.0641384	0	20	20
0.00656091	0.000941508	1118.77	39.9881	8.78787e-13	6.299	16.0161	3.60668	1.61661	615	0	0.0645886	0	20	20
0.00656411	0.000940971	1118.51	39.399	7.56379e-13	6.08234	15.6207	3.6014	1.61661	615	0	0.0650256	0	20	20
0.00656726	0.00094045	1118.27	38.8163	6.51022e-13	5.87314	15.235	3.59623	1.61661	615	0	0.0654498	0	20	20
0.00657034	0.000939946	1118.03	38.2401	5.60339e-13	5.67114	14.8589	3.59117	1.61661	615	0	0.0658617	0	20	20
0.00657337	0.000939458	1117.81	37.6703	4.82289e-13	5.47608	14.492	3.58621	1.61661	615	0	0.0662618	0	20	20
0.00657635	0.000938985	1117.6	37.1069	4.1511e-13	5.28774	14.1342	3.58134	1.61661	615	0	0.0666505	0	20	20
0.00657927	0.000938527	1117.4	36.5499	3.57288e-13	5.10587	13.7852	3.57657	1.61661	615	0	0.0670284	0	20	20
0.00658215	0.000938084	1117.22	35.9993	3.07521e-13	4.93025	13.4449	3.57189	1.61661	615	0	0.0673957	0	20	20
0.00658497	0.000937654	1117.04	35.4551	2.64686e-13	4.76068	13.1129	3.56729	1.61661	615	0	0.0677528	0	20	20
0.00658775	0.000937238	1116.87	34.9173	2.27817e-13	4.59694	12.7891	3.56278	1.61661	615	0	0.0681003	0	20	20
0.00659048	0.000936834	1116.71	34.3858	1.96084e-13	4.43883	12.4734	3.55835	1.61661	615	0	0.0684383	0	20	20
0.00659317	0.000936443	1116.56	33.8607	1.68771e-13	4.28616	12.1654	3.554	1.61661	615	0	0.0687673	0	20	20
0.00659582	0.000936063	1116.42	33.3418	1.45263e-13	4.13873	11.865	3.54972	1.61661	615	0	0.0690877	0	20	20
0.00659842	0.000935695	1116.29	32.8292	1.25029e-13	3.99638	11.5721	3.54551	1.61661	615	0	0.0693996	0	20	20
0.00660099	0.000935338	1116.17	32.3229	1.07613e-13	3.85893	11.2864	3.54138	1.61661	615	0	0.0697035	0	20	20
0.0066034	0.000935007	1116.06	31.8229	9.26235e-14	3.7262	11.0077	3.53751	1.61661	615	0	0.0700531	0	20	20
0.00660445	0.000934852	1115.95	31.329	7.97218e-14	3.59804	10.7359	3.53583	1.61661	615	0	0.0709774	0	20	20
0.00660553	0.000934701	1115.86	30.8413	6.86172e-14	3.47429	10.4709	3.53409	1.61661	615	0	0.0718597	0	20	20
0.00660665	0.000934553	1115.78	30.3597	5.90593e-14	3.35479	10.2123	3.53229	1.61661	615	0	0.072702	0	20	20
0.00660781	0.000934409	1115.71	29.8843	5.08329e-14	3.23941	9.96019	3.53043	1.61661	615	0	0.0735057	0	20	20
0.006609	0.000934268	1115.65	29.4149	4.37522e-14	3.12799	9.71427	3.52852	1.61661	615	0	0.0742725	0	20	20
0.00661023	0.000934129	1115.6	28.9516	3.76579e-14	3.0204	9.47443	3.52656	1.61661	615	0	0.0750039	0	20	20
0.00661148	0.000933993	1115.55	28.4943	3.24125e-14	2.91652	9.2405	3.52455	1.61661	615	0	0.0757014	0	20	20
0.00661278	0.00093386	1115.52	28.0429	2.78977e-14	2.8162	9.01235	3.52248	1.61661	615	0	0.0763664	0	20	20
0.0066141	0.000933728	1115.5	27.5975	2.40117e-14	2.71934	8.78984	3.52037	1.61661	615	0	0.0770001	0	20	20
0.00661545	0.000933598	1115.48	27.158	2.06671e-14	2.62581	8.57282	3.51821	1.61661	615	0	0.077604	0	20	20
0.00661683	0.00093347	1115.47	26.7243	1.77883e-14	2.5355	8.36115	3.51601	1.61661	615	0	0.0781792	0	20	20
0.00661823	0.000933343	1115.47	26.2965	1.53106e-14	2.44829	8.15472	3.51377	1.61661	615	0	0.0787269	0	20	20
0.00661967	0.000933218	1115.47	25.8744	1.31779e-14	2.36408	7.95337	3.51149	1.61661	615	0	0.0792484	0	20	20
0.00662113	0.000933095	1115.48	25.458	1.13423e-14	2.28277	7.75701	3.50917	1.61661	615	0	0.0797446	0	20	20
0.00662261	0.000932972	1115.5	25.0473	9.76244e-15	2.20426	7.56548	3.50681	1.61661	615	0	0.0802167	0	20	20
0.00662411	0.000932851	1115.52	24.6423	8.40261e-15	2.12844	7.37869	3.50442	1.61661	615	0	0.0806658	0	20	20
0.00662564	0.000932731	1115.55	24.2428	7.2322e-15	2.05523	7.19651	3.502	1.61661	615	0	0.0810926	0	20	20
0.00662719	0.000932611	1115.58	23.8489	6.22481e-15	1.98455	7.01883	3.49955	1.61661	615	0	0.0814983	0	20	20
0.00662876	0.000932493	1115.62	23.4604	5.35774e-15	1.91629	6.84553	3.49707	1.61661	615	0	0.0818837	0	20	20
0.00663034	0.000932375	1115.66	23.0775	4.61145e-15	1.85038	6.67652	3.49456	1.61661	615	0	0.0822497	0	20	20
0.00663195	0.000932258	1115.71	22.6999	3.96911e-15	1.78674	6.51167	3.49202	1.61661	615	0	0.0825971	0	20	20
0.00663356	0.000932142	1115.76	22.3277	3.41625e-15	1.72528	6.3509	3.48947	1.61661	615	0	0.0829268	0	20	20
0.0066352	0.000932026	1115.82	21.9608	2.94039e-15	1.66594	6.19409	3.48689	1.61661	615	0	0.0832394	0	20	20
0.00663685	0.000931911	1115.88	21.5991	2.53082e-15	1.60864	6.04116	3.48429	1.61661	615	0	0.0835357	0	20	20
0.00663851	0.000931797	1115.94	21.2427	2.1783e-15	1.55331	5.892	3.48167	1.61661	615	0	0.0838165	0	20	20
0.00664019	0.000931683	1116.01	20.8914	1.87488e-15	1.49989	5.74653	3.47904	1.61661	615	0	0.0840824	0	20	20
0.00664187	0.00093157	1116.08	20.5452	1.61372e-15	1.4483	5.60465	3.47639	1.61661	615	0	0.0843341	0	20	20
0.00664357	0.000931457	1116.15	20.204	1.38894e-15	1.39849	5.46627	3.47373	1.61661	615	0	0.0845721	0	20	20
0.00664528	0.000931344	1116.22	19.8679	1.19547e-15	1.35039	5.33131	3.47105	1.61661	615	0	0.0847972	0	20	20
0.00664699	0.000931232	1116.3	19.5367	1.02895e-15	1.30394	5.19968	3.46836	1.61661	615	0	0.0850099	0	20	20
0.00664872	0.00093112	1116.38	19.2104	8.85629e-16	1.25909	5.0713	3.46567	1.61661	615	0	0.0852107	0	20	20
0.00665045	0.000931009	1116.46	18.8889	7.62268e-16	1.21579	4.94608	3.46296	1.61661	615	0	0.0854001	0	20	20
0.00665219	0.000930898	1116.55	18.5723	6.5609e-16	1.17397	4.82397	3.46025	1.61661	615	0	0.0855787	0	20	20
0.00665393	0.000930787	1116.63	18.2604	5.64702e-16	1.13359	4.70486	3.45752	1.61661	615	0	0.085747	0	20	20
0.00665568	0.000930676	1116.72	17.9532	4.86043e-16	1.0946	4.5887	3.4548	1.61661	615	0	0.0859055	0	20	20
0.00665744	0.000930566	1116.81	17.6506	4.18342e-16	1.05695	4.4754	3.45206	1.61661	615	0	0.0860545	0	20	20
0.0066592	0.000930456	1116.9	17.3526	3.6007e-16	1.0206	4.3649	3.44933	1.61661	615	0	0.0861945	0	20	20
0.00666096	0.000930346	1116.99	17.0592	3.09915e-16	0.985496	4.25713	3.44659	1.61661	615	0	0.0863259	0	20	20
0.00666273	0.000930237	1117.09	16.7702	2.66746e-16	0.951601	4.15203	3.44385	1.61661	615	0	0.0864492	0	20	20
0.0066645	0.000930128	1117.18	16.4856	2.29591e-16	0.918871	4.04951	3.44111	1.61661	615	0	0.0865647	0	20	20
0.00666627	0.000930018	1117.28	16.2055	1.97611e-16	0.887266	3.94953	3.43836	1.61661	615	0	0.0866727	0	20	20
0.00666804	0.000929909	1117.38	15.9296	1.70085e-16	0.856749	3.85201	3.43562	1.61661	615	0	0.0867736	0	20	20
0.00666982	0.000929801	1117.48	15.6581	1.46393e-16	0.827282	3.75691	3.43288	1.61661	615	0	0.0868678	0	20	20
0.00667159	0.000929692	1117.58	15.3907	1.26002e-16	0.798828	3.66415	3.43014	1.61661	615	0	0.0869555	0	20	20
0.00667337	0.000929583	1117.68	15.1275	1.08451e-16	0.771352	3.57368	3.4274	1.61661	615	0	0.0870372	0	20	20
0.00667515	0.000929475	1117.78	14.8685	9.33446e-17	0.744822	3.48545	3.42466	1.61661	615	0	0.0871129	0	20	20
0.00667692	0.000929366	1117.88	14.6135	8.03424e-17	0.719204	3.39939	3.42193	1.61661	615	0	0.0871831	0	20	20
0.0066787	0.000929258	1117.98	14.3625	6.91514e-17	0.694468	3.31546	3.4192	1.61661	615	0	0.087248	0	20	20
0.00668047	0.00092915	1118.08	14.1155	5.95191e-17	0.670582	3.2336	3.41647	1.61661	615	0	0.0873079	0	20	20
0.00668225	0.000929042	1118.19	13.8724	5.12286e-17	0.647517	3.15376	3.41375	1.61661	615	0	0.087363	0	20	20
0.00668402	0.000928933	1118.29	13.6332	4.40929e-17	0.625246	3.0759	3.41104	1.61661	615	0	0.0874135	0	20	20
0.00668579	0.000928825	1118.39	13.3977	3.79511e-17	0.603741	2.99995	3.40832	1.61661	615	0	0.0874596	0	20	20
0.00668757	0.000928717	1118.5	13.1661	3.26648e-17	0.582976	2.92588	3.40562	1.61661	615	0	0.0875017	0	20	20
0.00668933	0.000928609	1118.6	12.9381	2.81149e-17	0.562924	2.85364	3.40292	1.61661	615	0	0.0875398	0	20	20
0.0066911	0.000928501	1118.71	12.7138	2.41987e-17	0.543563	2.78319	3.40022	1.61661	615	0	0.0875742	0	20	20
0.00669286	0.000928393	1118.81	12.4932	2.0828e-17	0.524867	2.71447	3.39754	1.61661	615	0	0.087605	0	20	20
0.00669463	0.000928285	1118.92	12.2761	1.79268e-17	0.506815	2.64745	3.39485	1.61661	615	0	0.0876325	0	20	20
0.00669639	0.000928177	1119.02	12.0625	1.54298e-17	0.489383	2.58208	3.39218	1.61661	615	0	0.0876568	0	20	20
0.00669814	0.000928068	1119.13	11.8524	1.32805e-17	0.472551	2.51833	3.38951	1.61661	615	0	0.0876781	0	20	20
0.0066999	0.00092796	1119.23	11.6457	1.14306e-17	0.456298	2.45615	3.38685	1.61661	615	0	0.0876965	0	20	20
0.00670165	0.000927852	1119.33	11.4423	9.83845e-18	0.440604	2.39551	3.3842	1.61661	615	0	0.0877121	0	20	20
0.00670339	0.000927743	1119.44	11.2423	8.46803e-18	0.425449	2.33637	3.38155	1.61661	615	0	0.0877252	0	20	20
0.00670514	0.000927635	1119.54	11.0456	7.2885e-18	0.410816	2.27868	3.37891	1.61661	615	0	0.0877358	0	20	20
0.00670688	0.000927526	1119.65	10.8521	6.27327e-18	0.396686	2.22242	3.37628	1.61661	615	0	0.0877441	0	20	20
0.00670862	0.000927418	1119.75	10.6619	5.39946e-18	0.383042	2.16755	3.37366	1.61661	615	0	0.0877502	0	20	20
0.00671035	0.000927309	1119.85	10.4747	4.64735e-18	0.369868	2.11403	3.37104	1.61661	615	0	0.0877542	0	20	20
0.00671208	0.0009272	1119.96	10.2906	4.00001e-18	0.357146	2.06183	3.36843	1.61661	615	0	0.0877563	0	20	20
0.00671381	0.000927091	1120.06	10.1096	3.44284e-18	0.344862	2.01093	3.36583	1.61661	615	0	0.0877564	0	20	20
0.00671554	0.000926982	1120.16	9.93164	2.96328e-18	0.333001	1.96128	3.36324	1.61661	615	0	0.0877549	0	20	20
0.00671726	0.000926873	1120.26	9.75661	2.55052e-18	0.321548	1.91285	3.36066	1.61661	615	0	0.0877516	0	20	20
0.00671897	0.000926763	1120.37	9.5845	2.19525e-18	0.310488	1.86563	3.35808	1.61661	615	0	0.0877467	0	20	20
0.00672069	0.000926653	1120.47	9.41527	1.88947e-18	0.299809	1.81956	3.35551	1.61661	615	0	0.0877404	0	20	20
0.0067224	0.000926544	1120.57	9.24887	1.62628e-18	0.289497	1.77464	3.35296	1.61661	615	0	0.0877327	0	20	20
0.0067241	0.000926434	1120.67	9.08527	1.39976e-18	0.27954	1.73082	3.3504	1.61661	615	0	0.0877236	0	20	20
0.0067258	0.000926324	1120.77	8.92441	1.20478e-18	0.269925	1.68809	3.34786	1.61661	615	0	0.0877133	0	20	20
0.0067275	0.000926213	1120.87	8.76627	1.03696e-18	0.260641	1.64641	3.34533	1.61661	615	0	0.0877018	0	20	20
0.0067292	0.000926103	1120.97	8.6108	8.92524e-19	0.251677	1.60576	3.3428	1.61661	615	0	0.0876892	0	20	20
0.00673089	0.000925992	1121.07	8.45795	7.68203e-19	0.24302	1.56611	3.34028	1.61661	615	0	0.0876755	0	20	20
0.00673257	0.000925882	1121.16	8.3077	6.61198e-19	0.234662	1.52744	3.33777	1.61661	615	0	0.0876609	0	20	20
0.00673426	0.000925771	1121.26	8.15999	5.69098e-19	0.226591	1.48973	3.33527	1.61661	615	0	0.0876453	0	20	20
0.00673594	0.000925659	1121.36	8.0148	4.89828e-19	0.218797	1.45295	3.33278	1.61661	615	0	0.0876289	0	20	20
0.00673761	0.000925548	1121.45	7.87207	4.21598e-19	0.211272	1.41708	3.33029	1.61661	615	0	0.0876116	0	20	20
0.00673928	0.000925436	1121.55	7.73179	3.62873e-19	0.204005	1.38209	3.32781	1.61661	615	0	0.0875936	0	20	20
0.00674095	0.000925324	1121.64	7.59389	3.12328e-19	0.196989	1.34797	3.32534	1.61661	615	0	0.0875749	0	20	20
0.00674262	0.000925212	1121.74	7.45836	2.68823e-19	0.190213	1.31468	3.32288	1.61661	615	0	0.0875554	0	20	20
0.00674428	0.0009251	1121.83	7.32515	2.31378e-19	0.183671	1.28222	3.32043	1.61661	615	0	0.0875354	0	20	20
0.00674593	0.000924988	1121.93	7.19422	1.99149e-19	0.177354	1.25057	3.31798	1.61661	615	0	0.0875148	0	20	20
0.00674759	0.000924875	1122.02	7.06554	1.71409e-19	0.171254	1.21969	3.31554	1.61661	615	0	0.0874936	0	20	20
0.00674924	0.000924762	1122.11	6.93908	1.47533e-19	0.165363	1.18958	3.31311	1.61661	615	0	0.0874719	0	20	20
0.00675088	0.000924649	1122.2	6.8148	1.26983e-19	0.159676	1.1602	3.31069	1.61661	615	0	0.0874498	0	20	20
0.00675252	0.000924536	1122.29	6.69266	1.09295e-19	0.154184	1.13156	3.30828	1.61661	615	0	0.0874272	0	20	20
