0.00936804	
0.00741248	
0.00584829	
0.00505953	
0.00458019	
0.00424665	
0.00398975	
0.00378109	
0.00362191	
0.00352876	
0.00352731	
0.00364943	
0.00386485	
0.00415264	
0.00450468	
0.00492201	
0.0054116	
0.00598452	
0.00665501	
0.00744025	
0.00836052	
0.00943962	
0.0107056	
0.0121907	
0.0139282	
0.0159579	
0.0184005	
0.0214549	
0.0253745	
0.0303943	
0.0406092	
0.0510306	
0.0546614	
0.053098	
0.050031	
0.0470085	
0.0443978	
0.0422407	
0.0404966	
0.0391046	
0.0380038	
0.0371403	
0.0364685	
0.0359511	
0.035558	
0.0352645	
0.0350512	
0.034902	
0.0348042	
0.0347474	
0.0347234	
0.034728	
0.0347815	
0.0348831	
0.0350247	
0.0351992	
0.0354005	
0.035623	
0.0358618	
0.0361127	
0.0363718	
0.0366358	
0.0369019	
0.0371677	
0.0374309	
0.0376899	
0.0379431	
0.0381895	
0.038428	
0.0386579	
0.0388786	
0.0390899	
0.0392915	
