0.00866572	0.000693067	1111.6	256.922	76.5	0	0	1.56526	1.61661	615	0	0.149389	0	20	20
0.00874144	0.000705156	1139.6	256.922	76.4694	18.7427	6.31621	1.52494	1.61661	615	0	-0.0983076	0	20	20
0.00885837	0.000730226	1193.8	256.922	76.4339	54.9417	18.6377	1.46534	1.61661	615	0	-0.54877	0	20	20
0.0089405	0.000755509	1245.03	256.922	76.3927	89.8969	30.6555	1.42533	1.61661	615	0	-0.939494	0	20	20
0.00899752	0.000780938	1294	256.922	76.3448	123.643	42.3741	1.3984	1.61661	615	0	-1.28235	0	20	20
0.00903546	0.00080612	1340.57	256.922	76.2893	156.213	53.7983	1.38086	1.61661	615	0	-1.58433	0	20	20
0.00905923	0.00083078	1384.72	256.922	76.2249	187.641	64.933	1.37002	1.61661	615	0	-1.8511	0	20	20
0.00907263	0.000854758	1426.54	256.922	76.1502	217.96	75.7833	1.36396	1.61661	615	0	-2.08784	0	20	20
0.00907848	0.000877991	1466.19	256.922	76.0636	247.203	86.3544	1.36132	1.61661	615	0	-2.29917	0	20	20
0.00907884	0.000900472	1503.88	256.922	75.9633	275.402	96.6517	1.36116	1.61661	615	0	-2.48902	0	20	20
0.00907518	0.00092223	1539.82	256.921	75.847	302.591	106.681	1.36281	1.61661	615	0	-2.66069	0	20	20
0.00906857	0.000943308	1574.19	256.921	75.7124	328.802	116.448	1.36579	1.61661	615	0	-2.81685	0	20	20
0.00905977	0.000963751	1607.16	256.921	75.5566	354.07	125.96	1.36977	1.61661	615	0	-2.95969	0	20	20
0.00904934	0.000983602	1638.86	256.921	75.3764	378.428	135.224	1.37451	1.61661	615	0	-3.091	0	20	20
0.00903769	0.0010029	1669.4	256.921	75.1681	401.91	144.246	1.37984	1.61661	615	0	-3.21223	0	20	20
0.00902511	0.00102166	1698.87	256.92	74.9275	424.553	153.034	1.38561	1.61661	615	0	-3.32457	0	20	20
0.00901184	0.00103993	1727.34	256.92	74.6499	446.392	161.597	1.39174	1.61661	615	0	-3.42904	0	20	20
0.00899805	0.00105772	1754.87	256.92	74.33	467.465	169.943	1.39815	1.61661	615	0	-3.52647	0	20	20
0.00898386	0.00107504	1781.51	256.92	73.9617	487.81	178.082	1.40479	1.61661	615	0	-3.61762	0	20	20
0.00896937	0.00109193	1807.29	256.919	73.5383	507.468	186.025	1.41161	1.61661	615	0	-3.7031	0	20	20
0.00895466	0.00110839	1832.26	256.919	73.0526	526.477	193.78	1.41858	1.61661	615	0	-3.7835	0	20	20
0.00893978	0.00112445	1856.46	256.919	72.4961	544.88	201.361	1.42567	1.61661	615	0	-3.85932	0	20	20
0.00892477	0.00114012	1879.92	256.918	71.8602	562.718	208.777	1.43288	1.61661	615	0	-3.93101	0	20	20
0.00890966	0.00115543	1902.68	256.918	71.1353	580.033	216.04	1.44018	1.61661	615	0	-3.99897	0	20	20
0.00889446	0.0011704	1924.78	256.917	70.3111	596.866	223.163	1.44758	1.61661	615	0	-4.06359	0	20	20
0.00887918	0.00118505	1946.25	256.917	69.3773	613.257	230.157	1.45506	1.61661	615	0	-4.12518	0	20	20
0.00886384	0.0011994	1967.11	256.916	68.323	629.244	237.031	1.46263	1.61661	615	0	-4.18404	0	20	20
0.00884843	0.00121346	1987.41	256.916	67.1377	644.858	243.796	1.47029	1.61661	615	0	-4.24042	0	20	20
0.00883295	0.00122726	2007.15	256.915	65.8111	660.128	250.459	1.47803	1.61661	615	0	-4.29454	0	20	20
0.00881743	0.00124079	2026.35	256.914	64.3342	675.073	257.026	1.48585	1.61661	615	0	-4.34659	0	20	20
0.00880188	0.00125406	2045.01	256.913	62.6995	689.704	263.498	1.49374	1.61661	615	0	-4.39668	0	20	20
0.00878631	0.00126706	2063.12	256.913	60.9015	704.019	269.873	1.50169	1.61661	615	0	-4.4449	0	20	20
0.00877077	0.00127977	2080.65	256.912	58.9379	718.002	276.146	1.50969	1.61661	615	0	-4.4913	0	20	20
0.00875531	0.00129215	2097.56	256.911	56.8097	731.623	282.304	1.5177	1.61661	615	0	-4.53585	0	20	20
0.00873999	0.00130417	2113.79	256.909	54.5225	744.836	288.33	1.52569	1.61661	615	0	-4.5785	0	20	20
0.00872491	0.00131575	2129.26	256.908	52.086	757.576	294.202	1.53362	1.61661	615	0	-4.61913	0	20	20
0.00871017	0.00132683	2143.88	256.907	49.5151	769.765	299.891	1.54142	1.61661	615	0	-4.65761	0	20	20
0.00869587	0.00133732	2157.53	256.905	46.8297	781.311	305.363	1.54903	1.61661	615	0	-4.69373	0	20	20
0.00868215	0.00134714	2170.11	256.904	44.0538	792.114	310.583	1.55639	1.61661	615	0	-4.7273	0	20	20
0.00866914	0.00135617	2181.5	256.902	41.2153	802.066	315.512	1.5634	1.61661	615	0	-4.7581	0	20	20
0.00865698	0.00136434	2191.59	256.9	38.3448	811.061	320.112	1.57001	1.61661	615	0	-4.78592	0	20	20
0.00864578	0.00137156	2200.26	256.898	35.4743	819.001	324.345	1.57611	1.61661	615	0	-4.81054	0	20	20
0.00863566	0.00137773	2207.43	256.896	32.6358	825.797	328.179	1.58166	1.61661	615	0	-4.83181	0	20	20
0.00862673	0.00138281	2213.03	256.893	29.8599	831.378	331.586	1.58658	1.61661	615	0	-4.84958	0	20	20
0.00861905	0.00138675	2217.02	256.89	27.1745	835.694	334.546	1.59082	1.61661	615	0	-4.86376	0	20	20
0.00861267	0.00138952	2219.38	256.887	24.6037	838.718	337.045	1.59436	1.61661	615	0	-4.8743	0	20	20
0.00860763	0.00139111	2220.12	256.884	22.1672	840.444	339.078	1.59716	1.61661	615	0	-4.88121	0	20	20
0.00860386	0.00139156	2219.28	256.881	19.8799	840.891	340.648	1.59926	1.61661	615	0	-4.88417	0	20	20
0.00860046	0.00139102	2216.91	256.877	17.7517	840.097	341.765	1.60116	1.61661	615	0	-4.87777	0	20	20
0.0085974	0.00138955	2213.11	256.872	15.7881	838.117	342.442	1.60287	1.61661	615	0	-4.86251	0	20	20
0.00859468	0.0013872	2207.96	256.868	13.9901	835.021	342.702	1.6044	1.61661	615	0	-4.83896	0	20	20
0.00859226	0.00138403	2201.57	256.863	12.3554	830.885	342.568	1.60575	1.61661	615	0	-4.80778	0	20	20
0.00859011	0.00138012	2194.05	256.857	10.8785	825.796	342.065	1.60696	1.61661	615	0	-4.76966	0	20	20
0.00858822	0.00137553	2185.5	256.851	9.55195	819.84	341.222	1.60802	1.61661	615	0	-4.72529	0	20	20
0.00858655	0.00137033	2176.03	256.845	8.36659	813.103	340.066	1.60895	1.61661	615	0	-4.67538	0	20	20
0.00858509	0.00136458	2165.74	256.838	7.31231	805.671	338.625	1.60978	1.61661	615	0	-4.62059	0	20	20
0.0085838	0.00135834	2154.73	256.83	6.37848	797.624	336.924	1.6105	1.61661	615	0	-4.56155	0	20	20
0.00858267	0.00135168	2143.08	256.822	5.55436	789.038	334.989	1.61114	1.61661	615	0	-4.49886	0	20	20
0.00858167	0.00134464	2130.87	256.812	4.8294	779.981	332.843	1.6117	1.61661	615	0	-4.43306	0	20	20
0.0085808	0.00133727	2118.18	256.802	4.19349	770.518	330.506	1.61219	1.61661	615	0	-4.36463	0	20	20
0.00858003	0.00132962	2105.08	256.791	3.63707	760.704	327.998	1.61263	1.61661	615	0	-4.29402	0	20	20
0.00857934	0.00132172	2091.62	256.779	3.15127	750.592	325.336	1.61301	1.61661	615	0	-4.22161	0	20	20
0.00857874	0.00131361	2077.86	256.766	2.72794	740.226	322.536	1.61335	1.61661	615	0	-4.14776	0	20	20
0.0085782	0.00130531	2063.83	256.752	2.35965	729.646	319.613	1.61366	1.61661	615	0	-4.07275	0	20	20
0.00857772	0.00129686	2049.59	256.736	2.03971	718.888	316.577	1.61393	1.61661	615	0	-3.99685	0	20	20
0.00857729	0.00128827	2035.16	256.719	1.76213	707.98	313.441	1.61417	1.61661	615	0	-3.92029	0	20	20
0.00857691	0.00127957	2020.58	256.701	1.52155	696.951	310.214	1.61439	1.61661	615	0	-3.84328	0	20	20
0.00857656	0.00127078	2005.87	256.681	1.31324	685.823	306.905	1.61458	1.61661	615	0	-3.76597	0	20	20
0.00857625	0.0012619	1991.06	256.659	1.13301	674.617	303.521	1.61476	1.61661	615	0	-3.68851	0	20	20
0.00857598	0.00125296	1976.16	256.635	0.977206	663.35	300.07	1.61491	1.61661	615	0	-3.61105	0	20	20
0.00857573	0.00124396	1961.2	256.609	0.842585	652.038	296.557	1.61505	1.61661	615	0	-3.53368	0	20	20
0.00857551	0.00123492	1946.2	256.58	0.726331	640.694	292.989	1.61518	1.61661	615	0	-3.4565	0	20	20
0.00857532	0.00122584	1931.16	256.549	0.625985	629.33	289.369	1.61529	1.61661	615	0	-3.3796	0	20	20
0.00857516	0.00121673	1916.1	256.515	0.539403	617.956	285.704	1.61538	1.61661	615	0	-3.30306	0	20	20
0.00857502	0.00120761	1901.03	256.478	0.464724	606.582	281.996	1.61545	1.61661	615	0	-3.22693	0	20	20
0.00857491	0.00119847	1885.96	256.438	0.400329	595.217	278.251	1.61551	1.61661	615	0	-3.15127	0	20	20
0.00857484	0.00118933	1870.9	256.394	0.344818	583.867	274.47	1.61556	1.61661	615	0	-3.07614	0	20	20
0.00857479	0.00118018	1855.87	256.346	0.296973	572.541	270.659	1.61558	1.61661	615	0	-3.00158	0	20	20
0.00857478	0.00117104	1840.87	256.293	0.255745	561.243	266.82	1.61559	1.61661	615	0	-2.92764	0	20	20
0.0085748	0.00116191	1825.9	256.236	0.220224	549.98	262.955	1.61558	1.61661	615	0	-2.85434	0	20	20
0.00857486	0.0011528	1810.98	256.174	0.189625	538.759	259.069	1.61554	1.61661	615	0	-2.78173	0	20	20
0.00857496	0.00114371	1796.12	256.106	0.163268	527.583	255.164	1.61549	1.61661	615	0	-2.70984	0	20	20
0.0085751	0.00113464	1781.32	256.032	0.140567	516.458	251.242	1.61541	1.61661	615	0	-2.63869	0	20	20
0.00857529	0.00112559	1766.58	255.951	0.121018	505.388	247.306	1.6153	1.61661	615	0	-2.56831	0	20	20
0.00857552	0.00111659	1751.93	255.863	0.104184	494.379	243.358	1.61517	1.61661	615	0	-2.49873	0	20	20
0.00857581	0.00110762	1737.35	255.768	0.0896893	483.435	239.402	1.61501	1.61661	615	0	-2.42997	0	20	20
0.00857615	0.00109869	1722.87	255.663	0.0772089	472.561	235.44	1.61482	1.61661	615	0	-2.36206	0	20	20
0.00857654	0.0010898	1708.48	255.549	0.0664636	461.76	231.474	1.61459	1.61661	615	0	-2.29501	0	20	20
0.008577	0.00108097	1694.2	255.425	0.0572127	451.037	227.506	1.61434	1.61661	615	0	-2.22884	0	20	20
0.00857752	0.00107219	1680.02	255.29	0.0492485	440.397	223.54	1.61404	1.61661	615	0	-2.16358	0	20	20
0.0085781	0.00106347	1665.96	255.142	0.0423924	429.843	219.576	1.61371	1.61661	615	0	-2.09923	0	20	20
0.00857876	0.00105481	1652.02	254.982	0.0364903	419.38	215.619	1.61334	1.61661	615	0	-2.03582	0	20	20
0.00857948	0.00104622	1638.22	254.807	0.0314096	409.011	211.669	1.61293	1.61661	615	0	-1.97336	0	20	20
0.00858029	0.0010377	1624.54	254.616	0.027036	398.741	207.729	1.61248	1.61661	615	0	-1.91186	0	20	20
0.00858116	0.00102925	1611.01	254.409	0.0232712	388.575	203.802	1.61199	1.61661	615	0	-1.85134	0	20	20
0.00858212	0.00102088	1597.62	254.183	0.0200306	378.515	199.889	1.61145	1.61661	615	0	-1.79181	0	20	20
0.00858316	0.00101259	1584.39	253.936	0.0172411	368.565	195.994	1.61086	1.61661	615	0	-1.73328	0	20	20
0.00858428	0.00100439	1571.31	253.668	0.01484	358.731	192.118	1.61023	1.61661	615	0	-1.67576	0	20	20
0.00858549	0.000996277	1558.4	253.377	0.0127733	349.015	188.262	1.60955	1.61661	615	0	-1.61925	0	20	20
0.00858679	0.000988257	1545.66	253.059	0.0109943	339.422	184.431	1.60882	1.61661	615	0	-1.56376	0	20	20
0.00858817	0.000980333	1533.08	252.714	0.00946308	329.955	180.625	1.60805	1.61661	615	0	-1.50931	0	20	20
0.00858963	0.000972509	1520.69	252.338	0.00814509	320.619	176.847	1.60722	1.61661	615	0	-1.45589	0	20	20
0.00859119	0.000964789	1508.48	251.929	0.00701065	311.416	173.099	1.60635	1.61661	615	0	-1.40351	0	20	20
0.00859283	0.000957175	1496.45	251.485	0.0060342	302.35	169.382	1.60543	1.61661	615	0	-1.35217	0	20	20
0.00859455	0.000949672	1484.61	251.002	0.00519374	293.426	165.7	1.60447	1.61661	615	0	-1.30188	0	20	20
0.00859635	0.000942281	1472.97	250.478	0.00447034	284.647	162.054	1.60346	1.61661	615	0	-1.25263	0	20	20
0.00859823	0.000935006	1461.52	249.908	0.00384768	276.016	158.445	1.60241	1.61661	615	0	-1.20442	0	20	20
0.00860019	0.00092785	1450.27	249.29	0.00331176	267.537	154.877	1.60131	1.61661	615	0	-1.15726	0	20	20
0.00860221	0.000920815	1439.22	248.618	0.00285047	259.213	151.35	1.60019	1.61661	615	0	-1.11115	0	20	20
0.00860429	0.000913905	1428.37	247.89	0.00245344	251.049	147.868	1.59902	1.61661	615	0	-1.06607	0	20	20
0.00860643	0.000907121	1417.73	247.101	0.0021117	243.047	144.432	1.59783	1.61661	615	0	-1.02204	0	20	20
0.00860861	0.000900467	1407.3	246.245	0.00181757	235.212	141.043	1.59662	1.61661	615	0	-0.979035	0	20	20
0.00861083	0.000893944	1397.07	245.318	0.0015644	227.546	137.705	1.59539	1.61661	615	0	-0.937069	0	20	20
0.00861306	0.000887556	1387.06	244.315	0.00134649	220.055	134.418	1.59414	1.61661	615	0	-0.896134	0	20	20
0.0086153	0.000881305	1377.25	243.231	0.00115894	212.741	131.186	1.5929	1.61661	615	0	-0.856228	0	20	20
0.00861754	0.000875192	1367.65	242.058	0.000997512	205.609	128.01	1.59166	1.61661	615	0	-0.817349	0	20	20
0.00861974	0.000869222	1358.26	240.792	0.000858568	198.664	124.892	1.59044	1.61661	615	0	-0.779497	0	20	20
0.00862189	0.000863396	1349.09	239.426	0.000738977	191.909	121.835	1.58925	1.61661	615	0	-0.742672	0	20	20
0.00862397	0.000857718	1340.12	237.953	0.000636045	185.349	118.841	1.5881	1.61661	615	0	-0.706875	0	20	20
0.00862594	0.00085219	1331.36	236.367	0.000547449	178.99	115.912	1.58701	1.61661	615	0	-0.67211	0	20	20
0.00862778	0.000846817	1322.81	234.661	0.000471194	172.837	113.051	1.586	1.61661	615	0	-0.638382	0	20	20
0.00862946	0.000841598	1314.47	232.828	0.000405561	166.893	110.26	1.58507	1.61661	615	0	-0.605681	0	20	20
0.00863096	0.000836529	1306.33	230.86	0.00034907	161.152	107.538	1.58425	1.61661	615	0	-0.573965	0	20	20
0.00863226	0.0008316	1298.36	228.751	0.000300448	155.61	104.882	1.58353	1.61661	615	0	-0.54318	0	20	20
0.00863335	0.000826803	1290.55	226.494	0.000258598	150.258	102.293	1.58293	1.61661	615	0	-0.513274	0	20	20
0.00863421	0.00082213	1282.89	224.082	0.000222577	145.089	99.7673	1.58246	1.61661	615	0	-0.484203	0	20	20
0.00863483	0.000817572	1275.35	221.509	0.000191574	140.099	97.304	1.58212	1.61661	615	0	-0.455925	0	20	20
0.0086352	0.000813121	1267.93	218.768	0.000164889	135.281	94.9016	1.58191	1.61661	615	0	-0.428404	0	20	20
0.00863532	0.00080877	1260.61	215.855	0.000141922	130.628	92.5585	1.58185	1.61661	615	0	-0.401611	0	20	20
0.00863516	0.000804512	1253.38	212.764	0.000122153	126.135	90.2732	1.58194	1.61661	615	0	-0.375519	0	20	20
0.00863473	0.000800339	1246.22	209.492	0.000105138	121.796	88.0443	1.58217	1.61661	615	0	-0.350109	0	20	20
0.00863402	0.000796244	1239.13	206.035	9.04933e-05	117.607	85.8705	1.58256	1.61661	615	0	-0.325365	0	20	20
0.00863305	0.000792222	1232.09	202.392	7.78883e-05	113.562	83.7504	1.5831	1.61661	615	0	-0.301278	0	20	20
0.0086318	0.000788266	1225.1	198.562	6.70391e-05	109.656	81.6826	1.58378	1.61661	615	0	-0.277842	0	20	20
0.0086303	0.00078437	1218.14	194.546	5.77011e-05	105.885	79.6658	1.58461	1.61661	615	0	-0.255058	0	20	20
0.00862855	0.00078053	1211.22	190.346	4.96638e-05	102.243	77.6988	1.58557	1.61661	615	0	-0.232931	0	20	20
0.00862659	0.00077674	1204.33	185.967	4.2746e-05	98.7262	75.7805	1.58665	1.61661	615	0	-0.211469	0	20	20
0.00862444	0.000772998	1197.47	181.413	3.67919e-05	95.3306	73.9094	1.58784	1.61661	615	0	-0.190686	0	20	20
0.00862213	0.000769298	1190.64	176.694	3.1667e-05	92.0517	72.0846	1.58912	1.61661	615	0	-0.170596	0	20	20
0.0086197	0.000765637	1183.84	171.818	2.72561e-05	88.8856	70.3048	1.59046	1.61661	615	0	-0.151217	0	20	20
0.00861721	0.000762014	1177.07	166.796	2.34595e-05	85.8285	68.569	1.59184	1.61661	615	0	-0.132569	0	20	20
0.00861471	0.000758426	1170.34	161.643	2.01918e-05	82.8764	66.876	1.59323	1.61661	615	0	-0.114672	0	20	20
0.00861226	0.00075487	1163.65	156.373	1.73792e-05	80.0259	65.2248	1.59459	1.61661	615	0	-0.0975439	0	20	20
0.00860993	0.000751347	1157.03	151.002	1.49585e-05	77.2735	63.6144	1.59588	1.61661	615	0	-0.081204	0	20	20
0.0086078	0.000747855	1150.46	145.549	1.28749e-05	74.6157	62.0438	1.59707	1.61661	615	0	-0.0656676	0	20	20
0.00860594	0.000744393	1143.98	140.032	1.10815e-05	72.0493	60.5119	1.5981	1.61661	615	0	-0.0509472	0	20	20
0.00860459	0.000741013	1137.69	134.472	9.53793e-06	69.5712	59.0179	1.59886	1.61661	615	0	-0.0371602	0	20	20
0.00859996	0.000738098	1131.72	128.89	8.20938e-06	67.1783	57.5607	1.60144	1.61661	615	0	-0.0218442	0	20	20
0.00859302	0.000735584	1126.1	123.305	7.06588e-06	64.8678	56.1395	1.60532	1.61661	615	0	-0.00595868	0	20	20
0.00858816	0.000733117	1120.81	117.74	6.08166e-06	62.6367	54.7535	1.60805	1.61661	615	0	0.00784132	0	20	20
0.00858553	0.000730692	1115.89	112.216	5.23453e-06	60.4823	53.4016	1.60953	1.61661	615	0	0.0197652	0	20	20
0.0085853	0.000728312	1111.33	106.751	4.5054e-06	58.402	52.0831	1.60966	1.61661	615	0	0.0300179	0	20	20
0.00858755	0.000725987	1107.18	101.367	3.87783e-06	56.3933	50.7972	1.60839	1.61661	615	0	0.0388005	0	20	20
0.0085923	0.000723735	1103.46	96.0801	3.33768e-06	54.4537	49.543	1.60573	1.61661	615	0	0.0463094	0	20	20
0.0085995	0.000721583	1100.2	90.9079	2.87277e-06	52.5808	48.3198	1.6017	1.61661	615	0	0.0527352	0	20	20
0.00860899	0.000719564	1097.45	85.8656	2.47262e-06	50.7723	47.1267	1.5964	1.61661	615	0	0.05826	0	20	20
0.00862055	0.000717714	1095.23	80.9665	2.1282e-06	49.026	45.9632	1.58999	1.61661	615	0	0.0630552	0	20	20
0.00863386	0.000716075	1093.56	76.2224	1.83176e-06	47.3398	44.8283	1.58265	1.61661	615	0	0.0672777	0	20	20
0.00864858	0.000714684	1092.47	71.6431	1.57661e-06	45.7115	43.7215	1.57459	1.61661	615	0	0.0710669	0	20	20
0.00866431	0.000713576	1091.97	67.2365	1.357e-06	44.1393	42.642	1.56602	1.61661	615	0	0.0745427	0	20	20
0.00868069	0.000712781	1092.06	63.0088	1.16798e-06	42.6212	41.5892	1.55718	1.61661	615	0	0.077804	0	20	20
0.00869738	0.00071232	1092.74	58.9643	1.00529e-06	41.1552	40.5624	1.54823	1.61661	615	0	0.0809289	0	20	20
0.00871409	0.000712207	1094	55.1056	8.65262e-07	39.7397	39.5609	1.53934	1.61661	615	0	0.0839761	0	20	20
0.00873058	0.000712447	1095.82	51.4339	7.44738e-07	38.3729	38.5841	1.53063	1.61661	615	0	0.0869872	0	20	20
0.00874668	0.00071304	1098.18	47.9486	6.41002e-07	37.053	37.6315	1.52219	1.61661	615	0	0.0899899	0	20	20
0.00876226	0.000713979	1101.06	44.6482	5.51715e-07	35.7786	36.7023	1.51409	1.61661	615	0	0.0930004	0	20	20
0.00877724	0.000715251	1104.43	41.5299	4.74866e-07	34.548	35.7962	1.50635	1.61661	615	0	0.0960269	0	20	20
0.00879157	0.000716843	1108.26	38.5897	4.08721e-07	33.3598	34.9123	1.499	1.61661	615	0	0.0990717	0	20	20
0.00880523	0.000718736	1112.54	35.8231	3.51789e-07	32.2124	34.0504	1.49203	1.61661	615	0	0.102133	0	20	20
0.00881822	0.000720914	1117.22	33.2246	3.02788e-07	31.1044	33.2096	1.48545	1.61661	615	0	0.105208	0	20	20
0.00883055	0.000723358	1122.28	30.7884	2.60612e-07	30.0346	32.3897	1.47923	1.61661	615	0	0.108291	0	20	20
0.00884225	0.000726048	1127.7	28.5081	2.24311e-07	29.0016	31.59	1.47337	1.61661	615	0	0.111377	0	20	20
0.00885333	0.000728966	1133.44	26.3769	1.93066e-07	28.0041	30.81	1.46784	1.61661	615	0	0.11446	0	20	20
0.00886383	0.000732094	1139.48	24.3881	1.66173e-07	27.0409	30.0493	1.46263	1.61661	615	0	0.117534	0	20	20
0.00887378	0.000735416	1145.79	22.5345	1.43027e-07	26.1108	29.3074	1.45772	1.61661	615	0	0.120596	0	20	20
0.00888319	0.000738913	1152.36	20.8092	1.23104e-07	25.2128	28.5838	1.45309	1.61661	615	0	0.12364	0	20	20
0.00889211	0.000742572	1159.16	19.2052	1.05957e-07	24.3456	27.8781	1.44873	1.61661	615	0	0.126662	0	20	20
0.00890054	0.000746377	1166.16	17.7156	9.11979e-08	23.5082	27.1898	1.44461	1.61661	615	0	0.129659	0	20	20
0.00890852	0.000750313	1173.35	16.3335	7.84948e-08	22.6997	26.5184	1.44073	1.61661	615	0	0.132628	0	20	20
0.00891607	0.000754369	1180.71	15.0525	6.75611e-08	21.9189	25.8637	1.43707	1.61661	615	0	0.135565	0	20	20
0.00892322	0.00075853	1188.21	13.8662	5.81504e-08	21.165	25.2251	1.43363	1.61661	615	0	0.138468	0	20	20
0.00892997	0.000762787	1195.85	12.7684	5.00505e-08	20.4371	24.6023	1.43037	1.61661	615	0	0.141335	0	20	20
0.00893636	0.000767127	1203.6	11.7534	4.30789e-08	19.7342	23.9949	1.42731	1.61661	615	0	0.144163	0	20	20
0.00894239	0.00077154	1211.44	10.8154	3.70783e-08	19.0554	23.4024	1.42442	1.61661	615	0	0.14695	0	20	20
0.0089481	0.000776017	1219.37	9.94928	3.19136e-08	18.4	22.8246	1.4217	1.61661	615	0	0.149695	0	20	20
0.00895348	0.000780549	1227.37	9.14994	2.74683e-08	17.7671	22.2611	1.41914	1.61661	615	0	0.152397	0	20	20
0.00895857	0.000785126	1235.43	8.41262	2.36422e-08	17.156	21.7115	1.41672	1.61661	615	0	0.155054	0	20	20
0.00896337	0.000789741	1243.53	7.73287	2.0349e-08	16.566	21.1754	1.41445	1.61661	615	0	0.157665	0	20	20
0.0089679	0.000794387	1251.66	7.10647	1.75146e-08	15.9962	20.6526	1.4123	1.61661	615	0	0.160229	0	20	20
0.00897217	0.000799057	1259.81	6.52948	1.50749e-08	15.446	20.1427	1.41029	1.61661	615	0	0.162745	0	20	20
0.0089762	0.000803744	1267.98	5.99821	1.29751e-08	14.9148	19.6453	1.40839	1.61661	615	0	0.165213	0	20	20
0.00898	0.000808442	1276.15	5.50922	1.11678e-08	14.4018	19.1603	1.4066	1.61661	615	0	0.167633	0	20	20
0.00898358	0.000813145	1284.32	5.05929	9.61219e-09	13.9064	18.6872	1.40492	1.61661	615	0	0.170003	0	20	20
0.00898696	0.000817849	1292.47	4.64543	8.27329e-09	13.4281	18.2258	1.40334	1.61661	615	0	0.172324	0	20	20
0.00899014	0.000822548	1300.6	4.26485	7.12089e-09	12.9663	17.7758	1.40185	1.61661	615	0	0.174595	0	20	20
0.00899313	0.000827238	1308.7	3.91496	6.129e-09	12.5203	17.337	1.40045	1.61661	615	0	0.176817	0	20	20
0.00899595	0.000831915	1316.77	3.59337	5.27528e-09	12.0897	16.9089	1.39913	1.61661	615	0	0.17899	0	20	20
0.00899861	0.000836575	1324.8	3.29785	4.54048e-09	11.6738	16.4914	1.39789	1.61661	615	0	0.181113	0	20	20
0.00900111	0.000841215	1332.79	3.02635	3.90803e-09	11.2723	16.0842	1.39673	1.61661	615	0	0.183188	0	20	20
0.00900346	0.00084583	1340.73	2.77695	3.36367e-09	10.8846	15.6871	1.39564	1.61661	615	0	0.185215	0	20	20
0.00900567	0.000850419	1348.61	2.5479	2.89514e-09	10.5102	15.2998	1.39461	1.61661	615	0	0.187193	0	20	20
0.00900775	0.000854978	1356.43	2.33757	2.49187e-09	10.1488	14.9221	1.39364	1.61661	615	0	0.189124	0	20	20
0.00900971	0.000859505	1364.19	2.14445	2.14477e-09	9.79969	14.5536	1.39273	1.61661	615	0	0.191008	0	20	20
0.00901155	0.000863997	1371.89	1.96717	1.84602e-09	9.46263	14.1943	1.39188	1.61661	615	0	0.192845	0	20	20
0.00901329	0.000868453	1379.52	1.80443	1.58888e-09	9.13717	13.8438	1.39108	1.61661	615	0	0.194637	0	20	20
0.00901491	0.000872871	1387.08	1.65508	1.36757e-09	8.8229	13.502	1.39032	1.61661	615	0	0.196384	0	20	20
0.00901645	0.000877248	1394.56	1.51801	1.17707e-09	8.51944	13.1687	1.38961	1.61661	615	0	0.198086	0	20	20
0.00901789	0.000881583	1401.97	1.39223	1.01312e-09	8.22642	12.8435	1.38895	1.61661	615	0	0.199745	0	20	20
0.00901924	0.000885876	1409.3	1.27682	8.71998e-10	7.94347	12.5264	1.38832	1.61661	615	0	0.201361	0	20	20
0.00902052	0.000890124	1416.55	1.17093	7.50536e-10	7.67026	12.2171	1.38773	1.61661	615	0	0.202935	0	20	20
0.00902172	0.000894326	1423.71	1.07379	6.45992e-10	7.40645	11.9155	1.38718	1.61661	615	0	0.204468	0	20	20
0.00902284	0.000898482	1430.8	0.984679	5.56011e-10	7.1517	11.6213	1.38666	1.61661	615	0	0.205961	0	20	20
0.00902391	0.00090259	1437.8	0.902934	4.78563e-10	6.90572	11.3344	1.38617	1.61661	615	0	0.207414	0	20	20
0.00902491	0.00090665	1444.72	0.827954	4.11903e-10	6.6682	11.0545	1.38571	1.61661	615	0	0.208828	0	20	20
0.00902585	0.000910661	1451.55	0.759182	3.54528e-10	6.43885	10.7816	1.38527	1.61661	615	0	0.210205	0	20	20
0.00902674	0.000914623	1458.3	0.696106	3.05145e-10	6.21739	10.5154	1.38487	1.61661	615	0	0.211544	0	20	20
0.00902757	0.000918535	1464.96	0.638258	2.62641e-10	6.00355	10.2558	1.38448	1.61661	615	0	0.212847	0	20	20
0.00902836	0.000922396	1471.53	0.585207	2.26057e-10	5.79706	10.0026	1.38412	1.61661	615	0	0.214115	0	20	20
0.00902911	0.000926207	1478.02	0.536555	1.94569e-10	5.59767	9.75559	1.38377	1.61661	615	0	0.215349	0	20	20
0.00902982	0.000929968	1484.41	0.491941	1.67467e-10	5.40514	9.51472	1.38345	1.61661	615	0	0.216549	0	20	20
0.00903048	0.000933677	1490.72	0.45103	1.4414e-10	5.21923	9.2798	1.38314	1.61661	615	0	0.217716	0	20	20
0.00903112	0.000937335	1496.95	0.413515	1.24063e-10	5.03972	9.05068	1.38285	1.61661	615	0	0.218851	0	20	20
0.00903172	0.000940942	1503.08	0.379116	1.06782e-10	4.86638	8.82722	1.38258	1.61661	615	0	0.219955	0	20	20
0.00903229	0.000944498	1509.13	0.347575	9.1908e-11	4.699	8.60928	1.38231	1.61661	615	0	0.221028	0	20	20
0.00903283	0.000948002	1515.09	0.318655	7.91059e-11	4.53738	8.39671	1.38207	1.61661	615	0	0.222072	0	20	20
0.00903335	0.000951456	1520.97	0.292138	6.80871e-11	4.38132	8.1894	1.38183	1.61661	615	0	0.223088	0	20	20
0.00903384	0.00095486	1526.76	0.267826	5.86031e-11	4.23063	7.9872	1.3816	1.61661	615	0	0.224075	0	20	20
0.00903431	0.000958212	1532.46	0.245535	5.04402e-11	4.08512	7.79	1.38138	1.61661	615	0	0.225034	0	20	20
0.00903477	0.000961515	1538.08	0.225098	4.34142e-11	3.94461	7.59766	1.38118	1.61661	615	0	0.225968	0	20	20
0.0090352	0.000964767	1543.61	0.20636	3.7367e-11	3.80894	7.41007	1.38098	1.61661	615	0	0.226875	0	20	20
0.00903562	0.00096797	1549.06	0.189181	3.21621e-11	3.67793	7.22712	1.38078	1.61661	615	0	0.227758	0	20	20
0.00903603	0.000971124	1554.43	0.173431	2.76821e-11	3.55143	7.04868	1.3806	1.61661	615	0	0.228616	0	20	20
0.00903642	0.000974228	1559.72	0.158992	2.38262e-11	3.42928	6.87465	1.38042	1.61661	615	0	0.22945	0	20	20
0.0090368	0.000977285	1564.92	0.145754	2.05074e-11	3.31133	6.70491	1.38025	1.61661	615	0	0.230261	0	20	20
0.00903717	0.000980293	1570.04	0.133617	1.76509e-11	3.19744	6.53937	1.38008	1.61661	615	0	0.23105	0	20	20
0.00903753	0.000983253	1575.09	0.122491	1.51923e-11	3.08747	6.37791	1.37991	1.61661	615	0	0.231817	0	20	20
0.00903788	0.000986166	1580.05	0.112291	1.30761e-11	2.98127	6.22044	1.37975	1.61661	615	0	0.232563	0	20	20
0.00903823	0.000989032	1584.94	0.10294	1.12547e-11	2.87873	6.06686	1.37959	1.61661	615	0	0.233288	0	20	20
0.00903857	0.000991853	1589.75	0.0943671	9.68703e-12	2.77972	5.91706	1.37943	1.61661	615	0	0.233994	0	20	20
0.0090389	0.000994627	1594.48	0.0865081	8.3377e-12	2.68411	5.77097	1.37928	1.61661	615	0	0.23468	0	20	20
0.00903924	0.000997357	1599.14	0.0793034	7.17633e-12	2.59179	5.62849	1.37913	1.61661	615	0	0.235347	0	20	20
0.00903956	0.00100004	1603.73	0.0726986	6.17672e-12	2.50265	5.48952	1.37898	1.61661	615	0	0.235996	0	20	20
0.00903989	0.00100268	1608.24	0.0666437	5.31635e-12	2.41657	5.35398	1.37883	1.61661	615	0	0.236628	0	20	20
0.00904022	0.00100528	1612.68	0.061093	4.57583e-12	2.33346	5.22179	1.37868	1.61661	615	0	0.237242	0	20	20
0.00904054	0.00100783	1617.05	0.0560045	3.93845e-12	2.2532	5.09286	1.37853	1.61661	615	0	0.23784	0	20	20
0.00904086	0.00101035	1621.35	0.0513398	3.38986e-12	2.1757	4.96712	1.37838	1.61661	615	0	0.238422	0	20	20
0.00904119	0.00101282	1625.57	0.0470635	2.91768e-12	2.10087	4.84448	1.37824	1.61661	615	0	0.238988	0	20	20
0.00904152	0.00101524	1629.73	0.0431433	2.51127e-12	2.02861	4.72487	1.37809	1.61661	615	0	0.239538	0	20	20
0.00904184	0.00101763	1633.83	0.0395496	2.16147e-12	1.95884	4.60821	1.37794	1.61661	615	0	0.240075	0	20	20
0.00904217	0.00101998	1637.86	0.0362552	1.86039e-12	1.89146	4.49444	1.37779	1.61661	615	0	0.240596	0	20	20
0.0090425	0.00102229	1641.82	0.0332352	1.60125e-12	1.82641	4.38347	1.37763	1.61661	615	0	0.241104	0	20	20
0.00904284	0.00102456	1645.72	0.0304668	1.37821e-12	1.76359	4.27524	1.37748	1.61661	615	0	0.241599	0	20	20
0.00904318	0.00102679	1649.55	0.0279289	1.18624e-12	1.70293	4.16968	1.37733	1.61661	615	0	0.242081	0	20	20
0.00904352	0.00102899	1653.33	0.0256024	1.02101e-12	1.64436	4.06673	1.37717	1.61661	615	0	0.24255	0	20	20
0.00904385	0.00103116	1657.07	0.0234697	8.78787e-13	1.5878	3.96633	1.37702	1.61661	615	0	0.243007	0	20	20
0.00904413	0.00103334	1660.8	0.0215146	7.56379e-13	1.53319	3.8684	1.37689	1.61661	615	0	0.243454	0	20	20
0.00904436	0.00103553	1664.55	0.0197224	6.51022e-13	1.48046	3.77289	1.37679	1.61661	615	0	0.24389	0	20	20
0.00904454	0.00103772	1668.3	0.0180794	5.60339e-13	1.42954	3.67973	1.3767	1.61661	615	0	0.244316	0	20	20
0.00904467	0.00103992	1672.06	0.0165733	4.82289e-13	1.38037	3.58888	1.37664	1.61661	615	0	0.244732	0	20	20
0.00904477	0.00104213	1675.82	0.0151927	4.1511e-13	1.33289	3.50027	1.3766	1.61661	615	0	0.245139	0	20	20
0.00904481	0.00104435	1679.58	0.0139271	3.57288e-13	1.28705	3.41385	1.37658	1.61661	615	0	0.245536	0	20	20
0.00904482	0.00104656	1683.34	0.0127669	3.07521e-13	1.24278	3.32956	1.37658	1.61661	615	0	0.245924	0	20	20
0.00904479	0.00104878	1687.1	0.0117033	2.64686e-13	1.20003	3.24735	1.37659	1.61661	615	0	0.246303	0	20	20
0.00904472	0.001051	1690.86	0.0107284	2.27817e-13	1.15876	3.16718	1.37662	1.61661	615	0	0.246674	0	20	20
0.00904461	0.00105323	1694.61	0.00983465	1.96084e-13	1.11891	3.08898	1.37667	1.61661	615	0	0.247036	0	20	20
0.00904446	0.00105545	1698.36	0.00901536	1.68771e-13	1.08042	3.01271	1.37674	1.61661	615	0	0.24739	0	20	20
0.00904429	0.00105768	1702.11	0.00826432	1.45263e-13	1.04326	2.93833	1.37682	1.61661	615	0	0.247736	0	20	20
0.00904407	0.0010599	1705.85	0.00757585	1.25029e-13	1.00738	2.86578	1.37692	1.61661	615	0	0.248074	0	20	20
0.00904383	0.00106212	1709.58	0.00694473	1.07613e-13	0.972729	2.79502	1.37703	1.61661	615	0	0.248405	0	20	20
0.00904356	0.00106434	1713.3	0.00636619	9.26235e-14	0.939273	2.72601	1.37715	1.61661	615	0	0.248728	0	20	20
0.00904325	0.00106656	1717.02	0.00583584	7.97218e-14	0.906967	2.65871	1.37729	1.61661	615	0	0.249044	0	20	20
0.00904292	0.00106878	1720.72	0.00534967	6.86172e-14	0.875772	2.59306	1.37744	1.61661	615	0	0.249353	0	20	20
0.00904256	0.00107099	1724.41	0.004904	5.90593e-14	0.84565	2.52904	1.37761	1.61661	615	0	0.249656	0	20	20
0.00904218	0.00107319	1728.1	0.00449546	5.08329e-14	0.816565	2.4666	1.37778	1.61661	615	0	0.249951	0	20	20
0.00904177	0.00107539	1731.76	0.00412095	4.37522e-14	0.788479	2.4057	1.37797	1.61661	615	0	0.25024	0	20	20
0.00904134	0.00107759	1735.42	0.00377764	3.76579e-14	0.76136	2.3463	1.37817	1.61661	615	0	0.250523	0	20	20
0.00904088	0.00107977	1739.06	0.00346294	3.24125e-14	0.735173	2.28837	1.37838	1.61661	615	0	0.2508	0	20	20
0.00904041	0.00108195	1742.68	0.00317445	2.78977e-14	0.709887	2.23187	1.37859	1.61661	615	0	0.25107	0	20	20
0.00903991	0.00108413	1746.29	0.00290999	2.40117e-14	0.685471	2.17677	1.37882	1.61661	615	0	0.251335	0	20	20
0.00903939	0.00108629	1749.88	0.00266756	2.06671e-14	0.661894	2.12302	1.37906	1.61661	615	0	0.251594	0	20	20
0.00903886	0.00108845	1753.45	0.00244533	1.77883e-14	0.639129	2.0706	1.3793	1.61661	615	0	0.251847	0	20	20
0.0090383	0.0010906	1757.01	0.00224161	1.53106e-14	0.617146	2.01948	1.37956	1.61661	615	0	0.252095	0	20	20
0.00903773	0.00109274	1760.55	0.00205487	1.31779e-14	0.59592	1.96962	1.37982	1.61661	615	0	0.252337	0	20	20
0.00903715	0.00109487	1764.06	0.00188368	1.13423e-14	0.575423	1.92099	1.38009	1.61661	615	0	0.252575	0	20	20
0.00903655	0.00109698	1767.56	0.00172675	9.76244e-15	0.555632	1.87356	1.38036	1.61661	615	0	0.252807	0	20	20
0.00903593	0.00109909	1771.04	0.0015829	8.40261e-15	0.536521	1.8273	1.38064	1.61661	615	0	0.253035	0	20	20
0.0090353	0.00110119	1774.49	0.00145103	7.2322e-15	0.518068	1.78219	1.38093	1.61661	615	0	0.253257	0	20	20
0.00903466	0.00110327	1777.93	0.00133015	6.22481e-15	0.500249	1.73818	1.38123	1.61661	615	0	0.253475	0	20	20
0.009034	0.00110535	1781.34	0.00121933	5.35774e-15	0.483043	1.69527	1.38153	1.61661	615	0	0.253688	0	20	20
0.00903334	0.00110741	1784.73	0.00111775	4.61145e-15	0.466429	1.65341	1.38183	1.61661	615	0	0.253897	0	20	20
0.00903266	0.00110945	1788.09	0.00102463	3.96911e-15	0.450386	1.61259	1.38214	1.61661	615	0	0.254101	0	20	20
0.00903197	0.00111149	1791.43	0.000939274	3.41625e-15	0.434896	1.57277	1.38246	1.61661	615	0	0.254301	0	20	20
0.00903127	0.00111351	1794.75	0.000861024	2.94039e-15	0.419938	1.53394	1.38278	1.61661	615	0	0.254497	0	20	20
0.00903057	0.00111552	1798.05	0.000789293	2.53082e-15	0.405494	1.49607	1.3831	1.61661	615	0	0.254689	0	20	20
0.00902986	0.00111752	1801.31	0.000723538	2.1783e-15	0.391547	1.45913	1.38343	1.61661	615	0	0.254877	0	20	20
0.00902913	0.0011195	1804.56	0.000663261	1.87488e-15	0.37808	1.4231	1.38376	1.61661	615	0	0.255061	0	20	20
0.00902841	0.00112146	1807.78	0.000608005	1.61372e-15	0.365076	1.38797	1.3841	1.61661	615	0	0.255241	0	20	20
0.00902767	0.00112341	1810.97	0.000557353	1.38894e-15	0.352519	1.3537	1.38444	1.61661	615	0	0.255418	0	20	20
0.00902693	0.00112535	1814.13	0.00051092	1.19547e-15	0.340395	1.32028	1.38478	1.61661	615	0	0.255591	0	20	20
0.00902619	0.00112727	1817.27	0.000468356	1.02895e-15	0.328687	1.28768	1.38512	1.61661	615	0	0.25576	0	20	20
0.00902544	0.00112918	1820.39	0.000429338	8.85629e-16	0.317382	1.25588	1.38547	1.61661	615	0	0.255926	0	20	20
0.00902468	0.00113107	1823.47	0.00039357	7.62268e-16	0.306466	1.22488	1.38581	1.61661	615	0	0.256088	0	20	20
0.00902392	0.00113295	1826.53	0.000360782	6.5609e-16	0.295925	1.19463	1.38616	1.61661	615	0	0.256247	0	20	20
0.00902316	0.00113481	1829.56	0.000330726	5.64702e-16	0.285747	1.16514	1.38651	1.61661	615	0	0.256403	0	20	20
0.0090224	0.00113665	1832.57	0.000303173	4.86043e-16	0.275919	1.13637	1.38687	1.61661	615	0	0.256556	0	20	20
0.00902163	0.00113848	1835.54	0.000277916	4.18342e-16	0.266429	1.10831	1.38722	1.61661	615	0	0.256706	0	20	20
0.00902086	0.00114029	1838.49	0.000254763	3.6007e-16	0.257265	1.08095	1.38757	1.61661	615	0	0.256852	0	20	20
0.00902009	0.00114209	1841.41	0.000233539	3.09915e-16	0.248416	1.05426	1.38793	1.61661	615	0	0.256996	0	20	20
0.00901932	0.00114387	1844.3	0.000214083	2.66746e-16	0.239872	1.02823	1.38829	1.61661	615	0	0.257137	0	20	20
0.00901855	0.00114563	1847.16	0.000196248	2.29591e-16	0.231622	1.00284	1.38864	1.61661	615	0	0.257275	0	20	20
0.00901777	0.00114738	1850	0.000179899	1.97611e-16	0.223655	0.978084	1.389	1.61661	615	0	0.25741	0	20	20
0.009017	0.00114911	1852.8	0.000164912	1.70085e-16	0.215963	0.953935	1.38936	1.61661	615	0	0.257543	0	20	20
0.00901623	0.00115082	1855.58	0.000151173	1.46393e-16	0.208535	0.930382	1.38971	1.61661	615	0	0.257673	0	20	20
0.00901546	0.00115251	1858.33	0.000138579	1.26002e-16	0.201362	0.907411	1.39007	1.61661	615	0	0.2578	0	20	20
0.00901468	0.00115419	1861.05	0.000127034	1.08451e-16	0.194437	0.885007	1.39043	1.61661	615	0	0.257925	0	20	20
0.00901391	0.00115585	1863.74	0.000116451	9.33446e-17	0.187749	0.863156	1.39078	1.61661	615	0	0.258047	0	20	20
0.00901315	0.0011575	1866.4	0.00010675	8.03424e-17	0.181291	0.841845	1.39114	1.61661	615	0	0.258167	0	20	20
0.00901238	0.00115913	1869.04	9.78563e-05	6.91514e-17	0.175056	0.82106	1.3915	1.61661	615	0	0.258284	0	20	20
0.00901161	0.00116074	1871.64	8.9704e-05	5.95191e-17	0.169035	0.800788	1.39185	1.61661	615	0	0.2584	0	20	20
0.00901085	0.00116233	1874.22	8.22308e-05	5.12286e-17	0.163221	0.781016	1.3922	1.61661	615	0	0.258512	0	20	20
0.00901009	0.00116391	1876.76	7.53802e-05	4.40929e-17	0.157607	0.761733	1.39255	1.61661	615	0	0.258623	0	20	20
0.00900934	0.00116546	1879.28	6.91004e-05	3.79511e-17	0.152186	0.742925	1.39291	1.61661	615	0	0.258732	0	20	20
0.00900858	0.00116701	1881.77	6.33437e-05	3.26648e-17	0.146952	0.724583	1.39326	1.61661	615	0	0.258838	0	20	20
0.00900783	0.00116853	1884.23	5.80666e-05	2.81149e-17	0.141898	0.706693	1.3936	1.61661	615	0	0.258942	0	20	20
0.00900708	0.00117004	1886.66	5.32291e-05	2.41987e-17	0.137017	0.689244	1.39395	1.61661	615	0	0.259045	0	20	20
0.00900634	0.00117153	1889.06	4.87946e-05	2.0828e-17	0.132304	0.672227	1.3943	1.61661	615	0	0.259145	0	20	20
0.0090056	0.001173	1891.44	4.47296e-05	1.79268e-17	0.127754	0.655629	1.39464	1.61661	615	0	0.259243	0	20	20
0.00900487	0.00117446	1893.78	4.10032e-05	1.54298e-17	0.12336	0.639442	1.39498	1.61661	615	0	0.25934	0	20	20
0.00900414	0.00117589	1896.1	3.75873e-05	1.32805e-17	0.119117	0.623654	1.39532	1.61661	615	0	0.259434	0	20	20
0.00900341	0.00117732	1898.39	3.44559e-05	1.14306e-17	0.11502	0.608256	1.39566	1.61661	615	0	0.259527	0	20	20
0.00900269	0.00117872	1900.65	3.15854e-05	9.83845e-18	0.111064	0.593238	1.39599	1.61661	615	0	0.259618	0	20	20
0.00900197	0.00118011	1902.89	2.89541e-05	8.46803e-18	0.107244	0.578591	1.39633	1.61661	615	0	0.259707	0	20	20
0.00900126	0.00118148	1905.09	2.65419e-05	7.2885e-18	0.103555	0.564305	1.39666	1.61661	615	0	0.259795	0	20	20
0.00900055	0.00118283	1907.27	2.43307e-05	6.27327e-18	0.0999936	0.550373	1.39699	1.61661	615	0	0.259881	0	20	20
0.00899985	0.00118417	1909.42	2.23038e-05	5.39946e-18	0.0965543	0.536784	1.39732	1.61661	615	0	0.259965	0	20	20
0.00899915	0.00118549	1911.54	2.04457e-05	4.64735e-18	0.0932334	0.523531	1.39764	1.61661	615	0	0.260047	0	20	20
0.00899846	0.0011868	1913.63	1.87423e-05	4.00001e-18	0.0900267	0.510605	1.39796	1.61661	615	0	0.260128	0	20	20
0.00899778	0.00118808	1915.7	1.71809e-05	3.44284e-18	0.0869302	0.497998	1.39828	1.61661	615	0	0.260207	0	20	20
0.0089971	0.00118935	1917.74	1.57496e-05	2.96328e-18	0.0839403	0.485702	1.3986	1.61661	615	0	0.260285	0	20	20
0.00899642	0.00119061	1919.76	1.44375e-05	2.55052e-18	0.0810532	0.47371	1.39891	1.61661	615	0	0.260362	0	20	20
0.00899575	0.00119185	1921.74	1.32347e-05	2.19525e-18	0.0782654	0.462014	1.39923	1.61661	615	0	0.260437	0	20	20
0.00899509	0.00119307	1923.71	1.21322e-05	1.88947e-18	0.0755735	0.450607	1.39954	1.61661	615	0	0.26051	0	20	20
0.00899443	0.00119428	1925.64	1.11214e-05	1.62628e-18	0.0729742	0.439482	1.39984	1.61661	615	0	0.260582	0	20	20
0.00899378	0.00119547	1927.55	1.01949e-05	1.39976e-18	0.0704643	0.428631	1.40015	1.61661	615	0	0.260653	0	20	20
0.00899314	0.00119664	1929.43	9.3456e-06	1.20478e-18	0.0680407	0.418048	1.40045	1.61661	615	0	0.260722	0	20	20
0.0089925	0.0011978	1931.29	8.56702e-06	1.03696e-18	0.0657005	0.407726	1.40075	1.61661	615	0	0.26079	0	20	20
0.00899186	0.00119894	1933.12	7.85331e-06	8.92524e-19	0.0634407	0.397659	1.40104	1.61661	615	0	0.260857	0	20	20
0.00899124	0.00120007	1934.92	7.19906e-06	7.68203e-19	0.0612587	0.387841	1.40133	1.61661	615	0	0.260922	0	20	20
0.00899062	0.00120118	1936.7	6.59931e-06	6.61198e-19	0.0591517	0.378265	1.40162	1.61661	615	0	0.260987	0	20	20
0.00899	0.00120228	1938.46	6.04953e-06	5.69098e-19	0.0571172	0.368926	1.40191	1.61661	615	0	0.26105	0	20	20
0.00898939	0.00120336	1940.19	5.54555e-06	4.89828e-19	0.0551527	0.359817	1.4022	1.61661	615	0	0.261111	0	20	20
0.00898879	0.00120443	1941.9	5.08355e-06	4.21598e-19	0.0532558	0.350933	1.40248	1.61661	615	0	0.261172	0	20	20
0.0089882	0.00120548	1943.58	4.66005e-06	3.62873e-19	0.051424	0.342269	1.40276	1.61661	615	0	0.261232	0	20	20
0.00898761	0.00120652	1945.24	4.27182e-06	3.12328e-19	0.0496553	0.333818	1.40303	1.61661	615	0	0.26129	0	20	20
0.00898703	0.00120754	1946.87	3.91594e-06	2.68823e-19	0.0479475	0.325576	1.4033	1.61661	615	0	0.261347	0	20	20
0.00898645	0.00120855	1948.48	3.58971e-06	2.31378e-19	0.0462983	0.317537	1.40357	1.61661	615	0	0.261403	0	20	20
0.00898588	0.00120955	1950.07	3.29065e-06	1.99149e-19	0.0447059	0.309697	1.40384	1.61661	615	0	0.261459	0	20	20
0.00898532	0.00121052	1951.64	3.01651e-06	1.71409e-19	0.0431683	0.302051	1.40411	1.61661	615	0	0.261513	0	20	20
0.00898476	0.00121149	1953.18	2.76521e-06	1.47533e-19	0.0416835	0.294593	1.40437	1.61661	615	0	0.261566	0	20	20
0.00898421	0.00121244	1954.7	2.53484e-06	1.26983e-19	0.0402498	0.28732	1.40462	1.61661	615	0	0.261618	0	20	20
0.00898367	0.00121338	1956.19	2.32366e-06	1.09295e-19	0.0388655	0.280226	1.40488	1.61661	615	0	0.261669	0	20	20
