0.00890634	
0.006651	
0.00512418	
0.00439715	
0.00394299	
0.00359952	
0.00330012	
0.00302481	
0.00279429	
0.00264659	
0.0025983	
0.00267811	
0.00286796	
0.00313722	
0.00347247	
0.00387217	
0.00434274	
0.00489633	
0.00554959	
0.00632293	
0.00723943	
0.00832267	
0.00959207	
0.0110542	
0.012689	
0.0144457	
0.0162915	
0.0181973	
0.020125	
0.0220268	
0.0238439	
0.0255066	
0.0269358	
0.0280495	
0.0287744	
0.0290628	
0.0289055	
0.0280678	
0.0265031	
0.0245193	
0.0224174	
0.0204415	
0.0196812	
0.0191075	
0.0187282	
0.0185211	
0.0184533	
0.0184909	
0.0186038	
0.0187661	
0.0189572	
0.0191614	
0.0193668	
0.0195657	
0.0197532	
0.0199265	
0.0200849	
0.0202286	
0.0203589	
0.0204771	
0.0205849	
0.0206841	
0.0207761	
0.0208623	
0.0209441	
0.0210224	
0.0210981	
0.0211719	
0.0212445	
0.0213162	
0.0213875	
0.0214592	
0.0215414	
