0.00866132	0.000693393	1101	184.5	76.5	0	0	1.56764	1.61661	615	0	0.149314	0	20	20
0.00875395	0.000708344	1135.53	184.391	76.4694	24.2448	8.1704	1.51841	1.61661	615	0	-0.167966	0	20	20
0.00889116	0.000740107	1203.19	184.281	76.4339	71.0976	24.1182	1.44919	1.61661	615	0	-0.742088	0	20	20
0.00898099	0.000772875	1267.97	184.168	76.3927	116.397	39.692	1.40614	1.61661	615	0	-1.23111	0	20	20
0.00903623	0.000806059	1329.93	184.054	76.3448	160.193	54.8997	1.38051	1.61661	615	0	-1.65076	0	20	20
0.00906697	0.000839072	1388.94	183.937	76.2893	202.535	69.7495	1.36651	1.61661	615	0	-2.01255	0	20	20
0.0090807	0.000871556	1445.1	183.818	76.2249	243.472	84.2503	1.36032	1.61661	615	0	-2.32634	0	20	20
0.00908264	0.000903346	1498.62	183.698	76.1502	283.055	98.4112	1.35945	1.61661	615	0	-2.60063	0	20	20
0.00907635	0.000934399	1549.8	183.575	76.0636	321.335	112.242	1.36228	1.61661	615	0	-2.84241	0	20	20
0.00906423	0.000964735	1598.91	183.45	75.9633	358.365	125.754	1.36775	1.61661	615	0	-3.05732	0	20	20
0.0090479	0.000994401	1646.22	183.323	75.847	394.199	138.959	1.37517	1.61661	615	0	-3.24979	0	20	20
0.00902848	0.00102345	1691.92	183.193	75.7124	428.892	151.869	1.38406	1.61661	615	0	-3.42336	0	20	20
0.00900675	0.00105193	1736.21	183.061	75.5566	462.503	164.498	1.39411	1.61661	615	0	-3.58084	0	20	20
0.00898325	0.00107989	1779.2	182.927	75.3764	495.094	176.861	1.40508	1.61661	615	0	-3.72447	0	20	20
0.00895838	0.00110736	1821.03	182.791	75.1681	526.727	188.973	1.41681	1.61661	615	0	-3.85613	0	20	20
0.00893242	0.0011344	1861.79	182.652	74.9275	557.471	200.855	1.4292	1.61661	615	0	-3.97736	0	20	20
0.00890556	0.00116103	1901.57	182.511	74.6499	587.395	212.523	1.44217	1.61661	615	0	-4.08949	0	20	20
0.00887796	0.00118731	1940.46	182.368	74.33	616.576	224	1.45566	1.61661	615	0	-4.19363	0	20	20
0.00884969	0.00121328	1978.56	182.222	73.9617	645.093	235.308	1.46965	1.61661	615	0	-4.2908	0	20	20
0.00882083	0.00123899	2015.95	182.073	73.5383	673.027	246.472	1.48413	1.61661	615	0	-4.38185	0	20	20
0.00879138	0.00126452	2052.74	181.922	73.0526	700.466	257.519	1.49909	1.61661	615	0	-4.46758	0	20	20
0.00876135	0.00128991	2089.02	181.768	72.4961	727.501	268.475	1.51456	1.61661	615	0	-4.54868	0	20	20
0.00873072	0.00131525	2124.89	181.612	71.8602	754.224	279.369	1.53056	1.61661	615	0	-4.62576	0	20	20
0.00869945	0.00134061	2160.48	181.453	71.1353	780.729	290.233	1.54712	1.61661	615	0	-4.6994	0	20	20
0.0086675	0.00136607	2195.87	181.291	70.3111	807.111	301.094	1.5643	1.61661	615	0	-4.77009	0	20	20
0.0086348	0.0013917	2231.19	181.127	69.3773	833.458	311.984	1.58213	1.61661	615	0	-4.83826	0	20	20
0.00860131	0.00141757	2266.52	180.959	68.323	859.857	322.928	1.60069	1.61661	615	0	-4.9043	0	20	20
0.00856697	0.00144376	2301.95	180.789	67.1377	886.38	333.952	1.62001	1.61661	615	0	-4.96853	0	20	20
0.00853174	0.00147031	2337.54	180.616	65.8111	913.088	345.075	1.64017	1.61661	615	0	-5.03119	0	20	20
0.00849559	0.00149727	2373.35	180.44	64.3342	940.02	356.311	1.66119	1.61661	615	0	-5.09247	0	20	20
0.00845854	0.00152465	2409.37	180.261	62.6995	967.189	367.663	1.68311	1.61661	615	0	-5.15245	0	20	20
0.00842062	0.00155243	2445.57	180.079	60.9015	994.577	379.126	1.70596	1.61661	615	0	-5.21117	0	20	20
0.00838191	0.00158056	2481.87	179.894	58.9379	1022.13	390.679	1.7297	1.61661	615	0	-5.26855	0	20	20
0.00834254	0.00160896	2518.15	179.706	56.8097	1049.74	402.291	1.75431	1.61661	615	0	-5.32445	0	20	20
0.00830267	0.00163748	2554.21	179.514	54.5225	1077.28	413.911	1.7797	1.61661	615	0	-5.37865	0	20	20
0.00826256	0.00166594	2589.82	179.32	52.086	1104.55	425.474	1.80574	1.61661	615	0	-5.43083	0	20	20
0.00822247	0.00169412	2624.66	179.122	49.5151	1131.32	436.9	1.83228	1.61661	615	0	-5.48064	0	20	20
0.00818274	0.00172174	2658.39	178.921	46.8297	1157.31	448.094	1.8591	1.61661	615	0	-5.52767	0	20	20
0.00814373	0.00174849	2690.63	178.717	44.0538	1182.24	458.953	1.88595	1.61661	615	0	-5.57148	0	20	20
0.00810581	0.00177407	2720.99	178.509	41.2153	1205.78	469.365	1.91254	1.61661	615	0	-5.61165	0	20	20
0.00806938	0.00179814	2749.06	178.297	38.3448	1227.62	479.219	1.93856	1.61661	615	0	-5.64776	0	20	20
0.00803479	0.00182037	2774.47	178.083	35.4743	1247.46	488.407	1.96371	1.61661	615	0	-5.67941	0	20	20
0.00800239	0.00184048	2796.88	177.864	32.6358	1265.03	496.829	1.98765	1.61661	615	0	-5.7063	0	20	20
0.00797247	0.00185822	2816	177.643	29.8599	1280.1	504.403	2.01012	1.61661	615	0	-5.72817	0	20	20
0.00794526	0.00187338	2831.63	177.417	27.1745	1292.5	511.061	2.03084	1.61661	615	0	-5.74484	0	20	20
0.00792092	0.00188582	2843.63	177.188	24.6037	1302.12	516.758	2.04962	1.61661	615	0	-5.75623	0	20	20
0.00789955	0.00189548	2851.94	176.955	22.1672	1308.91	521.468	2.0663	1.61661	615	0	-5.76233	0	20	20
0.00788118	0.00190233	2856.6	176.718	19.8799	1312.89	525.188	2.08078	1.61661	615	0	-5.76321	0	20	20
0.00786578	0.00190642	2857.69	176.478	17.7517	1314.12	527.933	2.09303	1.61661	615	0	-5.75901	0	20	20
0.00785325	0.00190785	2855.36	176.233	15.7881	1312.72	529.734	2.10306	1.61661	615	0	-5.74991	0	20	20
0.00784304	0.00190683	2849.83	175.985	13.9901	1308.85	530.636	2.11129	1.61661	615	0	-5.73282	0	20	20
0.007834	0.00190375	2841.33	175.733	12.3554	1302.68	530.694	2.1186	1.61661	615	0	-5.70106	0	20	20
0.00782604	0.00189876	2830.13	175.476	10.8785	1294.42	529.97	2.12507	1.61661	615	0	-5.65602	0	20	20
0.00781906	0.00189206	2816.5	175.216	9.55195	1284.28	528.53	2.13077	1.61661	615	0	-5.59915	0	20	20
0.00781294	0.00188383	2800.72	174.951	8.36659	1272.47	526.441	2.13578	1.61661	615	0	-5.53192	0	20	20
0.0078076	0.00187425	2783.06	174.683	7.31231	1259.19	523.768	2.14017	1.61661	615	0	-5.45572	0	20	20
0.00780293	0.00186348	2763.75	174.41	6.37848	1244.63	520.576	2.14401	1.61661	615	0	-5.37193	0	20	20
0.00779886	0.00185169	2743.04	174.132	5.55436	1228.99	516.924	2.14737	1.61661	615	0	-5.28178	0	20	20
0.00779531	0.00183902	2721.14	173.851	4.8294	1212.43	512.87	2.15031	1.61661	615	0	-5.18644	0	20	20
0.0077922	0.00182561	2698.23	173.565	4.19349	1195.1	508.462	2.15288	1.61661	615	0	-5.08693	0	20	20
0.00778949	0.00181157	2674.5	173.274	3.63707	1177.15	503.749	2.15513	1.61661	615	0	-4.98418	0	20	20
0.0077871	0.00179701	2650.1	172.979	3.15127	1158.68	498.77	2.15711	1.61661	615	0	-4.87899	0	20	20
0.007785	0.00178201	2625.16	172.68	2.72794	1139.82	493.564	2.15886	1.61661	615	0	-4.77207	0	20	20
0.00778314	0.00176667	2599.79	172.376	2.35965	1120.64	488.162	2.16041	1.61661	615	0	-4.66401	0	20	20
0.00778149	0.00175105	2574.11	172.067	2.03971	1101.24	482.594	2.16178	1.61661	615	0	-4.55534	0	20	20
0.00778002	0.00173522	2548.19	171.753	1.76213	1081.69	476.883	2.16301	1.61661	615	0	-4.44649	0	20	20
0.0077787	0.00171921	2522.11	171.435	1.52155	1062.03	471.051	2.16411	1.61661	615	0	-4.33783	0	20	20
0.00777752	0.00170309	2495.93	171.112	1.31324	1042.32	465.118	2.16509	1.61661	615	0	-4.22966	0	20	20
0.00777645	0.00168688	2469.71	170.784	1.13301	1022.61	459.1	2.16599	1.61661	615	0	-4.12224	0	20	20
0.00777548	0.00167062	2443.5	170.451	0.977206	1002.92	453.01	2.16679	1.61661	615	0	-4.01578	0	20	20
0.00777461	0.00165433	2417.33	170.114	0.842585	983.293	446.86	2.16752	1.61661	615	0	-3.91044	0	20	20
0.00777382	0.00163805	2391.23	169.771	0.726331	963.749	440.662	2.16819	1.61661	615	0	-3.80637	0	20	20
0.00777311	0.00162178	2365.23	169.423	0.625985	944.308	434.425	2.16878	1.61661	615	0	-3.70366	0	20	20
0.00777248	0.00160554	2339.36	169.07	0.539403	924.988	428.156	2.16931	1.61661	615	0	-3.60242	0	20	20
0.00777191	0.00158935	2313.63	168.712	0.464724	905.803	421.862	2.16978	1.61661	615	0	-3.50271	0	20	20
0.00777143	0.00157322	2288.06	168.348	0.400329	886.764	415.55	2.17019	1.61661	615	0	-3.40457	0	20	20
0.00777101	0.00155715	2262.67	167.98	0.344818	867.882	409.225	2.17054	1.61661	615	0	-3.30806	0	20	20
0.00777068	0.00154116	2237.46	167.606	0.296973	849.163	402.891	2.17082	1.61661	615	0	-3.2132	0	20	20
0.00777042	0.00152525	2212.44	167.226	0.255745	830.614	396.553	2.17103	1.61661	615	0	-3.12001	0	20	20
0.00777025	0.00150943	2187.63	166.841	0.220224	812.242	390.216	2.17117	1.61661	615	0	-3.0285	0	20	20
0.00777017	0.0014937	2163.03	166.451	0.189625	794.049	383.882	2.17124	1.61661	615	0	-2.93869	0	20	20
0.00777019	0.00147807	2138.65	166.055	0.163268	776.041	377.555	2.17123	1.61661	615	0	-2.85057	0	20	20
0.0077703	0.00146255	2114.49	165.654	0.140567	758.221	371.237	2.17113	1.61661	615	0	-2.76415	0	20	20
0.00777053	0.00144713	2090.57	165.247	0.121018	740.59	364.933	2.17094	1.61661	615	0	-2.67943	0	20	20
0.00777087	0.00143181	2066.88	164.835	0.104184	723.153	358.644	2.17066	1.61661	615	0	-2.5964	0	20	20
0.00777133	0.00141662	2043.43	164.416	0.0896893	705.911	352.374	2.17027	1.61661	615	0	-2.51505	0	20	20
0.00777192	0.00140153	2020.23	163.992	0.0772089	688.866	346.124	2.16977	1.61661	615	0	-2.43539	0	20	20
0.00777266	0.00138657	1997.28	163.562	0.0664636	672.021	339.898	2.16916	1.61661	615	0	-2.35739	0	20	20
0.00777354	0.00137173	1974.59	163.127	0.0572127	655.377	333.697	2.16842	1.61661	615	0	-2.28105	0	20	20
0.00777457	0.00135702	1952.15	162.685	0.0492485	638.937	327.525	2.16756	1.61661	615	0	-2.20637	0	20	20
0.00777577	0.00134243	1929.99	162.238	0.0423924	622.703	321.383	2.16655	1.61661	615	0	-2.13333	0	20	20
0.00777715	0.00132798	1908.09	161.785	0.0364903	606.677	315.274	2.1654	1.61661	615	0	-2.06192	0	20	20
0.0077787	0.00131367	1886.47	161.325	0.0314096	590.861	309.201	2.16411	1.61661	615	0	-1.99214	0	20	20
0.00778045	0.00129949	1865.14	160.86	0.027036	575.258	303.165	2.16265	1.61661	615	0	-1.92397	0	20	20
0.00778239	0.00128546	1844.09	160.389	0.0232712	559.869	297.169	2.16103	1.61661	615	0	-1.8574	0	20	20
0.00778455	0.00127158	1823.33	159.911	0.0200306	544.698	291.216	2.15924	1.61661	615	0	-1.79242	0	20	20
0.00778691	0.00125785	1802.87	159.428	0.0172411	529.747	285.307	2.15727	1.61661	615	0	-1.72903	0	20	20
0.00778951	0.00124428	1782.72	158.938	0.01484	515.018	279.446	2.15511	1.61661	615	0	-1.66721	0	20	20
0.00779233	0.00123086	1762.87	158.442	0.0127733	500.516	273.634	2.15277	1.61661	615	0	-1.60695	0	20	20
0.0077954	0.00121761	1743.34	157.94	0.0109943	486.241	267.874	2.15023	1.61661	615	0	-1.54824	0	20	20
0.00779871	0.00120453	1724.13	157.431	0.00946308	472.198	262.168	2.1475	1.61661	615	0	-1.49107	0	20	20
0.00780227	0.00119162	1705.25	156.917	0.00814509	458.389	256.519	2.14455	1.61661	615	0	-1.43542	0	20	20
0.0078061	0.0011789	1686.7	156.396	0.00701065	444.818	250.929	2.1414	1.61661	615	0	-1.38129	0	20	20
0.00781018	0.00116635	1668.49	155.868	0.0060342	431.488	245.401	2.13804	1.61661	615	0	-1.32867	0	20	20
0.00781454	0.001154	1650.63	155.335	0.00519374	418.402	239.936	2.13447	1.61661	615	0	-1.27753	0	20	20
0.00781917	0.00114184	1633.12	154.795	0.00447034	405.563	234.538	2.13068	1.61661	615	0	-1.22788	0	20	20
0.00782408	0.00112987	1615.96	154.249	0.00384768	392.975	229.208	2.12667	1.61661	615	0	-1.17969	0	20	20
0.00782926	0.00111812	1599.17	153.696	0.00331176	380.64	223.95	2.12245	1.61661	615	0	-1.13295	0	20	20
0.00783472	0.00110657	1582.75	153.137	0.00285047	368.564	218.764	2.11802	1.61661	615	0	-1.08766	0	20	20
0.00784046	0.00109524	1566.7	152.571	0.00245344	356.749	213.655	2.11337	1.61661	615	0	-1.04379	0	20	20
0.00784647	0.00108413	1551.03	151.999	0.0021117	345.197	208.623	2.10852	1.61661	615	0	-1.00134	0	20	20
0.00785275	0.00107324	1535.75	151.421	0.00181757	333.914	203.672	2.10346	1.61661	615	0	-0.960284	0	20	20
0.00785929	0.00106259	1520.86	150.836	0.0015644	322.902	198.804	2.09821	1.61661	615	0	-0.920614	0	20	20
0.00786609	0.00105218	1506.36	150.245	0.00134649	312.165	194.02	2.09278	1.61661	615	0	-0.882314	0	20	20
0.00787314	0.00104201	1492.27	149.647	0.00115894	301.706	189.324	2.08716	1.61661	615	0	-0.845369	0	20	20
0.00788041	0.00103208	1478.58	149.043	0.000997512	291.529	184.717	2.08139	1.61661	615	0	-0.809766	0	20	20
0.00788791	0.00102242	1465.31	148.432	0.000858568	281.636	180.202	2.07546	1.61661	615	0	-0.775489	0	20	20
0.0078956	0.00101301	1452.45	147.815	0.000738977	272.031	175.78	2.0694	1.61661	615	0	-0.742523	0	20	20
0.00790348	0.00100388	1440.01	147.192	0.000636045	262.717	171.455	2.06322	1.61661	615	0	-0.710853	0	20	20
0.00791151	0.000995012	1427.99	146.562	0.000547449	253.697	167.227	2.05694	1.61661	615	0	-0.680465	0	20	20
0.00791967	0.000986426	1416.4	145.926	0.000471194	244.974	163.099	2.05059	1.61661	615	0	-0.651343	0	20	20
0.00792793	0.000978122	1405.24	145.283	0.000405561	236.549	159.072	2.04419	1.61661	615	0	-0.623462	0	20	20
0.0079363	0.000970092	1394.5	144.634	0.00034907	228.413	155.145	2.03773	1.61661	615	0	-0.596772	0	20	20
0.00794477	0.000962329	1384.15	143.979	0.000300448	220.556	151.314	2.03122	1.61661	615	0	-0.571214	0	20	20
0.00795334	0.000954823	1374.2	143.317	0.000258598	212.971	147.578	2.02465	1.61661	615	0	-0.546735	0	20	20
0.00796203	0.000947566	1364.62	142.649	0.000222577	205.645	143.935	2.01804	1.61661	615	0	-0.523281	0	20	20
0.00797082	0.000940548	1355.4	141.975	0.000191574	198.572	140.381	2.01137	1.61661	615	0	-0.500802	0	20	20
0.00797971	0.000933763	1346.54	141.295	0.000164889	191.743	136.915	2.00465	1.61661	615	0	-0.479252	0	20	20
0.00798872	0.000927201	1338.01	140.608	0.000141922	185.148	133.535	1.99788	1.61661	615	0	-0.458586	0	20	20
0.00799784	0.000920856	1329.82	139.915	0.000122153	178.78	130.238	1.99105	1.61661	615	0	-0.43876	0	20	20
0.00800706	0.000914719	1321.94	139.216	0.000105138	172.631	127.022	1.98418	1.61661	615	0	-0.419736	0	20	20
0.0080164	0.000908785	1314.36	138.511	9.04933e-05	166.693	123.886	1.97725	1.61661	615	0	-0.401475	0	20	20
0.00802584	0.000903045	1307.08	137.8	7.78883e-05	160.96	120.827	1.97028	1.61661	615	0	-0.383939	0	20	20
0.0080354	0.000897494	1300.09	137.083	6.70391e-05	155.424	117.844	1.96326	1.61661	615	0	-0.367096	0	20	20
0.00804506	0.000892124	1293.37	136.36	5.77011e-05	150.078	114.934	1.95619	1.61661	615	0	-0.350911	0	20	20
0.00805483	0.000886929	1286.92	135.631	4.96638e-05	144.916	112.096	1.94908	1.61661	615	0	-0.335353	0	20	20
0.00806471	0.000881905	1280.73	134.896	4.2746e-05	139.932	109.329	1.94193	1.61661	615	0	-0.320394	0	20	20
0.00807469	0.000877043	1274.78	134.156	3.67919e-05	135.119	106.629	1.93474	1.61661	615	0	-0.306004	0	20	20
0.00808478	0.00087234	1269.07	133.41	3.1667e-05	130.471	103.997	1.92751	1.61661	615	0	-0.292157	0	20	20
0.00809496	0.000867789	1263.6	132.658	2.72561e-05	125.984	101.429	1.92024	1.61661	615	0	-0.278828	0	20	20
0.00810525	0.000863385	1258.35	131.9	2.34595e-05	121.651	98.9248	1.91294	1.61661	615	0	-0.265992	0	20	20
0.00811563	0.000859123	1253.31	131.137	2.01918e-05	117.467	96.4823	1.90561	1.61661	615	0	-0.253626	0	20	20
0.00812611	0.000854998	1248.48	130.369	1.73792e-05	113.426	94.1002	1.89824	1.61661	615	0	-0.241708	0	20	20
0.00813668	0.000851006	1243.86	129.596	1.49585e-05	109.525	91.7768	1.89086	1.61661	615	0	-0.230218	0	20	20
0.00814734	0.000847142	1239.42	128.817	1.28749e-05	105.758	89.5109	1.88345	1.61661	615	0	-0.219135	0	20	20
0.00815808	0.000843401	1235.18	128.033	1.10815e-05	102.121	87.3008	1.87601	1.61661	615	0	-0.208441	0	20	20
0.00816891	0.000839779	1231.11	127.243	9.53793e-06	98.6081	85.1454	1.86856	1.61661	615	0	-0.198118	0	20	20
0.00817982	0.000836272	1227.22	126.449	8.20938e-06	95.2165	83.0431	1.8611	1.61661	615	0	-0.188149	0	20	20
0.0081908	0.000832876	1223.49	125.65	7.06588e-06	91.9416	80.9928	1.85362	1.61661	615	0	-0.178518	0	20	20
0.00820186	0.000829587	1219.93	124.847	6.08166e-06	88.7793	78.9931	1.84613	1.61661	615	0	-0.169209	0	20	20
0.00821299	0.000826402	1216.52	124.038	5.23453e-06	85.7258	77.0427	1.83864	1.61661	615	0	-0.160207	0	20	20
0.00822418	0.000823317	1213.26	123.225	4.5054e-06	82.7773	75.1405	1.83115	1.61661	615	0	-0.151499	0	20	20
0.00823543	0.000820329	1210.15	122.407	3.87783e-06	79.9302	73.2853	1.82365	1.61661	615	0	-0.143072	0	20	20
0.00824674	0.000817434	1207.18	121.585	3.33768e-06	77.181	71.4759	1.81616	1.61661	615	0	-0.134913	0	20	20
0.0082581	0.000814629	1204.34	120.759	2.87277e-06	74.5264	69.7111	1.80867	1.61661	615	0	-0.12701	0	20	20
0.00826951	0.000811911	1201.63	119.928	2.47262e-06	71.9631	67.99	1.80119	1.61661	615	0	-0.119351	0	20	20
0.00828097	0.000809278	1199.05	119.094	2.1282e-06	69.488	66.3113	1.79373	1.61661	615	0	-0.111927	0	20	20
0.00829246	0.000806726	1196.59	118.255	1.83176e-06	67.098	64.674	1.78628	1.61661	615	0	-0.104726	0	20	20
0.00830399	0.000804253	1194.24	117.413	1.57661e-06	64.7902	63.0772	1.77885	1.61661	615	0	-0.0977393	0	20	20
0.00831555	0.000801856	1192	116.567	1.357e-06	62.5617	61.5199	1.77144	1.61661	615	0	-0.0909573	0	20	20
0.00832713	0.000799533	1189.88	115.718	1.16798e-06	60.4099	60.0009	1.76406	1.61661	615	0	-0.0843715	0	20	20
0.00833874	0.000797282	1187.85	114.865	1.00529e-06	58.3322	58.5195	1.75671	1.61661	615	0	-0.0779734	0	20	20
0.00835036	0.000795099	1185.93	114.009	8.65262e-07	56.3259	57.0746	1.74938	1.61661	615	0	-0.0717554	0	20	20
0.00836199	0.000792983	1184.1	113.149	7.44738e-07	54.3886	55.6655	1.74209	1.61661	615	0	-0.0657099	0	20	20
0.00837362	0.000790932	1182.37	112.287	6.41002e-07	52.5179	54.2911	1.73484	1.61661	615	0	-0.0598299	0	20	20
0.00838526	0.000788944	1180.72	111.421	5.51715e-07	50.7116	52.9506	1.72763	1.61661	615	0	-0.0541088	0	20	20
0.00839689	0.000787016	1179.16	110.553	4.74866e-07	48.9673	51.6433	1.72046	1.61661	615	0	-0.0485403	0	20	20
0.00840851	0.000785148	1177.68	109.682	4.08721e-07	47.2831	50.3682	1.71334	1.61661	615	0	-0.0431185	0	20	20
0.00842011	0.000783336	1176.28	108.809	3.51789e-07	45.6569	49.1246	1.70627	1.61661	615	0	-0.0378378	0	20	20
0.00843169	0.000781581	1174.96	107.933	3.02788e-07	44.0865	47.9117	1.69924	1.61661	615	0	-0.0326928	0	20	20
0.00844325	0.000779878	1173.71	107.056	2.60612e-07	42.5702	46.7288	1.69228	1.61661	615	0	-0.0276787	0	20	20
0.00845477	0.000778229	1172.53	106.176	2.24311e-07	41.106	45.575	1.68536	1.61661	615	0	-0.0227908	0	20	20
0.00846626	0.00077663	1171.42	105.294	1.93066e-07	39.6922	44.4498	1.67851	1.61661	615	0	-0.0180246	0	20	20
0.00847771	0.00077508	1170.37	104.411	1.66173e-07	38.327	43.3523	1.67172	1.61661	615	0	-0.0133761	0	20	20
0.00848911	0.000773578	1169.39	103.526	1.43027e-07	37.0087	42.2819	1.665	1.61661	615	0	-0.00884136	0	20	20
0.00850046	0.000772122	1168.47	102.639	1.23104e-07	35.7358	41.238	1.65834	1.61661	615	0	-0.00441677	0	20	20
0.00851175	0.000770712	1167.6	101.751	1.05957e-07	34.5067	40.2198	1.65175	1.61661	615	0	-9.89527e-05	0	20	20
0.00852297	0.000769347	1166.79	100.862	9.11979e-08	33.3199	39.2268	1.64523	1.61661	615	0	0.00411526	0	20	20
0.00853413	0.000768024	1166.04	99.9722	7.84948e-08	32.1738	38.2583	1.63878	1.61661	615	0	0.00822882	0	20	20
0.00854522	0.000766742	1165.33	99.0814	6.75611e-08	31.0672	37.3137	1.63241	1.61661	615	0	0.0122445	0	20	20
0.00855625	0.000765522	1164.71	98.1899	5.81504e-08	29.9987	36.3924	1.62611	1.61661	615	0	0.0161447	0	20	20
0.00856735	0.000764454	1164.34	97.2979	5.00505e-08	28.9669	35.4939	1.6198	1.61661	615	0	0.0198444	0	20	20
0.00857857	0.000763606	1164.31	96.4055	4.30789e-08	27.9706	34.6175	1.61345	1.61661	615	0	0.0232876	0	20	20
0.00858989	0.00076297	1164.64	95.5129	3.70783e-08	27.0086	33.7628	1.60708	1.61661	615	0	0.0264908	0	20	20
0.00860128	0.00076254	1165.29	94.6203	3.19136e-08	26.0796	32.9292	1.6007	1.61661	615	0	0.0294695	0	20	20
0.00861273	0.000762308	1166.26	93.7278	2.74683e-08	25.1826	32.1162	1.59433	1.61661	615	0	0.0322381	0	20	20
0.0086242	0.000762269	1167.54	92.8355	2.36422e-08	24.3165	31.3232	1.58798	1.61661	615	0	0.0348101	0	20	20
0.00863567	0.000762415	1169.11	91.9436	2.0349e-08	23.4801	30.5499	1.58166	1.61661	615	0	0.0371979	0	20	20
0.0086471	0.00076274	1170.96	91.0524	1.75146e-08	22.6725	29.7956	1.57539	1.61661	615	0	0.0394132	0	20	20
0.00865849	0.000763237	1173.07	90.1618	1.50749e-08	21.8927	29.0599	1.56918	1.61661	615	0	0.0414667	0	20	20
0.0086698	0.000763899	1175.45	89.2721	1.29751e-08	21.1397	28.3424	1.56305	1.61661	615	0	0.0433684	0	20	20
0.008681	0.00076472	1178.06	88.3835	1.11678e-08	20.4126	27.6427	1.55701	1.61661	615	0	0.0451275	0	20	20
0.00869209	0.000765693	1180.9	87.4961	9.61219e-09	19.7105	26.9602	1.55106	1.61661	615	0	0.0467528	0	20	20
0.00870303	0.000766811	1183.96	86.61	8.27329e-09	19.0326	26.2945	1.54521	1.61661	615	0	0.0482521	0	20	20
0.00871382	0.000768068	1187.22	85.7254	7.12089e-09	18.378	25.6453	1.53948	1.61661	615	0	0.0496329	0	20	20
0.00872442	0.000769456	1190.68	84.8425	6.129e-09	17.7459	25.0121	1.53388	1.61661	615	0	0.0509021	0	20	20
0.00873483	0.000770969	1194.31	83.9614	5.27528e-09	17.1355	24.3946	1.5284	1.61661	615	0	0.0520664	0	20	20
0.00874503	0.000772601	1198.12	83.0822	4.54048e-09	16.5462	23.7923	1.52306	1.61661	615	0	0.0531318	0	20	20
0.00875502	0.000774345	1202.08	82.2051	3.90803e-09	15.9771	23.2048	1.51785	1.61661	615	0	0.0541041	0	20	20
0.00876477	0.000776193	1206.19	81.3303	3.36367e-09	15.4275	22.6319	1.51279	1.61661	615	0	0.054989	0	20	20
0.00877428	0.000778141	1210.43	80.4579	2.89514e-09	14.8969	22.0731	1.50788	1.61661	615	0	0.0557918	0	20	20
0.00878355	0.00078018	1214.79	79.588	2.49187e-09	14.3845	21.5281	1.50311	1.61661	615	0	0.0565175	0	20	20
0.00879256	0.000782306	1219.27	78.7207	2.14477e-09	13.8898	20.9966	1.49849	1.61661	615	0	0.0571712	0	20	20
0.00880132	0.000784511	1223.84	77.8563	1.84602e-09	13.4121	20.4782	1.49402	1.61661	615	0	0.0577576	0	20	20
0.00880982	0.00078679	1228.52	76.9948	1.58888e-09	12.9508	19.9726	1.4897	1.61661	615	0	0.0582815	0	20	20
0.00881781	0.000789158	1233.27	76.1364	1.36757e-09	12.5053	19.4794	1.48565	1.61661	615	0	0.0589791	0	20	20
0.00882319	0.000791784	1238.1	75.2813	1.17707e-09	12.0752	18.9985	1.48294	1.61661	615	0	0.0617705	0	20	20
0.0088283	0.000794473	1243.01	74.4294	1.01312e-09	11.6599	18.5294	1.48036	1.61661	615	0	0.0645564	0	20	20
0.00883316	0.000797219	1247.98	73.5811	8.71998e-10	11.2588	18.0719	1.47792	1.61661	615	0	0.0673377	0	20	20
0.00883776	0.000800019	1253	72.7364	7.50536e-10	10.8716	17.6257	1.47562	1.61661	615	0	0.0701149	0	20	20
0.0088421	0.000802867	1258.08	71.8953	6.45992e-10	10.4977	17.1906	1.47344	1.61661	615	0	0.0728883	0	20	20
0.0088462	0.000805759	1263.21	71.0582	5.56011e-10	10.1366	16.7661	1.4714	1.61661	615	0	0.0756575	0	20	20
0.00885007	0.000808692	1268.37	70.225	4.78563e-10	9.78797	16.3522	1.46947	1.61661	615	0	0.0784221	0	20	20
0.0088537	0.00081166	1273.56	69.3959	4.11903e-10	9.45131	15.9484	1.46766	1.61661	615	0	0.0811812	0	20	20
0.0088571	0.000814659	1278.78	68.571	3.54528e-10	9.12624	15.5547	1.46597	1.61661	615	0	0.0839337	0	20	20
0.0088603	0.000817687	1284.03	67.7505	3.05145e-10	8.81235	15.1706	1.46438	1.61661	615	0	0.0866783	0	20	20
0.00886329	0.000820739	1289.28	66.9343	2.62641e-10	8.50925	14.796	1.4629	1.61661	615	0	0.0894138	0	20	20
0.00886608	0.000823811	1294.55	66.1227	2.26057e-10	8.21658	14.4307	1.46152	1.61661	615	0	0.0921384	0	20	20
0.00886868	0.000826901	1299.83	65.3158	1.94569e-10	7.93397	14.0744	1.46024	1.61661	615	0	0.0948506	0	20	20
0.00887111	0.000830004	1305.11	64.5135	1.67467e-10	7.66109	13.7269	1.45904	1.61661	615	0	0.0975487	0	20	20
0.00887336	0.000833119	1310.39	63.7161	1.4414e-10	7.39759	13.388	1.45793	1.61661	615	0	0.100231	0	20	20
0.00887545	0.000836241	1315.66	62.9236	1.24063e-10	7.14315	13.0575	1.4569	1.61661	615	0	0.102895	0	20	20
0.00887739	0.000839368	1320.93	62.1362	1.06782e-10	6.89746	12.7351	1.45594	1.61661	615	0	0.10554	0	20	20
0.00887919	0.000842498	1326.18	61.3539	9.1908e-11	6.66023	12.4206	1.45506	1.61661	615	0	0.108163	0	20	20
0.00888085	0.000845627	1331.42	60.5767	7.91059e-11	6.43115	12.114	1.45424	1.61661	615	0	0.110763	0	20	20
0.00888238	0.000848755	1336.64	59.8049	6.80871e-11	6.20996	11.8149	1.45349	1.61661	615	0	0.113338	0	20	20
0.00888379	0.000851877	1341.84	59.0384	5.86031e-11	5.99637	11.5232	1.4528	1.61661	615	0	0.115887	0	20	20
0.00888509	0.000854992	1347.01	58.2773	5.04402e-11	5.79012	11.2387	1.45216	1.61661	615	0	0.118407	0	20	20
0.00888628	0.000858099	1352.16	57.5218	4.34142e-11	5.59098	10.9612	1.45158	1.61661	615	0	0.120897	0	20	20
0.00888737	0.000861195	1357.28	56.7719	3.7367e-11	5.39868	10.6905	1.45104	1.61661	615	0	0.123357	0	20	20
0.00888837	0.000864278	1362.37	56.0276	3.21621e-11	5.21299	10.4266	1.45055	1.61661	615	0	0.125784	0	20	20
0.00888929	0.000867347	1367.43	55.289	2.76821e-11	5.03369	10.1692	1.4501	1.61661	615	0	0.128176	0	20	20
0.00889012	0.0008704	1372.45	54.5562	2.38262e-11	4.86056	9.91809	1.44969	1.61661	615	0	0.130534	0	20	20
0.00889089	0.000873436	1377.44	53.8293	2.05074e-11	4.69338	9.67321	1.44932	1.61661	615	0	0.132856	0	20	20
0.00889158	0.000876453	1382.39	53.1082	1.76509e-11	4.53196	9.43438	1.44898	1.61661	615	0	0.135141	0	20	20
0.00889221	0.000879451	1387.3	52.3932	1.51923e-11	4.37608	9.20144	1.44867	1.61661	615	0	0.137387	0	20	20
0.00889279	0.000882427	1392.17	51.6841	1.30761e-11	4.22557	8.97426	1.44839	1.61661	615	0	0.139595	0	20	20
0.00889331	0.000885381	1397	50.981	1.12547e-11	4.08023	8.75268	1.44814	1.61661	615	0	0.141764	0	20	20
0.00889379	0.000888312	1401.79	50.2841	9.68703e-12	3.93989	8.53658	1.4479	1.61661	615	0	0.143892	0	20	20
0.00889422	0.000891219	1406.53	49.5933	8.3377e-12	3.80438	8.32581	1.44769	1.61661	615	0	0.145981	0	20	20
0.00889461	0.000894101	1411.23	48.9087	7.17633e-12	3.67353	8.12024	1.4475	1.61661	615	0	0.148028	0	20	20
0.00889497	0.000896957	1415.89	48.2303	6.17672e-12	3.54718	7.91975	1.44733	1.61661	615	0	0.150034	0	20	20
0.0088953	0.000899787	1420.5	47.5582	5.31635e-12	3.42518	7.72421	1.44717	1.61661	615	0	0.151999	0	20	20
0.0088956	0.000902589	1425.06	46.8923	4.57583e-12	3.30737	7.5335	1.44702	1.61661	615	0	0.153923	0	20	20
0.00889587	0.000905364	1429.58	46.2327	3.93845e-12	3.19362	7.3475	1.44689	1.61661	615	0	0.155805	0	20	20
0.00889612	0.000908111	1434.05	45.5795	3.38986e-12	3.08377	7.16609	1.44676	1.61661	615	0	0.157645	0	20	20
0.00889636	0.000910829	1438.47	44.9326	2.91768e-12	2.97771	6.98916	1.44665	1.61661	615	0	0.159445	0	20	20
0.00889658	0.000913519	1442.85	44.2921	2.51127e-12	2.87529	6.81659	1.44654	1.61661	615	0	0.161203	0	20	20
0.00889679	0.000916178	1447.17	43.658	2.16147e-12	2.7764	6.64829	1.44644	1.61661	615	0	0.16292	0	20	20
0.00889698	0.000918809	1451.45	43.0302	1.86039e-12	2.6809	6.48414	1.44634	1.61661	615	0	0.164597	0	20	20
0.00889717	0.000921409	1455.68	42.409	1.60125e-12	2.58869	6.32405	1.44625	1.61661	615	0	0.166233	0	20	20
0.00889735	0.000923979	1459.86	41.7941	1.37821e-12	2.49966	6.16791	1.44616	1.61661	615	0	0.167829	0	20	20
0.00889753	0.000926519	1463.99	41.1856	1.18624e-12	2.41368	6.01562	1.44608	1.61661	615	0	0.169387	0	20	20
0.00889771	0.000929028	1468.08	40.5837	1.02101e-12	2.33067	5.8671	1.44599	1.61661	615	0	0.170905	0	20	20
0.00889789	0.000931507	1472.11	39.9881	8.78787e-13	2.2505	5.72224	1.4459	1.61661	615	0	0.172385	0	20	20
0.00889807	0.000933956	1476.1	39.399	7.56379e-13	2.1731	5.58096	1.44582	1.61661	615	0	0.173827	0	20	20
0.00889825	0.000936374	1480.04	38.8163	6.51022e-13	2.09836	5.44316	1.44573	1.61661	615	0	0.175232	0	20	20
0.00889844	0.000938762	1483.94	38.2401	5.60339e-13	2.02618	5.30877	1.44564	1.61661	615	0	0.1766	0	20	20
0.00889863	0.000941119	1487.78	37.6703	4.82289e-13	1.95649	5.17769	1.44554	1.61661	615	0	0.177932	0	20	20
0.00889883	0.000943446	1491.58	37.1069	4.1511e-13	1.8892	5.04986	1.44545	1.61661	615	0	0.17923	0	20	20
0.00889903	0.000945743	1495.33	36.5499	3.57288e-13	1.82422	4.92518	1.44535	1.61661	615	0	0.180492	0	20	20
0.00889925	0.000948009	1499.04	35.9993	3.07521e-13	1.76148	4.80357	1.44524	1.61661	615	0	0.181721	0	20	20
0.00889947	0.000950246	1502.7	35.4551	2.64686e-13	1.70089	4.68497	1.44513	1.61661	615	0	0.182916	0	20	20
0.0088997	0.000952454	1506.31	34.9173	2.27817e-13	1.64239	4.5693	1.44502	1.61661	615	0	0.18408	0	20	20
0.00889995	0.000954631	1509.88	34.3858	1.96084e-13	1.5859	4.45648	1.4449	1.61661	615	0	0.185211	0	20	20
0.0089002	0.00095678	1513.4	33.8607	1.68771e-13	1.53136	4.34645	1.44477	1.61661	615	0	0.186312	0	20	20
0.00890047	0.0009589	1516.88	33.3418	1.45263e-13	1.47869	4.23914	1.44464	1.61661	615	0	0.187382	0	20	20
0.00890075	0.000960991	1520.32	32.8292	1.25029e-13	1.42783	4.13447	1.44451	1.61661	615	0	0.188423	0	20	20
0.00890105	0.000963053	1523.71	32.3229	1.07613e-13	1.37872	4.03239	1.44436	1.61661	615	0	0.189435	0	20	20
0.00890136	0.000965087	1527.06	31.8229	9.26235e-14	1.3313	3.93283	1.44421	1.61661	615	0	0.190419	0	20	20
0.00890168	0.000967094	1530.37	31.329	7.97218e-14	1.28551	3.83573	1.44406	1.61661	615	0	0.191376	0	20	20
0.00890201	0.000969073	1533.64	30.8413	6.86172e-14	1.24129	3.74103	1.4439	1.61661	615	0	0.192307	0	20	20
0.00890236	0.000971025	1536.86	30.3597	5.90593e-14	1.1986	3.64866	1.44373	1.61661	615	0	0.193212	0	20	20
0.00890272	0.00097295	1540.05	29.8843	5.08329e-14	1.15737	3.55857	1.44355	1.61661	615	0	0.194092	0	20	20
0.0089031	0.000974849	1543.19	29.4149	4.37522e-14	1.11757	3.47071	1.44337	1.61661	615	0	0.194947	0	20	20
0.00890349	0.000976721	1546.3	28.9516	3.76579e-14	1.07913	3.38502	1.44318	1.61661	615	0	0.195779	0	20	20
0.00890389	0.000978568	1549.37	28.4943	3.24125e-14	1.04201	3.30144	1.44298	1.61661	615	0	0.196588	0	20	20
0.00890431	0.000980389	1552.4	28.0429	2.78977e-14	1.00617	3.21993	1.44278	1.61661	615	0	0.197375	0	20	20
0.00890474	0.000982186	1555.39	27.5975	2.40117e-14	0.971566	3.14043	1.44257	1.61661	615	0	0.19814	0	20	20
0.00890519	0.000983957	1558.34	27.158	2.06671e-14	0.938149	3.06289	1.44235	1.61661	615	0	0.198884	0	20	20
0.00890565	0.000985705	1561.26	26.7243	1.77883e-14	0.905882	2.98727	1.44212	1.61661	615	0	0.199608	0	20	20
0.00890613	0.000987428	1564.14	26.2965	1.53106e-14	0.874725	2.91351	1.44189	1.61661	615	0	0.200313	0	20	20
0.00890662	0.000989128	1566.99	25.8744	1.31779e-14	0.844639	2.84158	1.44166	1.61661	615	0	0.200998	0	20	20
0.00890712	0.000990805	1569.8	25.458	1.13423e-14	0.815588	2.77142	1.44141	1.61661	615	0	0.201666	0	20	20
0.00890763	0.000992459	1572.58	25.0473	9.76244e-15	0.787536	2.70299	1.44116	1.61661	615	0	0.202315	0	20	20
0.00890816	0.000994091	1575.32	24.6423	8.40261e-15	0.760449	2.63626	1.44091	1.61661	615	0	0.202947	0	20	20
0.0089087	0.0009957	1578.04	24.2428	7.2322e-15	0.734294	2.57117	1.44064	1.61661	615	0	0.203563	0	20	20
0.00890926	0.000997288	1580.72	23.8489	6.22481e-15	0.709038	2.50768	1.44037	1.61661	615	0	0.204162	0	20	20
0.00890983	0.000998855	1583.36	23.4604	5.35774e-15	0.684651	2.44577	1.4401	1.61661	615	0	0.204746	0	20	20
0.0089104	0.0010004	1585.98	23.0775	4.61145e-15	0.661103	2.38538	1.43982	1.61661	615	0	0.205315	0	20	20
0.008911	0.00100193	1588.56	22.6999	3.96911e-15	0.638364	2.32649	1.43953	1.61661	615	0	0.205869	0	20	20
0.0089116	0.00100343	1591.12	22.3277	3.41625e-15	0.616408	2.26905	1.43924	1.61661	615	0	0.20641	0	20	20
0.00891221	0.00100492	1593.65	21.9608	2.94039e-15	0.595207	2.21302	1.43894	1.61661	615	0	0.206937	0	20	20
0.00891284	0.00100638	1596.14	21.5991	2.53082e-15	0.574735	2.15838	1.43864	1.61661	615	0	0.207451	0	20	20
0.00891347	0.00100783	1598.61	21.2427	2.1783e-15	0.554967	2.10509	1.43833	1.61661	615	0	0.207952	0	20	20
0.00891412	0.00100926	1601.05	20.8914	1.87488e-15	0.535879	2.05312	1.43802	1.61661	615	0	0.208441	0	20	20
0.00891478	0.00101067	1603.46	20.5452	1.61372e-15	0.517448	2.00243	1.4377	1.61661	615	0	0.208918	0	20	20
0.00891545	0.00101206	1605.85	20.204	1.38894e-15	0.499651	1.95299	1.43738	1.61661	615	0	0.209384	0	20	20
0.00891612	0.00101343	1608.21	19.8679	1.19547e-15	0.482465	1.90477	1.43705	1.61661	615	0	0.209839	0	20	20
0.00891681	0.00101479	1610.54	19.5367	1.02895e-15	0.465871	1.85774	1.43672	1.61661	615	0	0.210284	0	20	20
0.00891751	0.00101613	1612.85	19.2104	8.85629e-16	0.449848	1.81187	1.43638	1.61661	615	0	0.210719	0	20	20
0.00891821	0.00101745	1615.13	18.8889	7.62268e-16	0.434375	1.76714	1.43604	1.61661	615	0	0.211143	0	20	20
0.00891893	0.00101876	1617.39	18.5723	6.5609e-16	0.419435	1.7235	1.43569	1.61661	615	0	0.211558	0	20	20
0.00891965	0.00102005	1619.63	18.2604	5.64702e-16	0.405009	1.68095	1.43535	1.61661	615	0	0.211965	0	20	20
0.00892038	0.00102132	1621.84	17.9532	4.86043e-16	0.391079	1.63945	1.43499	1.61661	615	0	0.212362	0	20	20
0.00892112	0.00102258	1624.02	17.6506	4.18342e-16	0.377628	1.59897	1.43464	1.61661	615	0	0.212751	0	20	20
0.00892187	0.00102383	1626.19	17.3526	3.6007e-16	0.364639	1.55949	1.43427	1.61661	615	0	0.213132	0	20	20
0.00892263	0.00102505	1628.33	17.0592	3.09915e-16	0.352098	1.52099	1.43391	1.61661	615	0	0.213505	0	20	20
0.00892339	0.00102627	1630.45	16.7702	2.66746e-16	0.339988	1.48343	1.43354	1.61661	615	0	0.213871	0	20	20
0.00892416	0.00102747	1632.55	16.4856	2.29591e-16	0.328294	1.44681	1.43317	1.61661	615	0	0.214229	0	20	20
0.00892493	0.00102866	1634.63	16.2055	1.97611e-16	0.317002	1.41109	1.4328	1.61661	615	0	0.21458	0	20	20
0.00892572	0.00102983	1636.69	15.9296	1.70085e-16	0.306099	1.37625	1.43242	1.61661	615	0	0.214925	0	20	20
0.00892651	0.00103099	1638.72	15.6581	1.46393e-16	0.295571	1.34227	1.43204	1.61661	615	0	0.215263	0	20	20
0.0089273	0.00103213	1640.74	15.3907	1.26002e-16	0.285405	1.30913	1.43166	1.61661	615	0	0.215594	0	20	20
0.0089281	0.00103327	1642.74	15.1275	1.08451e-16	0.275589	1.2768	1.43127	1.61661	615	0	0.21592	0	20	20
0.00892891	0.00103439	1644.72	14.8685	9.33446e-17	0.26611	1.24528	1.43088	1.61661	615	0	0.21624	0	20	20
0.00892973	0.0010355	1646.68	14.6135	8.03424e-17	0.256957	1.21453	1.43049	1.61661	615	0	0.216554	0	20	20
0.00893054	0.00103659	1648.62	14.3625	6.91514e-17	0.248119	1.18455	1.4301	1.61661	615	0	0.216863	0	20	20
0.00893137	0.00103768	1650.55	14.1155	5.95191e-17	0.239585	1.1553	1.4297	1.61661	615	0	0.217167	0	20	20
0.0089322	0.00103875	1652.45	13.8724	5.12286e-17	0.231345	1.12678	1.42931	1.61661	615	0	0.217466	0	20	20
0.00893303	0.00103981	1654.34	13.6332	4.40929e-17	0.223388	1.09896	1.42891	1.61661	615	0	0.21776	0	20	20
0.00893387	0.00104086	1656.21	13.3977	3.79511e-17	0.215704	1.07182	1.4285	1.61661	615	0	0.218049	0	20	20
0.00893471	0.0010419	1658.07	13.1661	3.26648e-17	0.208285	1.04536	1.4281	1.61661	615	0	0.218334	0	20	20
0.00893556	0.00104293	1659.91	12.9381	2.81149e-17	0.201121	1.01955	1.42769	1.61661	615	0	0.218615	0	20	20
0.00893641	0.00104394	1661.73	12.7138	2.41987e-17	0.194204	0.994376	1.42728	1.61661	615	0	0.218892	0	20	20
0.00893727	0.00104495	1663.54	12.4932	2.0828e-17	0.187524	0.969825	1.42687	1.61661	615	0	0.219164	0	20	20
0.00893813	0.00104595	1665.33	12.2761	1.79268e-17	0.181075	0.94588	1.42646	1.61661	615	0	0.219433	0	20	20
0.00893899	0.00104694	1667.11	12.0625	1.54298e-17	0.174847	0.922526	1.42605	1.61661	615	0	0.219698	0	20	20
0.00893986	0.00104791	1668.88	11.8524	1.32805e-17	0.168833	0.899748	1.42563	1.61661	615	0	0.219959	0	20	20
0.00894073	0.00104888	1670.62	11.6457	1.14306e-17	0.163026	0.877534	1.42522	1.61661	615	0	0.220217	0	20	20
0.0089416	0.00104984	1672.36	11.4423	9.83845e-18	0.157419	0.855867	1.4248	1.61661	615	0	0.220472	0	20	20
0.00894248	0.00105079	1674.08	11.2423	8.46803e-18	0.152004	0.834736	1.42438	1.61661	615	0	0.220724	0	20	20
0.00894336	0.00105173	1675.79	11.0456	7.2885e-18	0.146776	0.814126	1.42396	1.61661	615	0	0.220972	0	20	20
0.00894424	0.00105266	1677.48	10.8521	6.27327e-18	0.141728	0.794025	1.42354	1.61661	615	0	0.221218	0	20	20
0.00894513	0.00105359	1679.16	10.6619	5.39946e-18	0.136853	0.774421	1.42312	1.61661	615	0	0.22146	0	20	20
0.00894602	0.0010545	1680.83	10.4747	4.64735e-18	0.132146	0.7553	1.42269	1.61661	615	0	0.2217	0	20	20
0.00894691	0.00105541	1682.48	10.2906	4.00001e-18	0.127601	0.736652	1.42227	1.61661	615	0	0.221938	0	20	20
0.0089478	0.00105631	1684.13	10.1096	3.44284e-18	0.123212	0.718464	1.42184	1.61661	615	0	0.222172	0	20	20
0.0089487	0.0010572	1685.76	9.93164	2.96328e-18	0.118974	0.700725	1.42141	1.61661	615	0	0.222405	0	20	20
0.0089496	0.00105808	1687.38	9.75661	2.55052e-18	0.114882	0.683424	1.42099	1.61661	615	0	0.222635	0	20	20
0.0089505	0.00105895	1688.98	9.5845	2.19525e-18	0.110931	0.66655	1.42056	1.61661	615	0	0.222862	0	20	20
0.0089514	0.00105982	1690.58	9.41527	1.88947e-18	0.107116	0.650093	1.42013	1.61661	615	0	0.223088	0	20	20
0.0089523	0.00106068	1692.16	9.24887	1.62628e-18	0.103431	0.634042	1.4197	1.61661	615	0	0.223311	0	20	20
0.00895321	0.00106154	1693.74	9.08527	1.39976e-18	0.099874	0.618387	1.41927	1.61661	615	0	0.223532	0	20	20
0.00895412	0.00106238	1695.3	8.92441	1.20478e-18	0.0964388	0.603119	1.41884	1.61661	615	0	0.223752	0	20	20
0.00895503	0.00106322	1696.85	8.76627	1.03696e-18	0.0931219	0.588228	1.4184	1.61661	615	0	0.223969	0	20	20
0.00895594	0.00106405	1698.4	8.6108	8.92524e-19	0.089919	0.573705	1.41797	1.61661	615	0	0.224184	0	20	20
0.00895685	0.00106488	1699.93	8.45795	7.68203e-19	0.0868262	0.55954	1.41754	1.61661	615	0	0.224398	0	20	20
0.00895776	0.0010657	1701.45	8.3077	6.61198e-19	0.0838399	0.545725	1.4171	1.61661	615	0	0.22461	0	20	20
0.00895868	0.00106651	1702.96	8.15999	5.69098e-19	0.0809563	0.532251	1.41667	1.61661	615	0	0.22482	0	20	20
0.00895959	0.00106732	1704.46	8.0148	4.89828e-19	0.0781718	0.51911	1.41623	1.61661	615	0	0.225029	0	20	20
0.00896051	0.00106812	1705.96	7.87207	4.21598e-19	0.0754831	0.506293	1.4158	1.61661	615	0	0.225236	0	20	20
0.00896143	0.00106891	1707.44	7.73179	3.62873e-19	0.0728869	0.493792	1.41536	1.61661	615	0	0.225442	0	20	20
0.00896235	0.0010697	1708.91	7.59389	3.12328e-19	0.07038	0.481601	1.41493	1.61661	615	0	0.225646	0	20	20
0.00896327	0.00107048	1710.38	7.45836	2.68823e-19	0.0679593	0.46971	1.41449	1.61661	615	0	0.225849	0	20	20
0.00896418	0.00107127	1711.86	7.32515	2.31378e-19	0.0656219	0.458113	1.41406	1.61661	615	0	0.226052	0	20	20
0.00896507	0.00107208	1713.35	7.19422	1.99149e-19	0.0633648	0.446802	1.41364	1.61661	615	0	0.226256	0	20	20
0.00896595	0.00107289	1714.86	7.06554	1.71409e-19	0.0611854	0.43577	1.41323	1.61661	615	0	0.22646	0	20	20
0.00896681	0.00107371	1716.39	6.93908	1.47533e-19	0.059081	0.425011	1.41282	1.61661	615	0	0.226665	0	20	20
0.00896765	0.00107454	1717.93	6.8148	1.26983e-19	0.0570489	0.414518	1.41242	1.61661	615	0	0.226871	0	20	20
0.00896848	0.00107539	1719.48	6.69266	1.09295e-19	0.0550867	0.404283	1.41203	1.61661	615	0	0.227077	0	20	20
