0.00890634	
0.00499885	
0.00360931	
0.00293773	
0.00248392	
0.00212864	
0.0018231	
0.00155407	
0.0013378	
0.00121309	
0.00116188	
0.00118241	
0.00127037	
0.00139961	
0.00156512	
0.00176874	
0.00201472	
0.00230811	
0.00266407	
0.00309414	
0.00362292	
0.00427255	
0.00505826	
0.00600385	
0.00710464	
0.00834063	
0.00970019	
0.0111736	
0.0127485	
0.0144075	
0.0161185	
0.017842	
0.0195269	
0.0211008	
0.0224719	
0.0235356	
0.0241786	
0.0243209	
0.0239424	
0.0231107	
0.0219594	
0.020647	
0.0193148	
0.0180611	
0.0169376	
0.0159631	
0.0151352	
0.0144403	
0.0138607	
0.013379	
0.012979	
0.0126468	
0.0123702	
0.0121394	
0.011946	
0.0120478	
0.0122193	
0.0123331	
0.0123964	
0.012417	
0.0124026	
0.0123604	
0.0122967	
0.0122172	
0.0121263	
0.0120276	
0.011924	
0.0118177	
0.0117104	
0.0116031	
0.0114969	
0.0113923	
0.0112896	
