0.00866132	0.000693393	1101	184.5	76.5	0	0	1.56764	1.61661	615	0	0.149314	0	20	20
0.00883137	0.000723169	1168.55	184.428	76.4694	49.1734	16.5712	1.47882	1.61661	615	0	-0.450533	0	20	20
0.0090093	0.000790247	1300.28	184.355	76.4339	144.2	48.9164	1.39292	1.61661	615	0	-1.46898	0	20	20
0.00906949	0.000861587	1426.93	184.281	76.3927	236.076	80.5029	1.36537	1.61661	615	0	-2.25772	0	20	20
0.0090677	0.000934191	1548.27	184.205	76.3448	324.903	111.347	1.36618	1.61661	615	0	-2.88028	0	20	20
0.0090331	0.00100664	1664.65	184.128	76.2893	410.781	141.466	1.38194	1.61661	615	0	-3.3822	0	20	20
0.00898036	0.00107839	1776.59	184.05	76.2249	493.815	170.878	1.40643	1.61661	615	0	-3.79576	0	20	20
0.00891722	0.00114925	1884.58	183.97	76.1502	574.106	199.602	1.43652	1.61661	615	0	-4.14336	0	20	20
0.00884799	0.00121913	1989.03	183.889	76.0636	651.761	227.66	1.4705	1.61661	615	0	-4.44059	0	20	20
0.00877522	0.00128803	2090.22	183.806	75.9633	726.887	255.073	1.50739	1.61661	615	0	-4.69856	0	20	20
0.00870046	0.00135592	2188.37	183.722	75.847	799.598	281.866	1.54658	1.61661	615	0	-4.92536	0	20	20
0.00862472	0.00142282	2283.67	183.636	75.7124	870.009	308.066	1.58769	1.61661	615	0	-5.12707	0	20	20
0.00854861	0.00148875	2376.28	183.549	75.5566	938.241	333.7	1.63047	1.61661	615	0	-5.30826	0	20	20
0.00847257	0.00155373	2466.35	183.46	75.3764	1004.42	358.802	1.67477	1.61661	615	0	-5.4726	0	20	20
0.00839683	0.00161782	2554.04	183.37	75.1681	1068.68	383.404	1.7205	1.61661	615	0	-5.62294	0	20	20
0.00832153	0.00168108	2639.51	183.278	74.9275	1131.16	407.545	1.76762	1.61661	615	0	-5.76158	0	20	20
0.00824675	0.0017436	2722.94	183.184	74.6499	1192.01	431.266	1.81615	1.61661	615	0	-5.89039	0	20	20
0.00817246	0.00180548	2804.52	183.089	74.33	1251.38	454.609	1.86613	1.61661	615	0	-6.01094	0	20	20
0.00809863	0.00186683	2884.44	182.992	73.9617	1309.45	477.625	1.91763	1.61661	615	0	-6.12454	0	20	20
0.00802517	0.00192779	2962.93	182.893	73.5383	1366.38	500.364	1.97077	1.61661	615	0	-6.23228	0	20	20
0.00795198	0.00198851	3040.2	182.792	73.0526	1422.35	522.881	2.0257	1.61661	615	0	-6.33514	0	20	20
0.0078789	0.00204916	3116.5	182.69	72.4961	1477.57	545.236	2.08258	1.61661	615	0	-6.43395	0	20	20
0.0078058	0.00210991	3192.06	182.586	71.8602	1532.21	567.489	2.14165	1.61661	615	0	-6.52942	0	20	20
0.0077325	0.00217096	3267.13	182.48	71.1353	1586.48	589.703	2.20313	1.61661	615	0	-6.62221	0	20	20
0.00765885	0.00223249	3341.97	182.372	70.3111	1640.58	611.941	2.26731	1.61661	615	0	-6.71288	0	20	20
0.00758466	0.0022947	3416.81	182.262	69.3773	1694.69	634.266	2.33449	1.61661	615	0	-6.80191	0	20	20
0.00750978	0.00235777	3491.87	182.15	68.323	1748.99	656.734	2.40502	1.61661	615	0	-6.88973	0	20	20
0.00743408	0.00242189	3567.36	182.037	67.1377	1803.64	679.398	2.47924	1.61661	615	0	-6.9767	0	20	20
0.00735746	0.00248718	3643.43	181.921	65.8111	1858.77	702.3	2.55751	1.61661	615	0	-7.06309	0	20	20
0.00727984	0.00255376	3720.18	181.803	64.3342	1914.45	725.466	2.64019	1.61661	615	0	-7.14909	0	20	20
0.00720122	0.00262166	3797.64	181.683	62.6995	1970.72	748.907	2.72761	1.61661	615	0	-7.23483	0	20	20
0.00712167	0.00269086	3875.75	181.561	60.9015	2027.53	772.608	2.82004	1.61661	615	0	-7.32031	0	20	20
0.00704131	0.00276125	3954.34	181.437	58.9379	2084.76	796.53	2.91769	1.61661	615	0	-7.40546	0	20	20
0.0069604	0.00283262	4033.15	181.311	56.8097	2142.21	820.601	3.02063	1.61661	615	0	-7.4901	0	20	20
0.00687925	0.00290462	4111.76	181.183	54.5225	2199.57	844.718	3.1288	1.61661	615	0	-7.57395	0	20	20
0.00679827	0.00297682	4189.64	181.052	52.086	2256.45	868.743	3.24193	1.61661	615	0	-7.65662	0	20	20
0.006718	0.00304866	4266.16	180.919	49.5151	2312.34	892.506	3.35954	1.61661	615	0	-7.73766	0	20	20
0.00663901	0.00311946	4340.54	180.784	46.8297	2366.68	915.807	3.4809	1.61661	615	0	-7.81653	0	20	20
0.00656194	0.00318848	4411.97	180.646	44.0538	2418.84	938.426	3.60498	1.61661	615	0	-7.89265	0	20	20
0.00648748	0.00325491	4479.56	180.506	41.2153	2468.14	960.129	3.73054	1.61661	615	0	-7.96543	0	20	20
0.0064163	0.0033179	4542.44	180.363	38.3448	2513.92	980.678	3.85608	1.61661	615	0	-8.03426	0	20	20
0.00634905	0.00337666	4599.78	180.218	35.4743	2555.54	999.845	3.97992	1.61661	615	0	-8.09859	0	20	20
0.00628631	0.00343041	4650.81	180.071	32.6358	2592.43	1017.42	4.10028	1.61661	615	0	-8.15791	0	20	20
0.00622857	0.0034785	4694.91	179.921	29.8599	2624.11	1033.23	4.21536	1.61661	615	0	-8.21179	0	20	20
0.00617615	0.00352044	4731.6	179.768	27.1745	2650.21	1047.13	4.3236	1.61661	615	0	-8.2601	0	20	20
0.0061291	0.00355591	4760.57	179.613	24.6037	2670.49	1059.02	4.42395	1.61661	615	0	-8.30312	0	20	20
0.00608771	0.00358463	4781.68	179.455	22.1672	2684.86	1068.85	4.51479	1.61661	615	0	-8.34035	0	20	20
0.00605211	0.0036065	4794.95	179.295	19.8799	2693.34	1076.61	4.59494	1.61661	615	0	-8.3715	0	20	20
0.00602223	0.00362158	4800.57	179.132	17.7517	2696.07	1082.33	4.66367	1.61661	615	0	-8.3966	0	20	20
0.00599789	0.00363008	4798.85	178.965	15.7881	2693.3	1086.07	4.72068	1.61661	615	0	-8.41579	0	20	20
0.00597788	0.00363266	4790.23	178.797	13.9901	2685.35	1087.94	4.76825	1.61661	615	0	-8.41804	0	20	20
0.00596111	0.00363003	4775.2	178.625	12.3554	2672.6	1088.05	4.8086	1.61661	615	0	-8.39454	0	20	20
0.00594726	0.00362262	4754.34	178.45	10.8785	2655.47	1086.52	4.84228	1.61661	615	0	-8.34762	0	20	20
0.00593607	0.00361086	4728.21	178.272	9.55195	2634.41	1083.49	4.86971	1.61661	615	0	-8.27956	0	20	20
0.00592723	0.00359523	4697.4	178.092	8.36659	2609.85	1079.11	4.89154	1.61661	615	0	-8.19294	0	20	20
0.00592051	0.00357614	4662.48	177.908	7.31231	2582.22	1073.52	4.90821	1.61661	615	0	-8.09006	0	20	20
0.00591561	0.00355404	4623.98	177.721	6.37848	2551.95	1066.84	4.92042	1.61661	615	0	-7.97339	0	20	20
0.00591234	0.00352929	4582.4	177.531	5.55436	2519.42	1059.21	4.92858	1.61661	615	0	-7.84501	0	20	20
0.00591046	0.00350227	4538.22	177.338	4.8294	2484.97	1050.74	4.93328	1.61661	615	0	-7.70701	0	20	20
0.00590976	0.00347331	4491.84	177.142	4.19349	2448.94	1041.54	4.93504	1.61661	615	0	-7.56125	0	20	20
0.0059101	0.00344271	4443.64	176.942	3.63707	2411.61	1031.71	4.93418	1.61661	615	0	-7.40928	0	20	20
0.00591131	0.00341073	4393.95	176.74	3.15127	2373.24	1021.34	4.93115	1.61661	615	0	-7.2526	0	20	20
0.00591329	0.00337759	4343.08	176.533	2.72794	2334.04	1010.49	4.9262	1.61661	615	0	-7.09237	0	20	20
0.00591589	0.00334351	4291.26	176.324	2.35965	2294.23	999.248	4.91972	1.61661	615	0	-6.92976	0	20	20
0.00591903	0.00330866	4238.73	176.11	2.03971	2253.96	987.664	4.9119	1.61661	615	0	-6.76565	0	20	20
0.00592262	0.00327318	4185.66	175.894	1.76213	2213.39	975.793	4.90296	1.61661	615	0	-6.60082	0	20	20
0.00592657	0.00323723	4132.23	175.674	1.52155	2172.62	963.679	4.89316	1.61661	615	0	-6.43598	0	20	20
0.00593086	0.00320089	4078.58	175.45	1.31324	2131.78	951.362	4.88256	1.61661	615	0	-6.27161	0	20	20
0.00593539	0.00316428	4024.81	175.222	1.13301	2090.95	938.876	4.87138	1.61661	615	0	-6.10825	0	20	20
0.00594014	0.00312747	3971.03	174.991	0.977206	2050.2	926.251	4.8597	1.61661	615	0	-5.94623	0	20	20
0.0059451	0.00309053	3917.32	174.756	0.842585	2009.59	913.511	4.84756	1.61661	615	0	-5.78584	0	20	20
0.00595018	0.00305352	3863.76	174.518	0.726331	1969.17	900.679	4.83516	1.61661	615	0	-5.62741	0	20	20
0.00595541	0.00301647	3810.4	174.275	0.625985	1929	887.773	4.82243	1.61661	615	0	-5.47106	0	20	20
0.00596075	0.00297945	3757.28	174.029	0.539403	1889.1	874.811	4.80947	1.61661	615	0	-5.31698	0	20	20
0.00596618	0.00294248	3704.46	173.778	0.464724	1849.5	861.806	4.79635	1.61661	615	0	-5.16532	0	20	20
0.00597172	0.00290558	3651.96	173.524	0.400329	1810.22	848.772	4.78301	1.61661	615	0	-5.01612	0	20	20
0.00597733	0.00286878	3599.81	173.266	0.344818	1771.3	835.719	4.76956	1.61661	615	0	-4.86951	0	20	20
0.00598302	0.00283211	3548.05	173.003	0.296973	1732.73	822.656	4.75597	1.61661	615	0	-4.72552	0	20	20
0.0059888	0.00279557	3496.68	172.736	0.255745	1694.54	809.594	4.7422	1.61661	615	0	-4.58416	0	20	20
0.00599464	0.00275919	3445.73	172.466	0.220224	1656.73	796.539	4.72836	1.61661	615	0	-4.44553	0	20	20
0.00600057	0.00272298	3395.21	172.19	0.189625	1619.31	783.5	4.71437	1.61661	615	0	-4.30959	0	20	20
0.00600659	0.00268694	3345.14	171.911	0.163268	1582.29	770.482	4.7002	1.61661	615	0	-4.17634	0	20	20
0.00601267	0.00265109	3295.52	171.627	0.140567	1545.68	757.491	4.68595	1.61661	615	0	-4.04584	0	20	20
0.00601886	0.00261544	3246.37	171.339	0.121018	1509.48	744.534	4.67152	1.61661	615	0	-3.91803	0	20	20
0.00602515	0.00257998	3197.69	171.046	0.104184	1473.7	731.616	4.65689	1.61661	615	0	-3.79291	0	20	20
0.00603153	0.00254474	3149.51	170.749	0.0896893	1438.33	718.742	4.64213	1.61661	615	0	-3.67051	0	20	20
0.00603802	0.00250972	3101.81	170.447	0.0772089	1403.39	705.917	4.62718	1.61661	615	0	-3.55078	0	20	20
0.00604464	0.00247493	3054.62	170.141	0.0664636	1368.88	693.147	4.61198	1.61661	615	0	-3.43371	0	20	20
0.00605139	0.00244037	3007.94	169.83	0.0572127	1334.79	680.435	4.59659	1.61661	615	0	-3.3193	0	20	20
0.00605825	0.00240605	2961.78	169.514	0.0492485	1301.14	667.786	4.58098	1.61661	615	0	-3.20753	0	20	20
0.00606527	0.00237198	2916.14	169.194	0.0423924	1267.92	655.206	4.5651	1.61661	615	0	-3.09837	0	20	20
0.00607245	0.00233816	2871.05	168.869	0.0364903	1235.15	642.699	4.54892	1.61661	615	0	-2.9918	0	20	20
0.00607976	0.00230461	2826.49	168.538	0.0314096	1202.81	630.268	4.53253	1.61661	615	0	-2.88783	0	20	20
0.00608725	0.00227133	2782.49	168.203	0.027036	1170.93	617.92	4.51583	1.61661	615	0	-2.78643	0	20	20
0.00609492	0.00223834	2739.05	167.863	0.0232712	1139.5	605.658	4.4988	1.61661	615	0	-2.68756	0	20	20
0.00610278	0.00220563	2696.19	167.518	0.0200306	1108.52	593.487	4.48143	1.61661	615	0	-2.59121	0	20	20
0.00611081	0.00217322	2653.9	167.168	0.0172411	1078	581.411	4.46379	1.61661	615	0	-2.49738	0	20	20
0.00611904	0.00214113	2612.2	166.812	0.01484	1047.95	569.436	4.4458	1.61661	615	0	-2.40604	0	20	20
0.00612749	0.00210935	2571.11	166.452	0.0127733	1018.37	557.565	4.42744	1.61661	615	0	-2.31717	0	20	20
0.00613615	0.00207791	2530.62	166.086	0.0109943	989.261	545.804	4.40871	1.61661	615	0	-2.23073	0	20	20
0.00614504	0.0020468	2490.75	165.715	0.00946308	960.634	534.157	4.38961	1.61661	615	0	-2.14671	0	20	20
0.00615413	0.00201605	2451.51	165.339	0.00814509	932.492	522.628	4.37019	1.61661	615	0	-2.06512	0	20	20
0.00616345	0.00198567	2412.92	164.957	0.00701065	904.842	511.222	4.35039	1.61661	615	0	-1.98591	0	20	20
0.00617301	0.00195567	2374.97	164.57	0.0060342	877.689	499.944	4.33022	1.61661	615	0	-1.90906	0	20	20
0.0061828	0.00192605	2337.69	164.177	0.00519374	851.038	488.799	4.30967	1.61661	615	0	-1.83454	0	20	20
0.00619283	0.00189684	2301.08	163.779	0.00447034	824.897	477.791	4.28876	1.61661	615	0	-1.76234	0	20	20
0.0062031	0.00186804	2265.16	163.376	0.00384768	799.271	466.924	4.2675	1.61661	615	0	-1.69243	0	20	20
0.00621361	0.00183968	2229.93	162.967	0.00331176	774.167	456.204	4.24589	1.61661	615	0	-1.62478	0	20	20
0.00622434	0.00181176	2195.41	162.552	0.00285047	749.59	445.635	4.22396	1.61661	615	0	-1.55938	0	20	20
0.00623529	0.00178431	2161.61	162.131	0.00245344	725.548	435.222	4.20175	1.61661	615	0	-1.4962	0	20	20
0.00624645	0.00175733	2128.53	161.705	0.0021117	702.047	424.969	4.17926	1.61661	615	0	-1.43522	0	20	20
0.00625783	0.00173084	2096.2	161.273	0.00181757	679.092	414.88	4.15652	1.61661	615	0	-1.37639	0	20	20
0.00626939	0.00170485	2064.61	160.835	0.0015644	656.692	404.961	4.13355	1.61661	615	0	-1.31971	0	20	20
0.00628114	0.00167939	2033.78	160.391	0.00134649	634.852	395.216	4.1104	1.61661	615	0	-1.26513	0	20	20
0.00629305	0.00165447	2003.73	159.942	0.00115894	613.579	385.648	4.08712	1.61661	615	0	-1.21263	0	20	20
0.00630509	0.0016301	1974.46	159.486	0.000997512	592.88	376.264	4.06375	1.61661	615	0	-1.16219	0	20	20
0.00631723	0.00160631	1945.98	159.025	0.000858568	572.759	367.066	4.04035	1.61661	615	0	-1.11377	0	20	20
0.00632946	0.00158311	1918.31	158.557	0.000738977	553.225	358.059	4.01699	1.61661	615	0	-1.06735	0	20	20
0.00634172	0.00156051	1891.44	158.084	0.000636045	534.284	349.248	3.99372	1.61661	615	0	-1.02289	0	20	20
0.00635399	0.00153854	1865.4	157.604	0.000547449	515.94	340.636	3.97064	1.61661	615	0	-0.98038	0	20	20
0.00636621	0.00151721	1840.18	157.118	0.000471194	498.201	332.228	3.94783	1.61661	615	0	-0.939776	0	20	20
0.00637834	0.00149654	1815.8	156.627	0.000405561	481.066	324.025	3.92534	1.61661	615	0	-0.901037	0	20	20
0.00639039	0.0014765	1792.23	156.129	0.00034907	464.52	316.025	3.90318	1.61661	615	0	-0.864082	0	20	20
0.00640235	0.00145709	1769.44	155.624	0.000300448	448.543	308.222	3.88133	1.61661	615	0	-0.828819	0	20	20
0.00641424	0.00143827	1747.41	155.114	0.000258598	433.115	300.612	3.8598	1.61661	615	0	-0.795164	0	20	20
0.00642606	0.00142004	1726.12	154.598	0.000222577	418.219	293.19	3.83853	1.61661	615	0	-0.76303	0	20	20
0.00643783	0.00140237	1705.54	154.075	0.000191574	403.834	285.951	3.81752	1.61661	615	0	-0.732337	0	20	20
0.00644955	0.00138525	1685.65	153.546	0.000164889	389.944	278.891	3.79675	1.61661	615	0	-0.703013	0	20	20
0.00646123	0.00136865	1666.42	153.01	0.000141922	376.533	272.005	3.77619	1.61661	615	0	-0.674986	0	20	20
0.00647288	0.00135256	1647.83	152.469	0.000122153	363.582	265.29	3.75584	1.61661	615	0	-0.64819	0	20	20
0.00648451	0.00133697	1629.87	151.921	0.000105138	351.077	258.74	3.73568	1.61661	615	0	-0.622562	0	20	20
0.00649611	0.00132185	1612.52	151.366	9.04933e-05	339.001	252.351	3.71569	1.61661	615	0	-0.598043	0	20	20
0.0065077	0.0013072	1595.74	150.806	7.78883e-05	327.342	246.121	3.69587	1.61661	615	0	-0.574576	0	20	20
0.00651929	0.001293	1579.53	150.239	6.70391e-05	316.083	240.044	3.6762	1.61661	615	0	-0.552109	0	20	20
0.00653086	0.00127923	1563.87	149.665	5.77011e-05	305.211	234.117	3.65669	1.61661	615	0	-0.530596	0	20	20
0.00654243	0.00126588	1548.74	149.086	4.96638e-05	294.714	228.337	3.63733	1.61661	615	0	-0.509986	0	20	20
0.00655401	0.00125293	1534.11	148.499	4.2746e-05	284.577	222.699	3.61809	1.61661	615	0	-0.490232	0	20	20
0.0065656	0.00124038	1519.99	147.907	3.67919e-05	274.789	217.201	3.59896	1.61661	615	0	-0.471292	0	20	20
0.00657721	0.00122821	1506.34	147.308	3.1667e-05	265.338	211.838	3.57994	1.61661	615	0	-0.453125	0	20	20
0.00658884	0.00121641	1493.15	146.703	2.72561e-05	256.212	206.608	3.56101	1.61661	615	0	-0.435692	0	20	20
0.00660049	0.00120496	1480.41	146.091	2.34595e-05	247.399	201.507	3.54218	1.61661	615	0	-0.418957	0	20	20
0.00661216	0.00119386	1468.11	145.473	2.01918e-05	238.89	196.531	3.52347	1.61661	615	0	-0.402892	0	20	20
0.00662385	0.00118309	1456.22	144.849	1.73792e-05	230.674	191.679	3.50484	1.61661	615	0	-0.387459	0	20	20
0.00663558	0.00117265	1444.74	144.218	1.49585e-05	222.74	186.946	3.4863	1.61661	615	0	-0.372626	0	20	20
0.00664734	0.00116252	1433.66	143.581	1.28749e-05	215.079	182.331	3.46782	1.61661	615	0	-0.358364	0	20	20
0.00665914	0.00115268	1422.95	142.938	1.10815e-05	207.681	177.829	3.44942	1.61661	615	0	-0.344644	0	20	20
0.00667097	0.00114315	1412.61	142.289	9.53793e-06	200.538	173.438	3.43109	1.61661	615	0	-0.331443	0	20	20
0.00668283	0.00113389	1402.63	141.633	8.20938e-06	193.641	169.156	3.41286	1.61661	615	0	-0.318739	0	20	20
0.00669474	0.00112491	1392.99	140.971	7.06588e-06	186.981	164.98	3.39468	1.61661	615	0	-0.306502	0	20	20
0.00670669	0.00111619	1383.68	140.303	6.08166e-06	180.549	160.906	3.37657	1.61661	615	0	-0.29471	0	20	20
0.00671868	0.00110773	1374.7	139.628	5.23453e-06	174.339	156.933	3.35852	1.61661	615	0	-0.283342	0	20	20
0.00673071	0.00109952	1366.02	138.948	4.5054e-06	168.343	153.059	3.34055	1.61661	615	0	-0.272381	0	20	20
0.00674277	0.00109155	1357.65	138.261	3.87783e-06	162.553	149.28	3.32265	1.61661	615	0	-0.261807	0	20	20
0.00675488	0.00108381	1349.57	137.569	3.33768e-06	156.962	145.594	3.30481	1.61661	615	0	-0.251599	0	20	20
0.00676704	0.0010763	1341.77	136.87	2.87277e-06	151.563	141.999	3.28704	1.61661	615	0	-0.241741	0	20	20
0.00677923	0.001069	1334.24	136.166	2.47262e-06	146.35	138.493	3.26933	1.61661	615	0	-0.232215	0	20	20
0.00679145	0.00106192	1326.97	135.455	2.1282e-06	141.317	135.074	3.25171	1.61661	615	0	-0.223012	0	20	20
0.00680372	0.00105504	1319.96	134.739	1.83176e-06	136.456	131.739	3.23416	1.61661	615	0	-0.21411	0	20	20
0.00681603	0.00104835	1313.2	134.017	1.57661e-06	131.763	128.486	3.21667	1.61661	615	0	-0.205497	0	20	20
0.00682837	0.00104186	1306.68	133.289	1.357e-06	127.231	125.314	3.19926	1.61661	615	0	-0.197159	0	20	20
0.00684073	0.00103556	1300.38	132.555	1.16798e-06	122.855	122.22	3.18194	1.61661	615	0	-0.189088	0	20	20
0.00685313	0.00102943	1294.31	131.816	1.00529e-06	118.629	119.202	3.1647	1.61661	615	0	-0.181267	0	20	20
0.00686557	0.00102348	1288.46	131.071	8.65262e-07	114.549	116.259	3.14754	1.61661	615	0	-0.173685	0	20	20
0.00687802	0.0010177	1282.81	130.321	7.44738e-07	110.609	113.389	3.13047	1.61661	615	0	-0.166332	0	20	20
0.0068905	0.00101208	1277.37	129.565	6.41002e-07	106.805	110.589	3.1135	1.61661	615	0	-0.159201	0	20	20
0.00690299	0.00100661	1272.12	128.804	5.51715e-07	103.131	107.859	3.09662	1.61661	615	0	-0.152279	0	20	20
0.00691551	0.00100131	1267.06	128.038	4.74866e-07	99.5843	105.196	3.07983	1.61661	615	0	-0.145555	0	20	20
0.00692804	0.000996148	1262.18	127.266	4.08721e-07	96.1591	102.598	3.06316	1.61661	615	0	-0.139026	0	20	20
0.00694057	0.000991135	1257.48	126.49	3.51789e-07	92.8518	100.065	3.04659	1.61661	615	0	-0.13268	0	20	20
0.00695312	0.000986261	1252.95	125.708	3.02788e-07	89.6582	97.5946	3.03013	1.61661	615	0	-0.126509	0	20	20
0.00696566	0.000981524	1248.58	124.922	2.60612e-07	86.5744	95.1849	3.01379	1.61661	615	0	-0.120506	0	20	20
0.0069782	0.00097692	1244.38	124.13	2.24311e-07	83.5967	92.8348	2.99758	1.61661	615	0	-0.114667	0	20	20
0.00699073	0.000972444	1240.32	123.334	1.93066e-07	80.7215	90.5427	2.98149	1.61661	615	0	-0.108983	0	20	20
0.00700325	0.000968092	1236.42	122.534	1.66173e-07	77.9451	88.3072	2.96553	1.61661	615	0	-0.103447	0	20	20
0.00701574	0.000963862	1232.66	121.728	1.43027e-07	75.2642	86.1269	2.94971	1.61661	615	0	-0.0980552	0	20	20
0.00702822	0.000959751	1229.04	120.919	1.23104e-07	72.6755	84.0004	2.93403	1.61661	615	0	-0.092802	0	20	20
0.00704066	0.000955754	1225.56	120.105	1.05957e-07	70.1759	81.9264	2.9185	1.61661	615	0	-0.0876811	0	20	20
0.00705308	0.000951868	1222.2	119.287	9.11979e-08	67.7622	79.9037	2.90311	1.61661	615	0	-0.0826883	0	20	20
0.00706544	0.000948092	1218.97	118.464	7.84948e-08	65.4315	77.9308	2.8879	1.61661	615	0	-0.077821	0	20	20
0.00707777	0.000944422	1215.86	117.638	6.75611e-08	63.181	76.0067	2.87284	1.61661	615	0	-0.0730728	0	20	20
0.00709004	0.000940855	1212.87	116.808	5.81504e-08	61.008	74.1301	2.85795	1.61661	615	0	-0.0684398	0	20	20
0.00710225	0.000937389	1210	115.974	5.00505e-08	58.9096	72.2998	2.84324	1.61661	615	0	-0.0639207	0	20	20
0.00711439	0.000934021	1207.23	115.137	4.30789e-08	56.8834	70.5147	2.8287	1.61661	615	0	-0.0595107	0	20	20
0.00712646	0.000930748	1204.57	114.296	3.70783e-08	54.927	68.7737	2.81435	1.61661	615	0	-0.0552063	0	20	20
0.00713845	0.000927569	1202.01	113.451	3.19136e-08	53.0378	67.0757	2.80019	1.61661	615	0	-0.0510055	0	20	20
0.00715035	0.000924482	1199.55	112.604	2.74683e-08	51.2136	65.4196	2.78624	1.61661	615	0	-0.0469066	0	20	20
0.00716216	0.000921484	1197.19	111.753	2.36422e-08	49.4521	63.8044	2.77248	1.61661	615	0	-0.0429056	0	20	20
0.00717387	0.000918572	1194.91	110.899	2.0349e-08	47.7512	62.229	2.75892	1.61661	615	0	-0.0390007	0	20	20
0.00718547	0.000915746	1192.73	110.043	1.75146e-08	46.1088	60.6926	2.74558	1.61661	615	0	-0.0351914	0	20	20
0.00719695	0.000913004	1190.63	109.183	1.50749e-08	44.5229	59.1941	2.73246	1.61661	615	0	-0.0314748	0	20	20
0.00720832	0.000910343	1188.62	108.321	1.29751e-08	42.9916	57.7326	2.71956	1.61661	615	0	-0.0278493	0	20	20
0.00721955	0.000907762	1186.68	107.457	1.11678e-08	41.5129	56.3072	2.70688	1.61661	615	0	-0.0243143	0	20	20
0.00723065	0.000905259	1184.83	106.591	9.61219e-09	40.0851	54.9169	2.69444	1.61661	615	0	-0.0208685	0	20	20
0.0072416	0.000902832	1183.04	105.722	8.27329e-09	38.7064	53.561	2.68223	1.61661	615	0	-0.0175096	0	20	20
0.00725241	0.00090048	1181.33	104.851	7.12089e-09	37.3751	52.2386	2.67026	1.61661	615	0	-0.0142365	0	20	20
0.00726306	0.0008982	1179.69	103.979	6.129e-09	36.0896	50.9488	2.65853	1.61661	615	0	-0.0110488	0	20	20
0.00727356	0.000895993	1178.11	103.104	5.27528e-09	34.8483	49.6909	2.64704	1.61661	615	0	-0.00794567	0	20	20
0.00728389	0.000893855	1176.6	102.229	4.54048e-09	33.6497	48.464	2.63579	1.61661	615	0	-0.00492554	0	20	20
0.00729405	0.000891786	1175.15	101.351	3.90803e-09	32.4923	47.2674	2.62479	1.61661	615	0	-0.00198756	0	20	20
0.00730403	0.000889783	1173.76	100.473	3.36367e-09	31.3748	46.1004	2.61404	1.61661	615	0	0.000868579	0	20	20
0.00731384	0.000887846	1172.43	99.5934	2.89514e-09	30.2957	44.9622	2.60354	1.61661	615	0	0.00364385	0	20	20
0.00732347	0.000885973	1171.15	98.7129	2.49187e-09	29.2537	43.8521	2.59328	1.61661	615	0	0.00633956	0	20	20
0.00733291	0.000884161	1169.93	97.8316	2.14477e-09	28.2475	42.7694	2.58328	1.61661	615	0	0.00895661	0	20	20
0.00734217	0.000882411	1168.75	96.9497	1.84602e-09	27.2759	41.7134	2.57352	1.61661	615	0	0.0114956	0	20	20
0.00735123	0.00088072	1167.63	96.0673	1.58888e-09	26.3378	40.6835	2.56401	1.61661	615	0	0.0139575	0	20	20
0.00736011	0.000879087	1166.55	95.1845	1.36757e-09	25.4319	39.679	2.55475	1.61661	615	0	0.0163437	0	20	20
0.00736879	0.00087751	1165.52	94.3016	1.17707e-09	24.5572	38.6993	2.54572	1.61661	615	0	0.0186553	0	20	20
0.00737728	0.000875988	1164.53	93.4186	1.01312e-09	23.7125	37.7438	2.53694	1.61661	615	0	0.0208936	0	20	20
0.00738558	0.000874519	1163.59	92.5358	8.71998e-10	22.897	36.8119	2.5284	1.61661	615	0	0.0230592	0	20	20
0.00739369	0.000873102	1162.68	91.6532	7.50536e-10	22.1094	35.903	2.52009	1.61661	615	0	0.025154	0	20	20
0.00740161	0.000871735	1161.81	90.7712	6.45992e-10	21.349	35.0166	2.51201	1.61661	615	0	0.0271794	0	20	20
0.00740934	0.000870417	1160.98	89.8897	5.56011e-10	20.6147	34.152	2.50416	1.61661	615	0	0.0291365	0	20	20
0.00741688	0.000869146	1160.18	89.0089	4.78563e-10	19.9057	33.3088	2.49653	1.61661	615	0	0.0310271	0	20	20
0.00742424	0.000867921	1159.42	88.1291	4.11903e-10	19.221	32.4864	2.48911	1.61661	615	0	0.0328527	0	20	20
0.00743141	0.00086674	1158.69	87.2503	3.54528e-10	18.5599	31.6843	2.48191	1.61661	615	0	0.0346151	0	20	20
0.00743841	0.000865602	1157.99	86.3728	3.05145e-10	17.9216	30.902	2.47491	1.61661	615	0	0.0363159	0	20	20
0.00744523	0.000864505	1157.33	85.4966	2.62641e-10	17.3052	30.1391	2.46811	1.61661	615	0	0.037957	0	20	20
0.00745188	0.000863448	1156.69	84.6219	2.26057e-10	16.71	29.3949	2.46151	1.61661	615	0	0.0395398	0	20	20
0.00745836	0.000862429	1156.08	83.7489	1.94569e-10	16.1352	28.6692	2.4551	1.61661	615	0	0.0410662	0	20	20
0.00746468	0.000861448	1155.49	82.8777	1.67467e-10	15.5803	27.9613	2.44888	1.61661	615	0	0.042538	0	20	20
0.00747083	0.000860503	1154.93	82.0084	1.4414e-10	15.0444	27.2709	2.44283	1.61661	615	0	0.043957	0	20	20
0.00747683	0.000859592	1154.39	81.1413	1.24063e-10	14.5269	26.5976	2.43695	1.61661	615	0	0.045325	0	20	20
0.00748268	0.000858714	1153.88	80.2764	1.06782e-10	14.0273	25.9409	2.43125	1.61661	615	0	0.0466437	0	20	20
0.00748837	0.000857869	1153.39	79.4139	9.1908e-11	13.5448	25.3004	2.4257	1.61661	615	0	0.0479147	0	20	20
0.00749393	0.000857054	1152.92	78.5539	7.91059e-11	13.079	24.6758	2.42031	1.61661	615	0	0.0491399	0	20	20
0.00749934	0.000856269	1152.47	77.6966	6.80871e-11	12.6291	24.0665	2.41508	1.61661	615	0	0.0503211	0	20	20
0.00750462	0.000855512	1152.05	76.8422	5.86031e-11	12.1947	23.4723	2.40999	1.61661	615	0	0.0514598	0	20	20
0.00750976	0.000854782	1151.63	75.9906	5.04402e-11	11.7753	22.8928	2.40504	1.61661	615	0	0.0525578	0	20	20
0.00751478	0.000854079	1151.24	75.1421	4.34142e-11	11.3703	22.3276	2.40022	1.61661	615	0	0.0536166	0	20	20
0.00751968	0.000853401	1150.87	74.2969	3.7367e-11	10.9792	21.7763	2.39554	1.61661	615	0	0.0546378	0	20	20
0.00752445	0.000852748	1150.51	73.455	3.21621e-11	10.6016	21.2386	2.39098	1.61661	615	0	0.0556229	0	20	20
0.00752911	0.000852117	1150.17	72.6165	2.76821e-11	10.237	20.7142	2.38654	1.61661	615	0	0.0565735	0	20	20
0.00753366	0.000851509	1149.84	71.7817	2.38262e-11	9.88486	20.2028	2.38222	1.61661	615	0	0.057491	0	20	20
0.0075381	0.000850922	1149.52	70.9505	2.05074e-11	9.54488	19.704	2.37801	1.61661	615	0	0.0583767	0	20	20
0.00754244	0.000850356	1149.23	70.1232	1.76509e-11	9.21658	19.2175	2.37391	1.61661	615	0	0.0592322	0	20	20
0.00754668	0.000849809	1148.94	69.2999	1.51923e-11	8.89958	18.743	2.36991	1.61661	615	0	0.0600585	0	20	20
0.00755082	0.000849282	1148.67	68.4806	1.30761e-11	8.59349	18.2803	2.36601	1.61661	615	0	0.0608571	0	20	20
0.00755487	0.000848772	1148.41	67.6655	1.12547e-11	8.29792	17.8289	2.36221	1.61661	615	0	0.0616291	0	20	20
0.00755883	0.00084828	1148.16	66.8547	9.68703e-12	8.01251	17.3887	2.3585	1.61661	615	0	0.0623756	0	20	20
0.00756271	0.000847805	1147.92	66.0483	8.3377e-12	7.73693	16.9594	2.35488	1.61661	615	0	0.0630977	0	20	20
0.0075665	0.000847346	1147.69	65.2464	7.17633e-12	7.47082	16.5407	2.35134	1.61661	615	0	0.0637966	0	20	20
0.0075702	0.000846902	1147.48	64.449	6.17672e-12	7.21386	16.1323	2.34789	1.61661	615	0	0.0644732	0	20	20
0.00757384	0.000846473	1147.27	63.6565	5.31635e-12	6.96574	15.734	2.34451	1.61661	615	0	0.0651285	0	20	20
0.00757739	0.000846058	1147.07	62.8687	4.57583e-12	6.72616	15.3455	2.34121	1.61661	615	0	0.0657634	0	20	20
0.00758088	0.000845657	1146.89	62.0858	3.93845e-12	6.49482	14.9666	2.33799	1.61661	615	0	0.0663788	0	20	20
0.00758429	0.000845269	1146.71	61.3079	3.38986e-12	6.27143	14.5971	2.33483	1.61661	615	0	0.0669756	0	20	20
0.00758764	0.000844893	1146.54	60.535	2.91768e-12	6.05573	14.2367	2.33174	1.61661	615	0	0.0675546	0	20	20
0.00759092	0.00084453	1146.38	59.7673	2.51127e-12	5.84744	13.8852	2.32871	1.61661	615	0	0.0681166	0	20	20
0.00759414	0.000844178	1146.22	59.0049	2.16147e-12	5.64632	13.5424	2.32575	1.61661	615	0	0.0686622	0	20	20
0.00759731	0.000843837	1146.08	58.2478	1.86039e-12	5.45212	13.208	2.32285	1.61661	615	0	0.0691923	0	20	20
0.00760041	0.000843507	1145.94	57.4961	1.60125e-12	5.2646	12.8819	2.32001	1.61661	615	0	0.0697074	0	20	20
0.00760346	0.000843187	1145.81	56.7498	1.37821e-12	5.08352	12.5638	2.31722	1.61661	615	0	0.0702082	0	20	20
0.00760645	0.000842877	1145.68	56.0091	1.18624e-12	4.90868	12.2536	2.31448	1.61661	615	0	0.0706953	0	20	20
0.00760939	0.000842577	1145.56	55.274	1.02101e-12	4.73984	11.9511	2.3118	1.61661	615	0	0.0711692	0	20	20
0.00761229	0.000842285	1145.45	54.5446	8.78787e-13	4.57682	11.656	2.30916	1.61661	615	0	0.0716306	0	20	20
0.00761513	0.000842002	1145.35	53.8209	7.56379e-13	4.4194	11.3682	2.30658	1.61661	615	0	0.0720799	0	20	20
0.00761793	0.000841728	1145.25	53.103	6.51022e-13	4.2674	11.0875	2.30404	1.61661	615	0	0.0725177	0	20	20
0.00762068	0.000841462	1145.16	52.3909	5.60339e-13	4.12062	10.8138	2.30154	1.61661	615	0	0.0729444	0	20	20
0.00762339	0.000841204	1145.07	51.6848	4.82289e-13	3.9789	10.5468	2.29909	1.61661	615	0	0.0733604	0	20	20
0.00762606	0.000840953	1144.99	50.9846	4.1511e-13	3.84204	10.2864	2.29667	1.61661	615	0	0.0737662	0	20	20
0.00762869	0.000840709	1144.91	50.2904	3.57288e-13	3.7099	10.0324	2.2943	1.61661	615	0	0.0741622	0	20	20
0.00763128	0.000840473	1144.84	49.6022	3.07521e-13	3.5823	9.78472	2.29197	1.61661	615	0	0.0745487	0	20	20
0.00763383	0.000840243	1144.77	48.9201	2.64686e-13	3.45909	9.54313	2.28967	1.61661	615	0	0.0749261	0	20	20
0.00763635	0.000840019	1144.71	48.2441	2.27817e-13	3.34011	9.30751	2.2874	1.61661	615	0	0.0752948	0	20	20
0.00763883	0.000839802	1144.65	47.5743	1.96084e-13	3.22523	9.07771	2.28518	1.61661	615	0	0.0756551	0	20	20
0.00764128	0.00083959	1144.6	46.9107	1.68771e-13	3.1143	8.85358	2.28298	1.61661	615	0	0.0760073	0	20	20
0.00764369	0.000839385	1144.55	46.2533	1.45263e-13	3.00718	8.63498	2.28082	1.61661	615	0	0.0763517	0	20	20
0.00764608	0.000839185	1144.51	45.6021	1.25029e-13	2.90375	8.42179	2.27868	1.61661	615	0	0.0766885	0	20	20
0.00764843	0.00083899	1144.47	44.9572	1.07613e-13	2.80388	8.21385	2.27658	1.61661	615	0	0.0770181	0	20	20
0.00765076	0.000838801	1144.43	44.3186	9.26235e-14	2.70744	8.01105	2.27451	1.61661	615	0	0.0773407	0	20	20
0.00765305	0.000838616	1144.4	43.6863	7.97218e-14	2.61432	7.81326	2.27246	1.61661	615	0	0.0776565	0	20	20
0.00765532	0.000838436	1144.37	43.0603	6.86172e-14	2.5244	7.62035	2.27044	1.61661	615	0	0.0779657	0	20	20
0.00765707	0.000838311	1144.35	42.4406	5.90593e-14	2.43758	7.4322	2.26888	1.61661	615	0	0.0786391	0	20	20
0.00765823	0.000838248	1144.33	41.8274	5.08329e-14	2.35374	7.2487	2.26786	1.61661	615	0	0.0797225	0	20	20
0.00765941	0.000838187	1144.32	41.2204	4.37522e-14	2.27278	7.06973	2.2668	1.61661	615	0	0.0807605	0	20	20
0.00766062	0.000838129	1144.32	40.6198	3.76579e-14	2.19461	6.89517	2.26573	1.61661	615	0	0.0817545	0	20	20
0.00766185	0.000838073	1144.33	40.0256	3.24125e-14	2.11913	6.72493	2.26464	1.61661	615	0	0.0827062	0	20	20
0.0076631	0.000838018	1144.34	39.4378	2.78977e-14	2.04624	6.55889	2.26353	1.61661	615	0	0.083617	0	20	20
0.00766438	0.000837965	1144.36	38.8564	2.40117e-14	1.97586	6.39695	2.2624	1.61661	615	0	0.0844884	0	20	20
0.00766568	0.000837914	1144.38	38.2813	2.06671e-14	1.9079	6.23901	2.26125	1.61661	615	0	0.0853218	0	20	20
0.007667	0.000837864	1144.41	37.7126	1.77883e-14	1.84228	6.08497	2.26008	1.61661	615	0	0.0861186	0	20	20
0.00766834	0.000837815	1144.45	37.1502	1.53106e-14	1.77892	5.93473	2.25889	1.61661	615	0	0.0868802	0	20	20
0.00766971	0.000837767	1144.49	36.5942	1.31779e-14	1.71773	5.7882	2.25769	1.61661	615	0	0.0876077	0	20	20
0.00767109	0.00083772	1144.54	36.0445	1.13423e-14	1.65865	5.64529	2.25647	1.61661	615	0	0.0883025	0	20	20
0.00767249	0.000837674	1144.59	35.5011	9.76244e-15	1.6016	5.50591	2.25523	1.61661	615	0	0.0889658	0	20	20
0.00767391	0.000837628	1144.65	34.9641	8.40261e-15	1.54652	5.36997	2.25398	1.61661	615	0	0.0895987	0	20	20
0.00767535	0.000837583	1144.71	34.4334	7.2322e-15	1.49332	5.23738	2.25271	1.61661	615	0	0.0902023	0	20	20
0.00767681	0.000837538	1144.77	33.9089	6.22481e-15	1.44196	5.10807	2.25143	1.61661	615	0	0.0907778	0	20	20
0.00767828	0.000837494	1144.84	33.3907	5.35774e-15	1.39237	4.98195	2.25013	1.61661	615	0	0.0913262	0	20	20
0.00767977	0.00083745	1144.91	32.8787	4.61145e-15	1.34448	4.85895	2.24882	1.61661	615	0	0.0918485	0	20	20
0.00768127	0.000837406	1144.99	32.3729	3.96911e-15	1.29823	4.73898	2.2475	1.61661	615	0	0.0923458	0	20	20
0.00768279	0.000837362	1145.07	31.8733	3.41625e-15	1.25358	4.62197	2.24617	1.61661	615	0	0.092819	0	20	20
0.00768432	0.000837318	1145.15	31.3799	2.94039e-15	1.21046	4.50786	2.24483	1.61661	615	0	0.093269	0	20	20
0.00768587	0.000837275	1145.23	30.8926	2.53082e-15	1.16883	4.39656	2.24347	1.61661	615	0	0.0936967	0	20	20
0.00768743	0.000837231	1145.32	30.4114	2.1783e-15	1.12863	4.28801	2.24211	1.61661	615	0	0.0941031	0	20	20
0.007689	0.000837187	1145.41	29.9363	1.87488e-15	1.08981	4.18213	2.24074	1.61661	615	0	0.0944889	0	20	20
0.00769058	0.000837144	1145.5	29.4672	1.61372e-15	1.05233	4.07888	2.23936	1.61661	615	0	0.0948549	0	20	20
0.00769217	0.0008371	1145.59	29.0041	1.38894e-15	1.01613	3.97817	2.23797	1.61661	615	0	0.095202	0	20	20
0.00769377	0.000837055	1145.68	28.547	1.19547e-15	0.981184	3.87995	2.23657	1.61661	615	0	0.0955309	0	20	20
0.00769538	0.000837011	1145.78	28.0958	1.02895e-15	0.947436	3.78415	2.23516	1.61661	615	0	0.0958424	0	20	20
0.007697	0.000836966	1145.88	27.6506	8.85629e-16	0.91485	3.69072	2.23375	1.61661	615	0	0.0961371	0	20	20
0.00769863	0.000836922	1145.98	27.2111	7.62268e-16	0.883384	3.5996	2.23234	1.61661	615	0	0.0964157	0	20	20
0.00770027	0.000836876	1146.08	26.7775	6.5609e-16	0.853	3.51072	2.23091	1.61661	615	0	0.0966789	0	20	20
0.00770191	0.000836831	1146.19	26.3497	5.64702e-16	0.823662	3.42404	2.22949	1.61661	615	0	0.0969274	0	20	20
0.00770356	0.000836785	1146.29	25.9276	4.86043e-16	0.795332	3.3395	2.22806	1.61661	615	0	0.0971617	0	20	20
0.00770521	0.000836739	1146.4	25.5112	4.18342e-16	0.767977	3.25705	2.22662	1.61661	615	0	0.0973824	0	20	20
0.00770688	0.000836693	1146.5	25.1005	3.6007e-16	0.741563	3.17663	2.22518	1.61661	615	0	0.0975901	0	20	20
0.00770854	0.000836646	1146.61	24.6954	3.09915e-16	0.716057	3.0982	2.22374	1.61661	615	0	0.0977855	0	20	20
0.00771021	0.000836599	1146.72	24.2958	2.66746e-16	0.691428	3.02171	2.22229	1.61661	615	0	0.0979689	0	20	20
0.00771189	0.000836551	1146.83	23.9018	2.29591e-16	0.667647	2.9471	2.22084	1.61661	615	0	0.0981409	0	20	20
0.00771357	0.000836503	1146.94	23.5132	1.97611e-16	0.644684	2.87434	2.21939	1.61661	615	0	0.098302	0	20	20
0.00771525	0.000836454	1147.05	23.1301	1.70085e-16	0.62251	2.80337	2.21794	1.61661	615	0	0.0984527	0	20	20
0.00771694	0.000836406	1147.16	22.7523	1.46393e-16	0.601099	2.73415	2.21649	1.61661	615	0	0.0985934	0	20	20
0.00771863	0.000836356	1147.27	22.3799	1.26002e-16	0.580424	2.66665	2.21503	1.61661	615	0	0.0987245	0	20	20
0.00772032	0.000836307	1147.39	22.0128	1.08451e-16	0.560461	2.60081	2.21358	1.61661	615	0	0.0988466	0	20	20
0.00772201	0.000836257	1147.5	21.6509	9.33446e-17	0.541184	2.53659	2.21212	1.61661	615	0	0.09896	0	20	20
0.00772371	0.000836206	1147.61	21.2942	8.03424e-17	0.52257	2.47396	2.21066	1.61661	615	0	0.099065	0	20	20
0.0077254	0.000836155	1147.73	20.9426	6.91514e-17	0.504597	2.41288	2.20921	1.61661	615	0	0.0991622	0	20	20
0.0077271	0.000836104	1147.84	20.5961	5.95191e-17	0.487241	2.35331	2.20775	1.61661	615	0	0.0992517	0	20	20
0.0077288	0.000836052	1147.95	20.2547	5.12286e-17	0.470483	2.2952	2.2063	1.61661	615	0	0.099334	0	20	20
0.0077305	0.000835999	1148.07	19.9182	4.40929e-17	0.454301	2.23854	2.20484	1.61661	615	0	0.0994094	0	20	20
0.0077322	0.000835946	1148.18	19.5867	3.79511e-17	0.438675	2.18327	2.20339	1.61661	615	0	0.0994783	0	20	20
0.0077339	0.000835893	1148.3	19.2601	3.26648e-17	0.423587	2.12936	2.20194	1.61661	615	0	0.0995409	0	20	20
0.0077356	0.00083584	1148.41	18.9383	2.81149e-17	0.409018	2.07679	2.20049	1.61661	615	0	0.0995975	0	20	20
0.0077373	0.000835785	1148.53	18.6213	2.41987e-17	0.39495	2.02551	2.19904	1.61661	615	0	0.0996484	0	20	20
0.007739	0.000835731	1148.64	18.309	2.0828e-17	0.381366	1.9755	2.19759	1.61661	615	0	0.0996939	0	20	20
0.00774069	0.000835676	1148.75	18.0014	1.79268e-17	0.368249	1.92673	2.19614	1.61661	615	0	0.0997342	0	20	20
0.00774239	0.00083562	1148.87	17.6985	1.54298e-17	0.355583	1.87915	2.1947	1.61661	615	0	0.0997696	0	20	20
0.00774409	0.000835564	1148.98	17.4001	1.32805e-17	0.343353	1.83276	2.19326	1.61661	615	0	0.0998004	0	20	20
0.00774578	0.000835508	1149.1	17.1062	1.14306e-17	0.331544	1.78751	2.19182	1.61661	615	0	0.0998267	0	20	20
0.00774747	0.000835451	1149.21	16.8168	9.83845e-18	0.32014	1.74337	2.19038	1.61661	615	0	0.0998488	0	20	20
0.00774917	0.000835393	1149.32	16.5319	8.46803e-18	0.309129	1.70033	2.18895	1.61661	615	0	0.0998669	0	20	20
0.00775086	0.000835336	1149.43	16.2513	7.2885e-18	0.298497	1.65835	2.18752	1.61661	615	0	0.0998811	0	20	20
0.00775254	0.000835277	1149.55	15.975	6.27327e-18	0.28823	1.6174	2.18609	1.61661	615	0	0.0998918	0	20	20
0.00775423	0.000835219	1149.66	15.703	5.39946e-18	0.278317	1.57747	2.18466	1.61661	615	0	0.099899	0	20	20
0.00775591	0.000835159	1149.77	15.4352	4.64735e-18	0.268744	1.53852	2.18324	1.61661	615	0	0.0999029	0	20	20
0.0077576	0.0008351	1149.88	15.1716	4.00001e-18	0.259501	1.50054	2.18182	1.61661	615	0	0.0999038	0	20	20
0.00775928	0.00083504	1149.99	14.9121	3.44284e-18	0.250575	1.46349	2.1804	1.61661	615	0	0.0999017	0	20	20
0.00776095	0.000834979	1150.1	14.6566	2.96328e-18	0.241957	1.42735	2.17899	1.61661	615	0	0.0998968	0	20	20
0.00776263	0.000834918	1150.21	14.4052	2.55052e-18	0.233635	1.39211	2.17758	1.61661	615	0	0.0998893	0	20	20
0.0077643	0.000834857	1150.32	14.1577	2.19525e-18	0.225599	1.35774	2.17617	1.61661	615	0	0.0998793	0	20	20
0.00776597	0.000834795	1150.43	13.9142	1.88947e-18	0.21784	1.32422	2.17477	1.61661	615	0	0.099867	0	20	20
0.00776764	0.000834732	1150.54	13.6745	1.62628e-18	0.210347	1.29152	2.17336	1.61661	615	0	0.0998524	0	20	20
0.00776931	0.00083467	1150.65	13.4386	1.39976e-18	0.203112	1.25963	2.17197	1.61661	615	0	0.0998358	0	20	20
0.00777097	0.000834606	1150.76	13.2065	1.20478e-18	0.196126	1.22853	2.17057	1.61661	615	0	0.0998171	0	20	20
0.00777263	0.000834543	1150.87	12.9781	1.03696e-18	0.189381	1.1982	2.16918	1.61661	615	0	0.0997966	0	20	20
0.00777429	0.000834478	1150.97	12.7533	8.92524e-19	0.182867	1.16862	2.1678	1.61661	615	0	0.0997743	0	20	20
0.00777594	0.000834414	1151.08	12.5322	7.68203e-19	0.176577	1.13976	2.16641	1.61661	615	0	0.0997503	0	20	20
0.00777759	0.000834349	1151.18	12.3146	6.61198e-19	0.170504	1.11162	2.16503	1.61661	615	0	0.0997247	0	20	20
0.00777924	0.000834283	1151.29	12.1005	5.69098e-19	0.16464	1.08418	2.16366	1.61661	615	0	0.0996977	0	20	20
0.00778089	0.000834218	1151.39	11.89	4.89828e-19	0.158977	1.05741	2.16228	1.61661	615	0	0.0996693	0	20	20
0.00778253	0.000834151	1151.5	11.6828	4.21598e-19	0.153509	1.0313	2.16091	1.61661	615	0	0.0996395	0	20	20
0.00778417	0.000834084	1151.6	11.479	3.62873e-19	0.148229	1.00584	2.15955	1.61661	615	0	0.0996086	0	20	20
0.00778581	0.000834017	1151.7	11.2786	3.12328e-19	0.143131	0.981005	2.15819	1.61661	615	0	0.0995765	0	20	20
0.00778744	0.00083395	1151.81	11.0814	2.68823e-19	0.138208	0.956783	2.15683	1.61661	615	0	0.0995433	0	20	20
0.00778907	0.000833882	1151.91	10.8874	2.31378e-19	0.133454	0.93316	2.15547	1.61661	615	0	0.099509	0	20	20
0.0077907	0.000833813	1152.01	10.6967	1.99149e-19	0.128864	0.910121	2.15412	1.61661	615	0	0.0994739	0	20	20
0.00779233	0.000833744	1152.11	10.5091	1.71409e-19	0.124432	0.88765	2.15277	1.61661	615	0	0.0994379	0	20	20
0.00779395	0.000833675	1152.21	10.3246	1.47533e-19	0.120152	0.865733	2.15143	1.61661	615	0	0.099401	0	20	20
0.00779557	0.000833605	1152.31	10.1431	1.26983e-19	0.11602	0.844358	2.15009	1.61661	615	0	0.0993634	0	20	20
0.00779719	0.000833535	1152.41	9.96466	1.09295e-19	0.112029	0.823511	2.14875	1.61661	615	0	0.099325	0	20	20
