0.00890634	
0.00492134	
0.00355649	
0.00289024	
0.00243908	
0.00208797	
0.00178874	
0.00152704	
0.00133962	
0.00122476	
0.00117037	
0.00118835	
0.0012733	
0.0014006	
0.00156625	
0.00176712	
0.00201171	
0.00231438	
0.00267202	
0.00311757	
0.00366137	
0.00432864	
0.00514163	
0.00611581	
0.00725216	
0.0085198	
0.00991839	
0.0114239	
0.0130314	
0.0147119	
0.016433	
0.018148	
0.0197989	
0.0213001	
0.0225516	
0.0234323	
0.023828	
0.0236636	
0.0229546	
0.0218134	
0.0204136	
0.018933	
0.0175081	
0.0162197	
0.0151004	
0.0141517	
0.0133586	
0.0127007	
0.0121567	
0.0117073	
0.011336	
0.0110288	
0.0107746	
0.0105641	
0.0103897	
0.0102452	
0.0101255	
0.0100265	
0.00994463	
0.00987698	
0.00982113	
0.00989106	
0.0100511	
0.0101901	
0.0103086	
0.0104073	
0.0104874	
0.0105502	
0.0105969	
0.0106292	
0.0106482	
0.0106556	
0.0106527	
