0.00866132	0.000693393	1101	184.5	76.5	0	0	1.56764	1.61661	615	0	0.149314	0	20	20
0.00883868	0.000724717	1171.9	184.274	76.4694	51.7968	17.4553	1.47516	1.61661	615	0	-0.477191	0	20	20
0.00901594	0.000795766	1310.22	184.046	76.4339	151.866	51.517	1.38985	1.61661	615	0	-1.53143	0	20	20
0.00906801	0.000871455	1443.12	183.816	76.3927	248.563	84.7612	1.36604	1.61661	615	0	-2.3359	0	20	20
0.0090563	0.000948503	1570.44	183.584	76.3448	341.991	117.204	1.37135	1.61661	615	0	-2.96234	0	20	20
0.00901157	0.00102543	1692.55	183.349	76.2893	432.256	148.863	1.39187	1.61661	615	0	-3.46124	0	20	20
0.00894892	0.00110165	1810	183.112	76.2249	519.462	179.756	1.42131	1.61661	615	0	-3.86763	0	20	20
0.00887616	0.00117697	1923.28	182.874	76.1502	603.716	209.901	1.45655	1.61661	615	0	-4.20541	0	20	20
0.00879762	0.0012513	2032.77	182.633	76.0636	685.125	239.321	1.49591	1.61661	615	0	-4.4911	0	20	20
0.00871583	0.00132459	2138.75	182.389	75.9633	763.798	268.036	1.53842	1.61661	615	0	-4.73632	0	20	20
0.00863234	0.00139682	2241.43	182.144	75.847	839.849	296.07	1.58349	1.61661	615	0	-4.94956	0	20	20
0.00854812	0.001468	2340.99	181.896	75.7124	913.394	323.449	1.63075	1.61661	615	0	-5.13702	0	20	20
0.00846382	0.00153811	2437.58	181.646	75.5566	984.553	350.201	1.67997	1.61661	615	0	-5.30355	0	20	20
0.00837982	0.0016072	2531.36	181.394	75.3764	1053.45	376.356	1.731	1.61661	615	0	-5.45286	0	20	20
0.00829636	0.00167531	2622.48	181.14	75.1681	1120.22	401.947	1.78376	1.61661	615	0	-5.58784	0	20	20
0.00821359	0.00174248	2711.1	180.883	74.9275	1185.01	427.01	1.83824	1.61661	615	0	-5.71083	0	20	20
0.00813154	0.0018088	2797.39	180.624	74.6499	1247.94	451.583	1.89444	1.61661	615	0	-5.82371	0	20	20
0.00805022	0.00187435	2881.53	180.362	74.33	1309.18	475.71	1.95244	1.61661	615	0	-5.92804	0	20	20
0.00796957	0.00193926	2963.73	180.099	73.9617	1368.89	499.435	2.01231	1.61661	615	0	-6.02513	0	20	20
0.00788952	0.00200364	3044.18	179.833	73.5383	1427.24	522.808	2.07419	1.61661	615	0	-6.11607	0	20	20
0.00780995	0.00206763	3123.1	179.564	73.0526	1484.4	545.881	2.13824	1.61661	615	0	-6.2018	0	20	20
0.00773072	0.00213139	3200.72	179.293	72.4961	1540.55	568.71	2.20465	1.61661	615	0	-6.28314	0	20	20
0.00765169	0.00219509	3277.26	179.02	71.8602	1595.89	591.352	2.27367	1.61661	615	0	-6.36078	0	20	20
0.00757269	0.00225891	3352.98	178.745	71.1353	1650.6	613.866	2.34557	1.61661	615	0	-6.43536	0	20	20
0.00749357	0.00232303	3428.1	178.467	70.3111	1704.86	636.312	2.42066	1.61661	615	0	-6.50742	0	20	20
0.00741416	0.00238763	3502.85	178.186	69.3773	1758.87	658.749	2.49928	1.61661	615	0	-6.57742	0	20	20
0.0073343	0.0024529	3577.45	177.904	68.323	1812.79	681.231	2.58181	1.61661	615	0	-6.64577	0	20	20
0.00725386	0.002519	3652.08	177.618	67.1377	1866.78	703.807	2.66866	1.61661	615	0	-6.71281	0	20	20
0.00717273	0.00258605	3726.9	177.331	65.8111	1920.94	726.517	2.76023	1.61661	615	0	-6.7788	0	20	20
0.00709086	0.00265417	3802	177.041	64.3342	1975.37	749.386	2.85695	1.61661	615	0	-6.84395	0	20	20
0.00700823	0.00272339	3877.41	176.748	62.6995	2030.1	772.425	2.9592	1.61661	615	0	-6.90837	0	20	20
0.0069249	0.00279369	3953.09	176.453	60.9015	2085.09	795.62	3.06733	1.61661	615	0	-6.97209	0	20	20
0.00684098	0.00286496	4028.88	176.155	58.9379	2140.23	818.936	3.18159	1.61661	615	0	-7.03505	0	20	20
0.00675671	0.00293699	4104.53	175.855	56.8097	2195.33	842.306	3.30213	1.61661	615	0	-7.09712	0	20	20
0.00667238	0.00300948	4179.67	175.553	54.5225	2250.12	865.635	3.42892	1.61661	615	0	-7.15805	0	20	20
0.0065884	0.003082	4253.82	175.248	52.086	2304.23	888.794	3.56173	1.61661	615	0	-7.21752	0	20	20
0.00650524	0.003154	4326.36	174.94	49.5151	2357.19	911.627	3.70007	1.61661	615	0	-7.27513	0	20	20
0.00642347	0.00322486	4396.62	174.63	46.8297	2408.49	933.948	3.84319	1.61661	615	0	-7.33043	0	20	20
0.00634369	0.00329384	4463.81	174.317	44.0538	2457.53	955.553	3.99001	1.61661	615	0	-7.38292	0	20	20
0.00626655	0.00336017	4527.14	174.002	41.2153	2503.71	976.224	4.13918	1.61661	615	0	-7.43207	0	20	20
0.00619217	0.00342324	4585.79	173.684	38.3448	2546.4	995.743	4.29013	1.61661	615	0	-7.47851	0	20	20
0.00612126	0.00348224	4638.99	173.363	35.4743	2585.01	1013.9	4.44098	1.61661	615	0	-7.52159	0	20	20
0.00605453	0.00353639	4686.06	173.04	32.6358	2619.02	1030.5	4.58944	1.61661	615	0	-7.5605	0	20	20
0.00599256	0.00358503	4726.41	172.715	29.8599	2647.98	1045.37	4.73329	1.61661	615	0	-7.59467	0	20	20
0.00593585	0.00362759	4759.61	172.386	27.1745	2671.58	1058.4	4.87026	1.61661	615	0	-7.62357	0	20	20
0.00588469	0.00366368	4785.38	172.055	24.6037	2689.58	1069.49	4.99837	1.61661	615	0	-7.64692	0	20	20
0.00583927	0.00369306	4803.6	171.722	22.1672	2701.91	1078.59	5.11592	1.61661	615	0	-7.66455	0	20	20
0.00579958	0.00371567	4814.32	171.386	19.8799	2708.59	1085.7	5.22168	1.61661	615	0	-7.67655	0	20	20
0.0057655	0.00373159	4817.71	171.047	17.7517	2709.77	1090.85	5.31483	1.61661	615	0	-7.68305	0	20	20
0.005737	0.00374096	4814.08	170.705	15.7881	2705.69	1094.1	5.39444	1.61661	615	0	-7.68389	0	20	20
0.00571375	0.0037441	4803.84	170.361	13.9901	2696.65	1095.54	5.46055	1.61661	615	0	-7.67945	0	20	20
0.0056939	0.00374201	4787.46	170.014	12.3554	2683.02	1095.29	5.51787	1.61661	615	0	-7.65218	0	20	20
0.00567709	0.00373513	4765.47	169.665	10.8785	2665.2	1093.47	5.56703	1.61661	615	0	-7.60415	0	20	20
0.00566308	0.00372387	4738.44	169.313	9.55195	2643.6	1090.21	5.60844	1.61661	615	0	-7.53739	0	20	20
0.00565153	0.00370871	4706.91	168.958	8.36659	2618.65	1085.64	5.64289	1.61661	615	0	-7.45421	0	20	20
0.00564224	0.00369004	4671.42	168.6	7.31231	2590.75	1079.89	5.67082	1.61661	615	0	-7.35662	0	20	20
0.00563486	0.00366832	4632.49	168.24	6.37848	2560.31	1073.1	5.69313	1.61661	615	0	-7.24685	0	20	20
0.00562924	0.00364389	4590.58	167.877	5.55436	2527.67	1065.37	5.71019	1.61661	615	0	-7.12667	0	20	20
0.00562509	0.00361714	4546.13	167.512	4.8294	2493.18	1056.84	5.72285	1.61661	615	0	-6.99805	0	20	20
0.00562226	0.00358838	4499.56	167.143	4.19349	2457.15	1047.58	5.73147	1.61661	615	0	-6.86245	0	20	20
0.00562056	0.0035579	4451.2	166.772	3.63707	2419.85	1037.71	5.7367	1.61661	615	0	-6.7214	0	20	20
0.00561982	0.00352598	4401.38	166.398	3.15127	2381.52	1027.29	5.73895	1.61661	615	0	-6.57616	0	20	20
0.00561994	0.00349282	4350.38	166.022	2.72794	2342.38	1016.42	5.73858	1.61661	615	0	-6.42779	0	20	20
0.00562075	0.00345866	4298.45	165.643	2.35965	2302.61	1005.14	5.73612	1.61661	615	0	-6.27736	0	20	20
0.0056222	0.00342364	4245.78	165.261	2.03971	2262.38	993.519	5.73169	1.61661	615	0	-6.12557	0	20	20
0.00562414	0.00338794	4192.56	164.876	1.76213	2221.82	981.607	5.72575	1.61661	615	0	-5.97324	0	20	20
0.00562654	0.00335168	4138.96	164.488	1.52155	2181.05	969.447	5.7184	1.61661	615	0	-5.82089	0	20	20
0.00562934	0.00331497	4085.1	164.098	1.31324	2140.18	957.076	5.70988	1.61661	615	0	-5.66901	0	20	20
0.00563245	0.00327792	4031.1	163.705	1.13301	2099.29	944.529	5.70044	1.61661	615	0	-5.51809	0	20	20
0.00563587	0.00324059	3977.06	163.31	0.977206	2058.46	931.834	5.69007	1.61661	615	0	-5.36836	0	20	20
0.00563951	0.00320307	3923.06	162.911	0.842585	2017.74	919.016	5.67906	1.61661	615	0	-5.22023	0	20	20
0.00564337	0.00316541	3869.16	162.51	0.726331	1977.2	906.096	5.66739	1.61661	615	0	-5.07384	0	20	20
0.00564746	0.00312766	3815.43	162.106	0.625985	1936.86	893.095	5.65511	1.61661	615	0	-4.92938	0	20	20
0.00565167	0.00308988	3761.92	161.699	0.539403	1896.76	880.028	5.64247	1.61661	615	0	-4.78709	0	20	20
0.00565608	0.00305208	3708.67	161.29	0.464724	1856.95	866.911	5.6293	1.61661	615	0	-4.64699	0	20	20
0.00566063	0.0030143	3655.72	160.878	0.400329	1817.43	853.756	5.61574	1.61661	615	0	-4.50921	0	20	20
0.00566529	0.00297659	3603.09	160.463	0.344818	1778.24	840.575	5.60186	1.61661	615	0	-4.37386	0	20	20
0.00567013	0.00293893	3550.82	160.045	0.296973	1739.4	827.379	5.58755	1.61661	615	0	-4.24092	0	20	20
0.00567507	0.00290138	3498.93	159.625	0.255745	1700.9	814.176	5.57296	1.61661	615	0	-4.1105	0	20	20
0.00568014	0.00286394	3447.44	159.202	0.220224	1662.78	800.976	5.55805	1.61661	615	0	-3.98262	0	20	20
0.00568537	0.00282662	3396.36	158.776	0.189625	1625.03	787.785	5.54273	1.61661	615	0	-3.85725	0	20	20
0.0056907	0.00278945	3345.72	158.347	0.163268	1587.68	774.613	5.52716	1.61661	615	0	-3.73449	0	20	20
0.00569617	0.00275243	3295.53	157.916	0.140567	1550.72	761.465	5.51125	1.61661	615	0	-3.61429	0	20	20
0.00570181	0.00271557	3245.79	157.482	0.121018	1514.16	748.348	5.49492	1.61661	615	0	-3.49663	0	20	20
0.00570757	0.00267889	3196.53	157.045	0.104184	1478.01	735.268	5.47831	1.61661	615	0	-3.38157	0	20	20
0.00571347	0.0026424	3147.75	156.606	0.0896893	1442.29	722.231	5.46135	1.61661	615	0	-3.26908	0	20	20
0.00571956	0.0026061	3099.47	156.164	0.0772089	1406.98	709.243	5.44394	1.61661	615	0	-3.15913	0	20	20
0.0057258	0.00257002	3051.7	155.719	0.0664636	1372.1	696.31	5.42615	1.61661	615	0	-3.05172	0	20	20
0.00573218	0.00253415	3004.45	155.271	0.0572127	1337.66	683.436	5.40804	1.61661	615	0	-2.94689	0	20	20
0.00573877	0.00249851	2957.73	154.821	0.0492485	1303.65	670.627	5.38944	1.61661	615	0	-2.84455	0	20	20
0.00574556	0.0024631	2911.54	154.368	0.0423924	1270.09	657.888	5.37037	1.61661	615	0	-2.7447	0	20	20
0.0057525	0.00242795	2865.91	153.912	0.0364903	1236.98	645.225	5.35094	1.61661	615	0	-2.64738	0	20	20
0.00575965	0.00239306	2820.84	153.454	0.0314096	1204.32	632.643	5.33105	1.61661	615	0	-2.55253	0	20	20
0.00576702	0.00235844	2776.33	152.993	0.027036	1172.12	620.146	5.31064	1.61661	615	0	-2.46012	0	20	20
0.00577461	0.00232409	2732.41	152.53	0.0232712	1140.38	607.74	5.2897	1.61661	615	0	-2.37014	0	20	20
0.0057824	0.00229004	2689.09	152.063	0.0200306	1109.11	595.43	5.26837	1.61661	615	0	-2.28261	0	20	20
0.00579041	0.0022563	2646.36	151.594	0.0172411	1078.32	583.221	5.24653	1.61661	615	0	-2.19747	0	20	20
0.00579867	0.00222287	2604.25	151.123	0.01484	1048.01	571.117	5.22415	1.61661	615	0	-2.11471	0	20	20
0.00580718	0.00218976	2562.77	150.649	0.0127733	1018.19	559.123	5.20122	1.61661	615	0	-2.03429	0	20	20
0.00581594	0.002157	2521.92	150.172	0.0109943	988.854	547.245	5.17775	1.61661	615	0	-1.9562	0	20	20
0.00582491	0.0021246	2481.71	149.693	0.00946308	960.019	535.487	5.15387	1.61661	615	0	-1.88045	0	20	20
0.00583414	0.00209257	2442.17	149.211	0.00814509	931.689	523.854	5.12944	1.61661	615	0	-1.80698	0	20	20
0.00584363	0.00206091	2403.29	148.727	0.00701065	903.868	512.351	5.10448	1.61661	615	0	-1.73576	0	20	20
0.00585339	0.00202965	2365.09	148.24	0.0060342	876.562	500.983	5.07899	1.61661	615	0	-1.66678	0	20	20
0.00586341	0.0019988	2327.58	147.75	0.00519374	849.778	489.753	5.05299	1.61661	615	0	-1.60001	0	20	20
0.00587369	0.00196837	2290.77	147.258	0.00447034	823.522	478.668	5.0265	1.61661	615	0	-1.53541	0	20	20
0.00588423	0.00193838	2254.67	146.764	0.00384768	797.798	467.731	4.99956	1.61661	615	0	-1.47297	0	20	20
0.00589499	0.00190885	2219.3	146.267	0.00331176	772.614	456.946	4.97222	1.61661	615	0	-1.41268	0	20	20
0.00590601	0.00187979	2184.65	145.767	0.00285047	747.974	446.32	4.94444	1.61661	615	0	-1.35447	0	20	20
0.00591727	0.00185121	2150.75	145.265	0.00245344	723.885	435.855	4.91628	1.61661	615	0	-1.29833	0	20	20
0.00592875	0.00182314	2117.59	144.761	0.0021117	700.353	425.556	4.88776	1.61661	615	0	-1.24423	0	20	20
0.00594046	0.00179557	2085.2	144.254	0.00181757	677.382	415.428	4.85893	1.61661	615	0	-1.19213	0	20	20
0.00595236	0.00176855	2053.58	143.745	0.0015644	654.979	405.474	4.82983	1.61661	615	0	-1.142	0	20	20
0.00596445	0.00174207	2022.73	143.233	0.00134649	633.148	395.699	4.80053	1.61661	615	0	-1.09382	0	20	20
0.0059767	0.00171616	1992.68	142.719	0.00115894	611.895	386.107	4.77108	1.61661	615	0	-1.04755	0	20	20
0.00598908	0.00169083	1963.42	142.203	0.000997512	591.224	376.701	4.74155	1.61661	615	0	-1.00315	0	20	20
0.00600156	0.0016661	1934.96	141.684	0.000858568	571.141	367.485	4.71202	1.61661	615	0	-0.960599	0	20	20
0.00601412	0.00164198	1907.32	141.163	0.000738977	551.65	358.464	4.68257	1.61661	615	0	-0.91986	0	20	20
0.0060267	0.0016185	1880.49	140.64	0.000636045	532.756	349.641	4.65329	1.61661	615	0	-0.880901	0	20	20
0.00603928	0.00159567	1854.49	140.115	0.000547449	514.463	341.018	4.62428	1.61661	615	0	-0.84369	0	20	20
0.0060518	0.00157351	1829.33	139.587	0.000471194	496.774	332.601	4.59564	1.61661	615	0	-0.808194	0	20	20
0.00606423	0.00155203	1804.99	139.057	0.000405561	479.688	324.389	4.56745	1.61661	615	0	-0.774366	0	20	20
0.00607655	0.0015312	1781.46	138.525	0.00034907	463.189	316.38	4.53972	1.61661	615	0	-0.742133	0	20	20
0.00608878	0.00151103	1758.72	137.991	0.000300448	447.258	308.568	4.51241	1.61661	615	0	-0.711409	0	20	20
0.00610093	0.00149147	1736.73	137.454	0.000258598	431.875	300.95	4.48551	1.61661	615	0	-0.682115	0	20	20
0.00611301	0.00147251	1715.48	136.916	0.000222577	417.02	293.519	4.45897	1.61661	615	0	-0.654174	0	20	20
0.00612502	0.00145414	1694.94	136.375	0.000191574	402.677	286.272	4.43279	1.61661	615	0	-0.627516	0	20	20
0.00613698	0.00143634	1675.09	135.832	0.000164889	388.827	279.204	4.40694	1.61661	615	0	-0.602074	0	20	20
0.00614886	0.00141908	1655.9	135.287	0.000141922	375.454	272.31	4.38142	1.61661	615	0	-0.57779	0	20	20
0.00616071	0.00140235	1637.36	134.74	0.000122153	362.54	265.587	4.35619	1.61661	615	0	-0.554597	0	20	20
0.00617253	0.00138614	1619.44	134.192	0.000105138	350.071	259.03	4.33123	1.61661	615	0	-0.532439	0	20	20
0.00618431	0.00137042	1602.12	133.641	9.04933e-05	338.03	252.634	4.30651	1.61661	615	0	-0.511261	0	20	20
0.00619608	0.00135518	1585.38	133.088	7.78883e-05	326.404	246.397	4.28202	1.61661	615	0	-0.491013	0	20	20
0.00620784	0.0013404	1569.21	132.533	6.70391e-05	315.177	240.313	4.25774	1.61661	615	0	-0.471647	0	20	20
0.00621958	0.00132607	1553.58	131.977	5.77011e-05	304.337	234.38	4.23367	1.61661	615	0	-0.453118	0	20	20
0.00623132	0.00131218	1538.48	131.419	4.96638e-05	293.869	228.593	4.20978	1.61661	615	0	-0.435382	0	20	20
0.00624307	0.00129871	1523.9	130.858	4.2746e-05	283.762	222.949	4.18606	1.61661	615	0	-0.4184	0	20	20
0.00625481	0.00128565	1509.81	130.296	3.67919e-05	274.002	217.444	4.16254	1.61661	615	0	-0.402137	0	20	20
0.00626655	0.00127298	1496.19	129.733	3.1667e-05	264.578	212.076	4.13919	1.61661	615	0	-0.386556	0	20	20
0.0062783	0.00126069	1483.04	129.167	2.72561e-05	255.478	206.839	4.11598	1.61661	615	0	-0.371618	0	20	20
0.00629008	0.00124878	1470.34	128.6	2.34595e-05	246.691	201.732	4.0929	1.61661	615	0	-0.357292	0	20	20
0.00630188	0.00123722	1458.07	128.031	2.01918e-05	238.206	196.752	4.06995	1.61661	615	0	-0.343546	0	20	20
0.00631371	0.001226	1446.23	127.46	1.73792e-05	230.013	191.894	4.04712	1.61661	615	0	-0.330351	0	20	20
0.00632557	0.00121512	1434.78	126.888	1.49585e-05	222.102	187.156	4.02439	1.61661	615	0	-0.317679	0	20	20
0.00633745	0.00120457	1423.73	126.315	1.28749e-05	214.463	182.535	4.00181	1.61661	615	0	-0.305512	0	20	20
0.00634935	0.00119433	1413.07	125.739	1.10815e-05	207.086	178.028	3.97935	1.61661	615	0	-0.293818	0	20	20
0.00636129	0.00118439	1402.76	125.163	9.53793e-06	199.964	173.633	3.95698	1.61661	615	0	-0.282574	0	20	20
0.00637327	0.00117474	1392.82	124.584	8.20938e-06	193.086	169.346	3.93471	1.61661	615	0	-0.271756	0	20	20
0.0063853	0.00116538	1383.22	124.005	7.06588e-06	186.445	165.165	3.91252	1.61661	615	0	-0.261343	0	20	20
0.00639737	0.00115629	1373.95	123.424	6.08166e-06	180.032	161.087	3.89042	1.61661	615	0	-0.251317	0	20	20
0.00640945	0.00114748	1365.01	122.841	5.23453e-06	173.84	157.109	3.86846	1.61661	615	0	-0.241665	0	20	20
0.00642158	0.00113892	1356.38	122.258	4.5054e-06	167.861	153.23	3.84658	1.61661	615	0	-0.232361	0	20	20
0.00643376	0.00113061	1348.05	121.672	3.87783e-06	162.087	149.447	3.82478	1.61661	615	0	-0.223389	0	20	20
0.00644598	0.00112254	1340.01	121.086	3.33768e-06	156.512	145.757	3.80306	1.61661	615	0	-0.214732	0	20	20
0.00645825	0.0011147	1332.26	120.499	2.87277e-06	151.129	142.158	3.78143	1.61661	615	0	-0.206375	0	20	20
0.00647053	0.00110709	1324.78	119.91	2.47262e-06	145.931	138.649	3.75993	1.61661	615	0	-0.198312	0	20	20
0.00648287	0.0010997	1317.56	119.32	2.1282e-06	140.912	135.225	3.73852	1.61661	615	0	-0.19052	0	20	20
0.00649524	0.00109252	1310.61	118.729	1.83176e-06	136.065	131.887	3.71718	1.61661	615	0	-0.182987	0	20	20
0.00650766	0.00108555	1303.89	118.137	1.57661e-06	131.385	128.63	3.69594	1.61661	615	0	-0.1757	0	20	20
0.00652011	0.00107878	1297.42	117.544	1.357e-06	126.866	125.454	3.67481	1.61661	615	0	-0.168652	0	20	20
0.00653259	0.0010722	1291.19	116.95	1.16798e-06	122.503	122.357	3.6538	1.61661	615	0	-0.161831	0	20	20
0.0065451	0.0010658	1285.17	116.355	1.00529e-06	118.29	119.336	3.63288	1.61661	615	0	-0.155223	0	20	20
0.00655765	0.00105959	1279.38	115.759	8.65262e-07	114.221	116.39	3.61207	1.61661	615	0	-0.148818	0	20	20
0.00657022	0.00105356	1273.79	115.162	7.44738e-07	110.292	113.516	3.59137	1.61661	615	0	-0.14261	0	20	20
0.00658281	0.00104769	1268.41	114.565	6.41002e-07	106.499	110.713	3.57081	1.61661	615	0	-0.13659	0	20	20
0.00659542	0.001042	1263.22	113.966	5.51715e-07	102.836	107.98	3.55036	1.61661	615	0	-0.130748	0	20	20
0.00660806	0.00103646	1258.23	113.367	4.74866e-07	99.299	105.314	3.53003	1.61661	615	0	-0.125075	0	20	20
0.00662071	0.00103107	1253.42	112.767	4.08721e-07	95.8836	102.713	3.50983	1.61661	615	0	-0.119564	0	20	20
0.00663336	0.00102584	1248.79	112.166	3.51789e-07	92.5857	100.177	3.48979	1.61661	615	0	-0.114212	0	20	20
0.00664602	0.00102076	1244.33	111.565	3.02788e-07	89.4013	97.704	3.46988	1.61661	615	0	-0.109007	0	20	20
0.00665869	0.00101582	1240.04	110.963	2.60612e-07	86.3264	95.2917	3.45012	1.61661	615	0	-0.103944	0	20	20
0.00667135	0.00101102	1235.91	110.361	2.24311e-07	83.3572	92.9389	3.43051	1.61661	615	0	-0.0990186	0	20	20
0.00668399	0.00100635	1231.93	109.758	1.93066e-07	80.4902	90.6443	3.41108	1.61661	615	0	-0.0942265	0	20	20
0.00669663	0.00100181	1228.11	109.155	1.66173e-07	77.7218	88.4062	3.39181	1.61661	615	0	-0.0895595	0	20	20
0.00670925	0.000997404	1224.43	108.551	1.43027e-07	75.0485	86.2235	3.37271	1.61661	615	0	-0.0850127	0	20	20
0.00672184	0.000993121	1220.9	107.947	1.23104e-07	72.4673	84.0946	3.35379	1.61661	615	0	-0.0805843	0	20	20
0.00673439	0.000988958	1217.5	107.342	1.05957e-07	69.9748	82.0183	3.33508	1.61661	615	0	-0.0762694	0	20	20
0.00674691	0.000984914	1214.23	106.737	9.11979e-08	67.568	79.9933	3.31655	1.61661	615	0	-0.0720623	0	20	20
0.00675938	0.000980983	1211.09	106.132	7.84948e-08	65.2441	78.0182	3.29821	1.61661	615	0	-0.0679596	0	20	20
0.0067718	0.000977167	1208.08	105.527	6.75611e-08	63	76.092	3.2801	1.61661	615	0	-0.0639611	0	20	20
0.00678416	0.000973459	1205.19	104.921	5.81504e-08	60.8332	74.2132	3.26221	1.61661	615	0	-0.0600612	0	20	20
0.00679645	0.000969858	1202.41	104.316	5.00505e-08	58.7408	72.3809	3.24454	1.61661	615	0	-0.0562567	0	20	20
0.00680868	0.000966362	1199.74	103.71	4.30789e-08	56.7205	70.5938	3.2271	1.61661	615	0	-0.0525455	0	20	20
0.00682081	0.000962968	1197.18	103.104	3.70783e-08	54.7696	68.8508	3.20991	1.61661	615	0	-0.0489277	0	20	20
0.00683286	0.000959674	1194.73	102.498	3.19136e-08	52.8858	67.1509	3.19296	1.61661	615	0	-0.0453986	0	20	20
0.00684481	0.000956477	1192.37	101.892	2.74683e-08	51.0668	65.493	3.17626	1.61661	615	0	-0.0419564	0	20	20
0.00685665	0.000953376	1190.12	101.287	2.36422e-08	49.3104	63.8759	3.15983	1.61661	615	0	-0.0386002	0	20	20
0.00686838	0.000950369	1187.95	100.681	2.0349e-08	47.6144	62.2988	3.14367	1.61661	615	0	-0.0353298	0	20	20
0.00687999	0.000947454	1185.88	100.076	1.75146e-08	45.9767	60.7607	3.12779	1.61661	615	0	-0.0321419	0	20	20
0.00689147	0.000944628	1183.9	99.4703	1.50749e-08	44.3954	59.2605	3.11218	1.61661	615	0	-0.0290356	0	20	20
0.00690281	0.000941889	1182	98.8652	1.29751e-08	42.8684	57.7973	3.09687	1.61661	615	0	-0.0260107	0	20	20
0.006914	0.000939238	1180.18	98.2605	1.11678e-08	41.394	56.3703	3.08185	1.61661	615	0	-0.0230669	0	20	20
0.00692504	0.00093667	1178.44	97.656	9.61219e-09	39.9702	54.9785	3.06713	1.61661	615	0	-0.020202	0	20	20
0.00693593	0.000934185	1176.78	97.052	8.27329e-09	38.5955	53.6211	3.05272	1.61661	615	0	-0.0174155	0	20	20
0.00694665	0.000931781	1175.19	96.4483	7.12089e-09	37.268	52.2972	3.03861	1.61661	615	0	-0.0147072	0	20	20
0.00695719	0.000929457	1173.67	95.8451	6.129e-09	35.9862	51.006	3.02481	1.61661	615	0	-0.0120772	0	20	20
0.00696755	0.00092721	1172.22	95.2423	5.27528e-09	34.7485	49.7466	3.01133	1.61661	615	0	-0.00952374	0	20	20
0.00697774	0.000925039	1170.84	94.6401	4.54048e-09	33.5533	48.5184	2.99817	1.61661	615	0	-0.00704629	0	20	20
0.00698773	0.000922941	1169.51	94.0385	3.90803e-09	32.3992	47.3205	2.98532	1.61661	615	0	-0.00464428	0	20	20
0.00699753	0.000920917	1168.25	93.4374	3.36367e-09	31.2849	46.1521	2.9728	1.61661	615	0	-0.0023183	0	20	20
0.00700713	0.000918964	1167.05	92.8371	2.89514e-09	30.2089	45.0126	2.96059	1.61661	615	0	-6.64126e-05	0	20	20
0.00701654	0.00091708	1165.9	92.2374	2.49187e-09	29.1698	43.9012	2.94871	1.61661	615	0	0.00211212	0	20	20
0.00702574	0.000915263	1164.8	91.6384	2.14477e-09	28.1666	42.8173	2.93713	1.61661	615	0	0.0042181	0	20	20
0.00703474	0.000913512	1163.76	91.0402	1.84602e-09	27.1978	41.7602	2.92587	1.61661	615	0	0.0062522	0	20	20
0.00704353	0.000911825	1162.77	90.4429	1.58888e-09	26.2623	40.7291	2.91493	1.61661	615	0	0.00821501	0	20	20
0.00705212	0.0009102	1161.82	89.8463	1.36757e-09	25.359	39.7235	2.90429	1.61661	615	0	0.0101083	0	20	20
0.00706051	0.000908636	1160.92	89.2507	1.17707e-09	24.4868	38.7427	2.89396	1.61661	615	0	0.0119333	0	20	20
0.00706869	0.00090713	1160.07	88.656	1.01312e-09	23.6446	37.7861	2.88392	1.61661	615	0	0.0136911	0	20	20
0.00707667	0.000905681	1159.25	88.0623	8.71998e-10	22.8314	36.8532	2.87418	1.61661	615	0	0.0153833	0	20	20
0.00708445	0.000904288	1158.48	87.4696	7.50536e-10	22.0461	35.9433	2.86472	1.61661	615	0	0.0170107	0	20	20
0.00709202	0.000902947	1157.74	86.8779	6.45992e-10	21.2878	35.0559	2.85555	1.61661	615	0	0.0185753	0	20	20
0.00709941	0.000901659	1157.04	86.2873	5.56011e-10	20.5556	34.1903	2.84665	1.61661	615	0	0.0200789	0	20	20
0.0071066	0.00090042	1156.38	85.6978	4.78563e-10	19.8486	33.3462	2.83801	1.61661	615	0	0.0215231	0	20	20
0.0071136	0.000899229	1155.75	85.1095	4.11903e-10	19.1659	32.5228	2.82964	1.61661	615	0	0.0229096	0	20	20
0.00712042	0.000898084	1155.15	84.5224	3.54528e-10	18.5067	31.7198	2.82152	1.61661	615	0	0.0242402	0	20	20
0.00712706	0.000896984	1154.58	83.9365	3.05145e-10	17.8702	30.9367	2.81364	1.61661	615	0	0.0255163	0	20	20
0.00713352	0.000895927	1154.04	83.3519	2.62641e-10	17.2556	30.1729	2.806	1.61661	615	0	0.0267402	0	20	20
0.00713981	0.000894912	1153.53	82.7686	2.26057e-10	16.6621	29.4279	2.79859	1.61661	615	0	0.0279135	0	20	20
0.00714593	0.000893936	1153.05	82.1866	1.94569e-10	16.089	28.7013	2.79141	1.61661	615	0	0.0290383	0	20	20
0.00715189	0.000892998	1152.59	81.606	1.67467e-10	15.5356	27.9927	2.78444	1.61661	615	0	0.0301164	0	20	20
0.0071577	0.000892097	1152.16	81.0268	1.4414e-10	15.0013	27.3015	2.77767	1.61661	615	0	0.0311495	0	20	20
0.00716334	0.00089123	1151.75	80.4491	1.24063e-10	14.4853	26.6274	2.7711	1.61661	615	0	0.0321396	0	20	20
0.00716885	0.000890398	1151.36	79.8729	1.06782e-10	13.9871	25.97	2.76473	1.61661	615	0	0.0330882	0	20	20
0.0071742	0.000889598	1150.99	79.2981	9.1908e-11	13.506	25.3288	2.75854	1.61661	615	0	0.0339972	0	20	20
0.00717942	0.000888828	1150.65	78.7249	7.91059e-11	13.0415	24.7034	2.75253	1.61661	615	0	0.0348684	0	20	20
0.0071845	0.000888089	1150.32	78.1534	6.80871e-11	12.5929	24.0935	2.74669	1.61661	615	0	0.0357035	0	20	20
0.00718946	0.000887377	1150.01	77.5834	5.86031e-11	12.1598	23.4986	2.74101	1.61661	615	0	0.0365041	0	20	20
0.00719429	0.000886693	1149.72	77.015	5.04402e-11	11.7416	22.9185	2.7355	1.61661	615	0	0.0372718	0	20	20
0.007199	0.000886034	1149.44	76.4484	4.34142e-11	11.3377	22.3526	2.73013	1.61661	615	0	0.0380082	0	20	20
0.00720359	0.0008854	1149.18	75.8835	3.7367e-11	10.9478	21.8007	2.72491	1.61661	615	0	0.0387149	0	20	20
0.00720807	0.00088479	1148.93	75.3203	3.21621e-11	10.5712	21.2624	2.71983	1.61661	615	0	0.0393931	0	20	20
0.00721245	0.000884203	1148.7	74.7589	2.76821e-11	10.2076	20.7375	2.71489	1.61661	615	0	0.0400444	0	20	20
0.00721672	0.000883637	1148.49	74.1992	2.38262e-11	9.85654	20.2255	2.71007	1.61661	615	0	0.04067	0	20	20
0.00722089	0.000883091	1148.28	73.6415	2.05074e-11	9.51753	19.7261	2.70538	1.61661	615	0	0.0412714	0	20	20
0.00722496	0.000882566	1148.09	73.0856	1.76509e-11	9.19018	19.2391	2.70081	1.61661	615	0	0.0418497	0	20	20
0.00722894	0.000882059	1147.9	72.5315	1.51923e-11	8.87408	18.764	2.69635	1.61661	615	0	0.0424061	0	20	20
0.00723283	0.00088157	1147.73	71.9794	1.30761e-11	8.56886	18.3008	2.692	1.61661	615	0	0.0429418	0	20	20
0.00723663	0.000881098	1147.57	71.4293	1.12547e-11	8.27414	17.8489	2.68776	1.61661	615	0	0.0434579	0	20	20
0.00724036	0.000880642	1147.42	70.8811	9.68703e-12	7.98956	17.4082	2.68362	1.61661	615	0	0.0439554	0	20	20
0.007244	0.000880202	1147.28	70.335	8.3377e-12	7.71476	16.9784	2.67957	1.61661	615	0	0.0444354	0	20	20
0.00724756	0.000879777	1147.15	69.7908	7.17633e-12	7.44941	16.5592	2.67562	1.61661	615	0	0.0448988	0	20	20
0.00725105	0.000879366	1147.02	69.2487	6.17672e-12	7.19319	16.1504	2.67176	1.61661	615	0	0.0453465	0	20	20
0.00725447	0.000878969	1146.91	68.7088	5.31635e-12	6.94579	15.7516	2.66798	1.61661	615	0	0.0457794	0	20	20
0.00725783	0.000878584	1146.8	68.1709	4.57583e-12	6.70689	15.3627	2.66428	1.61661	615	0	0.0461983	0	20	20
0.00726111	0.000878212	1146.69	67.6351	3.93845e-12	6.47621	14.9834	2.66067	1.61661	615	0	0.0466039	0	20	20
0.00726433	0.000877852	1146.6	67.1015	3.38986e-12	6.25346	14.6135	2.65713	1.61661	615	0	0.0469971	0	20	20
0.0072675	0.000877502	1146.51	66.5701	2.91768e-12	6.03838	14.2526	2.65366	1.61661	615	0	0.0473785	0	20	20
0.0072706	0.000877164	1146.43	66.0409	2.51127e-12	5.83069	13.9007	2.65027	1.61661	615	0	0.0477488	0	20	20
0.00727364	0.000876835	1146.35	65.5139	2.16147e-12	5.63015	13.5575	2.64694	1.61661	615	0	0.0481087	0	20	20
0.00727663	0.000876516	1146.27	64.9892	1.86039e-12	5.4365	13.2228	2.64368	1.61661	615	0	0.0484588	0	20	20
0.00727957	0.000876207	1146.21	64.4667	1.60125e-12	5.24951	12.8963	2.64048	1.61661	615	0	0.0487995	0	20	20
0.00728246	0.000875906	1146.14	63.9466	1.37821e-12	5.06896	12.5779	2.63734	1.61661	615	0	0.0491315	0	20	20
0.0072853	0.000875614	1146.08	63.4287	1.18624e-12	4.89461	12.2674	2.63425	1.61661	615	0	0.0494553	0	20	20
0.00728809	0.000875329	1146.03	62.9132	1.02101e-12	4.72626	11.9645	2.63123	1.61661	615	0	0.0497714	0	20	20
0.00729084	0.000875053	1145.98	62.4001	8.78787e-13	4.56371	11.6691	2.62826	1.61661	615	0	0.0500802	0	20	20
0.00729354	0.000874783	1145.93	61.8893	7.56379e-13	4.40674	11.381	2.62534	1.61661	615	0	0.0503821	0	20	20
0.0072962	0.000874521	1145.89	61.3809	6.51022e-13	4.25517	11.1	2.62246	1.61661	615	0	0.0506776	0	20	20
0.00729882	0.000874265	1145.85	60.8749	5.60339e-13	4.10882	10.8259	2.61964	1.61661	615	0	0.050967	0	20	20
0.0073014	0.000874015	1145.81	60.3713	4.82289e-13	3.9675	10.5586	2.61687	1.61661	615	0	0.0512507	0	20	20
0.00730394	0.000873771	1145.78	59.8702	4.1511e-13	3.83104	10.2979	2.61413	1.61661	615	0	0.0515291	0	20	20
0.00730645	0.000873533	1145.74	59.3715	3.57288e-13	3.69927	10.0437	2.61145	1.61661	615	0	0.0518025	0	20	20
0.00730892	0.000873301	1145.71	58.8754	3.07521e-13	3.57203	9.79569	2.6088	1.61661	615	0	0.0520711	0	20	20
0.00731136	0.000873074	1145.69	58.3817	2.64686e-13	3.44918	9.55383	2.60619	1.61661	615	0	0.0523353	0	20	20
0.00731376	0.000872851	1145.66	57.8905	2.27817e-13	3.33054	9.31795	2.60362	1.61661	615	0	0.0525953	0	20	20
0.00731613	0.000872634	1145.64	57.4018	1.96084e-13	3.21599	9.08789	2.60109	1.61661	615	0	0.0528515	0	20	20
0.00731847	0.000872421	1145.62	56.9157	1.68771e-13	3.10538	8.86351	2.5986	1.61661	615	0	0.0531039	0	20	20
0.00732078	0.000872212	1145.6	56.4322	1.45263e-13	2.99857	8.64467	2.59614	1.61661	615	0	0.0533529	0	20	20
0.00732307	0.000872007	1145.58	55.9512	1.25029e-13	2.89543	8.43123	2.59371	1.61661	615	0	0.0535987	0	20	20
0.00732532	0.000871806	1145.56	55.4727	1.07613e-13	2.79585	8.22306	2.59131	1.61661	615	0	0.0538415	0	20	20
0.00732755	0.000871609	1145.55	54.9969	9.26235e-14	2.69969	8.02003	2.58895	1.61661	615	0	0.0540813	0	20	20
0.00732975	0.000871416	1145.54	54.5237	7.97218e-14	2.60683	7.82202	2.58662	1.61661	615	0	0.0543185	0	20	20
0.00733193	0.000871225	1145.52	54.0531	6.86172e-14	2.51717	7.62889	2.58432	1.61661	615	0	0.0545532	0	20	20
0.00733408	0.000871038	1145.51	53.5851	5.90593e-14	2.43059	7.44053	2.58204	1.61661	615	0	0.0547855	0	20	20
0.00733621	0.000870855	1145.5	53.1197	5.08329e-14	2.34699	7.25683	2.57979	1.61661	615	0	0.0550156	0	20	20
0.00733832	0.000870674	1145.49	52.657	4.37522e-14	2.26627	7.07765	2.57757	1.61661	615	0	0.0552436	0	20	20
0.0073404	0.000870495	1145.48	52.1969	3.76579e-14	2.18832	6.90291	2.57538	1.61661	615	0	0.0554696	0	20	20
0.00734246	0.00087032	1145.48	51.7395	3.24125e-14	2.11306	6.73247	2.57321	1.61661	615	0	0.0556938	0	20	20
0.00734451	0.000870147	1145.47	51.2848	2.78977e-14	2.04038	6.56625	2.57106	1.61661	615	0	0.0559162	0	20	20
0.00734653	0.000869977	1145.46	50.8327	2.40117e-14	1.9702	6.40413	2.56894	1.61661	615	0	0.056137	0	20	20
0.00734853	0.000869808	1145.46	50.3834	2.06671e-14	1.90244	6.24601	2.56684	1.61661	615	0	0.0563562	0	20	20
0.00735052	0.000869642	1145.46	49.9367	1.77883e-14	1.837	6.09179	2.56476	1.61661	615	0	0.0565739	0	20	20
0.00735248	0.000869478	1145.45	49.4927	1.53106e-14	1.77382	5.94139	2.5627	1.61661	615	0	0.0567903	0	20	20
0.00735443	0.000869317	1145.45	49.0514	1.31779e-14	1.71281	5.79469	2.56067	1.61661	615	0	0.0570053	0	20	20
0.00735636	0.000869157	1145.44	48.6129	1.13423e-14	1.6539	5.65162	2.55865	1.61661	615	0	0.0572191	0	20	20
0.00735828	0.000868999	1145.44	48.177	9.76244e-15	1.59701	5.51208	2.55665	1.61661	615	0	0.0574317	0	20	20
0.00736018	0.000868842	1145.44	47.7439	8.40261e-15	1.54208	5.37599	2.55467	1.61661	615	0	0.0576431	0	20	20
0.00736206	0.000868688	1145.44	47.3135	7.2322e-15	1.48905	5.24326	2.55271	1.61661	615	0	0.0578535	0	20	20
0.00736393	0.000868535	1145.44	46.8858	6.22481e-15	1.43783	5.1138	2.55077	1.61661	615	0	0.0580629	0	20	20
0.00736578	0.000868383	1145.44	46.4609	5.35774e-15	1.38838	4.98754	2.54884	1.61661	615	0	0.0582713	0	20	20
0.00736762	0.000868233	1145.43	46.0387	4.61145e-15	1.34062	4.8644	2.54693	1.61661	615	0	0.0584787	0	20	20
0.00736945	0.000868084	1145.43	45.6192	3.96911e-15	1.29451	4.74429	2.54504	1.61661	615	0	0.0586853	0	20	20
0.00737126	0.000867937	1145.43	45.2025	3.41625e-15	1.24999	4.62716	2.54316	1.61661	615	0	0.058891	0	20	20
0.00737306	0.000867791	1145.43	44.7885	2.94039e-15	1.207	4.51291	2.5413	1.61661	615	0	0.0590958	0	20	20
0.00737485	0.000867646	1145.43	44.3773	2.53082e-15	1.16548	4.40149	2.53945	1.61661	615	0	0.0592998	0	20	20
0.00737663	0.000867503	1145.43	43.9688	2.1783e-15	1.1254	4.29281	2.53762	1.61661	615	0	0.0595031	0	20	20
0.00737839	0.00086736	1145.43	43.563	1.87488e-15	1.08669	4.18682	2.5358	1.61661	615	0	0.0597056	0	20	20
0.00738014	0.000867219	1145.43	43.16	1.61372e-15	1.04931	4.08345	2.534	1.61661	615	0	0.0599073	0	20	20
0.00738188	0.000867078	1145.43	42.7597	1.38894e-15	1.01322	3.98263	2.5322	1.61661	615	0	0.0601083	0	20	20
0.00738361	0.000866939	1145.44	42.3622	1.19547e-15	0.978373	3.8843	2.53042	1.61661	615	0	0.0603086	0	20	20
0.00738533	0.000866801	1145.44	41.9675	1.02895e-15	0.944722	3.7884	2.52866	1.61661	615	0	0.0605082	0	20	20
0.00738704	0.000866663	1145.44	41.5754	8.85629e-16	0.912229	3.69486	2.5269	1.61661	615	0	0.0607071	0	20	20
0.00738874	0.000866526	1145.44	41.1862	7.62268e-16	0.880853	3.60363	2.52516	1.61661	615	0	0.0609053	0	20	20
0.00739043	0.000866391	1145.44	40.7996	6.5609e-16	0.850556	3.51466	2.52343	1.61661	615	0	0.0611029	0	20	20
0.00739171	0.000866299	1145.44	40.4158	5.64702e-16	0.821302	3.42788	2.52212	1.61661	615	0	0.0616858	0	20	20
0.00739276	0.000866233	1145.45	40.0347	4.86043e-16	0.793053	3.34325	2.52104	1.61661	615	0	0.0624749	0	20	20
0.00739382	0.000866169	1145.46	39.6564	4.18342e-16	0.765777	3.2607	2.51996	1.61661	615	0	0.0632433	0	20	20
0.00739489	0.000866107	1145.47	39.2808	3.6007e-16	0.739438	3.1802	2.51887	1.61661	615	0	0.0639915	0	20	20
0.00739596	0.000866046	1145.49	38.9079	3.09915e-16	0.714005	3.10168	2.51777	1.61661	615	0	0.06472	0	20	20
0.00739704	0.000865987	1145.51	38.5377	2.66746e-16	0.689447	3.0251	2.51667	1.61661	615	0	0.0654292	0	20	20
0.00739813	0.000865929	1145.53	38.1703	2.29591e-16	0.665734	2.95041	2.51556	1.61661	615	0	0.0661197	0	20	20
0.00739923	0.000865873	1145.56	37.8055	1.97611e-16	0.642837	2.87756	2.51444	1.61661	615	0	0.066792	0	20	20
0.00740033	0.000865817	1145.59	37.4435	1.70085e-16	0.620726	2.80651	2.51332	1.61661	615	0	0.0674463	0	20	20
0.00740144	0.000865763	1145.63	37.0842	1.46393e-16	0.599377	2.73722	2.51219	1.61661	615	0	0.0680832	0	20	20
0.00740255	0.000865709	1145.66	36.7275	1.26002e-16	0.578762	2.66964	2.51105	1.61661	615	0	0.0687031	0	20	20
0.00740367	0.000865656	1145.7	36.3736	1.08451e-16	0.558855	2.60372	2.50991	1.61661	615	0	0.0693065	0	20	20
0.0074048	0.000865604	1145.74	36.0223	9.33446e-17	0.539634	2.53944	2.50876	1.61661	615	0	0.0698937	0	20	20
0.00740594	0.000865552	1145.78	35.6737	8.03424e-17	0.521073	2.47674	2.50761	1.61661	615	0	0.070465	0	20	20
0.00740709	0.000865501	1145.83	35.3278	6.91514e-17	0.503151	2.41559	2.50644	1.61661	615	0	0.071021	0	20	20
0.00740824	0.00086545	1145.87	34.9846	5.95191e-17	0.485845	2.35595	2.50528	1.61661	615	0	0.071562	0	20	20
0.00740939	0.000865399	1145.92	34.644	5.12286e-17	0.469135	2.29778	2.5041	1.61661	615	0	0.0720883	0	20	20
0.00741056	0.000865348	1145.97	34.3061	4.40929e-17	0.452999	2.24105	2.50292	1.61661	615	0	0.0726003	0	20	20
0.00741173	0.000865298	1146.02	33.9708	3.79511e-17	0.437419	2.18571	2.50173	1.61661	615	0	0.0730984	0	20	20
0.00741291	0.000865248	1146.07	33.6381	3.26648e-17	0.422374	2.13175	2.50054	1.61661	615	0	0.0735829	0	20	20
0.00741409	0.000865197	1146.13	33.3081	2.81149e-17	0.407846	2.07912	2.49934	1.61661	615	0	0.0740542	0	20	20
0.00741529	0.000865146	1146.18	32.9806	2.41987e-17	0.393819	2.02778	2.49814	1.61661	615	0	0.0745125	0	20	20
0.00741648	0.000865096	1146.24	32.6558	2.0828e-17	0.380273	1.97772	2.49693	1.61661	615	0	0.0749582	0	20	20
0.00741769	0.000865045	1146.3	32.3336	1.79268e-17	0.367194	1.92889	2.49571	1.61661	615	0	0.0753916	0	20	20
0.0074189	0.000864994	1146.35	32.014	1.54298e-17	0.354565	1.88126	2.49449	1.61661	615	0	0.0758131	0	20	20
0.00742011	0.000864942	1146.41	31.697	1.32805e-17	0.342369	1.83481	2.49326	1.61661	615	0	0.0762229	0	20	20
0.00742134	0.00086489	1146.47	31.3825	1.14306e-17	0.330594	1.78951	2.49203	1.61661	615	0	0.0766212	0	20	20
0.00742257	0.000864838	1146.53	31.0706	9.83845e-18	0.319223	1.74533	2.49079	1.61661	615	0	0.0770085	0	20	20
0.0074238	0.000864785	1146.59	30.7613	8.46803e-18	0.308244	1.70224	2.48955	1.61661	615	0	0.0773849	0	20	20
0.00742504	0.000864732	1146.65	30.4544	7.2885e-18	0.297642	1.66021	2.4883	1.61661	615	0	0.0777508	0	20	20
0.00742629	0.000864678	1146.72	30.1502	6.27327e-18	0.287404	1.61922	2.48705	1.61661	615	0	0.0781065	0	20	20
0.00742754	0.000864624	1146.78	29.8484	5.39946e-18	0.277519	1.57924	2.48579	1.61661	615	0	0.078452	0	20	20
0.0074288	0.000864569	1146.84	29.5492	4.64735e-18	0.267974	1.54025	2.48453	1.61661	615	0	0.0787879	0	20	20
0.00743006	0.000864513	1146.9	29.2525	4.00001e-18	0.258757	1.50222	2.48326	1.61661	615	0	0.0791142	0	20	20
0.00743133	0.000864457	1146.97	28.9582	3.44284e-18	0.249857	1.46513	2.48199	1.61661	615	0	0.0794313	0	20	20
0.0074326	0.0008644	1147.03	28.6664	2.96328e-18	0.241264	1.42895	2.48072	1.61661	615	0	0.0797393	0	20	20
0.00743388	0.000864342	1147.09	28.3771	2.55052e-18	0.232966	1.39367	2.47944	1.61661	615	0	0.0800385	0	20	20
0.00743516	0.000864284	1147.15	28.0903	2.19525e-18	0.224953	1.35926	2.47815	1.61661	615	0	0.0803291	0	20	20
0.00743645	0.000864225	1147.22	27.8059	1.88947e-18	0.217216	1.3257	2.47687	1.61661	615	0	0.0806114	0	20	20
0.00743775	0.000864165	1147.28	27.5239	1.62628e-18	0.209745	1.29297	2.47558	1.61661	615	0	0.0808856	0	20	20
0.00743904	0.000864104	1147.34	27.2444	1.39976e-18	0.202531	1.26105	2.47428	1.61661	615	0	0.0811519	0	20	20
0.00744035	0.000864043	1147.41	26.9673	1.20478e-18	0.195565	1.22991	2.47298	1.61661	615	0	0.0814104	0	20	20
0.00744165	0.000863981	1147.47	26.6925	1.03696e-18	0.188838	1.19955	2.47168	1.61661	615	0	0.0816614	0	20	20
0.00744296	0.000863918	1147.53	26.4202	8.92524e-19	0.182343	1.16993	2.47037	1.61661	615	0	0.0819052	0	20	20
0.00744428	0.000863854	1147.59	26.1502	7.68203e-19	0.176072	1.14104	2.46907	1.61661	615	0	0.0821418	0	20	20
0.0074456	0.00086379	1147.66	25.8826	6.61198e-19	0.170016	1.11287	2.46775	1.61661	615	0	0.0823714	0	20	20
0.00744692	0.000863724	1147.72	25.6173	5.69098e-19	0.164168	1.08539	2.46644	1.61661	615	0	0.0825943	0	20	20
0.00744824	0.000863658	1147.78	25.3544	4.89828e-19	0.158522	1.05859	2.46512	1.61661	615	0	0.0828107	0	20	20
0.00744957	0.000863591	1147.84	25.0938	4.21598e-19	0.153069	1.03246	2.4638	1.61661	615	0	0.0830207	0	20	20
0.00745091	0.000863523	1147.9	24.8355	3.62873e-19	0.147805	1.00697	2.46248	1.61661	615	0	0.0832244	0	20	20
0.00745225	0.000863454	1147.96	24.5795	3.12328e-19	0.142721	0.982105	2.46115	1.61661	615	0	0.0834221	0	20	20
0.00745359	0.000863384	1148.02	24.3258	2.68823e-19	0.137812	0.957856	2.45983	1.61661	615	0	0.0836139	0	20	20
0.00745493	0.000863314	1148.08	24.0743	2.31378e-19	0.133072	0.934207	2.4585	1.61661	615	0	0.0837999	0	20	20
0.00745628	0.000863243	1148.14	23.8251	1.99149e-19	0.128495	0.911141	2.45716	1.61661	615	0	0.0839804	0	20	20
0.00745763	0.000863171	1148.2	23.5782	1.71409e-19	0.124076	0.888645	2.45583	1.61661	615	0	0.0841555	0	20	20
0.00745898	0.000863098	1148.26	23.3335	1.47533e-19	0.119808	0.866704	2.45449	1.61661	615	0	0.0843253	0	20	20
0.00746033	0.000863024	1148.32	23.091	1.26983e-19	0.115687	0.845305	2.45316	1.61661	615	0	0.0844899	0	20	20
0.00746169	0.000862949	1148.37	22.8507	1.09295e-19	0.111708	0.824435	2.45182	1.61661	615	0	0.0846495	0	20	20
