0.00936804	
0.00729748	
0.00571845	
0.00493455	
0.00445889	
0.00412707	
0.00387052	
0.00366132	
0.00350081	
0.00340532	
0.00339927	
0.00351446	
0.00372119	
0.00399885	
0.00433952	
0.00474436	
0.00522043	
0.00577893	
0.00643432	
0.0072042	
0.0081094	
0.00917453	
0.0104285	
0.0119044	
0.0136358	
0.0156611	
0.018098	
0.0211393	
0.02503	
0.0299946	
0.039483	
0.0507662	
0.0554853	
0.0542746	
0.051086	
0.0478219	
0.0449671	
0.0425918	
0.0406611	
0.0391131	
0.0378833	
0.0369137	
0.0361547	
0.0355658	
0.0351136	
0.0347715	
0.0345179	
0.0343353	
0.0342098	
0.03413	
0.0340868	
0.0340729	
0.0340823	
0.0341271	
0.0342178	
0.0343473	
0.0345094	
0.0346983	
0.0349092	
0.0351375	
0.0353794	
0.0356315	
0.0358905	
0.0361539	
0.0364193	
0.0366845	
0.0369478	
0.0372076	
0.0374628	
0.037712	
0.0379546	
0.0381898	
0.0384169	
