0.00866572	0.000693067	1111.6	256.922	76.5	0	0	1.56526	1.61661	615	0	0.149389	0	20	20
0.0087443	0.000705722	1140.83	256.922	76.4694	19.7376	6.6515	1.52344	1.61661	615	0	-0.109344	0	20	20
0.00886438	0.000732073	1197.52	256.922	76.4339	57.8582	19.6271	1.46236	1.61661	615	0	-0.579474	0	20	20
0.00894749	0.000758756	1251.21	256.922	76.3927	94.6691	32.2828	1.42199	1.61661	615	0	-0.986213	0	20	20
0.00900386	0.000785621	1302.54	256.922	76.3448	130.206	44.6235	1.39545	1.61661	615	0	-1.34184	0	20	20
0.00904023	0.000812238	1351.35	256.922	76.2893	164.506	56.6541	1.37867	1.61661	615	0	-1.654	0	20	20
0.00906197	0.000838313	1397.64	256.922	76.2249	197.602	68.3799	1.36877	1.61661	615	0	-1.92896	0	20	20
0.00907315	0.000863683	1441.51	256.922	76.1502	229.53	79.8062	1.36372	1.61661	615	0	-2.17242	0	20	20
0.00907671	0.000888284	1483.16	256.922	76.0636	260.325	90.9384	1.36212	1.61661	615	0	-2.38936	0	20	20
0.0090748	0.000912115	1522.81	256.922	75.9633	290.022	101.782	1.36298	1.61661	615	0	-2.58398	0	20	20
0.0090689	0.000935205	1560.65	256.921	75.847	318.654	112.344	1.36564	1.61661	615	0	-2.75976	0	20	20
0.0090601	0.000957599	1596.89	256.921	75.7124	346.257	122.63	1.36962	1.61661	615	0	-2.91951	0	20	20
0.00904916	0.000979341	1631.7	256.921	75.5566	372.865	132.647	1.3746	1.61661	615	0	-3.0655	0	20	20
0.00903663	0.00100047	1665.2	256.921	75.3764	398.516	142.402	1.38032	1.61661	615	0	-3.19959	0	20	20
0.00902292	0.00102102	1697.49	256.921	75.1681	423.245	151.903	1.38662	1.61661	615	0	-3.32328	0	20	20
0.00900834	0.00104103	1728.67	256.92	74.9275	447.09	161.157	1.39337	1.61661	615	0	-3.43781	0	20	20
0.00899311	0.00106051	1758.81	256.92	74.6499	470.088	170.175	1.40046	1.61661	615	0	-3.54422	0	20	20
0.00897739	0.00107948	1787.95	256.92	74.33	492.28	178.964	1.40783	1.61661	615	0	-3.6434	0	20	20
0.00896131	0.00109797	1816.15	256.92	73.9617	513.705	187.536	1.41542	1.61661	615	0	-3.73611	0	20	20
0.00894498	0.00111599	1843.45	256.919	73.5383	534.406	195.9	1.42319	1.61661	615	0	-3.82302	0	20	20
0.00892846	0.00113356	1869.9	256.919	73.0526	554.425	204.067	1.4311	1.61661	615	0	-3.90472	0	20	20
0.0089118	0.0011507	1895.52	256.919	72.4961	573.804	212.05	1.43914	1.61661	615	0	-3.98174	0	20	20
0.00889505	0.00116744	1920.37	256.918	71.8602	592.589	219.859	1.44729	1.61661	615	0	-4.05455	0	20	20
0.00887823	0.00118379	1944.48	256.918	71.1353	610.823	227.509	1.45553	1.61661	615	0	-4.12357	0	20	20
0.00886135	0.00119978	1967.89	256.917	70.3111	628.55	235.01	1.46386	1.61661	615	0	-4.18918	0	20	20
0.00884442	0.00121544	1990.63	256.917	69.3773	645.812	242.374	1.47229	1.61661	615	0	-4.25172	0	20	20
0.00882744	0.00123077	2012.74	256.916	68.323	662.647	249.614	1.4808	1.61661	615	0	-4.31151	0	20	20
0.00881043	0.00124581	2034.25	256.916	67.1377	679.09	256.738	1.48939	1.61661	615	0	-4.36879	0	20	20
0.00879337	0.00126057	2055.18	256.915	65.8111	695.171	263.755	1.49807	1.61661	615	0	-4.42381	0	20	20
0.00877629	0.00127505	2075.55	256.914	64.3342	710.909	270.67	1.50684	1.61661	615	0	-4.47672	0	20	20
0.00875919	0.00128925	2095.35	256.913	62.6995	726.317	277.485	1.51568	1.61661	615	0	-4.52769	0	20	20
0.00874211	0.00130318	2114.58	256.913	60.9015	741.391	284.199	1.52459	1.61661	615	0	-4.57678	0	20	20
0.00872507	0.00131679	2133.21	256.912	58.9379	756.117	290.805	1.53353	1.61661	615	0	-4.62405	0	20	20
0.00870814	0.00133007	2151.18	256.911	56.8097	770.461	297.29	1.5425	1.61661	615	0	-4.66947	0	20	20
0.00869138	0.00134296	2168.45	256.909	54.5225	784.375	303.636	1.55144	1.61661	615	0	-4.713	0	20	20
0.00867489	0.0013554	2184.92	256.908	52.086	797.791	309.819	1.5603	1.61661	615	0	-4.75452	0	20	20
0.00865877	0.0013673	2200.49	256.907	49.5151	810.627	315.81	1.56903	1.61661	615	0	-4.79388	0	20	20
0.00864315	0.00137859	2215.06	256.905	46.8297	822.787	321.573	1.57755	1.61661	615	0	-4.8309	0	20	20
0.00862816	0.00138916	2228.51	256.904	44.0538	834.162	327.07	1.58579	1.61661	615	0	-4.86537	0	20	20
0.00861393	0.00139891	2240.69	256.902	41.2153	844.643	332.261	1.59366	1.61661	615	0	-4.89707	0	20	20
0.00860061	0.00140774	2251.51	256.9	38.3448	854.116	337.104	1.60108	1.61661	615	0	-4.92579	0	20	20
0.00858834	0.00141555	2260.83	256.898	35.4743	862.477	341.562	1.60795	1.61661	615	0	-4.95132	0	20	20
0.00857722	0.00142226	2268.58	256.896	32.6358	869.633	345.6	1.61421	1.61661	615	0	-4.97349	0	20	20
0.00856737	0.0014278	2274.66	256.893	29.8599	875.511	349.188	1.61979	1.61661	615	0	-4.99216	0	20	20
0.00855885	0.00143213	2279.04	256.89	27.1745	880.056	352.305	1.62463	1.61661	615	0	-5.00724	0	20	20
0.00855173	0.00143522	2281.7	256.887	24.6037	883.24	354.937	1.62869	1.61661	615	0	-5.01867	0	20	20
0.00854604	0.00143705	2282.64	256.884	22.1672	885.058	357.078	1.63195	1.61661	615	0	-5.02645	0	20	20
0.00854176	0.00143766	2281.9	256.881	19.8799	885.529	358.731	1.6344	1.61661	615	0	-5.03064	0	20	20
0.00853791	0.00143721	2279.55	256.877	17.7517	884.693	359.907	1.63661	1.61661	615	0	-5.02513	0	20	20
0.00853446	0.00143576	2275.67	256.872	15.7881	882.608	360.621	1.6386	1.61661	615	0	-5.01039	0	20	20
0.00853138	0.00143337	2270.37	256.868	13.9901	879.347	360.894	1.64037	1.61661	615	0	-4.98701	0	20	20
0.00852866	0.00143012	2263.75	256.863	12.3554	874.992	360.753	1.64194	1.61661	615	0	-4.95566	0	20	20
0.00852625	0.00142607	2255.93	256.857	10.8785	869.633	360.224	1.64334	1.61661	615	0	-4.91708	0	20	20
0.00852413	0.00142129	2247.01	256.851	9.55195	863.36	359.336	1.64456	1.61661	615	0	-4.87197	0	20	20
0.00852227	0.00141586	2237.12	256.845	8.36659	856.266	358.119	1.64564	1.61661	615	0	-4.82107	0	20	20
0.00852064	0.00140984	2226.35	256.838	7.31231	848.44	356.601	1.64658	1.61661	615	0	-4.76506	0	20	20
0.00851921	0.00140331	2214.81	256.83	6.37848	839.965	354.81	1.64741	1.61661	615	0	-4.70462	0	20	20
0.00851797	0.00139631	2202.6	256.822	5.55436	830.923	352.772	1.64813	1.61661	615	0	-4.64036	0	20	20
0.00851689	0.00138891	2189.79	256.812	4.8294	821.386	350.511	1.64876	1.61661	615	0	-4.57284	0	20	20
0.00851595	0.00138116	2176.47	256.802	4.19349	811.42	348.05	1.64931	1.61661	615	0	-4.50256	0	20	20
0.00851513	0.00137311	2162.71	256.791	3.63707	801.086	345.409	1.64978	1.61661	615	0	-4.43	0	20	20
0.00851441	0.00136478	2148.56	256.779	3.15127	790.437	342.606	1.6502	1.61661	615	0	-4.35555	0	20	20
0.00851379	0.00135623	2134.09	256.766	2.72794	779.521	339.658	1.65056	1.61661	615	0	-4.27957	0	20	20
0.00851325	0.00134748	2119.34	256.752	2.35965	768.379	336.579	1.65087	1.61661	615	0	-4.20238	0	20	20
0.00851278	0.00133857	2104.35	256.736	2.03971	757.049	333.382	1.65115	1.61661	615	0	-4.12425	0	20	20
0.00851238	0.0013295	2089.17	256.719	1.76213	745.563	330.08	1.65138	1.61661	615	0	-4.04542	0	20	20
0.00851203	0.00132031	2073.82	256.701	1.52155	733.948	326.682	1.65159	1.61661	615	0	-3.96609	0	20	20
0.00851173	0.00131102	2058.33	256.681	1.31324	722.23	323.197	1.65176	1.61661	615	0	-3.88645	0	20	20
0.00851147	0.00130164	2042.74	256.659	1.13301	710.429	319.633	1.65191	1.61661	615	0	-3.80665	0	20	20
0.00851126	0.00129219	2027.05	256.635	0.977206	698.564	315.999	1.65203	1.61661	615	0	-3.72683	0	20	20
0.00851109	0.00128267	2011.29	256.609	0.842585	686.651	312.3	1.65213	1.61661	615	0	-3.64709	0	20	20
0.00851095	0.0012731	1995.48	256.58	0.726331	674.705	308.542	1.65221	1.61661	615	0	-3.56755	0	20	20
0.00851086	0.0012635	1979.63	256.549	0.625985	662.737	304.73	1.65227	1.61661	615	0	-3.48829	0	20	20
0.0085108	0.00125386	1963.76	256.515	0.539403	650.76	300.87	1.6523	1.61661	615	0	-3.40938	0	20	20
0.00851077	0.0012442	1947.87	256.478	0.464724	638.782	296.966	1.65232	1.61661	615	0	-3.3309	0	20	20
0.00851078	0.00123452	1931.99	256.438	0.400329	626.814	293.021	1.65231	1.61661	615	0	-3.2529	0	20	20
0.00851083	0.00122484	1916.11	256.394	0.344818	614.862	289.041	1.65228	1.61661	615	0	-3.17545	0	20	20
0.00851092	0.00121515	1900.26	256.346	0.296973	602.934	285.027	1.65223	1.61661	615	0	-3.09857	0	20	20
0.00851105	0.00120546	1884.44	256.293	0.255745	591.036	280.984	1.65215	1.61661	615	0	-3.02233	0	20	20
0.00851123	0.00119578	1868.65	256.236	0.220224	579.176	276.914	1.65205	1.61661	615	0	-2.94676	0	20	20
0.00851144	0.00118612	1852.91	256.174	0.189625	567.358	272.822	1.65192	1.61661	615	0	-2.87189	0	20	20
0.00851171	0.00117647	1837.23	256.106	0.163268	555.589	268.709	1.65177	1.61661	615	0	-2.79776	0	20	20
0.00851203	0.00116685	1821.61	256.032	0.140567	543.873	264.579	1.65159	1.61661	615	0	-2.7244	0	20	20
0.0085124	0.00115725	1806.06	255.951	0.121018	532.216	260.434	1.65137	1.61661	615	0	-2.65183	0	20	20
0.00851282	0.00114769	1790.59	255.863	0.104184	520.623	256.277	1.65112	1.61661	615	0	-2.58008	0	20	20
0.00851331	0.00113816	1775.2	255.768	0.0896893	509.098	252.111	1.65084	1.61661	615	0	-2.50919	0	20	20
0.00851386	0.00112868	1759.9	255.663	0.0772089	497.646	247.938	1.65052	1.61661	615	0	-2.43916	0	20	20
0.00851447	0.00111924	1744.71	255.549	0.0664636	486.272	243.762	1.65016	1.61661	615	0	-2.37002	0	20	20
0.00851515	0.00110985	1729.62	255.425	0.0572127	474.98	239.583	1.64977	1.61661	615	0	-2.3018	0	20	20
0.0085159	0.00110052	1714.64	255.29	0.0492485	463.775	235.406	1.64933	1.61661	615	0	-2.2345	0	20	20
0.00851673	0.00109125	1699.78	255.142	0.0423924	452.661	231.232	1.64885	1.61661	615	0	-2.16816	0	20	20
0.00851763	0.00108204	1685.05	254.982	0.0364903	441.642	227.064	1.64833	1.61661	615	0	-2.10278	0	20	20
0.00851862	0.00107289	1670.46	254.807	0.0314096	430.723	222.905	1.64776	1.61661	615	0	-2.03838	0	20	20
0.00851968	0.00106382	1656	254.616	0.027036	419.908	218.756	1.64714	1.61661	615	0	-1.97497	0	20	20
0.00852083	0.00105483	1641.69	254.409	0.0232712	409.202	214.62	1.64647	1.61661	615	0	-1.91257	0	20	20
0.00852207	0.00104591	1627.53	254.183	0.0200306	398.608	210.5	1.64575	1.61661	615	0	-1.8512	0	20	20
0.0085234	0.00103708	1613.53	253.936	0.0172411	388.13	206.398	1.64498	1.61661	615	0	-1.79085	0	20	20
0.00852482	0.00102834	1599.69	253.668	0.01484	377.774	202.316	1.64416	1.61661	615	0	-1.73154	0	20	20
0.00852634	0.00101969	1586.03	253.377	0.0127733	367.543	198.256	1.64328	1.61661	615	0	-1.67329	0	20	20
0.00852794	0.00101114	1572.53	253.059	0.0109943	357.44	194.221	1.64235	1.61661	615	0	-1.61608	0	20	20
0.00852965	0.00100269	1559.22	252.714	0.00946308	347.471	190.213	1.64137	1.61661	615	0	-1.55995	0	20	20
0.00853144	0.000994339	1546.09	252.338	0.00814509	337.638	186.235	1.64034	1.61661	615	0	-1.50488	0	20	20
0.00853333	0.000986098	1533.15	251.929	0.00701065	327.947	182.287	1.63925	1.61661	615	0	-1.45088	0	20	20
0.00853532	0.000977968	1520.41	251.485	0.0060342	318.4	178.374	1.6381	1.61661	615	0	-1.39795	0	20	20
0.00853739	0.000969953	1507.86	251.002	0.00519374	309.002	174.496	1.63691	1.61661	615	0	-1.34611	0	20	20
0.00853955	0.000962055	1495.52	250.478	0.00447034	299.757	170.656	1.63567	1.61661	615	0	-1.29534	0	20	20
0.0085418	0.000954279	1483.38	249.908	0.00384768	290.668	166.856	1.63438	1.61661	615	0	-1.24565	0	20	20
0.00854412	0.000946627	1471.45	249.29	0.00331176	281.738	163.098	1.63304	1.61661	615	0	-1.19704	0	20	20
0.00854652	0.000939103	1459.73	248.618	0.00285047	272.973	159.385	1.63167	1.61661	615	0	-1.14951	0	20	20
0.00854899	0.00093171	1448.23	247.89	0.00245344	264.375	155.717	1.63025	1.61661	615	0	-1.10305	0	20	20
0.00855152	0.000924449	1436.94	247.101	0.0021117	255.949	152.099	1.62881	1.61661	615	0	-1.05767	0	20	20
0.0085541	0.000917326	1425.87	246.245	0.00181757	247.698	148.53	1.62734	1.61661	615	0	-1.01336	0	20	20
0.00855671	0.000910341	1415.01	245.318	0.0015644	239.625	145.015	1.62585	1.61661	615	0	-0.970113	0	20	20
0.00855935	0.000903498	1404.38	244.315	0.00134649	231.736	141.554	1.62434	1.61661	615	0	-0.927934	0	20	20
0.008562	0.0008968	1393.97	243.231	0.00115894	224.034	138.15	1.62284	1.61661	615	0	-0.88682	0	20	20
0.00856464	0.00089025	1383.78	242.058	0.000997512	216.524	134.805	1.62133	1.61661	615	0	-0.846768	0	20	20
0.00856725	0.000883851	1373.82	240.792	0.000858568	209.21	131.522	1.61985	1.61661	615	0	-0.807779	0	20	20
0.00856982	0.000877605	1364.08	239.426	0.000738977	202.096	128.302	1.6184	1.61661	615	0	-0.769852	0	20	20
0.0085723	0.000871517	1354.56	237.953	0.000636045	195.189	125.149	1.61699	1.61661	615	0	-0.732991	0	20	20
0.00857468	0.00086559	1345.27	236.367	0.000547449	188.492	122.065	1.61564	1.61661	615	0	-0.697198	0	20	20
0.00857693	0.000859828	1336.2	234.661	0.000471194	182.012	119.052	1.61438	1.61661	615	0	-0.662479	0	20	20
0.008579	0.000854232	1327.36	232.828	0.000405561	175.752	116.113	1.6132	1.61661	615	0	-0.628825	0	20	20
0.00858089	0.000848797	1318.72	230.86	0.00034907	169.707	113.246	1.61214	1.61661	615	0	-0.596193	0	20	20
0.00858257	0.000843513	1310.28	228.751	0.000300448	163.87	110.45	1.61119	1.61661	615	0	-0.564526	0	20	20
0.00858403	0.000838371	1302.01	226.494	0.000258598	158.234	107.723	1.61037	1.61661	615	0	-0.533775	0	20	20
0.00858526	0.000833364	1293.9	224.082	0.000222577	152.791	105.063	1.60968	1.61661	615	0	-0.503891	0	20	20
0.00858624	0.000828482	1285.93	221.509	0.000191574	147.536	102.469	1.60913	1.61661	615	0	-0.474834	0	20	20
0.00858697	0.000823717	1278.09	218.768	0.000164889	142.462	99.9394	1.60872	1.61661	615	0	-0.446567	0	20	20
0.00858742	0.000819063	1270.36	215.855	0.000141922	137.562	97.4718	1.60847	1.61661	615	0	-0.419058	0	20	20
0.00858759	0.00081451	1262.74	212.764	0.000122153	132.83	95.0653	1.60837	1.61661	615	0	-0.392282	0	20	20
0.00858748	0.000810051	1255.2	209.492	0.000105138	128.262	92.7181	1.60843	1.61661	615	0	-0.366216	0	20	20
0.00858708	0.000805681	1247.74	206.035	9.04933e-05	123.85	90.4289	1.60866	1.61661	615	0	-0.340847	0	20	20
0.0085864	0.000801392	1240.34	202.392	7.78883e-05	119.591	88.1962	1.60904	1.61661	615	0	-0.316162	0	20	20
0.00858543	0.000797178	1233	198.562	6.70391e-05	115.477	86.0186	1.60958	1.61661	615	0	-0.292156	0	20	20
0.00858419	0.000793033	1225.71	194.546	5.77011e-05	111.505	83.8948	1.61028	1.61661	615	0	-0.268829	0	20	20
0.0085827	0.000788953	1218.47	190.346	4.96638e-05	107.67	81.8234	1.61112	1.61661	615	0	-0.246184	0	20	20
0.00858097	0.000784932	1211.27	185.967	4.2746e-05	103.967	79.8032	1.6121	1.61661	615	0	-0.224229	0	20	20
0.00857902	0.000780966	1204.1	181.413	3.67919e-05	100.391	77.8329	1.61319	1.61661	615	0	-0.202976	0	20	20
0.0085769	0.000777051	1196.98	176.694	3.1667e-05	96.9382	75.9112	1.61439	1.61661	615	0	-0.182439	0	20	20
0.00857464	0.000773185	1189.89	171.818	2.72561e-05	93.6041	74.0369	1.61567	1.61661	615	0	-0.162634	0	20	20
0.00857229	0.000769363	1182.85	166.796	2.34595e-05	90.3846	72.2089	1.617	1.61661	615	0	-0.14358	0	20	20
0.00856989	0.000765585	1175.85	161.643	2.01918e-05	87.2759	70.4261	1.61835	1.61661	615	0	-0.125296	0	20	20
0.00856752	0.000761848	1168.92	156.373	1.73792e-05	84.274	68.6873	1.6197	1.61661	615	0	-0.107799	0	20	20
0.00856524	0.000758151	1162.04	151.002	1.49585e-05	81.3755	66.9914	1.62099	1.61661	615	0	-0.091106	0	20	20
0.00856312	0.000754494	1155.24	145.549	1.28749e-05	78.5766	65.3373	1.6222	1.61661	615	0	-0.0752319	0	20	20
0.00856123	0.000750875	1148.53	140.032	1.10815e-05	75.874	63.7241	1.62327	1.61661	615	0	-0.0601879	0	20	20
0.00855967	0.000747296	1141.92	134.472	9.53793e-06	73.2643	62.1508	1.62416	1.61661	615	0	-0.0459817	0	20	20
0.00855851	0.000743755	1135.42	128.89	8.20938e-06	70.7444	60.6163	1.62482	1.61661	615	0	-0.0326161	0	20	20
0.0085501	0.000740875	1129.05	123.305	7.06588e-06	68.3112	59.1197	1.62962	1.61661	615	0	-0.0159516	0	20	20
0.00854209	0.000738053	1122.83	117.74	6.08166e-06	65.9617	57.66	1.63421	1.61661	615	0	-0.000625633	0	20	20
0.00853618	0.00073516	1116.78	112.216	5.23453e-06	63.6929	56.2364	1.63761	1.61661	615	0	0.0127043	0	20	20
0.00853261	0.000732188	1110.91	106.751	4.5054e-06	61.5023	54.8479	1.63966	1.61661	615	0	0.0242103	0	20	20
0.00853168	0.000729191	1105.34	101.367	3.87783e-06	59.3869	53.4937	1.6402	1.61661	615	0	0.0340282	0	20	20
0.00853354	0.000726236	1100.2	96.0801	3.33768e-06	57.3443	52.1729	1.63913	1.61661	615	0	0.0423249	0	20	20
0.0085382	0.000723345	1095.51	90.9079	2.87277e-06	55.372	50.8848	1.63644	1.61661	615	0	0.049314	0	20	20
0.0085456	0.000720552	1091.32	85.8656	2.47262e-06	53.4675	49.6284	1.6322	1.61661	615	0	0.0552021	0	20	20
0.00855553	0.000717896	1087.66	80.9665	2.1282e-06	51.6285	48.4031	1.62652	1.61661	615	0	0.0601859	0	20	20
0.00856772	0.000715422	1084.58	76.2224	1.83176e-06	49.8528	47.208	1.61959	1.61661	615	0	0.0644489	0	20	20
0.00858181	0.000713175	1082.09	71.6431	1.57661e-06	48.1381	46.0424	1.61162	1.61661	615	0	0.0681578	0	20	20
0.0085974	0.000711199	1080.22	67.2365	1.357e-06	46.4824	44.9056	1.60287	1.61661	615	0	0.0714592	0	20	20
0.00861407	0.000709532	1078.99	63.0088	1.16798e-06	44.8837	43.7969	1.59358	1.61661	615	0	0.0744777	0	20	20
0.00863142	0.000708206	1078.38	58.9643	1.00529e-06	43.3399	42.7156	1.58399	1.61661	615	0	0.0773149	0	20	20
0.0086491	0.000707243	1078.41	55.1056	8.65262e-07	41.8492	41.6609	1.5743	1.61661	615	0	0.0800497	0	20	20
0.00866679	0.000706656	1079.05	51.4339	7.44738e-07	40.4099	40.6323	1.56468	1.61661	615	0	0.0827405	0	20	20
0.00868425	0.00070645	1080.29	47.9486	6.41002e-07	39.02	39.6291	1.55526	1.61661	615	0	0.0854279	0	20	20
0.0087013	0.000706623	1082.1	44.6482	5.51715e-07	37.6779	38.6507	1.54613	1.61661	615	0	0.0881376	0	20	20
0.00871782	0.000707166	1084.47	41.5299	4.74866e-07	36.382	37.6964	1.53736	1.61661	615	0	0.0908844	0	20	20
0.00873371	0.000708067	1087.36	38.5897	4.08721e-07	35.1306	36.7656	1.52899	1.61661	615	0	0.0936742	0	20	20
0.00874892	0.000709309	1090.74	35.8231	3.51789e-07	33.9223	35.8579	1.52102	1.61661	615	0	0.0965075	0	20	20
0.00876345	0.000710874	1094.58	33.2246	3.02788e-07	32.7556	34.9726	1.51347	1.61661	615	0	0.0993808	0	20	20
0.00877728	0.000712743	1098.86	30.7884	2.60612e-07	31.629	34.1091	1.50633	1.61661	615	0	0.102288	0	20	20
0.00879043	0.000714896	1103.54	28.5081	2.24311e-07	30.5411	33.2669	1.49958	1.61661	615	0	0.105224	0	20	20
0.00880292	0.000717312	1108.6	26.3769	1.93066e-07	29.4907	32.4456	1.49321	1.61661	615	0	0.108179	0	20	20
0.00881476	0.000719973	1114	24.3881	1.66173e-07	28.4763	31.6445	1.4872	1.61661	615	0	0.111148	0	20	20
0.008826	0.00072286	1119.72	22.5345	1.43027e-07	27.4969	30.8632	1.48152	1.61661	615	0	0.114124	0	20	20
0.00883665	0.000725954	1125.74	20.8092	1.23104e-07	26.5512	30.1012	1.47617	1.61661	615	0	0.117099	0	20	20
0.00884675	0.000729238	1132.02	19.2052	1.05957e-07	25.638	29.358	1.47112	1.61661	615	0	0.120069	0	20	20
0.00885632	0.000732696	1138.55	17.7156	9.11979e-08	24.7561	28.6331	1.46636	1.61661	615	0	0.123028	0	20	20
0.00886539	0.000736312	1145.3	16.3335	7.84948e-08	23.9047	27.9262	1.46186	1.61661	615	0	0.125971	0	20	20
0.00887398	0.000740072	1152.25	15.0525	6.75611e-08	23.0825	27.2367	1.45762	1.61661	615	0	0.128894	0	20	20
0.00888211	0.000743961	1159.38	13.8662	5.81504e-08	22.2886	26.5642	1.45362	1.61661	615	0	0.131794	0	20	20
0.00888982	0.000747967	1166.67	12.7684	5.00505e-08	21.522	25.9083	1.44985	1.61661	615	0	0.134666	0	20	20
0.00889711	0.000752077	1174.1	11.7534	4.30789e-08	20.7817	25.2686	1.44628	1.61661	615	0	0.137508	0	20	20
0.00890401	0.000756281	1181.66	10.8154	3.70783e-08	20.0669	24.6447	1.44292	1.61661	615	0	0.140317	0	20	20
0.00891054	0.000760566	1189.33	9.94928	3.19136e-08	19.3767	24.0363	1.43975	1.61661	615	0	0.143091	0	20	20
0.00891672	0.000764923	1197.09	9.14994	2.74683e-08	18.7103	23.4428	1.43676	1.61661	615	0	0.145827	0	20	20
0.00892256	0.000769342	1204.94	8.41262	2.36422e-08	18.0668	22.864	1.43394	1.61661	615	0	0.148523	0	20	20
0.00892809	0.000773815	1212.85	7.73287	2.0349e-08	17.4454	22.2995	1.43128	1.61661	615	0	0.151178	0	20	20
0.00893331	0.000778333	1220.81	7.10647	1.75146e-08	16.8453	21.7489	1.42877	1.61661	615	0	0.15379	0	20	20
0.00893825	0.000782888	1228.81	6.52948	1.50749e-08	16.2659	21.2119	1.42641	1.61661	615	0	0.156358	0	20	20
0.00894291	0.000787473	1236.85	5.99821	1.29751e-08	15.7065	20.6882	1.42418	1.61661	615	0	0.158881	0	20	20
0.00894732	0.000792082	1244.9	5.50922	1.11678e-08	15.1663	20.1774	1.42207	1.61661	615	0	0.161358	0	20	20
0.00895148	0.000796708	1252.97	5.05929	9.61219e-09	14.6446	19.6792	1.42009	1.61661	615	0	0.163788	0	20	20
0.00895541	0.000801344	1261.04	4.64543	8.27329e-09	14.1409	19.1933	1.41822	1.61661	615	0	0.166171	0	20	20
0.00895912	0.000805987	1269.1	4.26485	7.12089e-09	13.6546	18.7195	1.41646	1.61661	615	0	0.168506	0	20	20
0.00896262	0.00081063	1277.15	3.91496	6.129e-09	13.1849	18.2573	1.4148	1.61661	615	0	0.170793	0	20	20
0.00896592	0.000815269	1285.18	3.59337	5.27528e-09	12.7314	17.8065	1.41324	1.61661	615	0	0.173032	0	20	20
0.00896904	0.000819899	1293.18	3.29785	4.54048e-09	12.2935	17.3669	1.41176	1.61661	615	0	0.175223	0	20	20
0.00897198	0.000824517	1301.15	3.02635	3.90803e-09	11.8707	16.9381	1.41038	1.61661	615	0	0.177366	0	20	20
0.00897476	0.000829118	1309.08	2.77695	3.36367e-09	11.4624	16.5199	1.40907	1.61661	615	0	0.179461	0	20	20
0.00897738	0.000833699	1316.96	2.5479	2.89514e-09	11.0682	16.112	1.40784	1.61661	615	0	0.181508	0	20	20
0.00897985	0.000838258	1324.8	2.33757	2.49187e-09	10.6875	15.7142	1.40667	1.61661	615	0	0.183508	0	20	20
0.00898218	0.00084279	1332.59	2.14445	2.14477e-09	10.3199	15.3262	1.40558	1.61661	615	0	0.185461	0	20	20
0.00898437	0.000847294	1340.31	1.96717	1.84602e-09	9.96495	14.9478	1.40455	1.61661	615	0	0.187367	0	20	20
0.00898645	0.000851767	1347.98	1.80443	1.58888e-09	9.62221	14.5787	1.40358	1.61661	615	0	0.189227	0	20	20
0.0089884	0.000856207	1355.58	1.65508	1.36757e-09	9.29126	14.2188	1.40266	1.61661	615	0	0.191042	0	20	20
0.00899025	0.000860611	1363.12	1.51801	1.17707e-09	8.97169	13.8677	1.4018	1.61661	615	0	0.192812	0	20	20
0.00899199	0.000864978	1370.59	1.39223	1.01312e-09	8.66311	13.5253	1.40098	1.61661	615	0	0.194539	0	20	20
0.00899363	0.000869305	1377.98	1.27682	8.71998e-10	8.36515	13.1914	1.40022	1.61661	615	0	0.196221	0	20	20
0.00899518	0.000873593	1385.31	1.17093	7.50536e-10	8.07743	12.8657	1.39949	1.61661	615	0	0.197861	0	20	20
0.00899664	0.000877838	1392.55	1.07379	6.45992e-10	7.79961	12.548	1.39881	1.61661	615	0	0.199459	0	20	20
0.00899802	0.00088204	1399.72	0.984679	5.56011e-10	7.53135	12.2382	1.39817	1.61661	615	0	0.201016	0	20	20
0.00899932	0.000886198	1406.81	0.902934	4.78563e-10	7.27231	11.9361	1.39756	1.61661	615	0	0.202533	0	20	20
0.00900055	0.00089031	1413.82	0.827954	4.11903e-10	7.02218	11.6414	1.39699	1.61661	615	0	0.20401	0	20	20
0.00900172	0.000894376	1420.75	0.759182	3.54528e-10	6.78066	11.3539	1.39644	1.61661	615	0	0.205448	0	20	20
0.00900282	0.000898396	1427.59	0.696106	3.05145e-10	6.54744	11.0736	1.39593	1.61661	615	0	0.206848	0	20	20
0.00900386	0.000902368	1434.35	0.638258	2.62641e-10	6.32224	10.8002	1.39545	1.61661	615	0	0.208211	0	20	20
0.00900485	0.000906291	1441.03	0.585207	2.26057e-10	6.10479	10.5335	1.39499	1.61661	615	0	0.209538	0	20	20
0.00900579	0.000910166	1447.62	0.536555	1.94569e-10	5.89482	10.2735	1.39455	1.61661	615	0	0.210829	0	20	20
0.00900667	0.000913992	1454.13	0.491941	1.67467e-10	5.69207	10.0198	1.39414	1.61661	615	0	0.212086	0	20	20
0.00900751	0.000917769	1460.56	0.45103	1.4414e-10	5.49629	9.77241	1.39375	1.61661	615	0	0.213308	0	20	20
0.00900832	0.000921496	1466.89	0.413515	1.24063e-10	5.30725	9.53113	1.39338	1.61661	615	0	0.214498	0	20	20
0.00900908	0.000925173	1473.15	0.379116	1.06782e-10	5.12471	9.29581	1.39303	1.61661	615	0	0.215655	0	20	20
0.0090098	0.000928801	1479.31	0.347575	9.1908e-11	4.94845	9.06629	1.39269	1.61661	615	0	0.216781	0	20	20
0.00901049	0.000932378	1485.4	0.318655	7.91059e-11	4.77825	8.84245	1.39237	1.61661	615	0	0.217877	0	20	20
0.00901115	0.000935906	1491.39	0.292138	6.80871e-11	4.6139	8.62413	1.39206	1.61661	615	0	0.218942	0	20	20
0.00901179	0.000939384	1497.31	0.267826	5.86031e-11	4.45521	8.4112	1.39177	1.61661	615	0	0.219979	0	20	20
0.00901239	0.000942812	1503.14	0.245535	5.04402e-11	4.30197	8.20352	1.39149	1.61661	615	0	0.220987	0	20	20
0.00901297	0.000946191	1508.88	0.225098	4.34142e-11	4.15401	8.00098	1.39122	1.61661	615	0	0.221968	0	20	20
0.00901353	0.00094952	1514.54	0.20636	3.7367e-11	4.01113	7.80343	1.39096	1.61661	615	0	0.222921	0	20	20
0.00901407	0.000952801	1520.12	0.189181	3.21621e-11	3.87317	7.61076	1.39071	1.61661	615	0	0.223849	0	20	20
0.00901459	0.000956032	1525.62	0.173431	2.76821e-11	3.73996	7.42285	1.39047	1.61661	615	0	0.224751	0	20	20
0.00901509	0.000959215	1531.03	0.158992	2.38262e-11	3.61132	7.23958	1.39024	1.61661	615	0	0.225629	0	20	20
0.00901558	0.000962349	1536.36	0.145754	2.05074e-11	3.48711	7.06084	1.39002	1.61661	615	0	0.226483	0	20	20
0.00901605	0.000965436	1541.62	0.133617	1.76509e-11	3.36717	6.8865	1.3898	1.61661	615	0	0.227313	0	20	20
0.00901651	0.000968475	1546.79	0.122491	1.51923e-11	3.25136	6.71648	1.38958	1.61661	615	0	0.22812	0	20	20
0.00901696	0.000971467	1551.89	0.112291	1.30761e-11	3.13953	6.55065	1.38938	1.61661	615	0	0.228906	0	20	20
0.0090174	0.000974412	1556.9	0.10294	1.12547e-11	3.03155	6.38891	1.38917	1.61661	615	0	0.22967	0	20	20
0.00901783	0.000977311	1561.84	0.0943671	9.68703e-12	2.92728	6.23117	1.38897	1.61661	615	0	0.230413	0	20	20
0.00901825	0.000980165	1566.71	0.0865081	8.3377e-12	2.8266	6.07732	1.38878	1.61661	615	0	0.231137	0	20	20
0.00901867	0.000982973	1571.49	0.0793034	7.17633e-12	2.72938	5.92727	1.38859	1.61661	615	0	0.23184	0	20	20
0.00901908	0.000985736	1576.21	0.0726986	6.17672e-12	2.6355	5.78092	1.3884	1.61661	615	0	0.232525	0	20	20
0.00901948	0.000988455	1580.85	0.0666437	5.31635e-12	2.54486	5.63819	1.38821	1.61661	615	0	0.233191	0	20	20
0.00901989	0.00099113	1585.42	0.061093	4.57583e-12	2.45733	5.49899	1.38802	1.61661	615	0	0.233839	0	20	20
0.00902028	0.000993763	1589.91	0.0560045	3.93845e-12	2.37281	5.36321	1.38784	1.61661	615	0	0.234469	0	20	20
0.00902068	0.000996352	1594.34	0.0513398	3.38986e-12	2.2912	5.2308	1.38766	1.61661	615	0	0.235083	0	20	20
0.00902108	0.000998899	1598.69	0.0470635	2.91768e-12	2.21239	5.10165	1.38747	1.61661	615	0	0.23568	0	20	20
0.00902147	0.00100141	1602.98	0.0431433	2.51127e-12	2.1363	4.97569	1.38729	1.61661	615	0	0.236262	0	20	20
0.00902186	0.00100387	1607.2	0.0395496	2.16147e-12	2.06282	4.85284	1.38711	1.61661	615	0	0.236828	0	20	20
0.00902226	0.00100629	1611.35	0.0362552	1.86039e-12	1.99187	4.73302	1.38693	1.61661	615	0	0.237379	0	20	20
0.00902265	0.00100868	1615.44	0.0332352	1.60125e-12	1.92336	4.61616	1.38675	1.61661	615	0	0.237916	0	20	20
0.00902305	0.00101102	1619.46	0.0304668	1.37821e-12	1.85721	4.50219	1.38656	1.61661	615	0	0.238438	0	20	20
0.00902345	0.00101333	1623.42	0.0279289	1.18624e-12	1.79333	4.39103	1.38638	1.61661	615	0	0.238947	0	20	20
0.00902385	0.0010156	1627.31	0.0256024	1.02101e-12	1.73165	4.28261	1.3862	1.61661	615	0	0.239443	0	20	20
0.00902425	0.00101783	1631.15	0.0234697	8.78787e-13	1.67209	4.17688	1.38601	1.61661	615	0	0.239926	0	20	20
0.00902466	0.00102002	1634.92	0.0215146	7.56379e-13	1.61458	4.07375	1.38582	1.61661	615	0	0.240396	0	20	20
0.00902507	0.00102218	1638.64	0.0197224	6.51022e-13	1.55905	3.97317	1.38563	1.61661	615	0	0.240855	0	20	20
0.00902548	0.0010243	1642.29	0.0180794	5.60339e-13	1.50542	3.87507	1.38544	1.61661	615	0	0.241301	0	20	20
0.0090259	0.00102639	1645.89	0.0165733	4.82289e-13	1.45364	3.77939	1.38525	1.61661	615	0	0.241737	0	20	20
0.00902632	0.00102844	1649.43	0.0151927	4.1511e-13	1.40365	3.68608	1.38506	1.61661	615	0	0.242161	0	20	20
0.00902675	0.00103046	1652.91	0.0139271	3.57288e-13	1.35537	3.59507	1.38486	1.61661	615	0	0.242575	0	20	20
0.00902716	0.00103246	1656.37	0.0127669	3.07521e-13	1.30875	3.50631	1.38467	1.61661	615	0	0.242979	0	20	20
0.00902752	0.00103447	1659.83	0.0117033	2.64686e-13	1.26374	3.41974	1.3845	1.61661	615	0	0.243374	0	20	20
0.00902784	0.00103649	1663.3	0.0107284	2.27817e-13	1.22027	3.3353	1.38436	1.61661	615	0	0.243761	0	20	20
0.00902812	0.00103851	1666.78	0.00983465	1.96084e-13	1.1783	3.25295	1.38423	1.61661	615	0	0.244139	0	20	20
0.00902836	0.00104055	1670.26	0.00901536	1.68771e-13	1.13777	3.17264	1.38412	1.61661	615	0	0.244509	0	20	20
0.00902856	0.00104258	1673.74	0.00826432	1.45263e-13	1.09864	3.09431	1.38403	1.61661	615	0	0.244871	0	20	20
0.00902872	0.00104462	1677.22	0.00757585	1.25029e-13	1.06085	3.01791	1.38395	1.61661	615	0	0.245225	0	20	20
0.00902884	0.00104667	1680.71	0.00694473	1.07613e-13	1.02437	2.94339	1.3839	1.61661	615	0	0.245572	0	20	20
0.00902893	0.00104872	1684.19	0.00636619	9.26235e-14	0.989133	2.87072	1.38386	1.61661	615	0	0.245912	0	20	20
0.00902898	0.00105077	1687.68	0.00583584	7.97218e-14	0.955112	2.79984	1.38383	1.61661	615	0	0.246244	0	20	20
0.009029	0.00105282	1691.16	0.00534967	6.86172e-14	0.922262	2.73072	1.38382	1.61661	615	0	0.246569	0	20	20
0.00902899	0.00105487	1694.64	0.004904	5.90593e-14	0.890541	2.66329	1.38383	1.61661	615	0	0.246888	0	20	20
0.00902895	0.00105693	1698.11	0.00449546	5.08329e-14	0.859911	2.59754	1.38385	1.61661	615	0	0.2472	0	20	20
0.00902888	0.00105898	1701.58	0.00412095	4.37522e-14	0.830335	2.5334	1.38388	1.61661	615	0	0.247505	0	20	20
0.00902878	0.00106103	1705.04	0.00377764	3.76579e-14	0.801776	2.47085	1.38393	1.61661	615	0	0.247804	0	20	20
0.00902865	0.00106308	1708.5	0.00346294	3.24125e-14	0.774199	2.40985	1.38398	1.61661	615	0	0.248097	0	20	20
0.0090285	0.00106513	1711.95	0.00317445	2.78977e-14	0.747571	2.35035	1.38406	1.61661	615	0	0.248384	0	20	20
0.00902832	0.00106718	1715.39	0.00290999	2.40117e-14	0.721858	2.29232	1.38414	1.61661	615	0	0.248666	0	20	20
0.00902812	0.00106922	1718.82	0.00266756	2.06671e-14	0.69703	2.23572	1.38423	1.61661	615	0	0.248941	0	20	20
0.00902789	0.00107126	1722.24	0.00244533	1.77883e-14	0.673056	2.18052	1.38434	1.61661	615	0	0.249211	0	20	20
0.00902764	0.0010733	1725.66	0.00224161	1.53106e-14	0.649907	2.12668	1.38445	1.61661	615	0	0.249476	0	20	20
0.00902737	0.00107533	1729.06	0.00205487	1.31779e-14	0.627554	2.07418	1.38458	1.61661	615	0	0.249735	0	20	20
0.00902708	0.00107736	1732.44	0.00188368	1.13423e-14	0.605969	2.02296	1.38471	1.61661	615	0	0.249989	0	20	20
0.00902676	0.00107938	1735.82	0.00172675	9.76244e-15	0.585127	1.97302	1.38485	1.61661	615	0	0.250238	0	20	20
0.00902643	0.00108139	1739.18	0.0015829	8.40261e-15	0.565002	1.9243	1.38501	1.61661	615	0	0.250482	0	20	20
0.00902608	0.0010834	1742.53	0.00145103	7.2322e-15	0.545569	1.87679	1.38517	1.61661	615	0	0.250722	0	20	20
0.00902572	0.0010854	1745.86	0.00133015	6.22481e-15	0.526804	1.83045	1.38534	1.61661	615	0	0.250957	0	20	20
0.00902533	0.00108739	1749.18	0.00121933	5.35774e-15	0.508685	1.78526	1.38551	1.61661	615	0	0.251187	0	20	20
0.00902493	0.00108938	1752.48	0.00111775	4.61145e-15	0.491189	1.74118	1.3857	1.61661	615	0	0.251413	0	20	20
0.00902452	0.00109136	1755.77	0.00102463	3.96911e-15	0.474295	1.69819	1.38589	1.61661	615	0	0.251634	0	20	20
0.00902409	0.00109332	1759.04	0.000939274	3.41625e-15	0.457982	1.65626	1.38608	1.61661	615	0	0.251851	0	20	20
0.00902365	0.00109528	1762.29	0.000861024	2.94039e-15	0.44223	1.61537	1.38629	1.61661	615	0	0.252064	0	20	20
0.00902319	0.00109723	1765.52	0.000789293	2.53082e-15	0.427019	1.57549	1.3865	1.61661	615	0	0.252273	0	20	20
0.00902272	0.00109918	1768.74	0.000723538	2.1783e-15	0.412332	1.53659	1.38671	1.61661	615	0	0.252478	0	20	20
0.00902224	0.00110111	1771.94	0.000663261	1.87488e-15	0.39815	1.49865	1.38694	1.61661	615	0	0.252679	0	20	20
0.00902175	0.00110303	1775.12	0.000608005	1.61372e-15	0.384456	1.46165	1.38716	1.61661	615	0	0.252877	0	20	20
0.00902125	0.00110494	1778.28	0.000557353	1.38894e-15	0.371233	1.42556	1.38739	1.61661	615	0	0.25307	0	20	20
0.00902074	0.00110684	1781.41	0.00051092	1.19547e-15	0.358464	1.39036	1.38763	1.61661	615	0	0.25326	0	20	20
0.00902022	0.00110873	1784.53	0.000468356	1.02895e-15	0.346135	1.35603	1.38787	1.61661	615	0	0.253447	0	20	20
0.00901968	0.0011106	1787.63	0.000429338	8.85629e-16	0.33423	1.32255	1.38812	1.61661	615	0	0.25363	0	20	20
0.00901915	0.00111247	1790.71	0.00039357	7.62268e-16	0.322734	1.2899	1.38837	1.61661	615	0	0.253809	0	20	20
0.0090186	0.00111432	1793.76	0.000360782	6.5609e-16	0.311634	1.25805	1.38862	1.61661	615	0	0.253986	0	20	20
0.00901804	0.00111617	1796.8	0.000330726	5.64702e-16	0.300915	1.22699	1.38887	1.61661	615	0	0.254159	0	20	20
0.00901748	0.001118	1799.81	0.000303173	4.86043e-16	0.290566	1.1967	1.38913	1.61661	615	0	0.254329	0	20	20
0.00901691	0.00111981	1802.8	0.000277916	4.18342e-16	0.280572	1.16715	1.3894	1.61661	615	0	0.254496	0	20	20
0.00901634	0.00112162	1805.76	0.000254763	3.6007e-16	0.270921	1.13833	1.38966	1.61661	615	0	0.25466	0	20	20
0.00901576	0.00112341	1808.71	0.000233539	3.09915e-16	0.261603	1.11023	1.38993	1.61661	615	0	0.25482	0	20	20
0.00901518	0.00112519	1811.63	0.000214083	2.66746e-16	0.252606	1.08281	1.3902	1.61661	615	0	0.254978	0	20	20
0.00901459	0.00112695	1814.53	0.000196248	2.29591e-16	0.243917	1.05608	1.39047	1.61661	615	0	0.255134	0	20	20
0.00901399	0.0011287	1817.4	0.000179899	1.97611e-16	0.235528	1.03	1.39075	1.61661	615	0	0.255286	0	20	20
0.0090134	0.00113044	1820.25	0.000164912	1.70085e-16	0.227427	1.00457	1.39102	1.61661	615	0	0.255435	0	20	20
0.0090128	0.00113217	1823.08	0.000151173	1.46393e-16	0.219605	0.979771	1.3913	1.61661	615	0	0.255582	0	20	20
0.00901219	0.00113388	1825.89	0.000138579	1.26002e-16	0.212051	0.95558	1.39158	1.61661	615	0	0.255727	0	20	20
0.00901159	0.00113558	1828.66	0.000127034	1.08451e-16	0.204758	0.931987	1.39186	1.61661	615	0	0.255868	0	20	20
0.00901098	0.00113726	1831.42	0.000116451	9.33446e-17	0.197715	0.908976	1.39215	1.61661	615	0	0.256008	0	20	20
0.00901037	0.00113893	1834.15	0.00010675	8.03424e-17	0.190915	0.886533	1.39243	1.61661	615	0	0.256145	0	20	20
0.00900975	0.00114058	1836.86	9.78563e-05	6.91514e-17	0.184349	0.864645	1.39271	1.61661	615	0	0.256279	0	20	20
0.00900914	0.00114223	1839.54	8.9704e-05	5.95191e-17	0.178008	0.843297	1.393	1.61661	615	0	0.256411	0	20	20
0.00900852	0.00114385	1842.2	8.22308e-05	5.12286e-17	0.171886	0.822476	1.39328	1.61661	615	0	0.256541	0	20	20
0.00900791	0.00114546	1844.83	7.53802e-05	4.40929e-17	0.165974	0.802169	1.39357	1.61661	615	0	0.256668	0	20	20
0.00900729	0.00114706	1847.44	6.91004e-05	3.79511e-17	0.160265	0.782363	1.39386	1.61661	615	0	0.256793	0	20	20
0.00900667	0.00114864	1850.02	6.33437e-05	3.26648e-17	0.154753	0.763046	1.39414	1.61661	615	0	0.256916	0	20	20
0.00900606	0.00115021	1852.58	5.80666e-05	2.81149e-17	0.14943	0.744207	1.39443	1.61661	615	0	0.257037	0	20	20
0.00900544	0.00115176	1855.11	5.32291e-05	2.41987e-17	0.144291	0.725832	1.39471	1.61661	615	0	0.257156	0	20	20
0.00900482	0.0011533	1857.62	4.87946e-05	2.0828e-17	0.139328	0.707911	1.395	1.61661	615	0	0.257273	0	20	20
0.00900421	0.00115483	1860.1	4.47296e-05	1.79268e-17	0.134536	0.690433	1.39529	1.61661	615	0	0.257388	0	20	20
0.00900359	0.00115634	1862.56	4.10032e-05	1.54298e-17	0.129908	0.673386	1.39557	1.61661	615	0	0.2575	0	20	20
0.00900298	0.00115783	1864.99	3.75873e-05	1.32805e-17	0.12544	0.65676	1.39586	1.61661	615	0	0.257611	0	20	20
0.00900237	0.00115931	1867.4	3.44559e-05	1.14306e-17	0.121126	0.640545	1.39614	1.61661	615	0	0.25772	0	20	20
0.00900176	0.00116077	1869.78	3.15854e-05	9.83845e-18	0.11696	0.62473	1.39643	1.61661	615	0	0.257827	0	20	20
0.00900115	0.00116222	1872.14	2.89541e-05	8.46803e-18	0.112937	0.609305	1.39671	1.61661	615	0	0.257932	0	20	20
0.00900054	0.00116366	1874.47	2.65419e-05	7.2885e-18	0.109052	0.594261	1.39699	1.61661	615	0	0.258036	0	20	20
0.00899994	0.00116508	1876.78	2.43307e-05	6.27327e-18	0.105302	0.579589	1.39727	1.61661	615	0	0.258138	0	20	20
0.00899933	0.00116648	1879.06	2.23038e-05	5.39946e-18	0.10168	0.565279	1.39756	1.61661	615	0	0.258238	0	20	20
0.00899873	0.00116787	1881.32	2.04457e-05	4.64735e-18	0.0981826	0.551322	1.39784	1.61661	615	0	0.258336	0	20	20
0.00899814	0.00116925	1883.55	1.87423e-05	4.00001e-18	0.0948057	0.53771	1.39811	1.61661	615	0	0.258433	0	20	20
0.00899754	0.00117061	1885.76	1.71809e-05	3.44284e-18	0.0915449	0.524434	1.39839	1.61661	615	0	0.258527	0	20	20
0.00899695	0.00117195	1887.95	1.57496e-05	2.96328e-18	0.0883962	0.511485	1.39867	1.61661	615	0	0.258621	0	20	20
0.00899636	0.00117329	1890.11	1.44375e-05	2.55052e-18	0.0853559	0.498857	1.39894	1.61661	615	0	0.258713	0	20	20
0.00899578	0.0011746	1892.24	1.32347e-05	2.19525e-18	0.0824201	0.48654	1.39921	1.61661	615	0	0.258803	0	20	20
0.0089952	0.0011759	1894.35	1.21322e-05	1.88947e-18	0.0795853	0.474527	1.39949	1.61661	615	0	0.258892	0	20	20
0.00899462	0.00117719	1896.44	1.11214e-05	1.62628e-18	0.076848	0.462811	1.39976	1.61661	615	0	0.258979	0	20	20
0.00899404	0.00117846	1898.5	1.01949e-05	1.39976e-18	0.0742048	0.451384	1.40002	1.61661	615	0	0.259065	0	20	20
0.00899347	0.00117972	1900.54	9.3456e-06	1.20478e-18	0.0716526	0.440239	1.40029	1.61661	615	0	0.259149	0	20	20
0.0089929	0.00118097	1902.55	8.56702e-06	1.03696e-18	0.0691881	0.42937	1.40056	1.61661	615	0	0.259232	0	20	20
0.00899234	0.0011822	1904.54	7.85331e-06	8.92524e-19	0.0668084	0.418769	1.40082	1.61661	615	0	0.259314	0	20	20
0.00899178	0.00118341	1906.51	7.19906e-06	7.68203e-19	0.0645106	0.408429	1.40108	1.61661	615	0	0.259394	0	20	20
0.00899123	0.00118461	1908.46	6.59931e-06	6.61198e-19	0.0622918	0.398345	1.40134	1.61661	615	0	0.259473	0	20	20
0.00899067	0.0011858	1910.38	6.04953e-06	5.69098e-19	0.0601493	0.38851	1.4016	1.61661	615	0	0.25955	0	20	20
0.00899013	0.00118697	1912.27	5.54555e-06	4.89828e-19	0.0580804	0.378918	1.40185	1.61661	615	0	0.259627	0	20	20
0.00898958	0.00118813	1914.15	5.08355e-06	4.21598e-19	0.0560828	0.369562	1.40211	1.61661	615	0	0.259702	0	20	20
0.00898905	0.00118927	1916	4.66005e-06	3.62873e-19	0.0541539	0.360438	1.40236	1.61661	615	0	0.259776	0	20	20
0.00898851	0.00119041	1917.83	4.27182e-06	3.12328e-19	0.0522913	0.351538	1.40261	1.61661	615	0	0.259848	0	20	20
0.00898798	0.00119152	1919.63	3.91594e-06	2.68823e-19	0.0504927	0.342859	1.40286	1.61661	615	0	0.259919	0	20	20
0.00898746	0.00119263	1921.41	3.58971e-06	2.31378e-19	0.048756	0.334394	1.4031	1.61661	615	0	0.25999	0	20	20
0.00898694	0.00119372	1923.18	3.29065e-06	1.99149e-19	0.0470791	0.326137	1.40335	1.61661	615	0	0.260059	0	20	20
0.00898642	0.00119479	1924.91	3.01651e-06	1.71409e-19	0.0454598	0.318085	1.40359	1.61661	615	0	0.260127	0	20	20
0.00898591	0.00119586	1926.63	2.76521e-06	1.47533e-19	0.0438963	0.310232	1.40383	1.61661	615	0	0.260193	0	20	20
0.0089854	0.00119691	1928.33	2.53484e-06	1.26983e-19	0.0423865	0.302572	1.40407	1.61661	615	0	0.260259	0	20	20
0.0089849	0.00119794	1930	2.32366e-06	1.09295e-19	0.0409286	0.295101	1.4043	1.61661	615	0	0.260324	0	20	20
