0.00936804	
0.00722939	
0.00567579	
0.00492536	
0.00446266	
0.00411906	
0.0038231	
0.00355124	
0.00332315	
0.00317928	
0.00313905	
0.0032339	
0.00344838	
0.00375022	
0.00412528	
0.00457184	
0.00509617	
0.0057098	
0.00642783	
0.00726763	
0.00824704	
0.00938141	
0.0106784	
0.0121296	
0.0137	
0.0153281	
0.0169719	
0.0185939	
0.020151	
0.0215947	
0.0228721	
0.0239273	
0.0247062	
0.0251636	
0.025274	
0.02482	
0.0235424	
0.021643	
0.0194186	
0.0171658	
0.0151022	
0.0133364	
0.0118885	
0.0107287	
0.00980883	
0.00908012	
0.00850061	
0.00803653	
0.00766168	
0.00735601	
0.00710426	
0.00689483	
0.00671884	
0.00656949	
0.00644153	
0.00634842	
0.00637	
0.00638916	
0.00640882	
0.00643106	
0.00645738	
0.00648879	
0.00652602	
0.00656956	
0.00661973	
0.00667678	
0.00674084	
0.00681201	
0.00689036	
0.00697592	
0.00706871	
0.00716875	
0.00727602	
