0.00866572	0.000693067	1111.6	256.922	76.5	0	0	1.56526	1.61661	615	0	0.149389	0	20	20
0.00874759	0.000706476	1142.36	256.529	76.4694	21.267	7.16689	1.52172	1.61661	615	0	-0.123314	0	20	20
0.00887053	0.000734751	1202.48	256.134	76.4339	62.3353	21.1458	1.45932	1.61661	615	0	-0.617681	0	20	20
0.00895233	0.000763599	1259.56	255.739	76.3927	101.982	34.7767	1.41969	1.61661	615	0	-1.04059	0	20	20
0.00900441	0.000792749	1314.11	255.344	76.3448	140.252	48.0664	1.39519	1.61661	615	0	-1.40562	0	20	20
0.00903477	0.000821714	1366.01	254.948	76.2893	177.188	61.0219	1.38118	1.61661	615	0	-1.72184	0	20	20
0.00904956	0.000850176	1415.27	254.552	76.2249	212.833	73.6508	1.37442	1.61661	615	0	-1.99677	0	20	20
0.00905326	0.000877968	1462.05	254.154	76.1502	247.232	85.961	1.37273	1.61661	615	0	-2.23709	0	20	20
0.00904905	0.000905029	1506.56	253.757	76.0636	280.429	97.9608	1.37465	1.61661	615	0	-2.44853	0	20	20
0.00903915	0.000931362	1549.05	253.359	75.9633	312.469	109.659	1.37917	1.61661	615	0	-2.6358	0	20	20
0.0090251	0.000957003	1589.72	252.96	75.847	343.398	121.066	1.38562	1.61661	615	0	-2.80277	0	20	20
0.00900799	0.000982	1628.8	252.561	75.7124	373.265	132.191	1.39353	1.61661	615	0	-2.95252	0	20	20
0.0089886	0.0010064	1666.44	252.161	75.5566	402.118	143.047	1.40257	1.61661	615	0	-3.08758	0	20	20
0.00896746	0.00103026	1702.79	251.761	75.3764	430.008	153.644	1.41251	1.61661	615	0	-3.20997	0	20	20
0.00894497	0.0010536	1737.97	251.36	75.1681	456.989	163.997	1.42319	1.61661	615	0	-3.32138	0	20	20
0.00892142	0.00107649	1772.08	250.958	74.9275	483.116	174.119	1.43449	1.61661	615	0	-3.42321	0	20	20
0.00889701	0.00109895	1805.21	250.556	74.6499	508.447	184.026	1.44633	1.61661	615	0	-3.51664	0	20	20
0.0088719	0.00112102	1837.45	250.154	74.33	533.045	193.734	1.45865	1.61661	615	0	-3.6027	0	20	20
0.00884618	0.00114274	1868.87	249.751	73.9617	556.972	203.263	1.47141	1.61661	615	0	-3.68226	0	20	20
0.00881993	0.00116417	1899.55	249.348	73.5383	580.296	212.631	1.48458	1.61661	615	0	-3.75612	0	20	20
0.00879318	0.00118533	1929.57	248.944	73.0526	603.087	221.858	1.49818	1.61661	615	0	-3.82497	0	20	20
0.00876594	0.00120629	1959.01	248.539	72.4961	625.418	230.968	1.51218	1.61661	615	0	-3.88943	0	20	20
0.00873822	0.0012271	1987.95	248.134	71.8602	647.362	239.981	1.52662	1.61661	615	0	-3.95006	0	20	20
0.00870999	0.00124781	2016.47	247.729	71.1353	668.996	248.923	1.54151	1.61661	615	0	-4.00737	0	20	20
0.00868122	0.00126848	2044.66	247.323	70.3111	690.394	257.816	1.55689	1.61661	615	0	-4.06182	0	20	20
0.00865189	0.00128917	2072.59	246.917	69.3773	711.629	266.683	1.57278	1.61661	615	0	-4.1138	0	20	20
0.00862194	0.00130993	2100.34	246.51	68.323	732.769	275.546	1.58922	1.61661	615	0	-4.16365	0	20	20
0.00859135	0.00133082	2127.98	246.102	67.1377	753.875	284.425	1.60626	1.61661	615	0	-4.2117	0	20	20
0.00856008	0.00135188	2155.55	245.694	65.8111	774.996	293.336	1.62393	1.61661	615	0	-4.25816	0	20	20
0.00852811	0.00137313	2183.09	245.286	64.3342	796.167	302.29	1.64226	1.61661	615	0	-4.30323	0	20	20
0.00849545	0.00139458	2210.62	244.877	62.6995	817.404	311.292	1.66127	1.61661	615	0	-4.34703	0	20	20
0.00846213	0.00141624	2238.1	244.468	60.9015	838.698	320.338	1.68097	1.61661	615	0	-4.38959	0	20	20
0.00842821	0.00143805	2265.49	244.058	58.9379	860.012	329.416	1.70135	1.61661	615	0	-4.43091	0	20	20
0.00839379	0.00145996	2292.69	243.648	56.8097	881.279	338.501	1.72237	1.61661	615	0	-4.47088	0	20	20
0.008359	0.00148187	2319.58	243.237	54.5225	902.397	347.56	1.74396	1.61661	615	0	-4.50935	0	20	20
0.00832404	0.00150364	2345.98	242.826	52.086	923.23	356.545	1.76603	1.61661	615	0	-4.54609	0	20	20
0.00828912	0.00152511	2371.66	242.414	49.5151	943.608	365.397	1.78844	1.61661	615	0	-4.58083	0	20	20
0.00825451	0.00154608	2396.4	242.002	46.8297	963.335	374.047	1.81104	1.61661	615	0	-4.61324	0	20	20
0.00822049	0.00156633	2419.91	241.589	44.0538	982.192	382.419	1.83361	1.61661	615	0	-4.643	0	20	20
0.00818737	0.00158562	2441.9	241.176	41.2153	999.948	390.432	1.85595	1.61661	615	0	-4.66975	0	20	20
0.00815547	0.00160372	2462.1	240.763	38.3448	1016.37	398.002	1.87782	1.61661	615	0	-4.69317	0	20	20
0.00812508	0.00162039	2480.23	240.349	35.4743	1031.24	405.05	1.89897	1.61661	615	0	-4.71296	0	20	20
0.00809647	0.00163542	2496.06	239.935	32.6358	1044.35	411.503	1.91917	1.61661	615	0	-4.72885	0	20	20
0.0080699	0.00164862	2509.37	239.52	29.8599	1055.54	417.3	1.93819	1.61661	615	0	-4.74066	0	20	20
0.00804554	0.00165985	2520.03	239.105	27.1745	1064.69	422.39	1.95585	1.61661	615	0	-4.74827	0	20	20
0.00802354	0.00166901	2527.93	238.689	24.6037	1071.7	426.739	1.97198	1.61661	615	0	-4.7516	0	20	20
0.00800399	0.00167603	2533.05	238.273	22.1672	1076.55	430.33	1.98646	1.61661	615	0	-4.75068	0	20	20
0.00798692	0.00168092	2535.41	237.857	19.8799	1079.24	433.158	1.99923	1.61661	615	0	-4.74557	0	20	20
0.0079723	0.00168371	2535.07	237.44	17.7517	1079.83	435.236	2.01024	1.61661	615	0	-4.7364	0	20	20
0.00796008	0.00168446	2532.15	237.022	15.7881	1078.4	436.586	2.01952	1.61661	615	0	-4.72333	0	20	20
0.00794999	0.00168331	2526.81	236.605	13.9901	1075.07	437.241	2.02721	1.61661	615	0	-4.70552	0	20	20
0.00794089	0.00168056	2519.22	236.187	12.3554	1069.97	437.243	2.0342	1.61661	615	0	-4.67687	0	20	20
0.00793268	0.00167636	2509.58	235.768	10.8785	1063.26	436.638	2.04052	1.61661	615	0	-4.63839	0	20	20
0.0079253	0.00167083	2498.1	235.349	9.55195	1055.08	435.475	2.04622	1.61661	615	0	-4.59115	0	20	20
0.00791866	0.00166412	2484.98	234.93	8.36659	1045.6	433.803	2.05138	1.61661	615	0	-4.53622	0	20	20
0.00791268	0.00165635	2470.42	234.51	7.31231	1034.97	431.672	2.05603	1.61661	615	0	-4.47463	0	20	20
0.00790731	0.00164765	2454.6	234.09	6.37848	1023.33	429.13	2.06022	1.61661	615	0	-4.40736	0	20	20
0.00790246	0.00163815	2437.69	233.67	5.55436	1010.83	426.223	2.06402	1.61661	615	0	-4.33532	0	20	20
0.00789808	0.00162796	2419.86	233.249	4.8294	997.596	422.991	2.06745	1.61661	615	0	-4.25936	0	20	20
0.00789412	0.00161716	2401.24	232.828	4.19349	983.734	419.474	2.07057	1.61661	615	0	-4.18022	0	20	20
0.00789052	0.00160585	2381.97	232.406	3.63707	969.355	415.707	2.0734	1.61661	615	0	-4.09858	0	20	20
0.00788726	0.00159412	2362.15	231.984	3.15127	954.549	411.721	2.07598	1.61661	615	0	-4.01503	0	20	20
0.00788428	0.00158202	2341.9	231.562	2.72794	939.4	407.544	2.07833	1.61661	615	0	-3.93009	0	20	20
0.00788155	0.00156963	2321.3	231.139	2.35965	923.978	403.202	2.08048	1.61661	615	0	-3.8442	0	20	20
0.00787906	0.001557	2300.42	230.716	2.03971	908.345	398.716	2.08246	1.61661	615	0	-3.75774	0	20	20
0.00787677	0.00154416	2279.33	230.293	1.76213	892.557	394.105	2.08428	1.61661	615	0	-3.67105	0	20	20
0.00787467	0.00153117	2258.1	229.869	1.52155	876.658	389.388	2.08594	1.61661	615	0	-3.58441	0	20	20
0.00787274	0.00151806	2236.76	229.445	1.31324	860.689	384.578	2.08748	1.61661	615	0	-3.49804	0	20	20
0.00787097	0.00150486	2215.36	229.021	1.13301	844.684	379.688	2.08889	1.61661	615	0	-3.41214	0	20	20
0.00786934	0.00149158	2193.94	228.596	0.977206	828.672	374.73	2.09018	1.61661	615	0	-3.32688	0	20	20
0.00786786	0.00147827	2172.53	228.171	0.842585	812.678	369.714	2.09137	1.61661	615	0	-3.24239	0	20	20
0.00786651	0.00146493	2151.15	227.746	0.726331	796.722	364.649	2.09245	1.61661	615	0	-3.15878	0	20	20
0.00786529	0.00145158	2129.84	227.32	0.625985	780.823	359.542	2.09342	1.61661	615	0	-3.07615	0	20	20
0.00786419	0.00143823	2108.6	226.894	0.539403	764.996	354.4	2.09429	1.61661	615	0	-2.99457	0	20	20
0.00786323	0.00142491	2087.45	226.467	0.464724	749.253	349.23	2.09507	1.61661	615	0	-2.9141	0	20	20
0.00786239	0.00141161	2066.42	226.041	0.400329	733.606	344.036	2.09573	1.61661	615	0	-2.8348	0	20	20
0.00786168	0.00139834	2045.51	225.614	0.344818	718.065	338.824	2.0963	1.61661	615	0	-2.75669	0	20	20
0.00786111	0.00138512	2024.74	225.186	0.296973	702.636	333.598	2.09676	1.61661	615	0	-2.67982	0	20	20
0.00786067	0.00137196	2004.11	224.759	0.255745	687.329	328.362	2.09711	1.61661	615	0	-2.6042	0	20	20
0.00786036	0.00135885	1983.64	224.331	0.220224	672.148	323.12	2.09736	1.61661	615	0	-2.52987	0	20	20
0.00786021	0.00134581	1963.33	223.903	0.189625	657.099	317.875	2.09748	1.61661	615	0	-2.45682	0	20	20
0.0078602	0.00133283	1943.19	223.474	0.163268	642.188	312.631	2.09749	1.61661	615	0	-2.38507	0	20	20
0.00786034	0.00131994	1923.24	223.046	0.140567	627.418	307.391	2.09737	1.61661	615	0	-2.31464	0	20	20
0.00786065	0.00130712	1903.47	222.617	0.121018	612.793	302.157	2.09713	1.61661	615	0	-2.24552	0	20	20
0.00786112	0.00129438	1883.89	222.187	0.104184	598.318	296.933	2.09675	1.61661	615	0	-2.17772	0	20	20
0.00786176	0.00128174	1864.51	221.758	0.0896893	583.996	291.721	2.09624	1.61661	615	0	-2.11124	0	20	20
0.00786259	0.00126919	1845.34	221.328	0.0772089	569.829	286.523	2.09558	1.61661	615	0	-2.04608	0	20	20
0.0078636	0.00125673	1826.38	220.898	0.0664636	555.823	281.343	2.09477	1.61661	615	0	-1.98224	0	20	20
0.00786481	0.00124438	1807.64	220.467	0.0572127	541.978	276.183	2.0938	1.61661	615	0	-1.91972	0	20	20
0.00786621	0.00123213	1789.12	220.037	0.0492485	528.299	271.044	2.09268	1.61661	615	0	-1.85851	0	20	20
0.00786783	0.00121999	1770.83	219.606	0.0423924	514.788	265.931	2.09139	1.61661	615	0	-1.79861	0	20	20
0.00786966	0.00120796	1752.78	219.175	0.0364903	501.449	260.844	2.08994	1.61661	615	0	-1.74002	0	20	20
0.00787171	0.00119605	1734.96	218.743	0.0314096	488.283	255.786	2.0883	1.61661	615	0	-1.68273	0	20	20
0.00787399	0.00118426	1717.39	218.312	0.027036	475.295	250.76	2.08649	1.61661	615	0	-1.62674	0	20	20
0.00787651	0.0011726	1700.08	217.88	0.0232712	462.487	245.767	2.08449	1.61661	615	0	-1.57204	0	20	20
0.00787927	0.00116107	1683.02	217.448	0.0200306	449.861	240.811	2.0823	1.61661	615	0	-1.51862	0	20	20
0.00788228	0.00114967	1666.23	217.015	0.0172411	437.421	235.892	2.07991	1.61661	615	0	-1.46648	0	20	20
0.00788555	0.00113841	1649.7	216.583	0.01484	425.17	231.014	2.07733	1.61661	615	0	-1.41561	0	20	20
0.00788907	0.00112729	1633.45	216.15	0.0127733	413.109	226.179	2.07454	1.61661	615	0	-1.366	0	20	20
0.00789287	0.00111632	1617.48	215.717	0.0109943	401.243	221.388	2.07155	1.61661	615	0	-1.31765	0	20	20
0.00789694	0.0011055	1601.79	215.284	0.00946308	389.574	216.644	2.06835	1.61661	615	0	-1.27054	0	20	20
0.00790128	0.00109483	1586.4	214.851	0.00814509	378.105	211.949	2.06494	1.61661	615	0	-1.22468	0	20	20
0.00790591	0.00108432	1571.3	214.417	0.00701065	366.838	207.305	2.06132	1.61661	615	0	-1.18004	0	20	20
0.00791082	0.00107398	1556.5	213.983	0.0060342	355.777	202.713	2.05748	1.61661	615	0	-1.13662	0	20	20
0.00791601	0.00106381	1542	213.549	0.00519374	344.924	198.177	2.05343	1.61661	615	0	-1.09441	0	20	20
0.0079215	0.0010538	1527.82	213.115	0.00447034	334.283	193.698	2.04917	1.61661	615	0	-1.05341	0	20	20
0.00792727	0.00104398	1513.95	212.681	0.00384768	323.854	189.278	2.0447	1.61661	615	0	-1.01359	0	20	20
0.00793333	0.00103433	1500.4	212.246	0.00331176	313.643	184.919	2.04002	1.61661	615	0	-0.97495	0	20	20
0.00793968	0.00102487	1487.17	211.812	0.00285047	303.65	180.622	2.03513	1.61661	615	0	-0.937481	0	20	20
0.00794631	0.0010156	1474.28	211.377	0.00245344	293.879	176.391	2.03003	1.61661	615	0	-0.901169	0	20	20
0.00795323	0.00100652	1461.71	210.942	0.0021117	284.332	172.226	2.02474	1.61661	615	0	-0.866003	0	20	20
0.00796042	0.000997635	1449.48	210.507	0.00181757	275.011	168.129	2.01926	1.61661	615	0	-0.831973	0	20	20
0.00796788	0.000988955	1437.59	210.071	0.0015644	265.92	164.102	2.01359	1.61661	615	0	-0.799066	0	20	20
0.0079756	0.000980481	1426.05	209.636	0.00134649	257.06	160.148	2.00775	1.61661	615	0	-0.76727	0	20	20
0.00798357	0.000972216	1414.85	209.2	0.00115894	248.434	156.266	2.00174	1.61661	615	0	-0.736575	0	20	20
0.00799178	0.000964165	1404	208.764	0.000997512	240.043	152.461	1.99558	1.61661	615	0	-0.706967	0	20	20
0.00800022	0.000956332	1393.51	208.328	0.000858568	231.89	148.731	1.98927	1.61661	615	0	-0.678437	0	20	20
0.00800887	0.00094872	1383.37	207.892	0.000738977	223.977	145.08	1.98284	1.61661	615	0	-0.650971	0	20	20
0.0080177	0.000941333	1373.58	207.456	0.000636045	216.306	141.51	1.97629	1.61661	615	0	-0.624558	0	20	20
0.00802671	0.000934175	1364.16	207.02	0.000547449	208.879	138.02	1.96964	1.61661	615	0	-0.599188	0	20	20
0.00803587	0.00092725	1355.09	206.583	0.000471194	201.697	134.613	1.96292	1.61661	615	0	-0.574848	0	20	20
0.00804515	0.000920559	1346.39	206.147	0.000405561	194.76	131.289	1.95613	1.61661	615	0	-0.551518	0	20	20
0.00805457	0.000914096	1338.03	205.71	0.00034907	188.061	128.048	1.94928	1.61661	615	0	-0.529159	0	20	20
0.0080641	0.000907854	1330.02	205.273	0.000300448	181.593	124.886	1.94237	1.61661	615	0	-0.507724	0	20	20
0.00807377	0.000901824	1322.33	204.836	0.000258598	175.347	121.803	1.9354	1.61661	615	0	-0.487168	0	20	20
0.00808355	0.000896001	1314.95	204.399	0.000222577	169.316	118.796	1.92838	1.61661	615	0	-0.467449	0	20	20
0.00809346	0.000890377	1307.88	203.962	0.000191574	163.493	115.862	1.92131	1.61661	615	0	-0.448528	0	20	20
0.00810349	0.000884944	1301.11	203.525	0.000164889	157.869	113.002	1.91418	1.61661	615	0	-0.430366	0	20	20
0.00811364	0.000879697	1294.62	203.087	0.000141922	152.44	110.212	1.90701	1.61661	615	0	-0.412928	0	20	20
0.00812391	0.00087463	1288.41	202.65	0.000122153	147.196	107.491	1.89979	1.61661	615	0	-0.396179	0	20	20
0.0081343	0.000869735	1282.46	202.213	0.000105138	142.134	104.837	1.89252	1.61661	615	0	-0.380086	0	20	20
0.0081448	0.000865008	1276.77	201.775	9.04933e-05	137.245	102.248	1.88521	1.61661	615	0	-0.36462	0	20	20
0.00815541	0.000860442	1271.33	201.337	7.78883e-05	132.525	99.7238	1.87786	1.61661	615	0	-0.34975	0	20	20
0.00816614	0.000856032	1266.13	200.9	6.70391e-05	127.966	97.2616	1.87047	1.61661	615	0	-0.335448	0	20	20
0.00817697	0.000851772	1261.15	200.462	5.77011e-05	123.565	94.8602	1.86305	1.61661	615	0	-0.321689	0	20	20
0.0081879	0.000847658	1256.4	200.024	4.96638e-05	119.315	92.5181	1.85559	1.61661	615	0	-0.308447	0	20	20
0.00819894	0.000843685	1251.87	199.586	4.2746e-05	115.211	90.2338	1.84811	1.61661	615	0	-0.295698	0	20	20
0.00821007	0.000839847	1247.55	199.149	3.67919e-05	111.249	88.0059	1.8406	1.61661	615	0	-0.283419	0	20	20
0.00822129	0.00083614	1243.42	198.711	3.1667e-05	107.422	85.833	1.83307	1.61661	615	0	-0.271589	0	20	20
0.00823261	0.00083256	1239.49	198.273	2.72561e-05	103.728	83.7138	1.82553	1.61661	615	0	-0.260188	0	20	20
0.00824401	0.000829102	1235.75	197.835	2.34595e-05	100.16	81.6469	1.81796	1.61661	615	0	-0.249195	0	20	20
0.00825549	0.000825762	1232.18	197.396	2.01918e-05	96.715	79.631	1.81039	1.61661	615	0	-0.238593	0	20	20
0.00826705	0.000822537	1228.8	196.958	1.73792e-05	93.3885	77.665	1.80281	1.61661	615	0	-0.228364	0	20	20
0.00827868	0.000819422	1225.57	196.52	1.49585e-05	90.1765	75.7474	1.79522	1.61661	615	0	-0.21849	0	20	20
0.00829037	0.000816413	1222.51	196.082	1.28749e-05	87.0749	73.8772	1.78763	1.61661	615	0	-0.208957	0	20	20
0.00830213	0.000813507	1219.61	195.644	1.10815e-05	84.08	72.0532	1.78005	1.61661	615	0	-0.199748	0	20	20
0.00831395	0.000810701	1216.86	195.206	9.53793e-06	81.1881	70.2742	1.77247	1.61661	615	0	-0.19085	0	20	20
0.00832582	0.000807991	1214.25	194.768	8.20938e-06	78.3956	68.5391	1.7649	1.61661	615	0	-0.18225	0	20	20
0.00833774	0.000805374	1211.78	194.33	7.06588e-06	75.6993	66.8468	1.75734	1.61661	615	0	-0.173933	0	20	20
0.0083497	0.000802847	1209.45	193.891	6.08166e-06	73.0956	65.1964	1.7498	1.61661	615	0	-0.165888	0	20	20
0.00836169	0.000800407	1207.24	193.453	5.23453e-06	70.5815	63.5867	1.74228	1.61661	615	0	-0.158104	0	20	20
0.00837372	0.000798051	1205.16	193.015	4.5054e-06	68.1539	62.0167	1.73478	1.61661	615	0	-0.150568	0	20	20
0.00838577	0.000795776	1203.21	192.577	3.87783e-06	65.8098	60.4855	1.72731	1.61661	615	0	-0.143271	0	20	20
0.00839784	0.000793581	1201.36	192.139	3.33768e-06	63.5463	58.9921	1.71988	1.61661	615	0	-0.136203	0	20	20
0.00840993	0.000791461	1199.63	191.701	2.87277e-06	61.3606	57.5356	1.71247	1.61661	615	0	-0.129354	0	20	20
0.00842202	0.000789415	1198.01	191.263	2.47262e-06	59.2502	56.1151	1.7051	1.61661	615	0	-0.122716	0	20	20
0.00843412	0.000787441	1196.49	190.825	2.1282e-06	57.2123	54.7296	1.69778	1.61661	615	0	-0.116279	0	20	20
0.00844621	0.000785536	1195.07	190.387	1.83176e-06	55.2445	53.3783	1.6905	1.61661	615	0	-0.110036	0	20	20
0.0084583	0.000783698	1193.75	189.949	1.57661e-06	53.3444	52.0604	1.68326	1.61661	615	0	-0.10398	0	20	20
0.00847037	0.000781924	1192.51	189.511	1.357e-06	51.5096	50.775	1.67608	1.61661	615	0	-0.0981032	0	20	20
0.00848241	0.000780214	1191.37	189.073	1.16798e-06	49.738	49.5214	1.66894	1.61661	615	0	-0.0923988	0	20	20
0.00849444	0.000778565	1190.31	188.636	1.00529e-06	48.0272	48.2987	1.66187	1.61661	615	0	-0.0868605	0	20	20
0.00850643	0.000776974	1189.33	188.198	8.65262e-07	46.3754	47.1062	1.65485	1.61661	615	0	-0.0814824	0	20	20
0.00851838	0.000775441	1188.44	187.76	7.44738e-07	44.7803	45.9431	1.64789	1.61661	615	0	-0.0762589	0	20	20
0.00853029	0.000773964	1187.61	187.323	6.41002e-07	43.2401	44.8088	1.641	1.61661	615	0	-0.0711845	0	20	20
0.00854215	0.00077254	1186.86	186.885	5.51715e-07	41.7529	43.7024	1.63418	1.61661	615	0	-0.0662544	0	20	20
0.00855395	0.000771169	1186.18	186.448	4.74866e-07	40.3168	42.6234	1.62742	1.61661	615	0	-0.0614637	0	20	20
0.0085657	0.000769848	1185.57	186.011	4.08721e-07	38.9301	41.5711	1.62074	1.61661	615	0	-0.0568081	0	20	20
0.00857737	0.000768577	1185.02	185.573	3.51789e-07	37.5911	40.5447	1.61412	1.61661	615	0	-0.0522835	0	20	20
0.00858898	0.000767353	1184.53	185.136	3.02788e-07	36.2982	39.5436	1.60759	1.61661	615	0	-0.0478859	0	20	20
0.00860051	0.000766176	1184.1	184.699	2.60612e-07	35.0497	38.5673	1.60113	1.61661	615	0	-0.0436117	0	20	20
0.00861204	0.000765081	1183.79	184.262	2.24311e-07	33.8442	37.615	1.59471	1.61661	615	0	-0.0395197	0	20	20
0.00862373	0.000764154	1183.77	183.825	1.93066e-07	32.6802	36.6863	1.58823	1.61661	615	0	-0.0357517	0	20	20
0.00863569	0.00076344	1184.11	183.389	1.66173e-07	31.5561	35.7805	1.58165	1.61661	615	0	-0.0323778	0	20	20
0.00864788	0.000762932	1184.81	182.952	1.43027e-07	30.4708	34.8971	1.57497	1.61661	615	0	-0.0293772	0	20	20
0.00866027	0.000762623	1185.85	182.516	1.23104e-07	29.4228	34.0355	1.56822	1.61661	615	0	-0.0267309	0	20	20
0.00867285	0.000762505	1187.21	182.079	1.05957e-07	28.4108	33.1952	1.5614	1.61661	615	0	-0.0244209	0	20	20
0.00868558	0.000762572	1188.88	181.643	9.11979e-08	27.4336	32.3756	1.55455	1.61661	615	0	-0.0224305	0	20	20
0.00869843	0.000762815	1190.85	181.207	7.84948e-08	26.49	31.5762	1.54767	1.61661	615	0	-0.0207441	0	20	20
0.00871138	0.000763228	1193.11	180.771	6.75611e-08	25.5789	30.7966	1.54077	1.61661	615	0	-0.0193473	0	20	20
0.0087244	0.000763804	1195.63	180.335	5.81504e-08	24.6991	30.0362	1.53389	1.61661	615	0	-0.0182267	0	20	20
0.00873746	0.000764537	1198.42	179.899	5.00505e-08	23.8496	29.2946	1.52702	1.61661	615	0	-0.0173698	0	20	20
0.00875052	0.000765419	1201.44	179.464	4.30789e-08	23.0293	28.5713	1.52019	1.61661	615	0	-0.0167651	0	20	20
0.00876357	0.000766443	1204.7	179.028	3.70783e-08	22.2372	27.8659	1.51341	1.61661	615	0	-0.016402	0	20	20
0.00877656	0.000767602	1208.17	178.593	3.19136e-08	21.4724	27.1779	1.5067	1.61661	615	0	-0.0162705	0	20	20
0.00878948	0.000768891	1211.84	178.158	2.74683e-08	20.7339	26.5069	1.50006	1.61661	615	0	-0.0163615	0	20	20
0.0088023	0.000770301	1215.7	177.723	2.36422e-08	20.0207	25.8524	1.49352	1.61661	615	0	-0.0166664	0	20	20
0.00881499	0.000771826	1219.74	177.289	2.0349e-08	19.3321	25.2141	1.48708	1.61661	615	0	-0.0171771	0	20	20
0.00882753	0.000773459	1223.94	176.854	1.75146e-08	18.6672	24.5916	1.48075	1.61661	615	0	-0.0178862	0	20	20
0.0088399	0.000775193	1228.29	176.42	1.50749e-08	18.0252	23.9844	1.47455	1.61661	615	0	-0.0187863	0	20	20
0.00885206	0.00077702	1232.77	175.985	1.29751e-08	17.4052	23.3922	1.46847	1.61661	615	0	-0.0198705	0	20	20
0.00886402	0.000778934	1237.37	175.551	1.11678e-08	16.8065	22.8147	1.46254	1.61661	615	0	-0.021132	0	20	20
0.00887574	0.000780928	1242.07	175.118	9.61219e-09	16.2285	22.2514	1.45675	1.61661	615	0	-0.0225638	0	20	20
0.00888722	0.000782994	1246.88	174.684	8.27329e-09	15.6703	21.702	1.45112	1.61661	615	0	-0.0241594	0	20	20
0.00889844	0.000785127	1251.76	174.251	7.12089e-09	15.1313	21.1662	1.44563	1.61661	615	0	-0.0259117	0	20	20
0.0089094	0.000787317	1256.71	173.817	6.129e-09	14.6109	20.6436	1.44031	1.61661	615	0	-0.0278137	0	20	20
0.00892008	0.00078956	1261.72	173.384	5.27528e-09	14.1084	20.1339	1.43514	1.61661	615	0	-0.0298584	0	20	20
0.00893048	0.000791848	1266.78	172.952	4.54048e-09	13.6231	19.6368	1.43013	1.61661	615	0	-0.032038	0	20	20
0.00894059	0.000794174	1271.87	172.519	3.90803e-09	13.1546	19.1519	1.42528	1.61661	615	0	-0.0343451	0	20	20
0.00895042	0.000796532	1276.98	172.087	3.36367e-09	12.7021	18.6791	1.42059	1.61661	615	0	-0.0367717	0	20	20
0.00895996	0.000798916	1282.11	171.655	2.89514e-09	12.2652	18.2179	1.41606	1.61661	615	0	-0.0393096	0	20	20
0.00896922	0.000801319	1287.23	171.223	2.49187e-09	11.8434	17.7681	1.41168	1.61661	615	0	-0.0419504	0	20	20
0.0089782	0.000803736	1292.35	170.791	2.14477e-09	11.436	17.3294	1.40745	1.61661	615	0	-0.0446856	0	20	20
0.00898689	0.000806161	1297.46	170.36	1.84602e-09	11.0427	16.9015	1.40337	1.61661	615	0	-0.0475065	0	20	20
0.00899532	0.000808589	1302.54	169.929	1.58888e-09	10.6629	16.4842	1.39943	1.61661	615	0	-0.0504045	0	20	20
0.00900348	0.000811015	1307.58	169.498	1.36757e-09	10.2961	16.0772	1.39563	1.61661	615	0	-0.0533707	0	20	20
0.00901138	0.000813434	1312.59	169.067	1.17707e-09	9.942	15.6803	1.39196	1.61661	615	0	-0.0563964	0	20	20
0.00901903	0.000815842	1317.56	168.637	1.01312e-09	9.60005	15.2931	1.38842	1.61661	615	0	-0.0594731	0	20	20
0.00902644	0.000818234	1322.47	168.206	8.71998e-10	9.26986	14.9155	1.385	1.61661	615	0	-0.0625921	0	20	20
0.00903361	0.000820606	1327.32	167.777	7.50536e-10	8.95103	14.5473	1.38171	1.61661	615	0	-0.0657452	0	20	20
0.00904056	0.000822956	1332.11	167.347	6.45992e-10	8.64316	14.1881	1.37852	1.61661	615	0	-0.0689244	0	20	20
0.00904729	0.00082528	1336.84	166.918	5.56011e-10	8.34588	13.8378	1.37545	1.61661	615	0	-0.0721219	0	20	20
0.00905381	0.000827575	1341.49	166.488	4.78563e-10	8.05883	13.4961	1.37248	1.61661	615	0	-0.0753301	0	20	20
0.00906014	0.000829838	1346.07	166.06	4.11903e-10	7.78165	13.1629	1.36961	1.61661	615	0	-0.0785421	0	20	20
0.00906627	0.000832067	1350.57	165.631	3.54528e-10	7.514	12.8379	1.36683	1.61661	615	0	-0.0817509	0	20	20
0.00907223	0.00083426	1354.99	165.203	3.05145e-10	7.25556	12.521	1.36414	1.61661	615	0	-0.0849504	0	20	20
0.00907801	0.000836416	1359.33	164.775	2.62641e-10	7.00601	12.2118	1.36153	1.61661	615	0	-0.0881344	0	20	20
0.00908363	0.000838532	1363.59	164.347	2.26057e-10	6.76504	11.9103	1.35901	1.61661	615	0	-0.0912975	0	20	20
0.00908909	0.000840607	1367.76	163.92	1.94569e-10	6.53236	11.6162	1.35656	1.61661	615	0	-0.0944345	0	20	20
0.0090944	0.000842641	1371.85	163.493	1.67467e-10	6.30768	11.3294	1.35418	1.61661	615	0	-0.0975408	0	20	20
0.00909957	0.000844633	1375.85	163.066	1.4414e-10	6.09073	11.0497	1.35188	1.61661	615	0	-0.100612	0	20	20
0.00910461	0.000846582	1379.76	162.64	1.24063e-10	5.88124	10.7769	1.34963	1.61661	615	0	-0.103644	0	20	20
0.00910953	0.000848487	1383.59	162.214	1.06782e-10	5.67896	10.5108	1.34745	1.61661	615	0	-0.106634	0	20	20
0.00911432	0.000850348	1387.32	161.788	9.1908e-11	5.48364	10.2513	1.34533	1.61661	615	0	-0.109577	0	20	20
0.00911899	0.000852165	1390.98	161.363	7.91059e-11	5.29503	9.99819	1.34326	1.61661	615	0	-0.112473	0	20	20
0.00912356	0.000853938	1394.54	160.937	6.80871e-11	5.11291	9.75133	1.34124	1.61661	615	0	-0.115317	0	20	20
0.00912803	0.000855668	1398.02	160.513	5.86031e-11	4.93705	9.51057	1.33927	1.61661	615	0	-0.118109	0	20	20
0.00913239	0.000857354	1401.42	160.088	5.04402e-11	4.76724	9.27576	1.33735	1.61661	615	0	-0.120845	0	20	20
0.00913667	0.000858997	1404.74	159.664	4.34142e-11	4.60328	9.04674	1.33548	1.61661	615	0	-0.123525	0	20	20
0.00914086	0.000860598	1407.97	159.24	3.7367e-11	4.44495	8.82337	1.33364	1.61661	615	0	-0.126148	0	20	20
0.00914496	0.000862156	1411.12	158.817	3.21621e-11	4.29207	8.60552	1.33185	1.61661	615	0	-0.128713	0	20	20
0.00914899	0.000863673	1414.2	158.394	2.76821e-11	4.14444	8.39305	1.33009	1.61661	615	0	-0.131218	0	20	20
0.00915294	0.000865149	1417.19	157.971	2.38262e-11	4.0019	8.18583	1.32837	1.61661	615	0	-0.133663	0	20	20
0.00915682	0.000866586	1420.12	157.549	2.05074e-11	3.86425	7.98372	1.32668	1.61661	615	0	-0.136048	0	20	20
0.00916063	0.000867983	1422.97	157.127	1.76509e-11	3.73134	7.7866	1.32503	1.61661	615	0	-0.138374	0	20	20
0.00916437	0.000869343	1425.74	156.705	1.51923e-11	3.60301	7.59435	1.3234	1.61661	615	0	-0.140639	0	20	20
0.00916806	0.000870665	1428.45	156.284	1.30761e-11	3.47908	7.40684	1.32181	1.61661	615	0	-0.142844	0	20	20
0.00917169	0.000871951	1431.09	155.863	1.12547e-11	3.35942	7.22397	1.32024	1.61661	615	0	-0.14499	0	20	20
0.00917526	0.000873201	1433.67	155.443	9.68703e-12	3.24387	7.04561	1.3187	1.61661	615	0	-0.147077	0	20	20
0.00917878	0.000874417	1436.18	155.022	8.3377e-12	3.1323	6.87165	1.31718	1.61661	615	0	-0.149106	0	20	20
0.00918225	0.0008756	1438.63	154.603	7.17633e-12	3.02457	6.70199	1.31569	1.61661	615	0	-0.151076	0	20	20
0.00918567	0.00087675	1441.01	154.183	6.17672e-12	2.92054	6.53651	1.31422	1.61661	615	0	-0.15299	0	20	20
0.00918905	0.000877869	1443.34	153.764	5.31635e-12	2.82009	6.37513	1.31277	1.61661	615	0	-0.154848	0	20	20
0.00919238	0.000878958	1445.62	153.346	4.57583e-12	2.72309	6.21772	1.31134	1.61661	615	0	-0.156651	0	20	20
0.00919567	0.000880018	1447.84	152.928	3.93845e-12	2.62943	6.06421	1.30994	1.61661	615	0	-0.158399	0	20	20
0.00919892	0.000881049	1450	152.51	3.38986e-12	2.539	5.91448	1.30855	1.61661	615	0	-0.160094	0	20	20
0.00920213	0.000882052	1452.12	152.093	2.91768e-12	2.45167	5.76845	1.30718	1.61661	615	0	-0.161737	0	20	20
0.0092053	0.00088303	1454.19	151.676	2.51127e-12	2.36734	5.62603	1.30583	1.61661	615	0	-0.163329	0	20	20
0.00920844	0.000883982	1456.21	151.259	2.16147e-12	2.28592	5.48712	1.30449	1.61661	615	0	-0.164871	0	20	20
0.00921155	0.00088491	1458.18	150.843	1.86039e-12	2.2073	5.35165	1.30317	1.61661	615	0	-0.166365	0	20	20
0.00921462	0.000885814	1460.11	150.427	1.60125e-12	2.13138	5.21951	1.30187	1.61661	615	0	-0.16781	0	20	20
0.00921766	0.000886695	1462	150.012	1.37821e-12	2.05807	5.09064	1.30058	1.61661	615	0	-0.169209	0	20	20
0.00922068	0.000887555	1463.85	149.597	1.18624e-12	1.98728	4.96495	1.29931	1.61661	615	0	-0.170563	0	20	20
0.00922366	0.000888395	1465.66	149.183	1.02101e-12	1.91893	4.84237	1.29805	1.61661	615	0	-0.171873	0	20	20
0.00922662	0.000889214	1467.44	148.769	8.78787e-13	1.85293	4.72281	1.2968	1.61661	615	0	-0.173139	0	20	20
0.00922955	0.000890014	1469.18	148.355	7.56379e-13	1.7892	4.6062	1.29556	1.61661	615	0	-0.174364	0	20	20
0.00923245	0.000890796	1470.88	147.942	6.51022e-13	1.72766	4.49248	1.29434	1.61661	615	0	-0.175547	0	20	20
0.00923533	0.000891561	1472.55	147.53	5.60339e-13	1.66824	4.38156	1.29313	1.61661	615	0	-0.176692	0	20	20
0.00923818	0.000892309	1474.19	147.117	4.82289e-13	1.61086	4.27338	1.29193	1.61661	615	0	-0.177797	0	20	20
0.00924102	0.000893041	1475.81	146.706	4.1511e-13	1.55546	4.16787	1.29075	1.61661	615	0	-0.178865	0	20	20
0.00924383	0.000893757	1477.39	146.294	3.57288e-13	1.50196	4.06496	1.28957	1.61661	615	0	-0.179897	0	20	20
0.00924661	0.00089446	1478.94	145.884	3.07521e-13	1.4503	3.9646	1.2884	1.61661	615	0	-0.180893	0	20	20
0.00924938	0.000895148	1480.47	145.473	2.64686e-13	1.40041	3.86671	1.28725	1.61661	615	0	-0.181855	0	20	20
0.00925213	0.000895823	1481.98	145.063	2.27817e-13	1.35225	3.77124	1.2861	1.61661	615	0	-0.182783	0	20	20
0.00925485	0.000896486	1483.46	144.654	1.96084e-13	1.30574	3.67813	1.28497	1.61661	615	0	-0.183679	0	20	20
0.00925756	0.000897137	1484.92	144.245	1.68771e-13	1.26083	3.58732	1.28384	1.61661	615	0	-0.184544	0	20	20
0.00926025	0.000897776	1486.36	143.837	1.45263e-13	1.21746	3.49874	1.28272	1.61661	615	0	-0.185378	0	20	20
0.00926292	0.000898405	1487.78	143.429	1.25029e-13	1.17559	3.41236	1.28161	1.61661	615	0	-0.186182	0	20	20
0.00926557	0.000899024	1489.17	143.021	1.07613e-13	1.13515	3.32811	1.28051	1.61661	615	0	-0.186958	0	20	20
0.00926821	0.000899633	1490.55	142.614	9.26235e-14	1.09611	3.24594	1.27942	1.61661	615	0	-0.187705	0	20	20
0.00927083	0.000900233	1491.92	142.208	7.97218e-14	1.05841	3.16579	1.27834	1.61661	615	0	-0.188426	0	20	20
0.00927343	0.000900824	1493.26	141.802	6.86172e-14	1.02201	3.08763	1.27726	1.61661	615	0	-0.18912	0	20	20
0.00927602	0.000901407	1494.59	141.396	5.90593e-14	0.986856	3.0114	1.27619	1.61661	615	0	-0.189789	0	20	20
0.00927859	0.000901983	1495.91	140.991	5.08329e-14	0.952913	2.93705	1.27513	1.61661	615	0	-0.190432	0	20	20
0.00928114	0.000902551	1497.21	140.587	4.37522e-14	0.920138	2.86453	1.27408	1.61661	615	0	-0.191052	0	20	20
0.00928327	0.000903165	1498.52	140.182	3.76579e-14	0.88849	2.7938	1.2732	1.61661	615	0	-0.189755	0	20	20
0.0092852	0.000903828	1499.89	139.779	3.24125e-14	0.857931	2.72482	1.27241	1.61661	615	0	-0.187604	0	20	20
0.00928709	0.00090453	1501.32	139.376	2.78977e-14	0.828423	2.65755	1.27163	1.61661	615	0	-0.185483	0	20	20
0.00928897	0.000905269	1502.82	138.973	2.40117e-14	0.79993	2.59193	1.27086	1.61661	615	0	-0.183391	0	20	20
0.00929081	0.000906043	1504.37	138.572	2.06671e-14	0.772416	2.52794	1.2701	1.61661	615	0	-0.181323	0	20	20
0.00929264	0.000906851	1505.97	138.17	1.77883e-14	0.745849	2.46552	1.26936	1.61661	615	0	-0.179279	0	20	20
0.00929444	0.000907692	1507.63	137.769	1.53106e-14	0.720196	2.40465	1.26862	1.61661	615	0	-0.177256	0	20	20
0.00929621	0.000908564	1509.33	137.369	1.31779e-14	0.695425	2.34528	1.26789	1.61661	615	0	-0.175252	0	20	20
0.00929797	0.000909465	1511.09	136.969	1.13423e-14	0.671506	2.28737	1.26717	1.61661	615	0	-0.173264	0	20	20
0.0092997	0.000910395	1512.89	136.57	9.76244e-15	0.64841	2.2309	1.26647	1.61661	615	0	-0.171292	0	20	20
0.0093014	0.000911352	1514.74	136.171	8.40261e-15	0.626108	2.17582	1.26577	1.61661	615	0	-0.169332	0	20	20
0.00930308	0.000912335	1516.63	135.773	7.2322e-15	0.604574	2.1221	1.26508	1.61661	615	0	-0.167385	0	20	20
0.00930475	0.000913343	1518.55	135.375	6.22481e-15	0.58378	2.0697	1.26441	1.61661	615	0	-0.165448	0	20	20
0.00930638	0.000914375	1520.52	134.978	5.35774e-15	0.563701	2.0186	1.26374	1.61661	615	0	-0.16352	0	20	20
0.009308	0.00091543	1522.52	134.581	4.61145e-15	0.544313	1.96876	1.26308	1.61661	615	0	-0.1616	0	20	20
0.00930959	0.000916508	1524.56	134.185	3.96911e-15	0.525591	1.92015	1.26243	1.61661	615	0	-0.159686	0	20	20
0.00931117	0.000917607	1526.64	133.789	3.41625e-15	0.507514	1.87274	1.26179	1.61661	615	0	-0.157778	0	20	20
0.00931272	0.000918726	1528.74	133.394	2.94039e-15	0.490058	1.8265	1.26116	1.61661	615	0	-0.155875	0	20	20
0.00931424	0.000919865	1530.88	133	2.53082e-15	0.473203	1.78141	1.26054	1.61661	615	0	-0.153974	0	20	20
0.00931575	0.000921023	1533.05	132.606	2.1783e-15	0.456927	1.73742	1.25993	1.61661	615	0	-0.152077	0	20	20
0.00931724	0.000922199	1535.25	132.213	1.87488e-15	0.441211	1.69453	1.25933	1.61661	615	0	-0.150182	0	20	20
0.00931871	0.000923393	1537.47	131.82	1.61372e-15	0.426036	1.65269	1.25873	1.61661	615	0	-0.148288	0	20	20
0.00932015	0.000924603	1539.72	131.428	1.38894e-15	0.411383	1.61188	1.25815	1.61661	615	0	-0.146394	0	20	20
0.00932158	0.00092583	1542	131.037	1.19547e-15	0.397233	1.57209	1.25757	1.61661	615	0	-0.1445	0	20	20
0.00932298	0.000927073	1544.3	130.646	1.02895e-15	0.383571	1.53327	1.257	1.61661	615	0	-0.142606	0	20	20
0.00932437	0.000928331	1546.63	130.255	8.85629e-16	0.370378	1.49542	1.25644	1.61661	615	0	-0.14071	0	20	20
0.00932573	0.000929604	1548.98	129.865	7.62268e-16	0.357639	1.45849	1.25589	1.61661	615	0	-0.138813	0	20	20
0.00932708	0.00093089	1551.35	129.476	6.5609e-16	0.345338	1.42248	1.25535	1.61661	615	0	-0.136914	0	20	20
0.0093284	0.000932191	1553.75	129.087	5.64702e-16	0.33346	1.38736	1.25481	1.61661	615	0	-0.135012	0	20	20
0.00932971	0.000933504	1556.16	128.699	4.86043e-16	0.321991	1.35311	1.25428	1.61661	615	0	-0.133108	0	20	20
0.009331	0.000934831	1558.59	128.312	4.18342e-16	0.310916	1.3197	1.25376	1.61661	615	0	-0.1312	0	20	20
0.00933227	0.000936169	1561.05	127.925	3.6007e-16	0.300222	1.28712	1.25325	1.61661	615	0	-0.129289	0	20	20
0.00933352	0.00093752	1563.52	127.539	3.09915e-16	0.289896	1.25534	1.25275	1.61661	615	0	-0.127375	0	20	20
0.00933475	0.000938882	1566.01	127.153	2.66746e-16	0.279926	1.22434	1.25225	1.61661	615	0	-0.125457	0	20	20
0.00933597	0.000940255	1568.52	126.768	2.29591e-16	0.270298	1.19411	1.25176	1.61661	615	0	-0.123534	0	20	20
0.00933716	0.000941639	1571.04	126.384	1.97611e-16	0.261001	1.16463	1.25128	1.61661	615	0	-0.121608	0	20	20
0.00933834	0.000943033	1573.58	126	1.70085e-16	0.252024	1.13588	1.25081	1.61661	615	0	-0.119677	0	20	20
0.0093395	0.000944437	1576.14	125.616	1.46393e-16	0.243356	1.10783	1.25034	1.61661	615	0	-0.117742	0	20	20
0.00934065	0.000945851	1578.71	125.234	1.26002e-16	0.234985	1.08048	1.24988	1.61661	615	0	-0.115802	0	20	20
0.00934177	0.000947274	1581.29	124.852	1.08451e-16	0.226903	1.0538	1.24943	1.61661	615	0	-0.113858	0	20	20
0.00934288	0.000948706	1583.89	124.47	9.33446e-17	0.219099	1.02778	1.24899	1.61661	615	0	-0.111909	0	20	20
0.00934397	0.000950147	1586.5	124.09	8.03424e-17	0.211563	1.00241	1.24855	1.61661	615	0	-0.109955	0	20	20
0.00934505	0.000951597	1589.13	123.709	6.91514e-17	0.204287	0.977657	1.24812	1.61661	615	0	-0.107996	0	20	20
0.00934611	0.000953055	1591.76	123.33	5.95191e-17	0.19726	0.953519	1.24769	1.61661	615	0	-0.106033	0	20	20
0.00934715	0.00095452	1594.41	122.951	5.12286e-17	0.190476	0.929977	1.24727	1.61661	615	0	-0.104066	0	20	20
0.00934818	0.000955993	1597.07	122.573	4.40929e-17	0.183924	0.907015	1.24686	1.61661	615	0	-0.102093	0	20	20
0.00934919	0.000957474	1599.75	122.195	3.79511e-17	0.177598	0.884621	1.24646	1.61661	615	0	-0.100116	0	20	20
0.00935018	0.000958962	1602.43	121.818	3.26648e-17	0.17149	0.86278	1.24606	1.61661	615	0	-0.0981345	0	20	20
0.00935116	0.000960456	1605.12	121.441	2.81149e-17	0.165591	0.841478	1.24567	1.61661	615	0	-0.0961483	0	20	20
0.00935213	0.000961958	1607.83	121.066	2.41987e-17	0.159896	0.820701	1.24528	1.61661	615	0	-0.0941577	0	20	20
0.00935308	0.000963465	1610.54	120.691	2.0828e-17	0.154396	0.800438	1.24491	1.61661	615	0	-0.0921627	0	20	20
0.00935401	0.000964979	1613.26	120.316	1.79268e-17	0.149086	0.780675	1.24453	1.61661	615	0	-0.0901635	0	20	20
0.00935493	0.000966498	1615.99	119.942	1.54298e-17	0.143958	0.7614	1.24417	1.61661	615	0	-0.0881601	0	20	20
0.00935583	0.000968024	1618.73	119.569	1.32805e-17	0.139007	0.742601	1.24381	1.61661	615	0	-0.0861526	0	20	20
0.00935672	0.000969555	1621.48	119.196	1.14306e-17	0.134226	0.724266	1.24345	1.61661	615	0	-0.0841412	0	20	20
0.0093576	0.000971091	1624.23	118.825	9.83845e-18	0.129609	0.706384	1.2431	1.61661	615	0	-0.082126	0	20	20
0.00935846	0.000972632	1627	118.453	8.46803e-18	0.125151	0.688944	1.24276	1.61661	615	0	-0.0801071	0	20	20
0.00935931	0.000974178	1629.77	118.083	7.2885e-18	0.120847	0.671933	1.24242	1.61661	615	0	-0.0780846	0	20	20
0.00936014	0.000975729	1632.54	117.713	6.27327e-18	0.11669	0.655343	1.24209	1.61661	615	0	-0.0760587	0	20	20
0.00936096	0.000977284	1635.33	117.344	5.39946e-18	0.112677	0.639163	1.24176	1.61661	615	0	-0.0740295	0	20	20
0.00936176	0.000978843	1638.11	116.975	4.64735e-18	0.108801	0.623382	1.24144	1.61661	615	0	-0.0719972	0	20	20
0.00936255	0.000980407	1640.91	116.607	4.00001e-18	0.105059	0.607991	1.24113	1.61661	615	0	-0.0699619	0	20	20
0.00936333	0.000981974	1643.71	116.24	3.44284e-18	0.101446	0.592979	1.24082	1.61661	615	0	-0.0679238	0	20	20
0.0093641	0.000983545	1646.51	115.873	2.96328e-18	0.0979565	0.578339	1.24052	1.61661	615	0	-0.065883	0	20	20
0.00936485	0.00098512	1649.33	115.507	2.55052e-18	0.0945873	0.564059	1.24022	1.61661	615	0	-0.0638398	0	20	20
0.00936559	0.000986698	1652.14	115.142	2.19525e-18	0.0913341	0.550133	1.23992	1.61661	615	0	-0.0617943	0	20	20
0.00936632	0.000988279	1654.96	114.777	1.88947e-18	0.0881927	0.53655	1.23963	1.61661	615	0	-0.0597466	0	20	20
0.00936703	0.000989863	1657.78	114.413	1.62628e-18	0.0851593	0.523302	1.23935	1.61661	615	0	-0.0576969	0	20	20
0.00936773	0.00099145	1660.61	114.05	1.39976e-18	0.0822303	0.510382	1.23907	1.61661	615	0	-0.0556455	0	20	20
0.00936842	0.00099304	1663.44	113.687	1.20478e-18	0.079402	0.497781	1.2388	1.61661	615	0	-0.0535924	0	20	20
0.0093691	0.000994632	1666.27	113.325	1.03696e-18	0.076671	0.48549	1.23853	1.61661	615	0	-0.0515379	0	20	20
0.00936977	0.000996226	1669.11	112.964	8.92524e-19	0.0740339	0.473504	1.23827	1.61661	615	0	-0.0494821	0	20	20
0.00937042	0.000997823	1671.95	112.604	7.68203e-19	0.0714876	0.461813	1.23801	1.61661	615	0	-0.0474252	0	20	20
0.00937106	0.000999421	1674.79	112.244	6.61198e-19	0.0690288	0.45041	1.23775	1.61661	615	0	-0.0453675	0	20	20
0.00937169	0.00100102	1677.63	111.885	5.69098e-19	0.0666546	0.43929	1.2375	1.61661	615	0	-0.0433091	0	20	20
0.00937231	0.00100262	1680.48	111.526	4.89828e-19	0.064362	0.428444	1.23726	1.61661	615	0	-0.0412501	0	20	20
0.00937292	0.00100423	1683.33	111.168	4.21598e-19	0.0621483	0.417865	1.23702	1.61661	615	0	-0.0391908	0	20	20
0.00937352	0.00100583	1686.18	110.811	3.62873e-19	0.0600107	0.407548	1.23678	1.61661	615	0	-0.0371314	0	20	20
0.0093741	0.00100744	1689.02	110.455	3.12328e-19	0.0579467	0.397486	1.23655	1.61661	615	0	-0.035072	0	20	20
0.00937468	0.00100904	1691.88	110.099	2.68823e-19	0.0559537	0.387672	1.23632	1.61661	615	0	-0.0330128	0	20	20
0.00937525	0.00101065	1694.73	109.744	2.31378e-19	0.0540291	0.3781	1.2361	1.61661	615	0	-0.030954	0	20	20
0.0093758	0.00101226	1697.58	109.39	1.99149e-19	0.0521708	0.368765	1.23588	1.61661	615	0	-0.0288958	0	20	20
0.00937634	0.00101387	1700.43	109.036	1.71409e-19	0.0503764	0.35966	1.23566	1.61661	615	0	-0.0268384	0	20	20
0.00937688	0.00101548	1703.28	108.683	1.47533e-19	0.0486438	0.35078	1.23545	1.61661	615	0	-0.024782	0	20	20
0.0093774	0.00101709	1706.13	108.331	1.26983e-19	0.0469707	0.342119	1.23524	1.61661	615	0	-0.0227267	0	20	20
0.00937792	0.0010187	1708.98	107.979	1.09295e-19	0.0453551	0.333672	1.23504	1.61661	615	0	-0.0206727	0	20	20
