0.00406814	
0.00407858	
0.00331852	
0.00281222	
0.0025279	
0.00236769	
0.00227508	
0.00222295	
0.00219911	
0.00219763	
0.00223518	
0.00236409	
0.00257134	
0.00284642	
0.00318619	
0.00359273	
0.00407171	
0.00463166	
0.00528392	
0.00604268	
0.00692473	
0.00794907	
0.00913666	
0.01051	
0.0120906	
0.0139087	
0.0160523	
0.018545	
0.0216154	
0.0254704	
0.0343005	
0.04364	
0.0453019	
0.0443706	
0.0432551	
0.0421843	
0.0412277	
0.0404387	
0.0398254	
0.039369	
0.0390421	
0.0388345	
0.0387841	
0.0388662	
0.0390508	
0.039311	
0.0396235	
0.0399678	
0.0403271	
0.0406873	
0.0410378	
0.0413705	
0.0416798	
0.0419623	
0.0422161	
0.042441	
0.0426373	
0.0428065	
0.0429503	
0.0430708	
0.04317	
0.0432501	
0.0433134	
0.0433617	
0.0433971	
0.0434211	
0.0434354	
0.0434413	
0.0434401	
0.043433	
0.0434208	
0.0434045	
0.0433847	
