0.00861418	0.000696904	1123.05	335.175	76.5	0	0	1.59352	1.61661	615	0	0.148507	0	20	20
0.00872327	0.000708985	1154.96	335.175	76.4694	22.3444	7.52996	1.53448	1.61661	615	0	-0.398907	0	20	20
0.00891195	0.000733661	1217.4	335.175	76.4339	65.496	22.218	1.43907	1.61661	615	0	-1.36319	0	20	20
0.0090634	0.000758292	1276.68	335.175	76.3927	107.157	36.5414	1.36813	1.61661	615	0	-2.16059	0	20	20
0.00918106	0.000782553	1332.25	335.175	76.3448	147.369	50.5054	1.3162	1.61661	615	0	-2.82974	0	20	20
0.00927143	0.000806278	1384.27	335.174	76.2893	186.169	64.1151	1.27808	1.61661	615	0	-3.40025	0	20	20
0.00934129	0.000829491	1433.36	335.174	76.2249	223.597	77.376	1.24962	1.61661	615	0	-3.8954	0	20	20
0.00939601	0.000852295	1480.21	335.174	76.1502	259.691	90.2936	1.22792	1.61661	615	0	-4.33219	0	20	20
0.00943939	0.000874772	1525.33	335.174	76.0636	294.488	102.874	1.21107	1.61661	615	0	-4.72222	0	20	20
0.00947401	0.000896945	1569	335.174	75.9633	328.026	115.122	1.19784	1.61661	615	0	-5.07327	0	20	20
0.0095017	0.000918786	1611.36	335.174	75.847	360.341	127.044	1.1874	1.61661	615	0	-5.39072	0	20	20
0.00952382	0.000940242	1652.44	335.174	75.7124	391.471	138.647	1.17914	1.61661	615	0	-5.67861	0	20	20
0.00954142	0.000961257	1692.24	335.173	75.5566	421.453	149.938	1.17263	1.61661	615	0	-5.94021	0	20	20
0.00955535	0.00098178	1730.75	335.173	75.3764	450.325	160.923	1.16751	1.61661	615	0	-6.17837	0	20	20
0.0095663	0.00100178	1767.98	335.173	75.1681	478.124	171.609	1.1635	1.61661	615	0	-6.39554	0	20	20
0.00957484	0.00102122	1803.94	335.172	74.9275	504.888	182.006	1.1604	1.61661	615	0	-6.59397	0	20	20
0.0095814	0.00104009	1838.65	335.172	74.6499	530.658	192.12	1.15801	1.61661	615	0	-6.7756	0	20	20
0.00958635	0.0010584	1872.14	335.172	74.33	555.471	201.961	1.15622	1.61661	615	0	-6.94219	0	20	20
0.00959	0.00107613	1904.44	335.171	73.9617	579.37	211.538	1.1549	1.61661	615	0	-7.09531	0	20	20
0.00959258	0.0010933	1935.6	335.171	73.5383	602.396	220.862	1.15397	1.61661	615	0	-7.23633	0	20	20
0.00959428	0.00110992	1965.64	335.171	73.0526	624.589	229.942	1.15335	1.61661	615	0	-7.36648	0	20	20
0.00959527	0.001126	1994.61	335.17	72.4961	645.994	238.789	1.153	1.61661	615	0	-7.48685	0	20	20
0.00959566	0.00114156	2022.55	335.17	71.8602	666.654	247.414	1.15286	1.61661	615	0	-7.59843	0	20	20
0.00959556	0.00115662	2049.52	335.169	71.1353	686.61	255.829	1.15289	1.61661	615	0	-7.70207	0	20	20
0.00959505	0.00117121	2075.53	335.168	70.3111	705.905	264.045	1.15308	1.61661	615	0	-7.79856	0	20	20
0.00959421	0.00118533	2100.65	335.168	69.3773	724.581	272.072	1.15338	1.61661	615	0	-7.88857	0	20	20
0.00959307	0.00119901	2124.89	335.167	68.323	742.675	279.922	1.15379	1.61661	615	0	-7.97271	0	20	20
0.00959169	0.00121227	2148.3	335.166	67.1377	760.221	287.604	1.15429	1.61661	615	0	-8.05153	0	20	20
0.00959011	0.00122511	2170.91	335.165	65.8111	777.249	295.125	1.15486	1.61661	615	0	-8.12546	0	20	20
0.00958837	0.00123756	2192.72	335.164	64.3342	793.781	302.49	1.15549	1.61661	615	0	-8.1949	0	20	20
0.00958648	0.0012496	2213.75	335.163	62.6995	809.83	309.703	1.15617	1.61661	615	0	-8.26015	0	20	20
0.00958449	0.00126125	2233.99	335.162	60.9015	825.398	316.762	1.15689	1.61661	615	0	-8.32145	0	20	20
0.00958243	0.00127248	2253.42	335.161	58.9379	840.476	323.661	1.15764	1.61661	615	0	-8.37896	0	20	20
0.00958035	0.00128328	2272.01	335.159	56.8097	855.038	330.391	1.15839	1.61661	615	0	-8.43277	0	20	20
0.00957828	0.00129361	2289.71	335.158	54.5225	869.045	336.937	1.15915	1.61661	615	0	-8.4829	0	20	20
0.00957628	0.00130342	2306.46	335.156	52.086	882.444	343.279	1.15987	1.61661	615	0	-8.52929	0	20	20
0.00957441	0.00131268	2322.18	335.155	49.5151	895.166	349.39	1.16055	1.61661	615	0	-8.57186	0	20	20
0.00957273	0.00132131	2336.77	335.153	46.8297	907.13	355.243	1.16116	1.61661	615	0	-8.61044	0	20	20
0.00957131	0.00132926	2350.14	335.151	44.0538	918.249	360.804	1.16168	1.61661	615	0	-8.64486	0	20	20
0.00957023	0.00133645	2362.18	335.148	41.2153	928.427	366.039	1.16207	1.61661	615	0	-8.67491	0	20	20
0.00956955	0.00134282	2372.81	335.146	38.3448	937.573	370.914	1.16232	1.61661	615	0	-8.70039	0	20	20
0.00956935	0.0013483	2381.93	335.143	35.4743	945.598	375.396	1.16239	1.61661	615	0	-8.72112	0	20	20
0.00956969	0.00135285	2389.47	335.14	32.6358	952.427	379.455	1.16227	1.61661	615	0	-8.73695	0	20	20
0.00957062	0.00135643	2395.37	335.137	29.8599	957.999	383.068	1.16193	1.61661	615	0	-8.74775	0	20	20
0.00957218	0.001359	2399.61	335.133	27.1745	962.271	386.217	1.16136	1.61661	615	0	-8.75347	0	20	20
0.00957439	0.00136055	2402.16	335.129	24.6037	965.222	388.89	1.16056	1.61661	615	0	-8.75411	0	20	20
0.00957727	0.0013611	2403.06	335.125	22.1672	966.853	391.084	1.15951	1.61661	615	0	-8.74971	0	20	20
0.00958082	0.00136065	2402.34	335.12	19.8799	967.183	392.803	1.15822	1.61661	615	0	-8.74038	0	20	20
0.00958421	0.00135935	2400.05	335.115	17.7517	966.251	394.056	1.15699	1.61661	615	0	-8.71634	0	20	20
0.00958744	0.00135724	2396.29	335.11	15.7881	964.113	394.859	1.15583	1.61661	615	0	-8.67821	0	20	20
0.0095905	0.00135437	2391.13	335.104	13.9901	960.834	395.23	1.15472	1.61661	615	0	-8.62693	0	20	20
0.0095934	0.00135079	2384.69	335.097	12.3554	956.49	395.194	1.15367	1.61661	615	0	-8.56349	0	20	20
0.00959612	0.00134655	2377.05	335.09	10.8785	951.162	394.774	1.15269	1.61661	615	0	-8.48895	0	20	20
0.00959868	0.00134171	2368.31	335.082	9.55195	944.934	393.998	1.15177	1.61661	615	0	-8.4044	0	20	20
0.00960106	0.00133634	2358.59	335.074	8.36659	937.888	392.892	1.15091	1.61661	615	0	-8.3109	0	20	20
0.00960327	0.00133048	2347.98	335.065	7.31231	930.106	391.481	1.15012	1.61661	615	0	-8.20948	0	20	20
0.00960529	0.00132418	2336.56	335.054	6.37848	921.664	389.791	1.14939	1.61661	615	0	-8.10113	0	20	20
0.00960714	0.00131749	2324.42	335.043	5.55436	912.634	387.845	1.14873	1.61661	615	0	-7.98674	0	20	20
0.00960879	0.00131045	2311.64	335.031	4.8294	903.084	385.666	1.14814	1.61661	615	0	-7.86717	0	20	20
0.00961026	0.00130311	2298.29	335.018	4.19349	893.074	383.274	1.14761	1.61661	615	0	-7.74317	0	20	20
0.00961153	0.0012955	2284.43	335.004	3.63707	882.661	380.687	1.14716	1.61661	615	0	-7.61543	0	20	20
0.0096126	0.00128766	2270.13	334.988	3.15127	871.892	377.923	1.14677	1.61661	615	0	-7.48456	0	20	20
0.00961346	0.0012796	2255.43	334.971	2.72794	860.814	374.997	1.14646	1.61661	615	0	-7.35111	0	20	20
0.00961412	0.00127137	2240.38	334.953	2.35965	849.464	371.922	1.14623	1.61661	615	0	-7.21556	0	20	20
0.00961457	0.00126297	2225.02	334.932	2.03971	837.879	368.711	1.14607	1.61661	615	0	-7.07833	0	20	20
0.00961481	0.00125444	2209.38	334.91	1.76213	826.089	365.375	1.14598	1.61661	615	0	-6.93981	0	20	20
0.00961482	0.00124579	2193.5	334.886	1.52155	814.121	361.923	1.14598	1.61661	615	0	-6.80032	0	20	20
0.00961461	0.00123703	2177.4	334.86	1.31324	802	358.366	1.14605	1.61661	615	0	-6.66015	0	20	20
0.00961418	0.00122818	2161.12	334.831	1.13301	789.746	354.71	1.14621	1.61661	615	0	-6.51956	0	20	20
0.00961351	0.00121926	2144.67	334.8	0.977206	777.379	350.964	1.14645	1.61661	615	0	-6.37877	0	20	20
0.00961261	0.00121026	2128.07	334.766	0.842585	764.916	347.133	1.14677	1.61661	615	0	-6.23799	0	20	20
0.00961146	0.00120122	2111.34	334.728	0.726331	752.372	343.224	1.14718	1.61661	615	0	-6.09738	0	20	20
0.00961008	0.00119212	2094.51	334.688	0.625985	739.76	339.243	1.14768	1.61661	615	0	-5.95711	0	20	20
0.00960845	0.00118299	2077.57	334.644	0.539403	727.092	335.194	1.14826	1.61661	615	0	-5.81731	0	20	20
0.00960657	0.00117383	2060.56	334.595	0.464724	714.381	331.083	1.14893	1.61661	615	0	-5.67813	0	20	20
0.00960444	0.00116465	2043.48	334.543	0.400329	701.637	326.914	1.1497	1.61661	615	0	-5.53967	0	20	20
0.00960205	0.00115545	2026.34	334.485	0.344818	688.868	322.691	1.15056	1.61661	615	0	-5.40203	0	20	20
0.00959941	0.00114624	2009.17	334.423	0.296973	676.085	318.419	1.15151	1.61661	615	0	-5.26531	0	20	20
0.00959651	0.00113703	1991.96	334.354	0.255745	663.295	314.101	1.15255	1.61661	615	0	-5.12961	0	20	20
0.00959334	0.00112782	1974.73	334.28	0.220224	650.507	309.742	1.15369	1.61661	615	0	-4.99501	0	20	20
0.00958991	0.00111862	1957.49	334.199	0.189625	637.729	305.344	1.15493	1.61661	615	0	-4.86157	0	20	20
0.00958622	0.00110944	1940.25	334.11	0.163268	624.967	300.912	1.15627	1.61661	615	0	-4.72937	0	20	20
0.00958226	0.00110028	1923.03	334.014	0.140567	612.23	296.449	1.1577	1.61661	615	0	-4.59848	0	20	20
0.00957803	0.00109114	1905.83	333.908	0.121018	599.523	291.958	1.15923	1.61661	615	0	-4.46897	0	20	20
0.00957354	0.00108203	1888.66	333.794	0.104184	586.855	287.443	1.16087	1.61661	615	0	-4.34088	0	20	20
0.00956877	0.00107295	1871.53	333.668	0.0896893	574.232	282.907	1.1626	1.61661	615	0	-4.21427	0	20	20
0.00956374	0.00106392	1854.45	333.532	0.0772089	561.66	278.354	1.16444	1.61661	615	0	-4.0892	0	20	20
0.00955844	0.00105493	1837.44	333.384	0.0664636	549.145	273.785	1.16638	1.61661	615	0	-3.96572	0	20	20
0.00955287	0.001046	1820.49	333.222	0.0572127	536.695	269.206	1.16842	1.61661	615	0	-3.84388	0	20	20
0.00954703	0.00103711	1803.63	333.045	0.0492485	524.315	264.618	1.17056	1.61661	615	0	-3.7237	0	20	20
0.00954093	0.00102829	1786.85	332.853	0.0423924	512.012	260.026	1.17281	1.61661	615	0	-3.60525	0	20	20
0.00953457	0.00101953	1770.18	332.643	0.0364903	499.792	255.432	1.17516	1.61661	615	0	-3.48856	0	20	20
0.00952794	0.00101085	1753.61	332.415	0.0314096	487.661	250.839	1.17761	1.61661	615	0	-3.37366	0	20	20
0.00952105	0.00100223	1737.16	332.166	0.027036	475.625	246.25	1.18017	1.61661	615	0	-3.26059	0	20	20
0.00951391	0.000993699	1720.83	331.896	0.0232712	463.69	241.669	1.18283	1.61661	615	0	-3.14938	0	20	20
0.00950651	0.000985248	1704.64	331.601	0.0200306	451.863	237.098	1.1856	1.61661	615	0	-3.04007	0	20	20
0.00949886	0.000976885	1688.59	331.279	0.0172411	440.148	232.54	1.18846	1.61661	615	0	-2.93267	0	20	20
0.00949096	0.000968613	1672.69	330.93	0.01484	428.552	227.999	1.19143	1.61661	615	0	-2.82722	0	20	20
0.00948282	0.000960439	1656.95	330.549	0.0127733	417.081	223.476	1.1945	1.61661	615	0	-2.72373	0	20	20
0.00947444	0.000952365	1641.38	330.135	0.0109943	405.74	218.976	1.19768	1.61661	615	0	-2.62223	0	20	20
0.00946583	0.000944395	1625.99	329.685	0.00946308	394.534	214.501	1.20095	1.61661	615	0	-2.52274	0	20	20
0.00945698	0.000936535	1610.77	329.194	0.00814509	383.47	210.054	1.20432	1.61661	615	0	-2.42526	0	20	20
0.00944791	0.000928787	1595.74	328.661	0.00701065	372.552	205.637	1.20779	1.61661	615	0	-2.32983	0	20	20
0.00943862	0.000921155	1580.91	328.082	0.0060342	361.787	201.254	1.21136	1.61661	615	0	-2.23644	0	20	20
0.00942912	0.000913643	1566.28	327.452	0.00519374	351.178	196.906	1.21503	1.61661	615	0	-2.14511	0	20	20
0.0094194	0.000906255	1551.86	326.768	0.00447034	340.732	192.598	1.21879	1.61661	615	0	-2.05584	0	20	20
0.00940949	0.000898993	1537.65	326.024	0.00384768	330.454	188.331	1.22265	1.61661	615	0	-1.96864	0	20	20
0.00939937	0.00089186	1523.66	325.217	0.00331176	320.349	184.108	1.2266	1.61661	615	0	-1.88351	0	20	20
0.00938907	0.000884861	1509.9	324.342	0.00285047	310.422	179.932	1.23064	1.61661	615	0	-1.80045	0	20	20
0.00937858	0.000877997	1496.36	323.392	0.00245344	300.678	175.806	1.23478	1.61661	615	0	-1.71947	0	20	20
0.00936791	0.000871271	1483.05	322.362	0.0021117	291.122	171.731	1.239	1.61661	615	0	-1.64056	0	20	20
0.00935707	0.000864685	1469.98	321.245	0.00181757	281.759	167.711	1.24331	1.61661	615	0	-1.56372	0	20	20
0.00934605	0.000858243	1457.15	320.037	0.0015644	272.595	163.749	1.24771	1.61661	615	0	-1.48895	0	20	20
0.00933488	0.000851945	1444.56	318.728	0.00134649	263.634	159.847	1.2522	1.61661	615	0	-1.41624	0	20	20
0.00932354	0.000845795	1432.21	317.313	0.00115894	254.882	156.007	1.25677	1.61661	615	0	-1.34558	0	20	20
0.00931205	0.000839794	1420.11	315.784	0.000997512	246.345	152.233	1.26143	1.61661	615	0	-1.27698	0	20	20
0.0093004	0.000833945	1408.25	314.132	0.000858568	238.028	148.527	1.26618	1.61661	615	0	-1.21042	0	20	20
0.00928861	0.000828249	1396.65	312.35	0.000738977	229.938	144.893	1.27101	1.61661	615	0	-1.14591	0	20	20
0.00927666	0.000822708	1385.29	310.428	0.000636045	222.08	141.333	1.27592	1.61661	615	0	-1.08344	0	20	20
0.00926456	0.000817325	1374.19	308.359	0.000547449	214.461	137.85	1.28093	1.61661	615	0	-1.02301	0	20	20
0.00925231	0.000812102	1363.34	306.133	0.000471194	207.089	134.448	1.28602	1.61661	615	0	-0.964615	0	20	20
0.00923991	0.000807038	1352.74	303.741	0.000405561	199.966	131.128	1.29121	1.61661	615	0	-0.908239	0	20	20
0.00922734	0.000802126	1342.38	301.175	0.00034907	193.089	127.891	1.2965	1.61661	615	0	-0.853792	0	20	20
0.0092146	0.000797355	1332.23	298.423	0.000300448	186.447	124.733	1.30188	1.61661	615	0	-0.801165	0	20	20
0.00920169	0.000792717	1322.27	295.479	0.000258598	180.035	121.653	1.30737	1.61661	615	0	-0.750261	0	20	20
0.0091886	0.000788201	1312.49	292.332	0.000222577	173.842	118.65	1.31296	1.61661	615	0	-0.700987	0	20	20
0.00917533	0.000783796	1302.87	288.975	0.000191574	167.863	115.72	1.31867	1.61661	615	0	-0.653263	0	20	20
0.00916187	0.000779495	1293.38	285.4	0.000164889	162.09	112.863	1.32449	1.61661	615	0	-0.607017	0	20	20
0.0091486	0.000775355	1284.18	281.6	0.000141922	156.515	110.077	1.33026	1.61661	615	0	-0.562723	0	20	20
0.00913611	0.000771472	1275.49	277.567	0.000122153	151.131	107.359	1.33572	1.61661	615	0	-0.521143	0	20	20
0.00912464	0.00076787	1267.39	273.298	0.000105138	145.933	104.708	1.34076	1.61661	615	0	-0.482388	0	20	20
0.00911413	0.000764523	1259.81	268.789	9.04933e-05	140.914	102.123	1.34541	1.61661	615	0	-0.446182	0	20	20
0.00910452	0.000761407	1252.71	264.036	7.78883e-05	136.067	99.6013	1.34967	1.61661	615	0	-0.412287	0	20	20
0.00909579	0.000758503	1246.05	259.039	6.70391e-05	131.387	97.1422	1.35356	1.61661	615	0	-0.380497	0	20	20
0.00908791	0.000755794	1239.8	253.8	5.77011e-05	126.868	94.7437	1.35709	1.61661	615	0	-0.350635	0	20	20
0.00908085	0.000753264	1233.92	248.321	4.96638e-05	122.505	92.4045	1.36025	1.61661	615	0	-0.322549	0	20	20
0.00907462	0.000750901	1228.39	242.608	4.2746e-05	118.291	90.123	1.36306	1.61661	615	0	-0.296108	0	20	20
0.0090692	0.000748694	1223.19	236.667	3.67919e-05	114.223	87.8979	1.3655	1.61661	615	0	-0.271201	0	20	20
0.00906461	0.000746635	1218.32	230.511	3.1667e-05	110.294	85.7277	1.36758	1.61661	615	0	-0.247732	0	20	20
0.00906085	0.000744716	1213.75	224.149	2.72561e-05	106.5	83.611	1.36928	1.61661	615	0	-0.22562	0	20	20
0.00905797	0.000742932	1209.49	217.599	2.34595e-05	102.837	81.5467	1.37059	1.61661	615	0	-0.204795	0	20	20
0.00905597	0.000741279	1205.53	210.876	2.01918e-05	99.3004	79.5333	1.3715	1.61661	615	0	-0.185197	0	20	20
0.0090549	0.000739756	1201.89	204.001	1.73792e-05	95.885	77.5696	1.37199	1.61661	615	0	-0.166774	0	20	20
0.00905479	0.000738362	1198.55	196.994	1.49585e-05	92.5871	75.6544	1.37203	1.61661	615	0	-0.149477	0	20	20
0.0090557	0.000737097	1195.54	189.88	1.28749e-05	89.4026	73.7865	1.37162	1.61661	615	0	-0.133265	0	20	20
0.00905766	0.000735964	1192.87	182.683	1.10815e-05	86.3276	71.9647	1.37073	1.61661	615	0	-0.118094	0	20	20
0.00906072	0.000734967	1190.54	175.429	9.53793e-06	83.3584	70.1879	1.36934	1.61661	615	0	-0.103924	0	20	20
0.00906493	0.000734111	1188.59	168.146	8.20938e-06	80.4913	68.4549	1.36744	1.61661	615	0	-0.090713	0	20	20
0.00907269	0.000733317	1187.17	160.861	7.06588e-06	77.7229	66.7648	1.36393	1.61661	615	0	-0.0679305	0	20	20
0.00908402	0.000732715	1186.51	153.601	6.08166e-06	75.0496	65.1163	1.35883	1.61661	615	0	-0.0441323	0	20	20
0.00909814	0.000732384	1186.65	146.394	5.23453e-06	72.4683	63.5086	1.35251	1.61661	615	0	-0.0231893	0	20	20
0.00911468	0.000732345	1187.58	139.265	4.5054e-06	69.9758	61.9406	1.34516	1.61661	615	0	-0.00466979	0	20	20
0.00913316	0.000732621	1189.28	132.241	3.87783e-06	67.569	60.4113	1.33702	1.61661	615	0	0.0118085	0	20	20
0.009153	0.000733244	1191.75	125.344	3.33768e-06	65.245	58.9197	1.32834	1.61661	615	0	0.0265806	0	20	20
0.00917357	0.000734248	1194.97	118.596	2.87277e-06	63.0009	57.465	1.31943	1.61661	615	0	0.0399351	0	20	20
0.0091942	0.000735661	1198.91	112.018	2.47262e-06	60.834	56.0462	1.31056	1.61661	615	0	0.0521134	0	20	20
0.00921426	0.000737508	1203.55	105.627	2.1282e-06	58.7417	54.6624	1.30202	1.61661	615	0	0.0633101	0	20	20
0.00923321	0.000739802	1208.84	99.438	1.83176e-06	56.7213	53.3128	1.29402	1.61661	615	0	0.0736757	0	20	20
0.00925065	0.000742544	1214.74	93.4639	1.57661e-06	54.7704	51.9965	1.28672	1.61661	615	0	0.0833215	0	20	20
0.00926631	0.000745723	1221.2	87.7152	1.357e-06	52.8866	50.7127	1.28021	1.61661	615	0	0.0923267	0	20	20
0.00928008	0.000749315	1228.17	82.1998	1.16798e-06	51.0676	49.4606	1.27451	1.61661	615	0	0.100747	0	20	20
0.00929199	0.000753289	1235.61	76.9234	1.00529e-06	49.3111	48.2394	1.26962	1.61661	615	0	0.108624	0	20	20
0.00930213	0.000757608	1243.46	71.8895	8.65262e-07	47.6151	47.0483	1.26547	1.61661	615	0	0.115988	0	20	20
0.00931068	0.000762234	1251.68	67.0994	7.44738e-07	45.9774	45.8867	1.26199	1.61661	615	0	0.12287	0	20	20
0.00931784	0.000767126	1260.22	62.5527	6.41002e-07	44.396	44.7538	1.25908	1.61661	615	0	0.129298	0	20	20
0.0093238	0.000772248	1269.05	58.2471	5.51715e-07	42.869	43.6488	1.25667	1.61661	615	0	0.135302	0	20	20
0.00932876	0.000777565	1278.13	54.1789	4.74866e-07	41.3946	42.5711	1.25467	1.61661	615	0	0.140911	0	20	20
0.00933289	0.000783046	1287.43	50.3433	4.08721e-07	39.9708	41.52	1.253	1.61661	615	0	0.146159	0	20	20
0.00933635	0.000788664	1296.92	46.734	3.51789e-07	38.596	40.4949	1.25161	1.61661	615	0	0.151077	0	20	20
0.00933925	0.000794394	1306.56	43.3441	3.02788e-07	37.2685	39.4951	1.25044	1.61661	615	0	0.155696	0	20	20
0.00934171	0.000800217	1316.35	40.1659	2.60612e-07	35.9867	38.5199	1.24946	1.61661	615	0	0.160046	0	20	20
0.00934379	0.000806113	1326.25	37.191	2.24311e-07	34.749	37.5689	1.24862	1.61661	615	0	0.164154	0	20	20
0.00934556	0.000812068	1336.25	34.4107	1.93066e-07	33.5538	36.6413	1.24791	1.61661	615	0	0.168045	0	20	20
0.00934706	0.000818069	1346.33	31.8161	1.66173e-07	32.3997	35.7366	1.24731	1.61661	615	0	0.171742	0	20	20
0.00934835	0.000824102	1356.46	29.398	1.43027e-07	31.2853	34.8543	1.2468	1.61661	615	0	0.175265	0	20	20
0.00934943	0.000830158	1366.65	27.1473	1.23104e-07	30.2093	33.9937	1.24636	1.61661	615	0	0.178632	0	20	20
0.00935033	0.000836228	1376.86	25.0547	1.05957e-07	29.1703	33.1544	1.246	1.61661	615	0	0.181857	0	20	20
0.00935107	0.000842302	1387.08	23.1113	9.11979e-08	28.167	32.3358	1.24571	1.61661	615	0	0.184955	0	20	20
0.00935166	0.000848374	1397.31	21.3084	7.84948e-08	27.1982	31.5374	1.24547	1.61661	615	0	0.187935	0	20	20
0.0093521	0.000854436	1407.53	19.6372	6.75611e-08	26.2627	30.7588	1.24529	1.61661	615	0	0.190808	0	20	20
0.00935242	0.000860481	1417.72	18.0895	5.81504e-08	25.3594	29.9993	1.24517	1.61661	615	0	0.193581	0	20	20
0.00935261	0.000866505	1427.88	16.6574	5.00505e-08	24.4872	29.2587	1.24509	1.61661	615	0	0.196261	0	20	20
0.00935269	0.000872501	1438	15.3332	4.30789e-08	23.6449	28.5363	1.24506	1.61661	615	0	0.198855	0	20	20
0.00935265	0.000878464	1448.07	14.1095	3.70783e-08	22.8317	27.8317	1.24508	1.61661	615	0	0.201366	0	20	20
0.0093525	0.00088439	1458.08	12.9796	3.19136e-08	22.0464	27.1445	1.24514	1.61661	615	0	0.203799	0	20	20
0.00935226	0.000890274	1468.02	11.9368	2.74683e-08	21.2881	26.4743	1.24523	1.61661	615	0	0.206157	0	20	20
0.00935192	0.000896112	1477.88	10.9749	2.36422e-08	20.5559	25.8207	1.24537	1.61661	615	0	0.208444	0	20	20
0.00935149	0.000901901	1487.66	10.0881	2.0349e-08	19.8489	25.1832	1.24554	1.61661	615	0	0.210662	0	20	20
0.00935098	0.000907638	1497.36	9.27093	1.75146e-08	19.1662	24.5614	1.24574	1.61661	615	0	0.212814	0	20	20
0.00935039	0.000913318	1506.96	8.51821	1.50749e-08	18.507	23.955	1.24598	1.61661	615	0	0.214902	0	20	20
0.00934973	0.00091894	1516.45	7.82513	1.29751e-08	17.8705	23.3635	1.24624	1.61661	615	0	0.216927	0	20	20
0.009349	0.000924501	1525.85	7.1872	1.11678e-08	17.2558	22.7867	1.24653	1.61661	615	0	0.218892	0	20	20
0.00934821	0.000929999	1535.14	6.60024	9.61219e-09	16.6623	22.2241	1.24685	1.61661	615	0	0.220799	0	20	20
0.00934736	0.000935431	1544.31	6.06032	8.27329e-09	16.0892	21.6753	1.24719	1.61661	615	0	0.222648	0	20	20
0.00934646	0.000940796	1553.37	5.56382	7.12089e-09	15.5358	21.1402	1.24755	1.61661	615	0	0.224442	0	20	20
0.00934552	0.000946092	1562.32	5.10736	6.129e-09	15.0015	20.6182	1.24793	1.61661	615	0	0.226182	0	20	20
0.00934453	0.000951318	1571.14	4.68783	5.27528e-09	14.4855	20.1092	1.24833	1.61661	615	0	0.22787	0	20	20
0.00934349	0.000956472	1579.84	4.3023	4.54048e-09	13.9873	19.6127	1.24874	1.61661	615	0	0.229506	0	20	20
0.00934243	0.000961554	1588.42	3.9481	3.90803e-09	13.5062	19.1284	1.24917	1.61661	615	0	0.231092	0	20	20
0.00934133	0.000966563	1596.87	3.62274	3.36367e-09	13.0417	18.6561	1.24961	1.61661	615	0	0.23263	0	20	20
0.0093402	0.000971497	1605.2	3.32393	2.89514e-09	12.5931	18.1955	1.25006	1.61661	615	0	0.234121	0	20	20
0.00933905	0.000976357	1613.39	3.04953	2.49187e-09	12.16	17.7463	1.25052	1.61661	615	0	0.235566	0	20	20
0.00933788	0.000981141	1621.46	2.7976	2.14477e-09	11.7417	17.3081	1.251	1.61661	615	0	0.236966	0	20	20
0.00933661	0.00098591	1629.49	2.56632	1.84602e-09	11.3379	16.8808	1.25151	1.61661	615	0	0.238324	0	20	20
0.00933516	0.000990729	1637.58	2.35402	1.58888e-09	10.9479	16.464	1.25209	1.61661	615	0	0.239643	0	20	20
0.00933354	0.000995602	1645.74	2.15917	1.36757e-09	10.5714	16.0575	1.25274	1.61661	615	0	0.240925	0	20	20
0.00933174	0.00100052	1653.97	1.98036	1.17707e-09	10.2078	15.661	1.25346	1.61661	615	0	0.24217	0	20	20
0.00932978	0.00100549	1662.24	1.81627	1.01312e-09	9.85668	15.2744	1.25425	1.61661	615	0	0.243378	0	20	20
0.00932766	0.0010105	1670.57	1.66571	8.71998e-10	9.51766	14.8972	1.25511	1.61661	615	0	0.24455	0	20	20
0.00932538	0.00101555	1678.93	1.52757	7.50536e-10	9.19031	14.5294	1.25603	1.61661	615	0	0.245687	0	20	20
0.00932296	0.00102063	1687.33	1.40084	6.45992e-10	8.87421	14.1707	1.25701	1.61661	615	0	0.24679	0	20	20
0.0093204	0.00102574	1695.76	1.28459	5.56011e-10	8.56899	13.8208	1.25805	1.61661	615	0	0.247859	0	20	20
0.0093177	0.00103088	1704.21	1.17795	4.78563e-10	8.27426	13.4796	1.25914	1.61661	615	0	0.248894	0	20	20
0.00931487	0.00103603	1712.67	1.08013	4.11903e-10	7.98967	13.1468	1.26029	1.61661	615	0	0.249897	0	20	20
0.00931193	0.0010412	1721.15	0.990411	3.54528e-10	7.71487	12.8222	1.26148	1.61661	615	0	0.250868	0	20	20
0.00930886	0.00104639	1729.63	0.908124	3.05145e-10	7.44952	12.5056	1.26273	1.61661	615	0	0.251809	0	20	20
0.00930568	0.00105159	1738.1	0.832657	2.62641e-10	7.1933	12.1968	1.26402	1.61661	615	0	0.252718	0	20	20
0.0093024	0.00105679	1746.57	0.763447	2.26057e-10	6.94589	11.8957	1.26536	1.61661	615	0	0.253598	0	20	20
0.00929902	0.001062	1755.03	0.699978	1.94569e-10	6.70698	11.602	1.26674	1.61661	615	0	0.254449	0	20	20
0.00929554	0.0010672	1763.46	0.641775	1.67467e-10	6.4763	11.3155	1.26817	1.61661	615	0	0.255272	0	20	20
0.00929197	0.00107241	1771.88	0.588403	1.4414e-10	6.25355	11.0361	1.26963	1.61661	615	0	0.256067	0	20	20
0.00928832	0.0010776	1780.26	0.539462	1.24063e-10	6.03846	10.7637	1.27113	1.61661	615	0	0.256835	0	20	20
0.00928459	0.00108279	1788.62	0.494587	1.06782e-10	5.83077	10.4979	1.27266	1.61661	615	0	0.257577	0	20	20
0.00928079	0.00108796	1796.93	0.453439	9.1908e-11	5.63023	10.2387	1.27422	1.61661	615	0	0.258293	0	20	20
0.00927691	0.00109311	1805.2	0.41571	7.91059e-11	5.43658	9.98592	1.27582	1.61661	615	0	0.258984	0	20	20
0.00927297	0.00109825	1813.42	0.381117	6.80871e-11	5.24959	9.73936	1.27745	1.61661	615	0	0.259651	0	20	20
0.00926897	0.00110336	1821.59	0.349399	5.86031e-11	5.06903	9.4989	1.2791	1.61661	615	0	0.260294	0	20	20
0.00926492	0.00110845	1829.71	0.320319	5.04402e-11	4.89468	9.26437	1.28078	1.61661	615	0	0.260914	0	20	20
0.00926081	0.00111351	1837.76	0.293657	4.34142e-11	4.72633	9.03563	1.28249	1.61661	615	0	0.261511	0	20	20
0.00925666	0.00111854	1845.75	0.269212	3.7367e-11	4.56377	8.81254	1.28421	1.61661	615	0	0.262087	0	20	20
0.00925246	0.00112354	1853.67	0.246801	3.21621e-11	4.4068	8.59496	1.28596	1.61661	615	0	0.262642	0	20	20
0.00924823	0.0011285	1861.53	0.226254	2.76821e-11	4.25523	8.38275	1.28773	1.61661	615	0	0.263175	0	20	20
0.00924397	0.00113342	1869.3	0.207417	2.38262e-11	4.10888	8.17578	1.28951	1.61661	615	0	0.263689	0	20	20
0.00923967	0.00113831	1877	0.190147	2.05074e-11	3.96755	7.97392	1.29131	1.61661	615	0	0.264184	0	20	20
0.00923535	0.00114315	1884.61	0.174314	1.76509e-11	3.83109	7.77704	1.29312	1.61661	615	0	0.264659	0	20	20
0.009231	0.00114795	1892.14	0.159799	1.51923e-11	3.69932	7.58502	1.29495	1.61661	615	0	0.265116	0	20	20
0.00922664	0.0011527	1899.58	0.146492	1.30761e-11	3.57208	7.39775	1.29679	1.61661	615	0	0.265555	0	20	20
0.00922226	0.0011574	1906.93	0.134293	1.12547e-11	3.44922	7.2151	1.29864	1.61661	615	0	0.265977	0	20	20
0.00921787	0.00116205	1914.19	0.123109	9.68703e-12	3.33059	7.03696	1.30049	1.61661	615	0	0.266382	0	20	20
0.00921348	0.00116664	1921.35	0.112857	8.3377e-12	3.21604	6.86321	1.30236	1.61661	615	0	0.266771	0	20	20
0.00920907	0.00117119	1928.42	0.103457	7.17633e-12	3.10542	6.69376	1.30422	1.61661	615	0	0.267145	0	20	20
0.00920467	0.00117568	1935.38	0.0948409	6.17672e-12	2.99861	6.52849	1.3061	1.61661	615	0	0.267502	0	20	20
0.00920027	0.00118011	1942.24	0.0869418	5.31635e-12	2.89548	6.3673	1.30797	1.61661	615	0	0.267845	0	20	20
0.00919587	0.00118448	1948.99	0.0797005	4.57583e-12	2.79589	6.21009	1.30985	1.61661	615	0	0.268174	0	20	20
0.00919148	0.00118879	1955.64	0.0730622	3.93845e-12	2.69972	6.05676	1.31173	1.61661	615	0	0.268489	0	20	20
0.00918711	0.00119304	1962.18	0.0669766	3.38986e-12	2.60687	5.90722	1.3136	1.61661	615	0	0.26879	0	20	20
0.00918274	0.00119723	1968.61	0.0613979	2.91768e-12	2.51721	5.76137	1.31548	1.61661	615	0	0.269078	0	20	20
0.00917839	0.00120136	1974.93	0.0562838	2.51127e-12	2.43063	5.61912	1.31735	1.61661	615	0	0.269354	0	20	20
0.00917406	0.00120542	1981.14	0.0515955	2.16147e-12	2.34703	5.48039	1.31921	1.61661	615	0	0.269618	0	20	20
0.00916975	0.00120941	1987.23	0.0472978	1.86039e-12	2.2663	5.34508	1.32108	1.61661	615	0	0.269869	0	20	20
0.00916546	0.00121334	1993.21	0.0433579	1.60125e-12	2.18835	5.2131	1.32293	1.61661	615	0	0.270109	0	20	20
0.0091612	0.0012172	1999.07	0.0397462	1.37821e-12	2.11309	5.08439	1.32478	1.61661	615	0	0.270338	0	20	20
0.00915696	0.00122099	2004.82	0.0364354	1.18624e-12	2.04041	4.95886	1.32662	1.61661	615	0	0.270557	0	20	20
0.00915275	0.00122471	2010.45	0.0334003	1.02101e-12	1.97023	4.83642	1.32845	1.61661	615	0	0.270764	0	20	20
0.00914858	0.00122837	2015.96	0.030618	8.78787e-13	1.90246	4.71701	1.33027	1.61661	615	0	0.270962	0	20	20
0.00914444	0.00123195	2021.36	0.0280674	7.56379e-13	1.83703	4.60055	1.33208	1.61661	615	0	0.271151	0	20	20
0.00914033	0.00123547	2026.64	0.0257293	6.51022e-13	1.77384	4.48696	1.33387	1.61661	615	0	0.271329	0	20	20
0.00913626	0.00123891	2031.8	0.023586	5.60339e-13	1.71283	4.37618	1.33566	1.61661	615	0	0.271499	0	20	20
0.00913222	0.00124228	2036.84	0.0216212	4.82289e-13	1.65392	4.26813	1.33743	1.61661	615	0	0.27166	0	20	20
0.00912823	0.00124559	2041.76	0.0198201	4.1511e-13	1.59704	4.16275	1.33919	1.61661	615	0	0.271813	0	20	20
0.00912427	0.00124882	2046.57	0.018169	3.57288e-13	1.54211	4.05997	1.34093	1.61661	615	0	0.271957	0	20	20
0.00912036	0.00125198	2051.25	0.0166554	3.07521e-13	1.48907	3.95973	1.34266	1.61661	615	0	0.272093	0	20	20
0.00911649	0.00125507	2055.82	0.0152679	2.64686e-13	1.43785	3.86196	1.34437	1.61661	615	0	0.272222	0	20	20
0.00911266	0.00125808	2060.28	0.013996	2.27817e-13	1.3884	3.76661	1.34606	1.61661	615	0	0.272343	0	20	20
0.00910888	0.00126103	2064.61	0.0128301	1.96084e-13	1.34064	3.67361	1.34774	1.61661	615	0	0.272458	0	20	20
0.00910514	0.00126391	2068.84	0.0117612	1.68771e-13	1.29453	3.58291	1.3494	1.61661	615	0	0.272565	0	20	20
0.00910145	0.00126671	2072.94	0.0107814	1.45263e-13	1.25001	3.49445	1.35104	1.61661	615	0	0.272665	0	20	20
0.00909781	0.00126945	2076.93	0.00988328	1.25029e-13	1.20701	3.40817	1.35266	1.61661	615	0	0.27276	0	20	20
0.00909422	0.00127212	2080.81	0.00905993	1.07613e-13	1.1655	3.32402	1.35427	1.61661	615	0	0.272848	0	20	20
0.00909067	0.00127471	2084.58	0.00830518	9.26235e-14	1.12541	3.24195	1.35585	1.61661	615	0	0.27293	0	20	20
0.00908718	0.00127724	2088.23	0.0076133	7.97218e-14	1.0867	3.16191	1.35742	1.61661	615	0	0.273006	0	20	20
0.00908373	0.0012797	2091.78	0.00697905	6.86172e-14	1.04933	3.08384	1.35896	1.61661	615	0	0.273077	0	20	20
0.00908034	0.00128209	2095.21	0.00639764	5.90593e-14	1.01324	3.0077	1.36049	1.61661	615	0	0.273142	0	20	20
0.00907699	0.00128441	2098.54	0.00586467	5.08329e-14	0.978386	2.93344	1.36199	1.61661	615	0	0.273202	0	20	20
0.00907369	0.00128667	2101.75	0.0053761	4.37522e-14	0.944735	2.86101	1.36348	1.61661	615	0	0.273257	0	20	20
0.00907045	0.00128886	2104.87	0.00492823	3.76579e-14	0.912241	2.79037	1.36494	1.61661	615	0	0.273307	0	20	20
0.00906726	0.00129099	2107.87	0.00451767	3.24125e-14	0.880865	2.72148	1.36638	1.61661	615	0	0.273352	0	20	20
0.00906412	0.00129305	2110.78	0.00414131	2.78977e-14	0.850568	2.65429	1.3678	1.61661	615	0	0.273393	0	20	20
0.00906102	0.00129504	2113.58	0.0037963	2.40117e-14	0.821313	2.58875	1.3692	1.61661	615	0	0.27343	0	20	20
0.00905798	0.00129698	2116.28	0.00348004	2.06671e-14	0.793065	2.52483	1.37058	1.61661	615	0	0.273462	0	20	20
0.009055	0.00129885	2118.89	0.00319012	1.77883e-14	0.765787	2.4625	1.37194	1.61661	615	0	0.273491	0	20	20
0.00905206	0.00130066	2121.39	0.00292436	1.53106e-14	0.739449	2.4017	1.37328	1.61661	615	0	0.273515	0	20	20
0.00904917	0.0013024	2123.8	0.00268073	1.31779e-14	0.714016	2.3424	1.37459	1.61661	615	0	0.273536	0	20	20
0.00904634	0.00130409	2126.12	0.00245741	1.13423e-14	0.689457	2.28457	1.37588	1.61661	615	0	0.273553	0	20	20
0.00904355	0.00130572	2128.34	0.00225268	9.76244e-15	0.665744	2.22816	1.37716	1.61661	615	0	0.273566	0	20	20
0.00904082	0.00130729	2130.47	0.00206502	8.40261e-15	0.642846	2.17315	1.37841	1.61661	615	0	0.273576	0	20	20
0.00903813	0.0013088	2132.51	0.00189298	7.2322e-15	0.620735	2.11949	1.37963	1.61661	615	0	0.273583	0	20	20
0.0090355	0.00131026	2134.46	0.00173528	6.22481e-15	0.599385	2.06716	1.38084	1.61661	615	0	0.273587	0	20	20
0.00903291	0.00131166	2136.33	0.00159072	5.35774e-15	0.57877	2.01612	1.38203	1.61661	615	0	0.273588	0	20	20
0.00903037	0.001313	2138.11	0.0014582	4.61145e-15	0.558863	1.96634	1.38319	1.61661	615	0	0.273586	0	20	20
0.00902789	0.0013143	2139.81	0.00133671	3.96911e-15	0.539641	1.91779	1.38434	1.61661	615	0	0.273581	0	20	20
0.00902545	0.00131554	2141.42	0.00122535	3.41625e-15	0.521081	1.87044	1.38546	1.61661	615	0	0.273573	0	20	20
0.00902305	0.00131672	2142.96	0.00112327	2.94039e-15	0.503158	1.82426	1.38656	1.61661	615	0	0.273563	0	20	20
0.00902071	0.00131786	2144.42	0.00102969	2.53082e-15	0.485852	1.77922	1.38764	1.61661	615	0	0.273551	0	20	20
0.00901841	0.00131895	2145.8	0.000943911	2.1783e-15	0.469142	1.73529	1.38871	1.61661	615	0	0.273536	0	20	20
0.00901616	0.00131999	2147.1	0.000865274	1.87488e-15	0.453006	1.69245	1.38975	1.61661	615	0	0.273518	0	20	20
0.00901395	0.00132098	2148.33	0.000793189	1.61372e-15	0.437425	1.65066	1.39077	1.61661	615	0	0.273499	0	20	20
0.00901179	0.00132192	2149.49	0.000727109	1.38894e-15	0.42238	1.60991	1.39177	1.61661	615	0	0.273477	0	20	20
0.00900967	0.00132282	2150.58	0.000666535	1.19547e-15	0.407852	1.57016	1.39275	1.61661	615	0	0.273453	0	20	20
0.0090076	0.00132367	2151.6	0.000611006	1.02895e-15	0.393824	1.53139	1.39371	1.61661	615	0	0.273428	0	20	20
0.00900557	0.00132448	2152.55	0.000560104	8.85629e-16	0.380279	1.49358	1.39465	1.61661	615	0	0.2734	0	20	20
0.00900359	0.00132524	2153.43	0.000513442	7.62268e-16	0.367199	1.4567	1.39558	1.61661	615	0	0.273371	0	20	20
0.00900164	0.00132596	2154.26	0.000470668	6.5609e-16	0.35457	1.42074	1.39648	1.61661	615	0	0.27334	0	20	20
0.00899974	0.00132665	2155.02	0.000431457	5.64702e-16	0.342374	1.38566	1.39737	1.61661	615	0	0.273307	0	20	20
0.00899788	0.00132729	2155.71	0.000395513	4.86043e-16	0.330599	1.35145	1.39823	1.61661	615	0	0.273273	0	20	20
0.00899606	0.00132789	2156.35	0.000362563	4.18342e-16	0.319228	1.31808	1.39908	1.61661	615	0	0.273238	0	20	20
0.00899428	0.00132845	2156.93	0.000332358	3.6007e-16	0.308248	1.28554	1.39991	1.61661	615	0	0.2732	0	20	20
0.00899253	0.00132898	2157.46	0.00030467	3.09915e-16	0.297646	1.2538	1.40073	1.61661	615	0	0.273162	0	20	20
0.00899083	0.00132947	2157.92	0.000279288	2.66746e-16	0.287409	1.22284	1.40152	1.61661	615	0	0.273122	0	20	20
0.00898916	0.00132992	2158.34	0.000256021	2.29591e-16	0.277523	1.19265	1.4023	1.61661	615	0	0.273081	0	20	20
0.00898754	0.00133034	2158.7	0.000234692	1.97611e-16	0.267978	1.1632	1.40307	1.61661	615	0	0.273039	0	20	20
0.00898594	0.00133073	2159.01	0.00021514	1.70085e-16	0.258761	1.13448	1.40381	1.61661	615	0	0.272995	0	20	20
0.00898439	0.00133108	2159.28	0.000197217	1.46393e-16	0.249861	1.10647	1.40454	1.61661	615	0	0.27295	0	20	20
0.00898287	0.0013314	2159.49	0.000180787	1.26002e-16	0.241267	1.07915	1.40526	1.61661	615	0	0.272905	0	20	20
0.00898138	0.00133169	2159.66	0.000165726	1.08451e-16	0.232969	1.05251	1.40595	1.61661	615	0	0.272858	0	20	20
0.00897993	0.00133194	2159.78	0.000151919	9.33446e-17	0.224956	1.02652	1.40663	1.61661	615	0	0.272811	0	20	20
0.00897851	0.00133217	2159.86	0.000139263	8.03424e-17	0.217219	1.00118	1.4073	1.61661	615	0	0.272762	0	20	20
0.00897713	0.00133237	2159.89	0.000127661	6.91514e-17	0.209748	0.976457	1.40795	1.61661	615	0	0.272713	0	20	20
0.00897577	0.00133254	2159.88	0.000117026	5.95191e-17	0.202533	0.952348	1.40859	1.61661	615	0	0.272663	0	20	20
0.00897445	0.00133269	2159.84	0.000107276	5.12286e-17	0.195567	0.928835	1.40921	1.61661	615	0	0.272612	0	20	20
0.00897316	0.0013328	2159.75	9.83393e-05	4.40929e-17	0.188841	0.905902	1.40982	1.61661	615	0	0.27256	0	20	20
0.0089719	0.00133289	2159.63	9.01468e-05	3.79511e-17	0.182346	0.883535	1.41041	1.61661	615	0	0.272508	0	20	20
0.00897067	0.00133296	2159.47	8.26367e-05	3.26648e-17	0.176074	0.86172	1.411	1.61661	615	0	0.272455	0	20	20
0.00896947	0.001333	2159.27	7.57523e-05	2.81149e-17	0.170018	0.840445	1.41156	1.61661	615	0	0.272402	0	20	20
0.0089683	0.00133302	2159.04	6.94415e-05	2.41987e-17	0.16417	0.819694	1.41212	1.61661	615	0	0.272348	0	20	20
0.00896715	0.00133302	2158.77	6.36563e-05	2.0828e-17	0.158524	0.799456	1.41266	1.61661	615	0	0.272293	0	20	20
0.00896603	0.00133299	2158.48	5.83532e-05	1.79268e-17	0.153071	0.779717	1.41319	1.61661	615	0	0.272238	0	20	20
0.00896494	0.00133294	2158.15	5.34918e-05	1.54298e-17	0.147807	0.760466	1.4137	1.61661	615	0	0.272182	0	20	20
0.00896388	0.00133287	2157.79	4.90355e-05	1.32805e-17	0.142723	0.74169	1.4142	1.61661	615	0	0.272126	0	20	20
0.00896284	0.00133278	2157.4	4.49504e-05	1.14306e-17	0.137814	0.723377	1.4147	1.61661	615	0	0.27207	0	20	20
0.00896183	0.00133267	2156.99	4.12056e-05	9.83845e-18	0.133074	0.705517	1.41518	1.61661	615	0	0.272013	0	20	20
0.00896084	0.00133255	2156.55	3.77728e-05	8.46803e-18	0.128497	0.688098	1.41564	1.61661	615	0	0.271956	0	20	20
0.00895988	0.0013324	2156.08	3.4626e-05	7.2885e-18	0.124077	0.671109	1.4161	1.61661	615	0	0.271899	0	20	20
0.00895894	0.00133224	2155.58	3.17413e-05	6.27327e-18	0.11981	0.654539	1.41655	1.61661	615	0	0.271841	0	20	20
0.00895802	0.00133206	2155.06	2.9097e-05	5.39946e-18	0.115689	0.638378	1.41698	1.61661	615	0	0.271783	0	20	20
0.00895712	0.00133186	2154.52	2.66729e-05	4.64735e-18	0.11171	0.622617	1.41741	1.61661	615	0	0.271725	0	20	20
0.00895625	0.00133164	2153.96	2.44508e-05	4.00001e-18	0.107868	0.607244	1.41782	1.61661	615	0	0.271666	0	20	20
0.0089554	0.00133141	2153.37	2.24139e-05	3.44284e-18	0.104158	0.592251	1.41822	1.61661	615	0	0.271608	0	20	20
0.00895457	0.00133117	2152.76	2.05466e-05	2.96328e-18	0.100575	0.577628	1.41862	1.61661	615	0	0.271549	0	20	20
0.00895376	0.00133091	2152.14	1.88349e-05	2.55052e-18	0.0971159	0.563367	1.419	1.61661	615	0	0.27149	0	20	20
0.00895297	0.00133064	2151.49	1.72657e-05	2.19525e-18	0.0937756	0.549457	1.41938	1.61661	615	0	0.271431	0	20	20
0.0089522	0.00133035	2150.82	1.58273e-05	1.88947e-18	0.0905502	0.535891	1.41974	1.61661	615	0	0.271372	0	20	20
0.00895145	0.00133006	2150.14	1.45088e-05	1.62628e-18	0.0874358	0.52266	1.4201	1.61661	615	0	0.271313	0	20	20
0.00895072	0.00132974	2149.44	1.33001e-05	1.39976e-18	0.0844285	0.509755	1.42045	1.61661	615	0	0.271253	0	20	20
0.00895001	0.00132942	2148.72	1.21921e-05	1.20478e-18	0.0815246	0.497169	1.42079	1.61661	615	0	0.271194	0	20	20
0.00894932	0.00132909	2147.99	1.11763e-05	1.03696e-18	0.0787206	0.484894	1.42112	1.61661	615	0	0.271135	0	20	20
0.00894864	0.00132874	2147.24	1.02452e-05	8.92524e-19	0.076013	0.472922	1.42144	1.61661	615	0	0.271075	0	20	20
0.00894798	0.00132839	2146.48	9.39173e-06	7.68203e-19	0.0733986	0.461246	1.42176	1.61661	615	0	0.271016	0	20	20
0.00894734	0.00132802	2145.7	8.60931e-06	6.61198e-19	0.0708741	0.449858	1.42206	1.61661	615	0	0.270956	0	20	20
0.00894671	0.00132764	2144.91	7.89208e-06	5.69098e-19	0.0684364	0.438751	1.42236	1.61661	615	0	0.270897	0	20	20
0.0089461	0.00132726	2144.11	7.23459e-06	4.89828e-19	0.0660825	0.427918	1.42265	1.61661	615	0	0.270838	0	20	20
0.00894551	0.00132686	2143.3	6.63189e-06	4.21598e-19	0.0638097	0.417352	1.42293	1.61661	615	0	0.270778	0	20	20
0.00894493	0.00132646	2142.47	6.07939e-06	3.62873e-19	0.061615	0.407048	1.42321	1.61661	615	0	0.270719	0	20	20
0.00894437	0.00132605	2141.63	5.57292e-06	3.12328e-19	0.0594957	0.396998	1.42348	1.61661	615	0	0.27066	0	20	20
0.00894382	0.00132563	2140.79	5.10864e-06	2.68823e-19	0.0574494	0.387196	1.42374	1.61661	615	0	0.270601	0	20	20
0.00894328	0.0013252	2139.93	4.68305e-06	2.31378e-19	0.0554735	0.377636	1.424	1.61661	615	0	0.270542	0	20	20
0.00894276	0.00132477	2139.07	4.29291e-06	1.99149e-19	0.0535655	0.368312	1.42425	1.61661	615	0	0.270483	0	20	20
0.00894225	0.00132433	2138.19	3.93527e-06	1.71409e-19	0.0517231	0.359219	1.42449	1.61661	615	0	0.270425	0	20	20
0.00894176	0.00132388	2137.31	3.60742e-06	1.47533e-19	0.0499441	0.350349	1.42473	1.61661	615	0	0.270366	0	20	20
0.00894128	0.00132343	2136.42	3.30689e-06	1.26983e-19	0.0482263	0.341699	1.42496	1.61661	615	0	0.270308	0	20	20
0.00894081	0.00132297	2135.52	3.0314e-06	1.09295e-19	0.0465676	0.333263	1.42518	1.61661	615	0	0.27025	0	20	20
