0.0148376	
0.00974138	
0.00729185	
0.0061179	
0.00539446	
0.00487809	
0.00447089	
0.00413427	
0.00387108	
0.00370296	
0.00365424	
0.00374957	
0.00394851	
0.00422359	
0.00456303	
0.00496583	
0.00543766	
0.00598847	
0.00663133	
0.00738191	
0.00825837	
0.0092815	
0.0104749	
0.0118647	
0.0134763	
0.0153411	
0.0175581	
0.0202854	
0.0237106	
0.0279845	
0.0371	
0.0483111	
0.0555184	
0.0568962	
0.0545233	
0.0506491	
0.0464082	
0.0423037	
0.0387567	
0.0358367	
0.033471	
0.0315665	
0.0300352	
0.0288018	
0.0278055	
0.0269976	
0.02634	
0.0258027	
0.025362	
0.0249993	
0.0246998	
0.0244516	
0.0242454	
0.0240735	
0.02393	
0.0238098	
0.023709	
0.0236243	
0.0235533	
0.0234937	
0.0234439	
0.0234024	
0.0233681	
0.0233402	
0.0233178	
0.0233004	
0.0232874	
0.0232786	
0.0232735	
0.0232719	
0.0232736	
0.0232784	
0.0232862	
