0.00871656	0.000689322	1106.65	223.097	76.5	0	0	1.53803	1.61661	615	0	0.150255	0	20	20
0.00877515	0.000703105	1135.37	223.097	76.4694	18.5354	6.24637	1.50743	1.61661	615	0	-0.0339309	0	20	20
0.0088496	0.000731638	1190.05	223.097	76.4339	54.3361	18.4323	1.4697	1.61661	615	0	-0.367822	0	20	20
0.0088876	0.000760132	1240.85	223.097	76.3927	88.9108	30.3191	1.45093	1.61661	615	0	-0.658253	0	20	20
0.00890439	0.000788821	1289.66	223.097	76.3448	122.294	41.9117	1.44274	1.61661	615	0	-0.914707	0	20	20
0.00890652	0.000817278	1336.38	223.097	76.2893	154.52	53.215	1.4417	1.61661	615	0	-1.14222	0	20	20
0.00889848	0.000845223	1380.96	223.097	76.2249	185.622	64.2339	1.44562	1.61661	615	0	-1.34455	0	20	20
0.00888338	0.000872486	1423.44	223.097	76.1502	215.633	74.9738	1.453	1.61661	615	0	-1.52518	0	20	20
0.0088634	0.000898974	1463.89	223.097	76.0636	244.588	85.4402	1.46285	1.61661	615	0	-1.68723	0	20	20
0.00884007	0.000924652	1502.43	223.097	75.9633	272.519	95.6388	1.47446	1.61661	615	0	-1.83338	0	20	20
0.00881447	0.000949517	1539.18	223.097	75.847	299.46	105.576	1.48735	1.61661	615	0	-1.96592	0	20	20
0.00878734	0.000973593	1574.26	223.096	75.7124	325.446	115.258	1.50116	1.61661	615	0	-2.08679	0	20	20
0.00875925	0.000996912	1607.81	223.096	75.5566	350.51	124.691	1.51565	1.61661	615	0	-2.19758	0	20	20
0.00873057	0.00101952	1639.95	223.096	75.3764	374.689	133.884	1.53064	1.61661	615	0	-2.29965	0	20	20
0.00870158	0.00104144	1670.79	223.096	75.1681	398.018	142.843	1.54599	1.61661	615	0	-2.39414	0	20	20
0.00867247	0.00106274	1700.44	223.096	74.9275	420.535	151.578	1.56161	1.61661	615	0	-2.48198	0	20	20
0.00864339	0.00108344	1728.97	223.096	74.6499	442.277	160.097	1.57742	1.61661	615	0	-2.56398	0	20	20
0.00861443	0.00110359	1756.48	223.095	74.33	463.285	168.41	1.59339	1.61661	615	0	-2.64083	0	20	20
0.00858564	0.00112323	1783.04	223.095	73.9617	483.598	176.528	1.60947	1.61661	615	0	-2.71313	0	20	20
0.00855706	0.00114239	1808.71	223.095	73.5383	503.26	184.461	1.62565	1.61661	615	0	-2.78139	0	20	20
0.00852871	0.0011611	1833.57	223.094	73.0526	522.313	192.221	1.64191	1.61661	615	0	-2.84606	0	20	20
0.00850059	0.0011794	1857.67	223.094	72.4961	540.802	199.82	1.65826	1.61661	615	0	-2.90753	0	20	20
0.00847269	0.00119734	1881.06	223.094	71.8602	558.772	207.272	1.6747	1.61661	615	0	-2.96617	0	20	20
0.00844499	0.00121493	1903.8	223.093	71.1353	576.268	214.588	1.69123	1.61661	615	0	-3.02229	0	20	20
0.00841747	0.00123222	1925.94	223.093	70.3111	593.334	221.781	1.70787	1.61661	615	0	-3.07616	0	20	20
0.0083901	0.00124923	1947.51	223.093	69.3773	610.014	228.865	1.72464	1.61661	615	0	-3.12805	0	20	20
0.00836286	0.00126599	1968.58	223.092	68.323	626.347	235.851	1.74155	1.61661	615	0	-3.17816	0	20	20
0.00833572	0.00128254	1989.15	223.092	67.1377	642.368	242.75	1.75862	1.61661	615	0	-3.22669	0	20	20
0.00830866	0.00129887	2009.27	223.091	65.8111	658.108	249.569	1.77585	1.61661	615	0	-3.27379	0	20	20
0.00828168	0.00131502	2028.94	223.09	64.3342	673.586	256.314	1.79327	1.61661	615	0	-3.3196	0	20	20
0.00825478	0.00133098	2048.17	223.09	62.6995	688.812	262.988	1.81085	1.61661	615	0	-3.36418	0	20	20
0.00822798	0.00134673	2066.94	223.089	60.9015	703.782	269.587	1.8286	1.61661	615	0	-3.4076	0	20	20
0.00820133	0.00136224	2085.22	223.088	58.9379	718.477	276.105	1.84649	1.61661	615	0	-3.44985	0	20	20
0.00817489	0.00137749	2102.96	223.087	56.8097	732.859	282.528	1.86447	1.61661	615	0	-3.49091	0	20	20
0.00814875	0.0013924	2120.08	223.086	54.5225	746.874	288.835	1.88247	1.61661	615	0	-3.53069	0	20	20
0.00812302	0.0014069	2136.5	223.085	52.086	760.448	295	1.90041	1.61661	615	0	-3.56908	0	20	20
0.00809783	0.00142088	2152.1	223.084	49.5151	773.489	300.991	1.9182	1.61661	615	0	-3.60592	0	20	20
0.00807336	0.00143425	2166.76	223.083	46.8297	785.891	306.769	1.9357	1.61661	615	0	-3.64102	0	20	20
0.00804976	0.00144687	2180.33	223.081	44.0538	797.536	312.293	1.95277	1.61661	615	0	-3.6742	0	20	20
0.00802721	0.00145862	2192.69	223.08	41.2153	808.301	317.518	1.96927	1.61661	615	0	-3.70523	0	20	20
0.0080059	0.00146937	2203.68	223.078	38.3448	818.064	322.401	1.98504	1.61661	615	0	-3.73391	0	20	20
0.007986	0.00147901	2213.19	223.076	35.4743	826.708	326.898	1.99992	1.61661	615	0	-3.76004	0	20	20
0.00796765	0.00148742	2221.1	223.074	32.6358	834.132	330.971	2.01377	1.61661	615	0	-3.78344	0	20	20
0.00795098	0.00149452	2227.33	223.072	29.8599	840.254	334.589	2.02646	1.61661	615	0	-3.80399	0	20	20
0.00793609	0.00150025	2231.82	223.07	27.1745	845.012	337.728	2.03789	1.61661	615	0	-3.82157	0	20	20
0.00792304	0.00150456	2234.55	223.067	24.6037	848.374	340.372	2.04797	1.61661	615	0	-3.83613	0	20	20
0.00791186	0.00150744	2235.52	223.064	22.1672	850.332	342.514	2.05666	1.61661	615	0	-3.84767	0	20	20
0.00790255	0.00150891	2234.77	223.061	19.8799	850.904	344.157	2.06395	1.61661	615	0	-3.85617	0	20	20
0.0078941	0.00150916	2232.36	223.058	17.7517	850.132	345.311	2.07058	1.61661	615	0	-3.85665	0	20	20
0.00788648	0.00150826	2228.38	223.054	15.7881	848.075	345.992	2.07659	1.61661	615	0	-3.8495	0	20	20
0.00787962	0.00150627	2222.95	223.05	13.9901	844.811	346.224	2.08201	1.61661	615	0	-3.83521	0	20	20
0.00787349	0.00150328	2216.16	223.046	12.3554	840.427	346.032	2.08688	1.61661	615	0	-3.81434	0	20	20
0.00786803	0.00149937	2208.16	223.041	10.8785	835.015	345.446	2.09123	1.61661	615	0	-3.78746	0	20	20
0.00786318	0.00149462	2199.05	223.036	9.55195	828.674	344.497	2.0951	1.61661	615	0	-3.75521	0	20	20
0.00785889	0.00148912	2188.95	223.03	8.36659	821.5	343.215	2.09854	1.61661	615	0	-3.71818	0	20	20
0.0078551	0.00148296	2177.99	223.024	7.31231	813.588	341.631	2.10157	1.61661	615	0	-3.67696	0	20	20
0.00785178	0.0014762	2166.27	223.017	6.37848	805.027	339.774	2.10424	1.61661	615	0	-3.6321	0	20	20
0.00784887	0.00146892	2153.88	223.01	5.55436	795.902	337.673	2.10658	1.61661	615	0	-3.58412	0	20	20
0.00784634	0.00146119	2140.92	223.002	4.8294	786.289	335.352	2.10862	1.61661	615	0	-3.5335	0	20	20
0.00784415	0.00145306	2127.48	222.993	4.19349	776.26	332.834	2.11039	1.61661	615	0	-3.48066	0	20	20
0.00784226	0.00144459	2113.61	222.984	3.63707	765.876	330.143	2.11192	1.61661	615	0	-3.42598	0	20	20
0.00784065	0.00143583	2099.4	222.973	3.15127	755.195	327.296	2.11322	1.61661	615	0	-3.3698	0	20	20
0.0078393	0.00142682	2084.9	222.962	2.72794	744.266	324.311	2.11431	1.61661	615	0	-3.31242	0	20	20
0.00783817	0.0014176	2070.15	222.949	2.35965	733.133	321.203	2.11522	1.61661	615	0	-3.2541	0	20	20
0.00783726	0.00140819	2055.21	222.936	2.03971	721.834	317.986	2.11596	1.61661	615	0	-3.19507	0	20	20
0.00783655	0.00139863	2040.1	222.921	1.76213	710.402	314.672	2.11653	1.61661	615	0	-3.13551	0	20	20
0.00783602	0.00138895	2024.87	222.905	1.52155	698.867	311.271	2.11696	1.61661	615	0	-3.0756	0	20	20
0.00783567	0.00137915	2009.54	222.888	1.31324	687.252	307.793	2.11725	1.61661	615	0	-3.01548	0	20	20
0.00783548	0.00136927	1994.14	222.869	1.13301	675.579	304.246	2.1174	1.61661	615	0	-2.95528	0	20	20
0.00783545	0.00135932	1978.68	222.848	0.977206	663.868	300.637	2.11743	1.61661	615	0	-2.89509	0	20	20
0.00783557	0.0013493	1963.2	222.825	0.842585	652.133	296.974	2.11733	1.61661	615	0	-2.83501	0	20	20
0.00783585	0.00133924	1947.7	222.8	0.726331	640.389	293.261	2.1171	1.61661	615	0	-2.77512	0	20	20
0.00783627	0.00132915	1932.19	222.773	0.625985	628.649	289.504	2.11677	1.61661	615	0	-2.71548	0	20	20
0.00783683	0.00131903	1916.7	222.744	0.539403	616.921	285.707	2.11631	1.61661	615	0	-2.65615	0	20	20
0.00783753	0.00130889	1901.23	222.712	0.464724	605.217	281.875	2.11574	1.61661	615	0	-2.59718	0	20	20
0.00783838	0.00129874	1885.8	222.676	0.400329	593.543	278.012	2.11505	1.61661	615	0	-2.53862	0	20	20
0.00783938	0.00128859	1870.4	222.638	0.344818	581.907	274.121	2.11425	1.61661	615	0	-2.48049	0	20	20
0.00784051	0.00127844	1855.06	222.597	0.296973	570.315	270.206	2.11333	1.61661	615	0	-2.42284	0	20	20
0.0078418	0.0012683	1839.78	222.551	0.255745	558.774	266.269	2.11229	1.61661	615	0	-2.36568	0	20	20
0.00784323	0.00125817	1824.56	222.502	0.220224	547.289	262.314	2.11113	1.61661	615	0	-2.30906	0	20	20
0.00784481	0.00124806	1809.42	222.447	0.189625	535.863	258.344	2.10985	1.61661	615	0	-2.25299	0	20	20
0.00784655	0.00123797	1794.35	222.389	0.163268	524.504	254.36	2.10845	1.61661	615	0	-2.19749	0	20	20
0.00784844	0.00122792	1779.38	222.324	0.140567	513.213	250.366	2.10693	1.61661	615	0	-2.14257	0	20	20
0.00785049	0.00121789	1764.49	222.254	0.121018	501.996	246.364	2.10528	1.61661	615	0	-2.08827	0	20	20
0.0078527	0.0012079	1749.7	222.178	0.104184	490.857	242.356	2.1035	1.61661	615	0	-2.03459	0	20	20
0.00785508	0.00119795	1735.02	222.095	0.0896893	479.799	238.346	2.10159	1.61661	615	0	-1.98155	0	20	20
0.00785762	0.00118805	1720.45	222.004	0.0772089	468.826	234.334	2.09955	1.61661	615	0	-1.92916	0	20	20
0.00786033	0.0011782	1705.99	221.905	0.0664636	457.942	230.323	2.09738	1.61661	615	0	-1.87743	0	20	20
0.00786322	0.0011684	1691.66	221.797	0.0572127	447.151	226.316	2.09507	1.61661	615	0	-1.82639	0	20	20
0.00786628	0.00115865	1677.45	221.68	0.0492485	436.455	222.315	2.09263	1.61661	615	0	-1.77602	0	20	20
0.00786952	0.00114897	1663.37	221.552	0.0423924	425.859	218.321	2.09004	1.61661	615	0	-1.72636	0	20	20
0.00787294	0.00113935	1649.43	221.412	0.0364903	415.365	214.338	2.08732	1.61661	615	0	-1.67739	0	20	20
0.00787655	0.0011298	1635.64	221.26	0.0314096	404.978	210.367	2.08445	1.61661	615	0	-1.62915	0	20	20
0.00788034	0.00112033	1621.99	221.095	0.027036	394.701	206.41	2.08144	1.61661	615	0	-1.58162	0	20	20
0.00788432	0.00111093	1608.49	220.915	0.0232712	384.536	202.469	2.07829	1.61661	615	0	-1.53482	0	20	20
0.00788849	0.00110161	1595.15	220.718	0.0200306	374.488	198.546	2.075	1.61661	615	0	-1.48876	0	20	20
0.00789285	0.00109238	1581.97	220.504	0.0172411	364.56	194.644	2.07156	1.61661	615	0	-1.44344	0	20	20
0.0078974	0.00108324	1568.96	220.272	0.01484	354.755	190.764	2.06799	1.61661	615	0	-1.39886	0	20	20
0.00790214	0.00107418	1556.12	220.018	0.0127733	345.076	186.909	2.06427	1.61661	615	0	-1.35503	0	20	20
0.00790707	0.00106523	1543.46	219.743	0.0109943	335.527	183.08	2.06041	1.61661	615	0	-1.31196	0	20	20
0.00791219	0.00105637	1530.97	219.443	0.00946308	326.111	179.279	2.05641	1.61661	615	0	-1.26963	0	20	20
0.0079175	0.00104762	1518.67	219.117	0.00814509	316.83	175.508	2.05228	1.61661	615	0	-1.22807	0	20	20
0.00792299	0.00103897	1506.55	218.762	0.00701065	307.689	171.77	2.04801	1.61661	615	0	-1.18726	0	20	20
0.00792867	0.00103044	1494.62	218.376	0.0060342	298.691	168.066	2.04362	1.61661	615	0	-1.14721	0	20	20
0.00793452	0.00102202	1482.89	217.957	0.00519374	289.838	164.397	2.0391	1.61661	615	0	-1.10791	0	20	20
0.00794054	0.00101371	1471.35	217.501	0.00447034	281.133	160.767	2.03446	1.61661	615	0	-1.06938	0	20	20
0.00794673	0.00100553	1460.01	217.007	0.00384768	272.581	157.176	2.02972	1.61661	615	0	-1.0316	0	20	20
0.00795307	0.000997464	1448.87	216.469	0.00331176	264.183	153.626	2.02486	1.61661	615	0	-0.994573	0	20	20
0.00795957	0.00098953	1437.93	215.887	0.00285047	255.943	150.12	2.01991	1.61661	615	0	-0.9583	0	20	20
0.0079662	0.000981725	1427.19	215.254	0.00245344	247.864	146.659	2.01487	1.61661	615	0	-0.922777	0	20	20
0.00797296	0.000974054	1416.67	214.569	0.0021117	239.949	143.245	2.00975	1.61661	615	0	-0.888003	0	20	20
0.00797983	0.000966519	1406.35	213.826	0.00181757	232.202	139.879	2.00456	1.61661	615	0	-0.853974	0	20	20
0.00798679	0.000959123	1396.23	213.021	0.0015644	224.626	136.564	1.99932	1.61661	615	0	-0.820688	0	20	20
0.00799383	0.00095187	1386.33	212.15	0.00134649	217.223	133.302	1.99405	1.61661	615	0	-0.788144	0	20	20
0.00800093	0.000944763	1376.63	211.208	0.00115894	209.998	130.094	1.98874	1.61661	615	0	-0.756341	0	20	20
0.00800806	0.000937806	1367.15	210.19	0.000997512	202.954	126.943	1.98343	1.61661	615	0	-0.725277	0	20	20
0.0080152	0.000931001	1357.88	209.091	0.000858568	196.096	123.85	1.97814	1.61661	615	0	-0.694954	0	20	20
0.00802232	0.000924354	1348.82	207.905	0.000738977	189.427	120.818	1.97288	1.61661	615	0	-0.665371	0	20	20
0.00802939	0.000917867	1339.97	206.626	0.000636045	182.951	117.848	1.96767	1.61661	615	0	-0.636533	0	20	20
0.00803636	0.000911547	1331.33	205.248	0.000547449	176.674	114.944	1.96256	1.61661	615	0	-0.608444	0	20	20
0.0080432	0.000905397	1322.91	203.767	0.000471194	170.601	112.107	1.95755	1.61661	615	0	-0.581109	0	20	20
0.00804987	0.000899421	1314.7	202.175	0.000405561	164.733	109.339	1.95269	1.61661	615	0	-0.554524	0	20	20
0.00805634	0.000893612	1306.68	200.466	0.00034907	159.067	106.64	1.94799	1.61661	615	0	-0.528659	0	20	20
0.0080626	0.000887963	1298.85	198.635	0.000300448	153.596	104.007	1.94346	1.61661	615	0	-0.503473	0	20	20
0.00806863	0.000882466	1291.19	196.675	0.000258598	148.313	101.439	1.9391	1.61661	615	0	-0.47893	0	20	20
0.00807441	0.000877112	1283.68	194.581	0.000222577	143.212	98.9342	1.93494	1.61661	615	0	-0.454996	0	20	20
0.00807992	0.000871894	1276.32	192.346	0.000191574	138.286	96.4915	1.93099	1.61661	615	0	-0.431643	0	20	20
0.00808515	0.000866805	1269.07	189.967	0.000164889	133.53	94.1091	1.92724	1.61661	615	0	-0.408845	0	20	20
0.00809007	0.000861838	1261.94	187.437	0.000141922	128.937	91.7855	1.92372	1.61661	615	0	-0.386579	0	20	20
0.00809469	0.000856986	1254.92	184.753	0.000122153	124.502	89.5193	1.92044	1.61661	615	0	-0.364829	0	20	20
0.00809898	0.000852242	1247.98	181.911	0.000105138	120.22	87.3091	1.91739	1.61661	615	0	-0.343579	0	20	20
0.00810293	0.000847601	1241.12	178.91	9.04933e-05	116.085	85.1534	1.91458	1.61661	615	0	-0.32282	0	20	20
0.00810654	0.000843057	1234.33	175.746	7.78883e-05	112.093	83.051	1.91203	1.61661	615	0	-0.302546	0	20	20
0.0081098	0.000838605	1227.61	172.42	6.70391e-05	108.237	81.0005	1.90972	1.61661	615	0	-0.282754	0	20	20
0.00811271	0.00083424	1220.94	168.933	5.77011e-05	104.514	79.0005	1.90767	1.61661	615	0	-0.263445	0	20	20
0.00811527	0.000829958	1214.33	165.286	4.96638e-05	100.92	77.05	1.90586	1.61661	615	0	-0.244623	0	20	20
0.0081175	0.000825756	1207.76	161.483	4.2746e-05	97.4486	75.1476	1.90429	1.61661	615	0	-0.226298	0	20	20
0.00811939	0.000821629	1201.24	157.529	3.67919e-05	94.0969	73.2922	1.90296	1.61661	615	0	-0.208477	0	20	20
0.00812098	0.000817576	1194.77	153.431	3.1667e-05	90.8605	71.4827	1.90185	1.61661	615	0	-0.191176	0	20	20
0.00812227	0.000813594	1188.35	149.197	2.72561e-05	87.7354	69.7177	1.90094	1.61661	615	0	-0.174406	0	20	20
0.0081233	0.000809681	1181.97	144.837	2.34595e-05	84.7178	67.9964	1.90021	1.61661	615	0	-0.158185	0	20	20
0.00812411	0.000805836	1175.65	140.362	2.01918e-05	81.8039	66.3176	1.89965	1.61661	615	0	-0.142528	0	20	20
0.00812472	0.000802058	1169.4	135.786	1.73792e-05	78.9903	64.6802	1.89922	1.61661	615	0	-0.12745	0	20	20
0.00812519	0.000798347	1163.21	131.122	1.49585e-05	76.2735	63.0832	1.89889	1.61661	615	0	-0.112967	0	20	20
0.00812556	0.000794703	1157.1	126.387	1.28749e-05	73.6501	61.5257	1.89863	1.61661	615	0	-0.0990911	0	20	20
0.00812588	0.000791126	1151.08	121.596	1.10815e-05	71.1169	60.0066	1.8984	1.61661	615	0	-0.0858341	0	20	20
0.00812622	0.000787616	1145.16	116.768	9.53793e-06	68.6709	58.525	1.89817	1.61661	615	0	-0.0732041	0	20	20
0.0081178	0.000784957	1139.35	111.921	8.20938e-06	66.309	57.0801	1.90408	1.61661	615	0	-0.0580155	0	20	20
0.00810101	0.000783122	1133.69	107.072	7.06588e-06	64.0283	55.6707	1.91594	1.61661	615	0	-0.0411127	0	20	20
0.00808521	0.000781292	1128.17	102.239	6.08166e-06	61.8261	54.2962	1.9272	1.61661	615	0	-0.0259533	0	20	20
0.00807067	0.000779448	1122.82	97.4419	5.23453e-06	59.6996	52.9557	1.93763	1.61661	615	0	-0.0124302	0	20	20
0.00805768	0.000777567	1117.63	92.6971	4.5054e-06	57.6463	51.6482	1.94702	1.61661	615	0	-0.00043039	0	20	20
0.00804653	0.000775628	1112.61	88.0214	3.87783e-06	55.6635	50.373	1.95512	1.61661	615	0	0.0101634	0	20	20
0.00803747	0.000773614	1107.77	83.4307	3.33768e-06	53.749	49.1293	1.96174	1.61661	615	0	0.0194708	0	20	20
0.00803073	0.00077151	1103.13	78.9395	2.87277e-06	51.9003	47.9163	1.96668	1.61661	615	0	0.0276125	0	20	20
0.00802648	0.000769305	1098.67	74.561	2.47262e-06	50.1152	46.7332	1.96981	1.61661	615	0	0.0347087	0	20	20
0.00802484	0.000766993	1094.42	70.3069	2.1282e-06	48.3916	45.5794	1.97102	1.61661	615	0	0.0408777	0	20	20
0.00802584	0.000764574	1090.37	66.1874	1.83176e-06	46.7271	44.454	1.97029	1.61661	615	0	0.0462343	0	20	20
0.00802945	0.000762057	1086.53	62.2109	1.57661e-06	45.12	43.3564	1.96762	1.61661	615	0	0.0508891	0	20	20
0.00803558	0.000759451	1082.91	58.3845	1.357e-06	43.5681	42.2859	1.96312	1.61661	615	0	0.0549464	0	20	20
0.00804407	0.000756775	1079.49	54.7134	1.16798e-06	42.0696	41.2419	1.95692	1.61661	615	0	0.0585031	0	20	20
0.0080547	0.000754049	1076.29	51.2014	1.00529e-06	40.6226	40.2236	1.94918	1.61661	615	0	0.061648	0	20	20
0.00806722	0.000751295	1073.31	47.8507	8.65262e-07	39.2254	39.2305	1.94012	1.61661	615	0	0.0644603	0	20	20
0.00808137	0.000748535	1070.53	44.6624	7.44738e-07	37.8763	38.2619	1.92994	1.61661	615	0	0.0670099	0	20	20
0.00809689	0.000745793	1067.96	41.636	6.41002e-07	36.5736	37.3172	1.91887	1.61661	615	0	0.0693566	0	20	20
0.00811352	0.000743088	1065.6	38.7701	5.51715e-07	35.3156	36.3959	1.9071	1.61661	615	0	0.0715508	0	20	20
0.00813101	0.000740439	1063.44	36.0623	4.74866e-07	34.101	35.4972	1.89482	1.61661	615	0	0.073634	0	20	20
0.00814915	0.000737861	1061.47	33.5092	4.08721e-07	32.9281	34.6208	1.88219	1.61661	615	0	0.0756396	0	20	20
0.00816775	0.000735366	1059.69	31.1068	3.51789e-07	31.7955	33.766	1.86936	1.61661	615	0	0.0775939	0	20	20
0.00818666	0.000732964	1058.1	28.8505	3.02788e-07	30.7019	32.9323	1.85644	1.61661	615	0	0.0795173	0	20	20
0.00820573	0.000730661	1056.68	26.735	2.60612e-07	29.6459	32.1192	1.84353	1.61661	615	0	0.081425	0	20	20
0.00822484	0.000728462	1055.42	24.7549	2.24311e-07	28.6263	31.3262	1.8307	1.61661	615	0	0.0833278	0	20	20
0.00824392	0.00072637	1054.33	22.9043	1.93066e-07	27.6417	30.5528	1.81802	1.61661	615	0	0.0852335	0	20	20
0.00826288	0.000724386	1053.4	21.1773	1.66173e-07	26.691	29.7984	1.80554	1.61661	615	0	0.087147	0	20	20
0.00828166	0.000722509	1052.61	19.5677	1.43027e-07	25.7729	29.0627	1.79328	1.61661	615	0	0.0890711	0	20	20
0.00830022	0.000720738	1051.96	18.0696	1.23104e-07	24.8865	28.3451	1.78127	1.61661	615	0	0.0910073	0	20	20
0.00831852	0.000719071	1051.44	16.6768	1.05957e-07	24.0305	27.6453	1.76954	1.61661	615	0	0.0929555	0	20	20
0.00833654	0.000717505	1051.04	15.3832	9.11979e-08	23.204	26.9627	1.7581	1.61661	615	0	0.0949148	0	20	20
0.00835424	0.000716038	1050.77	14.1832	7.84948e-08	22.4059	26.297	1.74694	1.61661	615	0	0.0968837	0	20	20
0.00837162	0.000714665	1050.6	13.0708	6.75611e-08	21.6353	25.6477	1.73609	1.61661	615	0	0.0988601	0	20	20
0.00838866	0.000713384	1050.53	12.0406	5.81504e-08	20.8911	25.0145	1.72553	1.61661	615	0	0.100842	0	20	20
0.00840534	0.00071219	1050.57	11.0874	5.00505e-08	20.1726	24.3969	1.71527	1.61661	615	0	0.102825	0	20	20
0.00842168	0.000711081	1050.69	10.206	4.30789e-08	19.4788	23.7945	1.70531	1.61661	615	0	0.104809	0	20	20
0.00843765	0.000710052	1050.9	9.39152	3.70783e-08	18.8088	23.207	1.69565	1.61661	615	0	0.106789	0	20	20
0.00845308	0.000709229	1051.36	8.63941	3.19136e-08	18.1619	22.634	1.68638	1.61661	615	0	0.108777	0	20	20
0.00846778	0.000708742	1052.26	7.9453	2.74683e-08	17.5372	22.0752	1.67761	1.61661	615	0	0.110787	0	20	20
0.00848177	0.000708582	1053.59	7.30506	2.36422e-08	16.934	21.5302	1.66932	1.61661	615	0	0.112813	0	20	20
0.00849507	0.000708726	1055.31	6.7148	2.0349e-08	16.3516	20.9986	1.66149	1.61661	615	0	0.114851	0	20	20
0.00850773	0.00070915	1057.39	6.17087	1.75146e-08	15.7892	20.4801	1.65409	1.61661	615	0	0.116894	0	20	20
0.00851976	0.000709833	1059.81	5.66984	1.50749e-08	15.2461	19.9745	1.64709	1.61661	615	0	0.118938	0	20	20
0.0085312	0.000710757	1062.55	5.20852	1.29751e-08	14.7217	19.4813	1.64048	1.61661	615	0	0.120979	0	20	20
0.00854208	0.000711902	1065.57	4.78391	1.11678e-08	14.2154	19.0003	1.63422	1.61661	615	0	0.123011	0	20	20
0.00855242	0.000713252	1068.85	4.39321	9.61219e-09	13.7265	18.5312	1.62829	1.61661	615	0	0.125033	0	20	20
0.00856226	0.00071479	1072.37	4.03384	8.27329e-09	13.2543	18.0736	1.62269	1.61661	615	0	0.127039	0	20	20
0.00857162	0.000716501	1076.12	3.70336	7.12089e-09	12.7985	17.6274	1.61738	1.61661	615	0	0.129029	0	20	20
0.00858053	0.000718371	1080.07	3.39954	6.129e-09	12.3583	17.1922	1.61235	1.61661	615	0	0.130997	0	20	20
0.008589	0.000720386	1084.21	3.12029	5.27528e-09	11.9332	16.7677	1.60758	1.61661	615	0	0.132944	0	20	20
0.00859706	0.000722534	1088.51	2.86367	4.54048e-09	11.5228	16.3537	1.60306	1.61661	615	0	0.134865	0	20	20
0.00860474	0.000724803	1092.97	2.62791	3.90803e-09	11.1265	15.9499	1.59878	1.61661	615	0	0.136761	0	20	20
0.00861204	0.000727183	1097.56	2.41135	3.36367e-09	10.7438	15.5561	1.59471	1.61661	615	0	0.138628	0	20	20
0.008619	0.000729662	1102.28	2.21246	2.89514e-09	10.3742	15.172	1.59085	1.61661	615	0	0.140466	0	20	20
0.00862563	0.000732233	1107.11	2.02981	2.49187e-09	10.0174	14.7974	1.58718	1.61661	615	0	0.142274	0	20	20
0.00863195	0.000734885	1112.04	1.86212	2.14477e-09	9.67287	14.4321	1.5837	1.61661	615	0	0.144051	0	20	20
0.00863798	0.000737611	1117.06	1.70818	1.84602e-09	9.34018	14.0758	1.58039	1.61661	615	0	0.145796	0	20	20
0.00864372	0.000740402	1122.15	1.56687	1.58888e-09	9.01893	13.7282	1.57724	1.61661	615	0	0.147509	0	20	20
0.00864921	0.000743252	1127.31	1.43718	1.36757e-09	8.70872	13.3893	1.57424	1.61661	615	0	0.149189	0	20	20
0.00865444	0.000746154	1132.53	1.31816	1.17707e-09	8.40919	13.0587	1.57139	1.61661	615	0	0.150836	0	20	20
0.00865944	0.000749101	1137.8	1.20894	1.01312e-09	8.11996	12.7363	1.56867	1.61661	615	0	0.15245	0	20	20
0.00866421	0.000752088	1143.12	1.10872	8.71998e-10	7.84068	12.4218	1.56608	1.61661	615	0	0.15403	0	20	20
0.00866877	0.000755109	1148.47	1.01678	7.50536e-10	7.571	12.1151	1.56361	1.61661	615	0	0.155577	0	20	20
0.00867314	0.000758158	1153.84	0.932423	6.45992e-10	7.3106	11.816	1.56125	1.61661	615	0	0.15709	0	20	20
0.00867731	0.000761232	1159.24	0.855041	5.56011e-10	7.05915	11.5243	1.559	1.61661	615	0	0.158571	0	20	20
0.00868131	0.000764326	1164.65	0.784059	4.78563e-10	6.81636	11.2397	1.55684	1.61661	615	0	0.160019	0	20	20
0.00868513	0.000767436	1170.08	0.71895	4.11903e-10	6.58191	10.9622	1.55479	1.61661	615	0	0.161434	0	20	20
0.0086888	0.000770557	1175.5	0.659232	3.54528e-10	6.35553	10.6916	1.55282	1.61661	615	0	0.162818	0	20	20
0.00869232	0.000773687	1180.93	0.604461	3.05145e-10	6.13693	10.4276	1.55093	1.61661	615	0	0.164169	0	20	20
0.0086957	0.000776822	1186.35	0.554229	2.62641e-10	5.92586	10.1701	1.54913	1.61661	615	0	0.165489	0	20	20
0.00869894	0.000779959	1191.77	0.508161	2.26057e-10	5.72204	9.91903	1.5474	1.61661	615	0	0.166779	0	20	20
0.00870205	0.000783094	1197.17	0.465915	1.94569e-10	5.52523	9.67412	1.54574	1.61661	615	0	0.168037	0	20	20
0.00870505	0.000786227	1202.55	0.427175	1.67467e-10	5.33519	9.43527	1.54414	1.61661	615	0	0.169267	0	20	20
0.00870793	0.000789354	1207.92	0.39165	1.4414e-10	5.15169	9.20231	1.54261	1.61661	615	0	0.170466	0	20	20
0.0087107	0.000792472	1213.26	0.359074	1.24063e-10	4.9745	8.97511	1.54114	1.61661	615	0	0.171637	0	20	20
0.00871337	0.00079558	1218.58	0.329204	1.06782e-10	4.80341	8.75351	1.53972	1.61661	615	0	0.17278	0	20	20
0.00871595	0.000798676	1223.88	0.301815	9.1908e-11	4.6382	8.53739	1.53835	1.61661	615	0	0.173895	0	20	20
0.00871844	0.000801758	1229.14	0.276703	7.91059e-11	4.47867	8.3266	1.53704	1.61661	615	0	0.174983	0	20	20
0.00872084	0.000804825	1234.37	0.253677	6.80871e-11	4.32462	8.12101	1.53577	1.61661	615	0	0.176044	0	20	20
0.00872316	0.000807875	1239.56	0.232565	5.86031e-11	4.17588	7.9205	1.53454	1.61661	615	0	0.177079	0	20	20
0.0087254	0.000810906	1244.72	0.213209	5.04402e-11	4.03225	7.72495	1.53336	1.61661	615	0	0.178089	0	20	20
0.00872758	0.000813917	1249.85	0.195462	4.34142e-11	3.89357	7.53422	1.53221	1.61661	615	0	0.179075	0	20	20
0.00872968	0.000816908	1254.93	0.179192	3.7367e-11	3.75965	7.3482	1.5311	1.61661	615	0	0.180036	0	20	20
0.00873172	0.000819877	1259.98	0.164274	3.21621e-11	3.63034	7.16677	1.53003	1.61661	615	0	0.180973	0	20	20
0.0087337	0.000822824	1264.98	0.150598	2.76821e-11	3.50547	6.98982	1.52899	1.61661	615	0	0.181887	0	20	20
0.00873563	0.000825747	1269.94	0.13806	2.38262e-11	3.3849	6.81724	1.52798	1.61661	615	0	0.182779	0	20	20
0.0087375	0.000828645	1274.86	0.126565	2.05074e-11	3.26848	6.64892	1.527	1.61661	615	0	0.183649	0	20	20
0.00873932	0.000831518	1279.74	0.116026	1.76509e-11	3.15606	6.48476	1.52604	1.61661	615	0	0.184497	0	20	20
0.00874109	0.000834366	1284.56	0.106365	1.51923e-11	3.04751	6.32465	1.52512	1.61661	615	0	0.185324	0	20	20
0.00874282	0.000837188	1289.35	0.0975073	1.30761e-11	2.94269	6.16849	1.52421	1.61661	615	0	0.186131	0	20	20
0.0087445	0.000839983	1294.09	0.0893873	1.12547e-11	2.84148	6.01619	1.52333	1.61661	615	0	0.186919	0	20	20
0.00874615	0.000842751	1298.78	0.0819433	9.68703e-12	2.74375	5.86765	1.52247	1.61661	615	0	0.187687	0	20	20
0.00874776	0.000845491	1303.43	0.0751189	8.3377e-12	2.64938	5.72278	1.52163	1.61661	615	0	0.188436	0	20	20
0.00874933	0.000848204	1308.02	0.0688628	7.17633e-12	2.55825	5.58148	1.52081	1.61661	615	0	0.189167	0	20	20
0.00875087	0.000850889	1312.58	0.0631275	6.17672e-12	2.47026	5.44368	1.52001	1.61661	615	0	0.18988	0	20	20
0.00875238	0.000853545	1317.08	0.0578698	5.31635e-12	2.3853	5.30927	1.51922	1.61661	615	0	0.190576	0	20	20
0.00875386	0.000856174	1321.54	0.0530498	4.57583e-12	2.30326	5.17819	1.51845	1.61661	615	0	0.191255	0	20	20
0.00875531	0.000858774	1325.95	0.0486313	3.93845e-12	2.22404	5.05034	1.5177	1.61661	615	0	0.191918	0	20	20
0.00875673	0.000861345	1330.31	0.0445806	3.38986e-12	2.14754	4.92564	1.51696	1.61661	615	0	0.192565	0	20	20
0.00875814	0.000863887	1334.62	0.0408673	2.91768e-12	2.07368	4.80403	1.51623	1.61661	615	0	0.193196	0	20	20
0.00875951	0.000866401	1338.89	0.0374633	2.51127e-12	2.00236	4.68542	1.51551	1.61661	615	0	0.193812	0	20	20
0.00876087	0.000868887	1343.11	0.0343427	2.16147e-12	1.93349	4.56973	1.51481	1.61661	615	0	0.194414	0	20	20
0.00876221	0.000871343	1347.28	0.0314821	1.86039e-12	1.86699	4.45691	1.51412	1.61661	615	0	0.195001	0	20	20
0.00876353	0.000873771	1351.41	0.0288597	1.60125e-12	1.80277	4.34686	1.51343	1.61661	615	0	0.195575	0	20	20
0.00876483	0.000876171	1355.49	0.0264557	1.37821e-12	1.74077	4.23954	1.51276	1.61661	615	0	0.196135	0	20	20
0.00876611	0.000878543	1359.52	0.0242519	1.18624e-12	1.68089	4.13487	1.5121	1.61661	615	0	0.196682	0	20	20
0.00876738	0.000880886	1363.51	0.0222317	1.02101e-12	1.62308	4.03278	1.51144	1.61661	615	0	0.197216	0	20	20
0.00876863	0.000883201	1367.45	0.0203798	8.78787e-13	1.56725	3.93321	1.51079	1.61661	615	0	0.197739	0	20	20
0.00876988	0.000885489	1371.35	0.0186821	7.56379e-13	1.51335	3.83609	1.51015	1.61661	615	0	0.198249	0	20	20
0.0087711	0.000887748	1375.2	0.0171258	6.51022e-13	1.4613	3.74138	1.50951	1.61661	615	0	0.198747	0	20	20
0.00877232	0.000889981	1379.01	0.0156992	5.60339e-13	1.41104	3.64901	1.50889	1.61661	615	0	0.199235	0	20	20
0.00877353	0.000892186	1382.77	0.0143914	4.82289e-13	1.36251	3.55891	1.50826	1.61661	615	0	0.199711	0	20	20
0.00877472	0.000894363	1386.49	0.0131925	4.1511e-13	1.31564	3.47104	1.50765	1.61661	615	0	0.200177	0	20	20
0.00877591	0.000896515	1390.16	0.0120935	3.57288e-13	1.27039	3.38534	1.50704	1.61661	615	0	0.200632	0	20	20
0.00877709	0.000898639	1393.8	0.0110861	3.07521e-13	1.2267	3.30176	1.50643	1.61661	615	0	0.201078	0	20	20
0.00877826	0.000900738	1397.39	0.0101625	2.64686e-13	1.18451	3.22024	1.50583	1.61661	615	0	0.201514	0	20	20
0.00877942	0.00090281	1400.93	0.00931595	2.27817e-13	1.14376	3.14073	1.50523	1.61661	615	0	0.20194	0	20	20
0.00878058	0.000904857	1404.44	0.00853987	1.96084e-13	1.10443	3.06318	1.50463	1.61661	615	0	0.202357	0	20	20
0.00878173	0.000906878	1407.91	0.00782845	1.68771e-13	1.06644	2.98755	1.50404	1.61661	615	0	0.202766	0	20	20
0.00878288	0.000908874	1411.34	0.00717629	1.45263e-13	1.02976	2.91379	1.50345	1.61661	615	0	0.203166	0	20	20
0.00878402	0.000910846	1414.72	0.00657846	1.25029e-13	0.994341	2.84185	1.50287	1.61661	615	0	0.203557	0	20	20
0.00878515	0.000912792	1418.07	0.00603043	1.07613e-13	0.960141	2.77168	1.50229	1.61661	615	0	0.20394	0	20	20
0.00878628	0.000914715	1421.38	0.00552805	9.26235e-14	0.927118	2.70325	1.50171	1.61661	615	0	0.204316	0	20	20
0.00878741	0.000916613	1424.65	0.00506752	7.97218e-14	0.89523	2.63651	1.50113	1.61661	615	0	0.204684	0	20	20
0.00878853	0.000918488	1427.88	0.00464536	6.86172e-14	0.864439	2.57141	1.50055	1.61661	615	0	0.205045	0	20	20
0.00878965	0.00092034	1431.07	0.00425837	5.90593e-14	0.834707	2.50792	1.49998	1.61661	615	0	0.205398	0	20	20
0.00879076	0.000922169	1434.23	0.00390361	5.08329e-14	0.805997	2.446	1.49941	1.61661	615	0	0.205744	0	20	20
0.00879188	0.000923975	1437.35	0.00357841	4.37522e-14	0.778276	2.38561	1.49884	1.61661	615	0	0.206084	0	20	20
0.00879299	0.000925759	1440.44	0.0032803	3.76579e-14	0.751507	2.32671	1.49827	1.61661	615	0	0.206418	0	20	20
0.0087941	0.00092752	1443.49	0.00300702	3.24125e-14	0.725659	2.26926	1.4977	1.61661	615	0	0.206744	0	20	20
0.00879521	0.000929261	1446.51	0.00275651	2.78977e-14	0.700701	2.21323	1.49714	1.61661	615	0	0.207065	0	20	20
0.00879631	0.000930979	1449.49	0.00252687	2.40117e-14	0.6766	2.15859	1.49657	1.61661	615	0	0.20738	0	20	20
0.00879742	0.000932677	1452.44	0.00231637	2.06671e-14	0.653329	2.10529	1.49601	1.61661	615	0	0.207689	0	20	20
0.00879852	0.000934354	1455.36	0.00212339	1.77883e-14	0.630858	2.05331	1.49545	1.61661	615	0	0.207993	0	20	20
0.00879962	0.00093601	1458.24	0.0019465	1.53106e-14	0.60916	2.00262	1.49489	1.61661	615	0	0.208291	0	20	20
0.00880072	0.000937647	1461.09	0.00178434	1.31779e-14	0.588208	1.95317	1.49433	1.61661	615	0	0.208584	0	20	20
0.00880182	0.000939264	1463.91	0.00163569	1.13423e-14	0.567977	1.90495	1.49377	1.61661	615	0	0.208872	0	20	20
0.00880292	0.000940861	1466.7	0.00149942	9.76244e-15	0.548441	1.85791	1.49321	1.61661	615	0	0.209155	0	20	20
0.00880402	0.000942439	1469.46	0.0013745	8.40261e-15	0.529578	1.81204	1.49265	1.61661	615	0	0.209433	0	20	20
0.00880512	0.000943998	1472.19	0.00126	7.2322e-15	0.511363	1.7673	1.49209	1.61661	615	0	0.209707	0	20	20
0.00880622	0.000945539	1474.89	0.00115503	6.22481e-15	0.493775	1.72367	1.49153	1.61661	615	0	0.209976	0	20	20
0.00880732	0.000947062	1477.56	0.0010588	5.35774e-15	0.476792	1.68111	1.49097	1.61661	615	0	0.210241	0	20	20
0.00880842	0.000948566	1480.21	0.000970596	4.61145e-15	0.460393	1.6396	1.49041	1.61661	615	0	0.210502	0	20	20
0.00880952	0.000950053	1482.82	0.000889737	3.96911e-15	0.444558	1.59912	1.48985	1.61661	615	0	0.210758	0	20	20
0.00881062	0.000951523	1485.41	0.000815614	3.41625e-15	0.429268	1.55964	1.4893	1.61661	615	0	0.211011	0	20	20
0.00881172	0.000952976	1487.97	0.000747666	2.94039e-15	0.414503	1.52113	1.48874	1.61661	615	0	0.21126	0	20	20
0.00881282	0.000954412	1490.5	0.000685379	2.53082e-15	0.400246	1.48358	1.48818	1.61661	615	0	0.211505	0	20	20
0.00881392	0.000955832	1493.01	0.000628281	2.1783e-15	0.38648	1.44695	1.48762	1.61661	615	0	0.211747	0	20	20
0.00881502	0.000957235	1495.49	0.000575939	1.87488e-15	0.373187	1.41122	1.48707	1.61661	615	0	0.211985	0	20	20
0.00881612	0.000958623	1497.95	0.000527958	1.61372e-15	0.360352	1.37638	1.48651	1.61661	615	0	0.21222	0	20	20
0.00881722	0.000959995	1500.38	0.000483975	1.38894e-15	0.347958	1.34239	1.48595	1.61661	615	0	0.212451	0	20	20
0.00881833	0.000961352	1502.79	0.000443655	1.19547e-15	0.33599	1.30925	1.48539	1.61661	615	0	0.21268	0	20	20
0.00881943	0.000962694	1505.18	0.000406695	1.02895e-15	0.324434	1.27692	1.48484	1.61661	615	0	0.212905	0	20	20
0.00882054	0.000964021	1507.54	0.000372813	8.85629e-16	0.313275	1.2454	1.48428	1.61661	615	0	0.213128	0	20	20
0.00882164	0.000965334	1509.88	0.000341755	7.62268e-16	0.3025	1.21465	1.48372	1.61661	615	0	0.213348	0	20	20
0.00882275	0.000966632	1512.19	0.000313283	6.5609e-16	0.292095	1.18466	1.48316	1.61661	615	0	0.213565	0	20	20
0.00882385	0.000967916	1514.49	0.000287184	5.64702e-16	0.282049	1.15541	1.48261	1.61661	615	0	0.213779	0	20	20
0.00882496	0.000969187	1516.76	0.000263259	4.86043e-16	0.272348	1.12688	1.48205	1.61661	615	0	0.213991	0	20	20
0.00882607	0.000970444	1519.01	0.000241327	4.18342e-16	0.262981	1.09906	1.48149	1.61661	615	0	0.2142	0	20	20
0.00882717	0.000971688	1521.24	0.000221222	3.6007e-16	0.253936	1.07192	1.48093	1.61661	615	0	0.214407	0	20	20
0.00882828	0.000972919	1523.45	0.000202793	3.09915e-16	0.245202	1.04546	1.48037	1.61661	615	0	0.214612	0	20	20
0.00882939	0.000974138	1525.64	0.000185898	2.66746e-16	0.236768	1.01965	1.47982	1.61661	615	0	0.214814	0	20	20
0.0088305	0.000975344	1527.81	0.000170411	2.29591e-16	0.228624	0.99447	1.47926	1.61661	615	0	0.215015	0	20	20
0.00883161	0.000976537	1529.96	0.000156214	1.97611e-16	0.220761	0.969917	1.4787	1.61661	615	0	0.215213	0	20	20
0.00883273	0.000977719	1532.09	0.0001432	1.70085e-16	0.213168	0.945969	1.47814	1.61661	615	0	0.215409	0	20	20
0.00883384	0.000978888	1534.2	0.00013127	1.46393e-16	0.205836	0.922613	1.47758	1.61661	615	0	0.215603	0	20	20
0.00883495	0.000980047	1536.3	0.000120334	1.26002e-16	0.198757	0.899834	1.47702	1.61661	615	0	0.215795	0	20	20
0.00883607	0.000981193	1538.37	0.000110309	1.08451e-16	0.19192	0.877617	1.47647	1.61661	615	0	0.215986	0	20	20
0.00883718	0.000982329	1540.43	0.00010112	9.33446e-17	0.185319	0.855948	1.47591	1.61661	615	0	0.216174	0	20	20
0.00883829	0.000983454	1542.47	9.26955e-05	8.03424e-17	0.178945	0.834815	1.47535	1.61661	615	0	0.216361	0	20	20
0.00883941	0.000984568	1544.49	8.49731e-05	6.91514e-17	0.172791	0.814203	1.47479	1.61661	615	0	0.216547	0	20	20
0.00884053	0.000985671	1546.5	7.7894e-05	5.95191e-17	0.166848	0.794101	1.47423	1.61661	615	0	0.21673	0	20	20
0.00884164	0.000986764	1548.49	7.14048e-05	5.12286e-17	0.161109	0.774494	1.47367	1.61661	615	0	0.216913	0	20	20
0.00884276	0.000987847	1550.47	6.54561e-05	4.40929e-17	0.155568	0.755372	1.47312	1.61661	615	0	0.217093	0	20	20
0.00884388	0.00098892	1552.43	6.0003e-05	3.79511e-17	0.150217	0.736722	1.47256	1.61661	615	0	0.217272	0	20	20
0.00884499	0.000989984	1554.37	5.50042e-05	3.26648e-17	0.14505	0.718532	1.472	1.61661	615	0	0.21745	0	20	20
0.00884611	0.000991037	1556.3	5.04218e-05	2.81149e-17	0.140061	0.700791	1.47144	1.61661	615	0	0.217627	0	20	20
0.00884723	0.000992081	1558.21	4.62212e-05	2.41987e-17	0.135244	0.683489	1.47088	1.61661	615	0	0.217802	0	20	20
0.00884835	0.000993116	1560.11	4.23706e-05	2.0828e-17	0.130592	0.666613	1.47033	1.61661	615	0	0.217976	0	20	20
0.00884947	0.000994142	1562	3.88407e-05	1.79268e-17	0.126101	0.650155	1.46977	1.61661	615	0	0.218149	0	20	20
0.00885059	0.00099516	1563.87	3.5605e-05	1.54298e-17	0.121763	0.634102	1.46921	1.61661	615	0	0.218321	0	20	20
0.00885171	0.000996168	1565.72	3.26387e-05	1.32805e-17	0.117575	0.618446	1.46865	1.61661	615	0	0.218491	0	20	20
0.00885283	0.000997168	1567.57	2.99196e-05	1.14306e-17	0.113532	0.603177	1.4681	1.61661	615	0	0.21866	0	20	20
0.00885395	0.000998159	1569.4	2.7427e-05	9.83845e-18	0.109627	0.588284	1.46754	1.61661	615	0	0.218829	0	20	20
0.00885507	0.000999143	1571.21	2.51421e-05	8.46803e-18	0.105856	0.573759	1.46698	1.61661	615	0	0.218996	0	20	20
0.00885619	0.00100012	1573.02	2.30476e-05	7.2885e-18	0.102215	0.559593	1.46642	1.61661	615	0	0.219163	0	20	20
0.00885731	0.00100109	1574.81	2.11275e-05	6.27327e-18	0.0986996	0.545777	1.46587	1.61661	615	0	0.219328	0	20	20
0.00885843	0.00100204	1576.59	1.93674e-05	5.39946e-18	0.0953048	0.532301	1.46531	1.61661	615	0	0.219493	0	20	20
0.00885955	0.001003	1578.35	1.77539e-05	4.64735e-18	0.0920269	0.519159	1.46476	1.61661	615	0	0.219656	0	20	20
0.00886067	0.00100394	1580.11	1.62748e-05	4.00001e-18	0.0888616	0.506341	1.4642	1.61661	615	0	0.219819	0	20	20
0.00886179	0.00100488	1581.85	1.4919e-05	3.44284e-18	0.0858053	0.493839	1.46365	1.61661	615	0	0.219981	0	20	20
0.00886291	0.00100581	1583.58	1.36761e-05	2.96328e-18	0.082854	0.481646	1.46309	1.61661	615	0	0.220143	0	20	20
0.00886403	0.00100673	1585.3	1.25368e-05	2.55052e-18	0.0800043	0.469754	1.46254	1.61661	615	0	0.220303	0	20	20
0.00886515	0.00100765	1587.01	1.14923e-05	2.19525e-18	0.0772526	0.458156	1.46198	1.61661	615	0	0.220463	0	20	20
0.00886627	0.00100856	1588.71	1.05349e-05	1.88947e-18	0.0745955	0.446844	1.46143	1.61661	615	0	0.220622	0	20	20
0.00886739	0.00100946	1590.4	9.65726e-06	1.62628e-18	0.0720298	0.435812	1.46087	1.61661	615	0	0.22078	0	20	20
0.00886851	0.00101035	1592.08	8.85272e-06	1.39976e-18	0.0695524	0.425051	1.46032	1.61661	615	0	0.220938	0	20	20
0.00886963	0.00101124	1593.75	8.11521e-06	1.20478e-18	0.0671602	0.414557	1.45977	1.61661	615	0	0.221095	0	20	20
0.00887075	0.00101213	1595.4	7.43914e-06	1.03696e-18	0.0648502	0.404321	1.45922	1.61661	615	0	0.221252	0	20	20
0.00887187	0.001013	1597.05	6.81939e-06	8.92524e-19	0.0626197	0.394339	1.45866	1.61661	615	0	0.221408	0	20	20
0.00887298	0.00101388	1598.69	6.25127e-06	7.68203e-19	0.060466	0.384602	1.45811	1.61661	615	0	0.221563	0	20	20
0.0088741	0.00101474	1600.32	5.73048e-06	6.61198e-19	0.0583863	0.375107	1.45756	1.61661	615	0	0.221718	0	20	20
0.00887522	0.0010156	1601.94	5.25308e-06	5.69098e-19	0.0563781	0.365845	1.45701	1.61661	615	0	0.221872	0	20	20
0.00887634	0.00101645	1603.55	4.81545e-06	4.89828e-19	0.054439	0.356812	1.45646	1.61661	615	0	0.222026	0	20	20
0.00887745	0.0010173	1605.15	4.41428e-06	4.21598e-19	0.0525666	0.348003	1.45591	1.61661	615	0	0.222179	0	20	20
0.00887857	0.00101814	1606.74	4.04653e-06	3.62873e-19	0.0507586	0.33941	1.45536	1.61661	615	0	0.222332	0	20	20
0.00887968	0.00101898	1608.32	3.70942e-06	3.12328e-19	0.0490128	0.33103	1.45481	1.61661	615	0	0.222485	0	20	20
0.0088808	0.00101981	1609.9	3.40039e-06	2.68823e-19	0.047327	0.322857	1.45427	1.61661	615	0	0.222637	0	20	20
0.00888191	0.00102064	1611.46	3.11711e-06	2.31378e-19	0.0456992	0.314886	1.45372	1.61661	615	0	0.222789	0	20	20
0.00888303	0.00102146	1613.02	2.85742e-06	1.99149e-19	0.0441274	0.307111	1.45317	1.61661	615	0	0.22294	0	20	20
0.00888414	0.00102227	1614.57	2.61937e-06	1.71409e-19	0.0426096	0.299529	1.45263	1.61661	615	0	0.223091	0	20	20
0.00888525	0.00102309	1616.11	2.40115e-06	1.47533e-19	0.0411441	0.292133	1.45208	1.61661	615	0	0.223241	0	20	20
0.00888636	0.00102389	1617.65	2.20112e-06	1.26983e-19	0.039729	0.28492	1.45154	1.61661	615	0	0.223391	0	20	20
0.00888748	0.00102469	1619.18	2.01774e-06	1.09295e-19	0.0383625	0.277886	1.45099	1.61661	615	0	0.223541	0	20	20
