0.00866572	0.000693067	1111.6	256.922	76.5	0	0	1.56526	1.61661	615	0	0.149389	0	20	20
0.00874584	0.000706338	1141.82	255.71	76.4694	21.4507	7.22878	1.52263	1.61661	615	0	-0.119289	0	20	20
0.00886568	0.000734821	1201.75	254.4	76.4339	63.0382	21.3839	1.46172	1.61661	615	0	-0.60626	0	20	20
0.00894204	0.00076427	1258.94	252.986	76.3927	103.517	35.2986	1.42459	1.61661	615	0	-1.01756	0	20	20
0.00898616	0.000794469	1313.94	251.462	76.3448	142.933	48.9812	1.40371	1.61661	615	0	-1.36626	0	20	20
0.009006	0.000824964	1366.65	249.82	76.2893	181.331	62.4403	1.39446	1.61661	615	0	-1.66095	0	20	20
0.0090077	0.000855469	1417.11	248.053	76.2249	218.753	75.6838	1.39366	1.61661	615	0	-1.90878	0	20	20
0.00899571	0.000885845	1465.47	246.154	76.1502	255.241	88.7199	1.39924	1.61661	615	0	-2.11606	0	20	20
0.00897312	0.000916058	1511.93	244.115	76.0636	290.834	101.556	1.40984	1.61661	615	0	-2.28816	0	20	20
0.00894201	0.000946135	1556.7	241.929	75.9633	325.569	114.199	1.42461	1.61661	615	0	-2.42945	0	20	20
0.00890379	0.000976135	1600	239.589	75.847	359.482	126.657	1.44303	1.61661	615	0	-2.54345	0	20	20
0.0088594	0.00100613	1641.97	237.087	75.7124	392.605	138.934	1.46483	1.61661	615	0	-2.63295	0	20	20
0.00880946	0.00103618	1682.75	234.416	75.5566	424.968	151.036	1.48988	1.61661	615	0	-2.70019	0	20	20
0.00875437	0.00106637	1722.44	231.571	75.3764	456.597	162.968	1.51819	1.61661	615	0	-2.74696	0	20	20
0.00869438	0.00109675	1761.1	228.544	75.1681	487.517	174.734	1.54983	1.61661	615	0	-2.77477	0	20	20
0.00862965	0.00112739	1798.8	225.332	74.9275	517.746	186.336	1.58497	1.61661	615	0	-2.78496	0	20	20
0.00856028	0.00115834	1835.56	221.929	74.6499	547.3	197.774	1.62382	1.61661	615	0	-2.77868	0	20	20
0.0084863	0.00118966	1871.39	218.332	74.33	576.191	209.05	1.66665	1.61661	615	0	-2.75697	0	20	20
0.00840773	0.00122141	1906.3	214.539	73.9617	604.425	220.162	1.71381	1.61661	615	0	-2.72084	0	20	20
0.00832459	0.00125362	1940.3	210.549	73.5383	632.005	231.106	1.76568	1.61661	615	0	-2.67123	0	20	20
0.00823688	0.00128635	1973.36	206.362	73.0526	658.927	241.879	1.82269	1.61661	615	0	-2.60912	0	20	20
0.00814463	0.00131965	2005.48	201.98	72.4961	685.183	252.474	1.88533	1.61661	615	0	-2.53548	0	20	20
0.00804788	0.00135354	2036.61	197.408	71.8602	710.759	262.883	1.95414	1.61661	615	0	-2.45132	0	20	20
0.00794672	0.00138807	2066.75	192.65	71.1353	735.637	273.096	2.02972	1.61661	615	0	-2.35767	0	20	20
0.00784127	0.00142324	2095.84	187.715	70.3111	759.792	283.102	2.11272	1.61661	615	0	-2.25562	0	20	20
0.0077317	0.00145908	2123.84	182.612	69.3773	783.194	292.888	2.20381	1.61661	615	0	-2.14629	0	20	20
0.00761825	0.00149556	2150.71	177.352	68.323	805.806	302.437	2.30375	1.61661	615	0	-2.03083	0	20	20
0.00750121	0.00153269	2176.38	171.95	67.1377	827.587	311.732	2.41327	1.61661	615	0	-1.91043	0	20	20
0.00738094	0.0015704	2200.79	166.419	65.8111	848.49	320.754	2.53318	1.61661	615	0	-1.7863	0	20	20
0.00725788	0.00160863	2223.88	160.778	64.3342	868.459	329.481	2.66423	1.61661	615	0	-1.65964	0	20	20
0.00713253	0.00164729	2245.56	155.045	62.6995	887.434	337.888	2.80718	1.61661	615	0	-1.53169	0	20	20
0.00700495	0.00168634	2265.75	149.24	60.9015	905.349	345.95	2.96336	1.61661	615	0	-1.4039	0	20	20
0.00686582	0.00172765	2284.36	143.384	58.9379	922.13	353.638	3.1472	1.61661	615	0	-1.28244	0	20	20
0.00671688	0.00177101	2301.29	137.498	56.8097	937.697	360.92	3.36123	1.61661	615	0	-1.16656	0	20	20
0.00655922	0.00181633	2316.42	131.604	54.5225	951.966	367.764	3.60947	1.61661	615	0	-1.05612	0	20	20
0.00639429	0.00186345	2329.65	125.726	52.086	964.848	374.136	3.89604	1.61661	615	0	-0.950921	0	20	20
0.00622255	0.00191237	2340.89	119.884	49.5151	976.25	379.999	4.2276	1.61661	615	0	-0.851246	0	20	20
0.00604434	0.00196314	2350.04	114.101	46.8297	986.081	385.319	4.61268	1.61661	615	0	-0.757401	0	20	20
0.00585974	0.00201588	2357	108.396	44.0538	994.252	390.06	5.0625	1.61661	615	0	-0.669673	0	20	20
0.00566871	0.00207077	2361.71	102.79	41.2153	1000.68	394.19	5.59175	1.61661	615	0	-0.588286	0	20	20
0.00547086	0.0021281	2364.09	97.3007	38.3448	1005.3	397.68	6.22063	1.61661	615	0	-0.513426	0	20	20
0.00526551	0.00218833	2364.11	91.9442	35.4743	1008.06	400.505	6.97715	1.61661	615	0	-0.445201	0	20	20
0.00505425	0.00225131	2361.75	86.7354	32.6358	1008.92	402.65	7.88914	1.61661	615	0	-0.383058	0	20	20
0.0048386	0.00231686	2357.02	81.6871	29.8599	1007.85	404.103	8.99166	1.61661	615	0	-0.32631	0	20	20
0.00461696	0.00238586	2349.97	76.8102	27.1745	1004.89	404.862	10.3498	1.61661	615	0	-0.275206	0	20	20
0.00439183	0.00245786	2340.65	72.1135	24.6037	1000.05	404.934	12.0244	1.61661	615	0	-0.229086	0	20	20
0.00416332	0.00253321	2329.15	67.6041	22.1672	993.397	404.334	14.115	1.61661	615	0	-0.187759	0	20	20
0.00392981	0.00261301	2315.6	63.287	19.8799	985.008	403.082	16.7837	1.61661	615	0	-0.151182	0	20	20
0.00369491	0.00269637	2300.13	59.1655	17.7517	974.981	401.21	20.1925	1.61661	615	0	-0.118552	0	20	20
0.00345917	0.0027835	2282.88	55.2409	15.7881	963.429	398.75	24.6084	1.61661	615	0	-0.0895794	0	20	20
0.00321937	0.00287639	2264.02	51.5134	13.9901	950.477	395.742	30.5274	1.61661	615	0	-0.0643343	0	20	20
0.00297729	0.00297493	2243.72	47.9815	12.3554	936.258	392.228	38.5954	1.61661	615	0	-0.0422947	0	20	20
0.00273458	0.00307895	2222.14	44.6426	10.8785	920.907	388.252	49.8115	1.61661	615	0	-0.0230229	0	20	20
0.00249141	0.00318898	2199.45	41.4927	9.55195	904.564	383.859	65.8666	1.61661	615	0	-0.00626321	0	20	20
0.00224786	0.00330561	2175.82	38.5273	8.36659	887.364	379.095	89.6795	1.61661	615	0	0.00822186	0	20	20
0.00200388	0.00342953	2151.4	35.7408	7.31231	869.439	374.001	126.586	1.61661	615	0	0.0206561	0	20	20
0.00175546	0.00356412	2126.35	33.1272	6.37848	850.913	368.621	188.289	1.61661	615	0	0.0310339	0	20	20
0.00150554	0.00370851	2100.79	30.6797	5.55436	831.906	362.996	298.483	1.61661	615	0	0.0397745	0	20	20
0.00125403	0.00386364	2074.87	28.3915	4.8294	812.528	357.162	516.504	1.61661	615	0	0.0470637	0	20	20
0.00100083	0.00403051	2048.7	26.2554	4.19349	792.881	351.155	1016.06	1.61661	615	0	0.053061	0	20	20
0.000746449	0.0042096	2022.39	24.2639	3.63707	773.057	345.007	2449.06	1.61661	615	0	0.057941	0	20	20
0.000491126	0.00440151	1996.03	22.4096	3.15127	753.141	338.75	8598.48	1.61661	615	0	0.0618427	0	20	20
0.000235263	0.00460659	1969.72	20.6851	2.72794	733.209	332.409	78223.8	1.61661	615	0	0.0648778	0	20	20
