0.00302658	
0.00324365	
0.00249445	
0.00189234	
0.00157164	
0.00140074	
0.00130372	
0.00124743	
0.00121568	
0.0011974	
0.00120244	
0.00127674	
0.00141577	
0.00162033	
0.00189978	
0.00226955	
0.00274692	
0.00334478	
0.00406542	
0.00490041	
0.00583977	
0.00688302	
0.00804198	
0.00933599	
0.0107848	
0.012417	
0.0143386	
0.0166011	
0.0194343	
0.0231223	
0.0303784	
0.041832	
0.0432127	
0.0415991	
0.0405941	
0.0399019	
0.0393239	
0.0388586	
0.0385158	
0.0382862	
0.0381593	
0.0381894	
0.0383623	
0.0386446	
0.0390057	
0.0394184	
0.039859	
0.0403076	
0.0407482	
0.0411689	
0.0415609	
0.0419188	
0.0422396	
0.0425224	
0.042768	
0.042978	
0.0431549	
0.0433015	
0.0434208	
0.0435158	
0.0435895	
0.0436445	
0.0436834	
0.0437085	
0.0437218	
0.0437252	
0.0437201	
0.0437081	
0.0436903	
0.0436679	
0.0436416	
0.0436123	
0.0435807	
