0.00860378	0.000697684	1128	369	76.5	0	0	1.59931	1.61661	615	0	0.148328	0	20	20
0.00872773	0.000710411	1162.71	369	76.4694	24.4073	8.22514	1.53213	1.61661	615	0	-0.618326	0	20	20
0.00894438	0.000736069	1230.27	369	76.4339	71.5416	24.2689	1.42347	1.61661	615	0	-1.93423	0	20	20
0.00911961	0.000761274	1293.75	369	76.3927	117.046	39.9134	1.34299	1.61661	615	0	-2.98862	0	20	20
0.00925725	0.00078584	1352.77	369	76.3448	160.963	55.1644	1.28397	1.61661	615	0	-3.85465	0	20	20
0.0093655	0.000809931	1408.22	368.999	76.2893	203.336	70.0274	1.23996	1.61661	615	0	-4.58796	0	20	20
0.00945179	0.000833827	1461.21	368.999	76.2249	244.207	84.5082	1.20631	1.61661	615	0	-5.22635	0	20	20
0.00952113	0.000857686	1512.49	368.999	76.1502	283.616	98.6126	1.18014	1.61661	615	0	-5.79252	0	20	20
0.00957681	0.000881501	1562.31	368.999	76.0636	321.605	112.347	1.15968	1.61661	615	0	-6.29974	0	20	20
0.00962124	0.000905174	1610.71	368.999	75.9633	358.212	125.716	1.14369	1.61661	615	0	-6.75652	0	20	20
0.00965646	0.000928581	1657.63	368.999	75.847	393.479	138.728	1.13122	1.61661	615	0	-7.1692	0	20	20
0.0096842	0.000951611	1703.05	368.998	75.7124	427.444	151.389	1.12152	1.61661	615	0	-7.54293	0	20	20
0.00970596	0.000974175	1746.95	368.998	75.5566	460.148	163.706	1.114	1.61661	615	0	-7.8821	0	20	20
0.00972295	0.000996211	1789.35	368.998	75.3764	491.631	175.686	1.10817	1.61661	615	0	-8.19049	0	20	20
0.00973616	0.00101767	1830.25	368.998	75.1681	521.932	187.337	1.10366	1.61661	615	0	-8.4714	0	20	20
0.00974638	0.00103853	1869.71	368.997	74.9275	551.093	198.666	1.1002	1.61661	615	0	-8.72771	0	20	20
0.00975422	0.00105877	1907.74	368.997	74.6499	579.154	209.684	1.09754	1.61661	615	0	-8.96196	0	20	20
0.00976018	0.00107838	1944.4	368.997	74.33	606.158	220.398	1.09553	1.61661	615	0	-9.17642	0	20	20
0.00976465	0.00109736	1979.72	368.996	73.9617	632.147	230.818	1.09403	1.61661	615	0	-9.37309	0	20	20
0.00976793	0.00111572	2013.75	368.996	73.5383	657.164	240.955	1.09293	1.61661	615	0	-9.55375	0	20	20
0.00977026	0.00113346	2046.54	368.995	73.0526	681.253	250.819	1.09215	1.61661	615	0	-9.72	0	20	20
0.00977184	0.00115061	2078.12	368.995	72.4961	704.46	260.42	1.09162	1.61661	615	0	-9.87326	0	20	20
0.00977281	0.00116718	2108.55	368.994	71.8602	726.828	269.771	1.09129	1.61661	615	0	-10.0148	0	20	20
0.0097733	0.00118318	2137.87	368.993	71.1353	748.402	278.883	1.09113	1.61661	615	0	-10.1457	0	20	20
0.0097734	0.00119864	2166.13	368.993	70.3111	769.227	287.767	1.0911	1.61661	615	0	-10.2671	0	20	20
0.0097732	0.00121357	2193.36	368.992	69.3773	789.344	296.435	1.09116	1.61661	615	0	-10.3798	0	20	20
0.00977275	0.001228	2219.61	368.991	68.323	808.793	304.897	1.09131	1.61661	615	0	-10.4846	0	20	20
0.00977211	0.00124195	2244.91	368.99	67.1377	827.611	313.163	1.09153	1.61661	615	0	-10.5822	0	20	20
0.00977131	0.00125542	2269.28	368.989	65.8111	845.827	321.24	1.0918	1.61661	615	0	-10.6732	0	20	20
0.0097704	0.00126843	2292.76	368.988	64.3342	863.466	329.134	1.0921	1.61661	615	0	-10.7582	0	20	20
0.00976942	0.00128099	2315.34	368.987	62.6995	880.542	336.848	1.09243	1.61661	615	0	-10.8375	0	20	20
0.00976839	0.00129308	2337.03	368.986	60.9015	897.059	344.382	1.09278	1.61661	615	0	-10.9114	0	20	20
0.00976734	0.0013047	2357.8	368.984	58.9379	913.008	351.73	1.09313	1.61661	615	0	-10.9803	0	20	20
0.00976632	0.00131583	2377.64	368.983	56.8097	928.368	358.882	1.09347	1.61661	615	0	-11.0443	0	20	20
0.00976536	0.00132644	2396.48	368.981	54.5225	943.101	365.824	1.09379	1.61661	615	0	-11.1035	0	20	20
0.00976451	0.00133649	2414.28	368.979	52.086	957.154	372.537	1.09408	1.61661	615	0	-11.1578	0	20	20
0.0097638	0.00134594	2430.94	368.978	49.5151	970.462	378.995	1.09432	1.61661	615	0	-11.2072	0	20	20
0.00976329	0.00135472	2446.39	368.975	46.8297	982.946	385.17	1.09449	1.61661	615	0	-11.2517	0	20	20
0.00976304	0.00136278	2460.54	368.973	44.0538	994.52	391.029	1.09457	1.61661	615	0	-11.2911	0	20	20
0.00976309	0.00137006	2473.27	368.971	41.2153	1005.09	396.54	1.09456	1.61661	615	0	-11.3253	0	20	20
0.0097635	0.00137649	2484.5	368.968	38.3448	1014.57	401.667	1.09442	1.61661	615	0	-11.354	0	20	20
0.00976431	0.00138202	2494.15	368.965	35.4743	1022.87	406.38	1.09415	1.61661	615	0	-11.3772	0	20	20
0.00976557	0.0013866	2502.13	368.961	32.6358	1029.92	410.65	1.09372	1.61661	615	0	-11.3947	0	20	20
0.00976732	0.00139019	2508.41	368.958	29.8599	1035.66	414.452	1.09314	1.61661	615	0	-11.4065	0	20	20
0.00976957	0.00139278	2512.95	368.954	27.1745	1040.05	417.77	1.09238	1.61661	615	0	-11.4126	0	20	20
0.00977235	0.00139435	2515.74	368.95	24.6037	1043.07	420.594	1.09145	1.61661	615	0	-11.413	0	20	20
0.00977566	0.00139491	2516.8	368.945	22.1672	1044.72	422.92	1.09034	1.61661	615	0	-11.4078	0	20	20
0.00977948	0.00139448	2516.18	368.94	19.8799	1045.03	424.751	1.08906	1.61661	615	0	-11.397	0	20	20
0.0097833	0.00139317	2513.93	368.934	17.7517	1044.03	426.098	1.08779	1.61661	615	0	-11.368	0	20	20
0.00978707	0.00139101	2510.14	368.928	15.7881	1041.78	426.977	1.08653	1.61661	615	0	-11.3204	0	20	20
0.00979079	0.00138806	2504.89	368.922	13.9901	1038.34	427.407	1.08529	1.61661	615	0	-11.2555	0	20	20
0.00979445	0.00138436	2498.29	368.914	12.3554	1033.8	427.412	1.08408	1.61661	615	0	-11.1746	0	20	20
0.00979806	0.00137998	2490.44	368.907	10.8785	1028.23	427.017	1.08288	1.61661	615	0	-11.0789	0	20	20
0.0098016	0.00137498	2481.43	368.898	9.55195	1021.73	426.249	1.0817	1.61661	615	0	-10.9699	0	20	20
0.00980507	0.0013694	2471.38	368.889	8.36659	1014.36	425.133	1.08056	1.61661	615	0	-10.8489	0	20	20
0.00980846	0.0013633	2460.37	368.878	7.31231	1006.23	423.697	1.07944	1.61661	615	0	-10.7171	0	20	20
0.00981176	0.00135673	2448.5	368.867	6.37848	997.393	421.966	1.07835	1.61661	615	0	-10.576	0	20	20
0.00981496	0.00134975	2435.85	368.855	5.55436	987.935	419.963	1.0773	1.61661	615	0	-10.4267	0	20	20
0.00981804	0.00134239	2422.51	368.842	4.8294	977.922	417.711	1.07628	1.61661	615	0	-10.2702	0	20	20
0.00982101	0.0013347	2408.55	368.827	4.19349	967.414	415.231	1.0753	1.61661	615	0	-10.1076	0	20	20
0.00982385	0.00132671	2394.03	368.812	3.63707	956.468	412.541	1.07437	1.61661	615	0	-9.9397	0	20	20
0.00982654	0.00131846	2379.01	368.794	3.15127	945.136	409.659	1.07349	1.61661	615	0	-9.76739	0	20	20
0.00982908	0.00130997	2363.55	368.776	2.72794	933.461	406.6	1.07266	1.61661	615	0	-9.59137	0	20	20
0.00983147	0.00130128	2347.69	368.755	2.35965	921.485	403.379	1.07188	1.61661	615	0	-9.4123	0	20	20
0.00983367	0.00129241	2331.47	368.733	2.03971	909.243	400.008	1.07116	1.61661	615	0	-9.23075	0	20	20
0.0098357	0.00128338	2314.93	368.709	1.76213	896.768	396.498	1.07049	1.61661	615	0	-9.04723	0	20	20
0.00983753	0.00127421	2298.1	368.682	1.52155	884.087	392.86	1.0699	1.61661	615	0	-8.8622	0	20	20
0.00983915	0.00126491	2281.02	368.653	1.31324	871.226	389.104	1.06937	1.61661	615	0	-8.67608	0	20	20
0.00984055	0.00125551	2263.71	368.621	1.13301	858.208	385.236	1.06891	1.61661	615	0	-8.48922	0	20	20
0.00984172	0.00124601	2246.19	368.587	0.977206	845.052	381.266	1.06853	1.61661	615	0	-8.30195	0	20	20
0.00984265	0.00123643	2228.49	368.549	0.842585	831.776	377.201	1.06823	1.61661	615	0	-8.11456	0	20	20
0.00984332	0.00122678	2210.62	368.508	0.726331	818.397	373.046	1.06801	1.61661	615	0	-7.92731	0	20	20
0.00984372	0.00121707	2192.61	368.464	0.625985	804.929	368.807	1.06788	1.61661	615	0	-7.74046	0	20	20
0.00984384	0.00120732	2174.46	368.415	0.539403	791.386	364.491	1.06784	1.61661	615	0	-7.5542	0	20	20
0.00984367	0.00119752	2156.21	368.362	0.464724	777.78	360.103	1.0679	1.61661	615	0	-7.36875	0	20	20
0.00984318	0.0011877	2137.86	368.304	0.400329	764.123	355.647	1.06805	1.61661	615	0	-7.18427	0	20	20
0.00984237	0.00117785	2119.42	368.241	0.344818	750.426	351.128	1.06832	1.61661	615	0	-7.00095	0	20	20
0.00984123	0.00116799	2100.91	368.172	0.296973	736.698	346.551	1.06869	1.61661	615	0	-6.81893	0	20	20
0.00983974	0.00115812	2082.34	368.096	0.255745	722.949	341.92	1.06918	1.61661	615	0	-6.63836	0	20	20
0.00983788	0.00114826	2063.73	368.014	0.220224	709.188	337.239	1.06978	1.61661	615	0	-6.45936	0	20	20
0.00983564	0.0011384	2045.09	367.925	0.189625	695.425	332.513	1.07051	1.61661	615	0	-6.28206	0	20	20
0.00983301	0.00112856	2026.42	367.828	0.163268	681.668	327.745	1.07137	1.61661	615	0	-6.10657	0	20	20
0.00982998	0.00111875	2007.75	367.721	0.140567	667.925	322.939	1.07236	1.61661	615	0	-5.93299	0	20	20
0.00982653	0.00110896	1989.07	367.605	0.121018	654.204	318.099	1.07349	1.61661	615	0	-5.76143	0	20	20
0.00982266	0.0010992	1970.41	367.479	0.104184	640.512	313.229	1.07476	1.61661	615	0	-5.59196	0	20	20
0.00981834	0.00108949	1951.78	367.341	0.0896893	626.859	308.333	1.07618	1.61661	615	0	-5.42466	0	20	20
0.00981358	0.00107983	1933.18	367.191	0.0772089	613.251	303.413	1.07775	1.61661	615	0	-5.25962	0	20	20
0.00980837	0.00107022	1914.62	367.028	0.0664636	599.696	298.475	1.07947	1.61661	615	0	-5.09689	0	20	20
0.00980269	0.00106067	1896.12	366.85	0.0572127	586.202	293.521	1.08135	1.61661	615	0	-4.93654	0	20	20
0.00979654	0.00105119	1877.69	366.655	0.0492485	572.775	288.556	1.08338	1.61661	615	0	-4.77863	0	20	20
0.00978991	0.00104177	1859.34	366.444	0.0423924	559.423	283.581	1.08558	1.61661	615	0	-4.62319	0	20	20
0.00978281	0.00103243	1841.07	366.213	0.0364903	546.153	278.602	1.08795	1.61661	615	0	-4.47027	0	20	20
0.00977523	0.00102317	1822.9	365.962	0.0314096	532.973	273.622	1.09048	1.61661	615	0	-4.31992	0	20	20
0.00976716	0.001014	1804.85	365.688	0.027036	519.889	268.644	1.09319	1.61661	615	0	-4.17216	0	20	20
0.00975862	0.00100492	1786.9	365.39	0.0232712	506.909	263.671	1.09606	1.61661	615	0	-4.02703	0	20	20
0.00974959	0.000995935	1769.09	365.065	0.0200306	494.038	258.707	1.09911	1.61661	615	0	-3.88454	0	20	20
0.00974009	0.000987048	1751.42	364.711	0.0172411	481.285	253.755	1.10233	1.61661	615	0	-3.74472	0	20	20
0.00973011	0.000978265	1733.89	364.326	0.01484	468.655	248.819	1.10572	1.61661	615	0	-3.60759	0	20	20
0.00971967	0.000969591	1716.52	363.907	0.0127733	456.155	243.902	1.10929	1.61661	615	0	-3.47316	0	20	20
0.00970877	0.000961029	1699.31	363.452	0.0109943	443.793	239.007	1.11303	1.61661	615	0	-3.34145	0	20	20
0.00969742	0.000952583	1682.27	362.955	0.00946308	431.574	234.137	1.11694	1.61661	615	0	-3.21246	0	20	20
0.00968562	0.000944257	1665.42	362.416	0.00814509	419.504	229.296	1.12103	1.61661	615	0	-3.08621	0	20	20
0.00967339	0.000936055	1648.76	361.829	0.00701065	407.59	224.486	1.12529	1.61661	615	0	-2.96269	0	20	20
0.00966073	0.00092798	1632.29	361.191	0.0060342	395.839	219.712	1.12972	1.61661	615	0	-2.84191	0	20	20
0.00964766	0.000920035	1616.04	360.498	0.00519374	384.256	214.975	1.13432	1.61661	615	0	-2.72388	0	20	20
0.00963419	0.000912225	1599.99	359.744	0.00447034	372.847	210.28	1.13908	1.61661	615	0	-2.60858	0	20	20
0.00962032	0.000904551	1584.16	358.926	0.00384768	361.618	205.628	1.14401	1.61661	615	0	-2.49603	0	20	20
0.00960608	0.000897017	1568.56	358.037	0.00331176	350.575	201.024	1.14911	1.61661	615	0	-2.38622	0	20	20
0.00959148	0.000889626	1553.19	357.073	0.00285047	339.724	196.47	1.15437	1.61661	615	0	-2.27914	0	20	20
0.00957652	0.000882381	1538.06	356.027	0.00245344	329.072	191.968	1.15978	1.61661	615	0	-2.17478	0	20	20
0.00956123	0.000875283	1523.16	354.893	0.0021117	318.622	187.523	1.16536	1.61661	615	0	-2.07315	0	20	20
0.00954562	0.000868336	1508.52	353.665	0.00181757	308.382	183.137	1.17108	1.61661	615	0	-1.97424	0	20	20
0.00952971	0.000861541	1494.13	352.334	0.0015644	298.358	178.812	1.17696	1.61661	615	0	-1.87803	0	20	20
0.0095135	0.000854901	1479.99	350.893	0.00134649	288.555	174.553	1.18298	1.61661	615	0	-1.78451	0	20	20
0.00949702	0.000848417	1466.12	349.336	0.00115894	278.98	170.362	1.18916	1.61661	615	0	-1.69369	0	20	20
0.00948027	0.000842093	1452.51	347.652	0.000997512	269.638	166.241	1.19547	1.61661	615	0	-1.60555	0	20	20
0.00946329	0.000835929	1439.16	345.833	0.000858568	260.536	162.195	1.20192	1.61661	615	0	-1.52009	0	20	20
0.00944607	0.000829927	1426.08	343.871	0.000738977	251.682	158.227	1.2085	1.61661	615	0	-1.4373	0	20	20
0.00942863	0.000824091	1413.28	341.756	0.000636045	243.081	154.339	1.21522	1.61661	615	0	-1.35717	0	20	20
0.009411	0.000818421	1400.75	339.478	0.000547449	234.742	150.536	1.22206	1.61661	615	0	-1.2797	0	20	20
0.00939318	0.00081292	1388.5	337.028	0.000471194	226.673	146.821	1.22903	1.61661	615	0	-1.2049	0	20	20
0.00937517	0.000807587	1376.52	334.394	0.000405561	218.877	143.196	1.23612	1.61661	615	0	-1.13273	0	20	20
0.009357	0.000802414	1364.8	331.568	0.00034907	211.348	139.66	1.24334	1.61661	615	0	-1.06308	0	20	20
0.00933864	0.000797391	1353.32	328.539	0.000300448	204.079	136.212	1.25069	1.61661	615	0	-0.995815	0	20	20
0.00932012	0.000792508	1342.06	325.298	0.000258598	197.06	132.849	1.25816	1.61661	615	0	-0.930807	0	20	20
0.00930142	0.000787753	1331	321.834	0.000222577	190.282	129.569	1.26576	1.61661	615	0	-0.867943	0	20	20
0.00928254	0.000783118	1320.11	318.138	0.000191574	183.738	126.37	1.2735	1.61661	615	0	-0.807122	0	20	20
0.0092635	0.000778592	1309.39	314.202	0.000164889	177.418	123.25	1.28137	1.61661	615	0	-0.748252	0	20	20
0.00924429	0.000774166	1298.81	310.018	0.000141922	171.316	120.207	1.28938	1.61661	615	0	-0.691257	0	20	20
0.00922522	0.000769877	1288.47	305.579	0.000122153	165.423	117.239	1.29739	1.61661	615	0	-0.636537	0	20	20
0.00920707	0.000765837	1278.66	300.879	0.000105138	159.734	114.344	1.30508	1.61661	615	0	-0.585156	0	20	20
0.00919027	0.000762096	1269.5	295.914	9.04933e-05	154.24	111.521	1.31225	1.61661	615	0	-0.537515	0	20	20
0.00917473	0.000758622	1260.95	290.682	7.78883e-05	148.935	108.767	1.31892	1.61661	615	0	-0.493235	0	20	20
0.0091604	0.000755391	1252.93	285.181	6.70391e-05	143.812	106.082	1.32512	1.61661	615	0	-0.451991	0	20	20
0.00914722	0.000752379	1245.4	279.413	5.77011e-05	138.866	103.463	1.33086	1.61661	615	0	-0.413511	0	20	20
0.00913515	0.000749568	1238.32	273.381	4.96638e-05	134.09	100.908	1.33614	1.61661	615	0	-0.377562	0	20	20
0.00912416	0.000746942	1231.65	267.091	4.2746e-05	129.478	98.4169	1.34098	1.61661	615	0	-0.343943	0	20	20
0.00911424	0.000744485	1225.38	260.551	3.67919e-05	125.024	95.987	1.34536	1.61661	615	0	-0.312485	0	20	20
0.00910538	0.000742188	1219.48	253.773	3.1667e-05	120.724	93.617	1.34929	1.61661	615	0	-0.283043	0	20	20
0.00909759	0.000740041	1213.93	246.77	2.72561e-05	116.572	91.3056	1.35276	1.61661	615	0	-0.255493	0	20	20
0.00909088	0.000738035	1208.72	239.558	2.34595e-05	112.562	89.0513	1.35576	1.61661	615	0	-0.229728	0	20	20
0.00908527	0.000736166	1203.86	232.157	2.01918e-05	108.691	86.8526	1.35827	1.61661	615	0	-0.205658	0	20	20
0.0090808	0.000734429	1199.33	224.588	1.73792e-05	104.953	84.7082	1.36028	1.61661	615	0	-0.1832	0	20	20
0.0090775	0.000732823	1195.14	216.874	1.49585e-05	101.343	82.6168	1.36176	1.61661	615	0	-0.162284	0	20	20
0.00907542	0.000731346	1191.31	209.042	1.28749e-05	97.8571	80.5769	1.3627	1.61661	615	0	-0.142843	0	20	20
0.00907461	0.000729999	1187.83	201.119	1.10815e-05	94.4913	78.5875	1.36306	1.61661	615	0	-0.124814	0	20	20
0.00907511	0.000728784	1184.72	193.133	9.53793e-06	91.2413	76.6472	1.36284	1.61661	615	0	-0.108139	0	20	20
0.00907699	0.000727706	1182	185.115	8.20938e-06	88.1031	74.7547	1.36199	1.61661	615	0	-0.0927556	0	20	20
0.00908028	0.00072677	1179.68	177.095	7.06588e-06	85.0729	72.909	1.36051	1.61661	615	0	-0.0786022	0	20	20
0.00908901	0.000725771	1177.93	169.102	6.08166e-06	82.1468	71.1089	1.35659	1.61661	615	0	-0.0574905	0	20	20
0.00910465	0.000724765	1177.02	161.168	5.23453e-06	79.3214	69.3532	1.34962	1.61661	615	0	-0.0321194	0	20	20
0.00912425	0.000724037	1177.05	153.32	4.5054e-06	76.5932	67.6409	1.34094	1.61661	615	0	-0.0102978	0	20	20
0.00914735	0.000723614	1178.03	145.586	3.87783e-06	73.9588	65.9708	1.3308	1.61661	615	0	0.00860639	0	20	20
0.00917327	0.000723536	1179.94	137.993	3.33768e-06	71.415	64.342	1.31956	1.61661	615	0	0.0251435	0	20	20
0.00920116	0.000723851	1182.77	130.565	2.87277e-06	68.9587	62.7534	1.30759	1.61661	615	0	0.0397886	0	20	20
0.00923003	0.000724618	1186.51	123.323	2.47262e-06	66.5869	61.204	1.29536	1.61661	615	0	0.0529423	0	20	20
0.00925881	0.000725888	1191.12	116.287	2.1282e-06	64.2967	59.6929	1.28332	1.61661	615	0	0.0649296	0	20	20
0.00928647	0.000727706	1196.55	109.473	1.83176e-06	62.0852	58.219	1.27188	1.61661	615	0	0.075999	0	20	20
0.00931215	0.000730097	1202.77	102.896	1.57661e-06	59.9498	56.7816	1.26139	1.61661	615	0	0.0863264	0	20	20
0.00933521	0.000733065	1209.7	96.5672	1.357e-06	57.8879	55.3797	1.25207	1.61661	615	0	0.0960241	0	20	20
0.00935532	0.000736592	1217.27	90.4952	1.16798e-06	55.8969	54.0123	1.24401	1.61661	615	0	0.105156	0	20	20
0.00937237	0.000740641	1225.41	84.6864	1.00529e-06	53.9743	52.6788	1.23724	1.61661	615	0	0.113755	0	20	20
0.00938647	0.000745163	1234.06	79.1444	8.65262e-07	52.1179	51.3781	1.23167	1.61661	615	0	0.121834	0	20	20
0.00939788	0.000750103	1243.14	73.8709	7.44738e-07	50.3253	50.1096	1.22719	1.61661	615	0	0.129404	0	20	20
0.00940692	0.000755402	1252.6	68.8653	6.41002e-07	48.5944	48.8724	1.22365	1.61661	615	0	0.136476	0	20	20
0.00941394	0.000761005	1262.37	64.1252	5.51715e-07	46.923	47.6657	1.22091	1.61661	615	0	0.143066	0	20	20
0.00941929	0.000766858	1272.42	59.6465	4.74866e-07	45.3091	46.4889	1.21884	1.61661	615	0	0.149197	0	20	20
0.00942327	0.000772917	1282.7	55.4238	4.08721e-07	43.7507	45.341	1.21729	1.61661	615	0	0.154896	0	20	20
0.00942615	0.00077914	1293.17	51.4503	3.51789e-07	42.2459	44.2216	1.21618	1.61661	615	0	0.160195	0	20	20
0.00942817	0.000785492	1303.79	47.7183	3.02788e-07	40.7929	43.1297	1.2154	1.61661	615	0	0.165129	0	20	20
0.00942951	0.000791944	1314.53	44.2193	2.60612e-07	39.3898	42.0649	1.21488	1.61661	615	0	0.169729	0	20	20
0.00943032	0.00079847	1325.38	40.9442	2.24311e-07	38.0351	41.0263	1.21457	1.61661	615	0	0.174031	0	20	20
0.00943071	0.000805049	1336.3	37.8834	1.93066e-07	36.7269	40.0133	1.21441	1.61661	615	0	0.178064	0	20	20
0.00943078	0.000811664	1347.28	35.0269	1.66173e-07	35.4636	39.0254	1.21439	1.61661	615	0	0.181858	0	20	20
0.00943059	0.0008183	1358.29	32.3648	1.43027e-07	34.2439	38.0619	1.21446	1.61661	615	0	0.185439	0	20	20
0.00943019	0.000824943	1369.32	29.8869	1.23104e-07	33.0661	37.1221	1.21462	1.61661	615	0	0.188829	0	20	20
0.00942962	0.000831583	1380.36	27.5832	1.05957e-07	31.9288	36.2056	1.21484	1.61661	615	0	0.19205	0	20	20
0.00942891	0.000838211	1391.38	25.4437	9.11979e-08	30.8306	35.3116	1.21511	1.61661	615	0	0.195118	0	20	20
0.00942807	0.000844818	1402.38	23.4587	7.84948e-08	29.7702	34.4398	1.21543	1.61661	615	0	0.198049	0	20	20
0.00942713	0.000851398	1413.34	21.6189	6.75611e-08	28.7463	33.5895	1.2158	1.61661	615	0	0.200855	0	20	20
0.0094261	0.000857942	1424.25	19.9151	5.81504e-08	27.7576	32.7601	1.2162	1.61661	615	0	0.203548	0	20	20
0.00942498	0.000864446	1435.11	18.3384	5.00505e-08	26.8028	31.9513	1.21663	1.61661	615	0	0.206137	0	20	20
0.00942378	0.000870905	1445.89	16.8805	4.30789e-08	25.881	31.1624	1.2171	1.61661	615	0	0.20863	0	20	20
0.00942251	0.000877313	1456.6	15.5334	3.70783e-08	24.9908	30.393	1.21759	1.61661	615	0	0.211033	0	20	20
0.00942117	0.000883666	1467.23	14.2895	3.19136e-08	24.1313	29.6426	1.21811	1.61661	615	0	0.213352	0	20	20
0.00941977	0.000889961	1477.76	13.1414	2.74683e-08	23.3013	28.9107	1.21865	1.61661	615	0	0.215593	0	20	20
0.00941831	0.000896193	1488.19	12.0825	2.36422e-08	22.4998	28.1969	1.21922	1.61661	615	0	0.217758	0	20	20
0.00941681	0.00090236	1498.51	11.1062	2.0349e-08	21.726	27.5007	1.2198	1.61661	615	0	0.219852	0	20	20
0.00941525	0.000908459	1508.72	10.2065	1.75146e-08	20.9787	26.8217	1.22041	1.61661	615	0	0.221878	0	20	20
0.00941365	0.000914487	1518.82	9.37784	1.50749e-08	20.2572	26.1595	1.22103	1.61661	615	0	0.223839	0	20	20
0.009412	0.000920441	1528.8	8.61482	1.29751e-08	19.5604	25.5136	1.22167	1.61661	615	0	0.225738	0	20	20
0.00941033	0.00092632	1538.65	7.91252	1.11678e-08	18.8876	24.8837	1.22232	1.61661	615	0	0.227575	0	20	20
0.00940862	0.000932122	1548.37	7.26631	9.61219e-09	18.238	24.2693	1.22299	1.61661	615	0	0.229355	0	20	20
0.00940688	0.000937844	1557.96	6.67191	8.27329e-09	17.6107	23.6701	1.22367	1.61661	615	0	0.231077	0	20	20
0.00940511	0.000943487	1567.41	6.1253	7.12089e-09	17.005	23.0857	1.22436	1.61661	615	0	0.232746	0	20	20
0.00940333	0.000949047	1576.73	5.62279	6.129e-09	16.4201	22.5157	1.22505	1.61661	615	0	0.234361	0	20	20
0.00940153	0.000954525	1585.91	5.16091	5.27528e-09	15.8554	21.9598	1.22576	1.61661	615	0	0.235925	0	20	20
0.00939971	0.00095992	1594.95	4.73648	4.54048e-09	15.31	21.4176	1.22647	1.61661	615	0	0.237439	0	20	20
0.00939788	0.000965231	1603.85	4.34653	3.90803e-09	14.7834	20.8888	1.22719	1.61661	615	0	0.238905	0	20	20
0.00939595	0.000970529	1612.71	3.98834	3.36367e-09	14.275	20.373	1.22794	1.61661	615	0	0.240326	0	20	20
0.00939382	0.000975892	1621.66	3.65937	2.89514e-09	13.784	19.87	1.22878	1.61661	615	0	0.241707	0	20	20
0.0093915	0.000981322	1630.7	3.35728	2.49187e-09	13.3099	19.3794	1.22969	1.61661	615	0	0.243048	0	20	20
0.00938899	0.000986813	1639.82	3.07993	2.14477e-09	12.8521	18.901	1.23068	1.61661	615	0	0.24435	0	20	20
0.0093863	0.000992361	1649.02	2.82531	1.84602e-09	12.4101	18.4343	1.23174	1.61661	615	0	0.245613	0	20	20
0.00938342	0.00099796	1658.27	2.59158	1.58888e-09	11.9832	17.9791	1.23287	1.61661	615	0	0.246839	0	20	20
0.00938039	0.00100361	1667.58	2.37707	1.36757e-09	11.5711	17.5352	1.23406	1.61661	615	0	0.248027	0	20	20
0.00937719	0.00100929	1676.94	2.18021	1.17707e-09	11.1731	17.1023	1.23533	1.61661	615	0	0.249179	0	20	20
0.00937383	0.00101502	1686.34	1.99956	1.01312e-09	10.7888	16.68	1.23666	1.61661	615	0	0.250295	0	20	20
0.00937033	0.00102077	1695.77	1.83381	8.71998e-10	10.4177	16.2682	1.23804	1.61661	615	0	0.251376	0	20	20
0.00936668	0.00102655	1705.22	1.68173	7.50536e-10	10.0594	15.8665	1.23949	1.61661	615	0	0.252422	0	20	20
0.0093629	0.00103236	1714.69	1.54221	6.45992e-10	9.71342	15.4748	1.24099	1.61661	615	0	0.253435	0	20	20
0.009359	0.00103818	1724.16	1.41423	5.56011e-10	9.37933	15.0927	1.24255	1.61661	615	0	0.254414	0	20	20
0.00935497	0.00104402	1733.64	1.29682	4.78563e-10	9.05673	14.7201	1.24415	1.61661	615	0	0.255361	0	20	20
0.00935082	0.00104986	1743.12	1.18913	4.11903e-10	8.74523	14.3566	1.24581	1.61661	615	0	0.256277	0	20	20
0.00934657	0.00105571	1752.58	1.09036	3.54528e-10	8.44444	14.0022	1.24751	1.61661	615	0	0.257161	0	20	20
0.00934221	0.00106156	1762.02	0.999769	3.05145e-10	8.154	13.6565	1.24926	1.61661	615	0	0.258015	0	20	20
0.00933775	0.00106741	1771.44	0.916686	2.62641e-10	7.87354	13.3193	1.25104	1.61661	615	0	0.258839	0	20	20
0.00933321	0.00107325	1780.82	0.840492	2.26057e-10	7.60274	12.9904	1.25287	1.61661	615	0	0.259635	0	20	20
0.00932857	0.00107908	1790.17	0.770618	1.94569e-10	7.34124	12.6697	1.25474	1.61661	615	0	0.260402	0	20	20
0.00932386	0.00108489	1799.48	0.706541	1.67467e-10	7.08874	12.3569	1.25665	1.61661	615	0	0.261142	0	20	20
0.00931907	0.00109069	1808.74	0.647783	1.4414e-10	6.84493	12.0518	1.25858	1.61661	615	0	0.261855	0	20	20
0.00931421	0.00109646	1817.94	0.593904	1.24063e-10	6.6095	11.7542	1.26055	1.61661	615	0	0.262542	0	20	20
0.00930929	0.00110221	1827.08	0.544499	1.06782e-10	6.38217	11.464	1.26255	1.61661	615	0	0.263203	0	20	20
0.00930432	0.00110792	1836.15	0.499199	9.1908e-11	6.16266	11.181	1.26458	1.61661	615	0	0.26384	0	20	20
0.00929928	0.00111361	1845.16	0.457662	7.91059e-11	5.9507	10.9049	1.26664	1.61661	615	0	0.264452	0	20	20
0.0092942	0.00111926	1854.09	0.419578	6.80871e-11	5.74602	10.6357	1.26871	1.61661	615	0	0.265041	0	20	20
0.00928908	0.00112487	1862.93	0.38466	5.86031e-11	5.54839	10.3731	1.27081	1.61661	615	0	0.265607	0	20	20
0.00928392	0.00113043	1871.7	0.352645	5.04402e-11	5.35756	10.117	1.27293	1.61661	615	0	0.266151	0	20	20
0.00927873	0.00113595	1880.37	0.323292	4.34142e-11	5.17329	9.86716	1.27507	1.61661	615	0	0.266674	0	20	20
0.00927351	0.00114143	1888.95	0.296381	3.7367e-11	4.99535	9.62354	1.27723	1.61661	615	0	0.267175	0	20	20
0.00926826	0.00114685	1897.43	0.271708	3.21621e-11	4.82354	9.38594	1.2794	1.61661	615	0	0.267656	0	20	20
0.009263	0.00115222	1905.81	0.249087	2.76821e-11	4.65764	9.1542	1.28158	1.61661	615	0	0.268118	0	20	20
0.00925772	0.00115753	1914.08	0.228349	2.38262e-11	4.49744	8.92818	1.28377	1.61661	615	0	0.26856	0	20	20
0.00925243	0.00116279	1922.25	0.209336	2.05074e-11	4.34275	8.70774	1.28598	1.61661	615	0	0.268984	0	20	20
0.00924713	0.00116798	1930.3	0.191905	1.76509e-11	4.19338	8.49275	1.28819	1.61661	615	0	0.269389	0	20	20
0.00924183	0.00117311	1938.24	0.175926	1.51923e-11	4.04915	8.28306	1.2904	1.61661	615	0	0.269777	0	20	20
0.00923653	0.00117817	1946.06	0.161276	1.30761e-11	3.90989	8.07855	1.29263	1.61661	615	0	0.270149	0	20	20
0.00923124	0.00118317	1953.75	0.147845	1.12547e-11	3.77541	7.87909	1.29485	1.61661	615	0	0.270504	0	20	20
0.00922596	0.0011881	1961.33	0.135533	9.68703e-12	3.64555	7.68456	1.29708	1.61661	615	0	0.270843	0	20	20
0.00922069	0.00119296	1968.78	0.124246	8.3377e-12	3.52017	7.49482	1.2993	1.61661	615	0	0.271166	0	20	20
0.00921543	0.00119775	1976.1	0.113898	7.17633e-12	3.39909	7.30978	1.30153	1.61661	615	0	0.271475	0	20	20
0.0092102	0.00120246	1983.29	0.104412	6.17672e-12	3.28218	7.1293	1.30375	1.61661	615	0	0.27177	0	20	20
0.00920499	0.00120709	1990.34	0.0957158	5.31635e-12	3.16929	6.95327	1.30596	1.61661	615	0	0.27205	0	20	20
0.0091998	0.00121165	1997.27	0.0877437	4.57583e-12	3.06029	6.7816	1.30817	1.61661	615	0	0.272317	0	20	20
0.00919464	0.00121613	2004.06	0.0804354	3.93845e-12	2.95503	6.61416	1.31038	1.61661	615	0	0.272571	0	20	20
0.00918951	0.00122054	2010.71	0.0737358	3.38986e-12	2.85339	6.45085	1.31257	1.61661	615	0	0.272813	0	20	20
0.00918442	0.00122486	2017.22	0.067594	2.91768e-12	2.75525	6.29158	1.31476	1.61661	615	0	0.273042	0	20	20
0.00917936	0.0012291	2023.6	0.0619638	2.51127e-12	2.66048	6.13624	1.31693	1.61661	615	0	0.273259	0	20	20
0.00917434	0.00123326	2029.84	0.0568024	2.16147e-12	2.56898	5.98474	1.31909	1.61661	615	0	0.273465	0	20	20
0.00916937	0.00123733	2035.93	0.0520709	1.86039e-12	2.48062	5.83697	1.32124	1.61661	615	0	0.27366	0	20	20
0.00916443	0.00124133	2041.89	0.0477335	1.60125e-12	2.3953	5.69286	1.32338	1.61661	615	0	0.273844	0	20	20
0.00915954	0.00124523	2047.71	0.0437573	1.37821e-12	2.31291	5.5523	1.3255	1.61661	615	0	0.274019	0	20	20
0.0091547	0.00124906	2053.38	0.0401123	1.18624e-12	2.23336	5.41521	1.3276	1.61661	615	0	0.274183	0	20	20
0.00914991	0.0012528	2058.91	0.0367709	1.02101e-12	2.15655	5.28151	1.32969	1.61661	615	0	0.274337	0	20	20
0.00914517	0.00125645	2064.3	0.0337079	8.78787e-13	2.08237	5.15111	1.33176	1.61661	615	0	0.274483	0	20	20
0.00914048	0.00126002	2069.55	0.0308999	7.56379e-13	2.01075	5.02393	1.33381	1.61661	615	0	0.274619	0	20	20
0.00913585	0.00126351	2074.66	0.0283259	6.51022e-13	1.94159	4.89989	1.33584	1.61661	615	0	0.274747	0	20	20
0.00913127	0.00126691	2079.63	0.0259662	5.60339e-13	1.87481	4.77891	1.33785	1.61661	615	0	0.274866	0	20	20
0.00912675	0.00127022	2084.46	0.0238032	4.82289e-13	1.81033	4.66092	1.33984	1.61661	615	0	0.274978	0	20	20
0.00912229	0.00127345	2089.15	0.0218203	4.1511e-13	1.74806	4.54584	1.3418	1.61661	615	0	0.275081	0	20	20
0.00911788	0.0012766	2093.71	0.0200025	3.57288e-13	1.68794	4.4336	1.34375	1.61661	615	0	0.275177	0	20	20
0.00911354	0.00127966	2098.12	0.0183362	3.07521e-13	1.62988	4.32414	1.34567	1.61661	615	0	0.275266	0	20	20
0.00910925	0.00128264	2102.4	0.0168087	2.64686e-13	1.57382	4.21737	1.34757	1.61661	615	0	0.275348	0	20	20
0.00910503	0.00128553	2106.55	0.0154084	2.27817e-13	1.51969	4.11325	1.34945	1.61661	615	0	0.275423	0	20	20
0.00910087	0.00128835	2110.56	0.0141248	1.96084e-13	1.46742	4.01169	1.3513	1.61661	615	0	0.275492	0	20	20
0.00909677	0.00129108	2114.43	0.0129481	1.68771e-13	1.41695	3.91264	1.35313	1.61661	615	0	0.275555	0	20	20
0.00909273	0.00129372	2118.18	0.0118695	1.45263e-13	1.36822	3.81604	1.35493	1.61661	615	0	0.275611	0	20	20
0.00908876	0.00129629	2121.8	0.0108807	1.25029e-13	1.32116	3.72182	1.35671	1.61661	615	0	0.275662	0	20	20
0.00908485	0.00129878	2125.29	0.00997424	1.07613e-13	1.27572	3.62993	1.35846	1.61661	615	0	0.275707	0	20	20
0.00908101	0.00130118	2128.65	0.00914331	9.26235e-14	1.23184	3.5403	1.36019	1.61661	615	0	0.275747	0	20	20
0.00907723	0.00130351	2131.88	0.00838161	7.97218e-14	1.18947	3.45289	1.36189	1.61661	615	0	0.275781	0	20	20
0.00907351	0.00130576	2135	0.00768336	6.86172e-14	1.14856	3.36764	1.36356	1.61661	615	0	0.27581	0	20	20
0.00906986	0.00130794	2137.99	0.00704328	5.90593e-14	1.10905	3.28449	1.36521	1.61661	615	0	0.275835	0	20	20
0.00906627	0.00131004	2140.86	0.00645652	5.08329e-14	1.07091	3.2034	1.36683	1.61661	615	0	0.275855	0	20	20
0.00906275	0.00131206	2143.61	0.00591864	4.37522e-14	1.03408	3.12431	1.36842	1.61661	615	0	0.275871	0	20	20
0.00905929	0.00131401	2146.25	0.00542557	3.76579e-14	0.998509	3.04717	1.36999	1.61661	615	0	0.275882	0	20	20
0.00905589	0.00131589	2148.77	0.00497358	3.24125e-14	0.964166	2.97193	1.37153	1.61661	615	0	0.275889	0	20	20
0.00905256	0.00131769	2151.18	0.00455924	2.78977e-14	0.931004	2.89856	1.37305	1.61661	615	0	0.275892	0	20	20
0.00904929	0.00131943	2153.48	0.00417942	2.40117e-14	0.898982	2.82699	1.37454	1.61661	615	0	0.275891	0	20	20
0.00904608	0.00132109	2155.67	0.00383124	2.06671e-14	0.868062	2.75719	1.376	1.61661	615	0	0.275886	0	20	20
0.00904294	0.00132269	2157.75	0.00351206	1.77883e-14	0.838206	2.68912	1.37744	1.61661	615	0	0.275878	0	20	20
0.00903986	0.00132422	2159.73	0.00321948	1.53106e-14	0.809376	2.62272	1.37884	1.61661	615	0	0.275867	0	20	20
0.00903684	0.00132568	2161.61	0.00295127	1.31779e-14	0.781538	2.55797	1.38023	1.61661	615	0	0.275852	0	20	20
0.00903387	0.00132708	2163.39	0.0027054	1.13423e-14	0.754657	2.49481	1.38159	1.61661	615	0	0.275834	0	20	20
0.00903097	0.00132842	2165.07	0.00248002	9.76244e-15	0.728701	2.43321	1.38292	1.61661	615	0	0.275813	0	20	20
0.00902813	0.00132969	2166.65	0.00227341	8.40261e-15	0.703638	2.37314	1.38422	1.61661	615	0	0.275789	0	20	20
0.00902535	0.0013309	2168.14	0.00208402	7.2322e-15	0.679436	2.31454	1.3855	1.61661	615	0	0.275763	0	20	20
0.00902263	0.00133206	2169.53	0.0019104	6.22481e-15	0.656067	2.2574	1.38676	1.61661	615	0	0.275733	0	20	20
0.00901996	0.00133315	2170.84	0.00175125	5.35774e-15	0.633502	2.20166	1.38799	1.61661	615	0	0.275701	0	20	20
0.00901735	0.00133419	2172.06	0.00160535	4.61145e-15	0.611713	2.1473	1.38919	1.61661	615	0	0.275667	0	20	20
0.0090148	0.00133517	2173.19	0.00147161	3.96911e-15	0.590673	2.09429	1.39037	1.61661	615	0	0.27563	0	20	20
0.0090123	0.00133609	2174.24	0.00134901	3.41625e-15	0.570358	2.04258	1.39153	1.61661	615	0	0.275591	0	20	20
0.00900986	0.00133696	2175.2	0.00123663	2.94039e-15	0.55074	1.99215	1.39266	1.61661	615	0	0.27555	0	20	20
0.00900747	0.00133778	2176.09	0.00113361	2.53082e-15	0.531798	1.94296	1.39377	1.61661	615	0	0.275506	0	20	20
0.00900513	0.00133855	2176.9	0.00103917	2.1783e-15	0.513507	1.89499	1.39486	1.61661	615	0	0.275461	0	20	20
0.00900285	0.00133926	2177.63	0.000952596	1.87488e-15	0.495845	1.8482	1.39592	1.61661	615	0	0.275414	0	20	20
0.00900062	0.00133993	2178.29	0.000873236	1.61372e-15	0.478791	1.80257	1.39696	1.61661	615	0	0.275365	0	20	20
0.00899844	0.00134055	2178.87	0.000800487	1.38894e-15	0.462323	1.75806	1.39797	1.61661	615	0	0.275314	0	20	20
0.0089963	0.00134112	2179.39	0.0007338	1.19547e-15	0.446421	1.71466	1.39897	1.61661	615	0	0.275261	0	20	20
0.00899422	0.00134165	2179.83	0.000672668	1.02895e-15	0.431067	1.67232	1.39994	1.61661	615	0	0.275207	0	20	20
0.00899219	0.00134213	2180.21	0.000616628	8.85629e-16	0.416241	1.63103	1.40089	1.61661	615	0	0.275152	0	20	20
0.0089902	0.00134257	2180.53	0.000565258	7.62268e-16	0.401924	1.59076	1.40182	1.61661	615	0	0.275095	0	20	20
0.00898826	0.00134297	2180.78	0.000518167	6.5609e-16	0.3881	1.55148	1.40273	1.61661	615	0	0.275036	0	20	20
0.00898636	0.00134333	2180.98	0.000474999	5.64702e-16	0.374752	1.51318	1.40362	1.61661	615	0	0.274977	0	20	20
0.00898451	0.00134365	2181.11	0.000435427	4.86043e-16	0.361862	1.47582	1.40448	1.61661	615	0	0.274916	0	20	20
0.0089827	0.00134392	2181.18	0.000399152	4.18342e-16	0.349416	1.43938	1.40533	1.61661	615	0	0.274854	0	20	20
0.00898094	0.00134416	2181.2	0.000365899	3.6007e-16	0.337398	1.40384	1.40616	1.61661	615	0	0.274791	0	20	20
0.00897922	0.00134437	2181.17	0.000335416	3.09915e-16	0.325793	1.36918	1.40697	1.61661	615	0	0.274726	0	20	20
0.00897754	0.00134454	2181.08	0.000307473	2.66746e-16	0.314588	1.33538	1.40776	1.61661	615	0	0.274661	0	20	20
0.0089759	0.00134467	2180.94	0.000281858	2.29591e-16	0.303768	1.3024	1.40853	1.61661	615	0	0.274595	0	20	20
0.0089743	0.00134477	2180.76	0.000258376	1.97611e-16	0.29332	1.27025	1.40928	1.61661	615	0	0.274528	0	20	20
0.00897274	0.00134484	2180.52	0.000236851	1.70085e-16	0.283231	1.23889	1.41002	1.61661	615	0	0.27446	0	20	20
0.00897122	0.00134488	2180.24	0.000217119	1.46393e-16	0.27349	1.2083	1.41074	1.61661	615	0	0.274391	0	20	20
0.00896973	0.00134488	2179.92	0.000199031	1.26002e-16	0.264083	1.17846	1.41144	1.61661	615	0	0.274322	0	20	20
0.00896828	0.00134486	2179.55	0.00018245	1.08451e-16	0.255	1.14937	1.41212	1.61661	615	0	0.274252	0	20	20
0.00896687	0.00134481	2179.14	0.00016725	9.33446e-17	0.246229	1.12099	1.41279	1.61661	615	0	0.274181	0	20	20
0.00896549	0.00134473	2178.69	0.000153317	8.03424e-17	0.23776	1.09331	1.41344	1.61661	615	0	0.274109	0	20	20
0.00896415	0.00134462	2178.2	0.000140544	6.91514e-17	0.229583	1.06632	1.41408	1.61661	615	0	0.274037	0	20	20
0.00896284	0.00134449	2177.67	0.000128836	5.95191e-17	0.221686	1.03999	1.4147	1.61661	615	0	0.273965	0	20	20
0.00896157	0.00134433	2177.11	0.000118102	5.12286e-17	0.214062	1.01431	1.4153	1.61661	615	0	0.273892	0	20	20
0.00896032	0.00134414	2176.51	0.000108263	4.40929e-17	0.206699	0.98927	1.41589	1.61661	615	0	0.273819	0	20	20
0.00895911	0.00134394	2175.88	9.92441e-05	3.79511e-17	0.19959	0.964845	1.41646	1.61661	615	0	0.273745	0	20	20
0.00895793	0.00134371	2175.21	9.09762e-05	3.26648e-17	0.192725	0.941023	1.41703	1.61661	615	0	0.273671	0	20	20
0.00895677	0.00134346	2174.52	8.3397e-05	2.81149e-17	0.186096	0.917789	1.41757	1.61661	615	0	0.273596	0	20	20
0.00895565	0.00134319	2173.79	7.64493e-05	2.41987e-17	0.179695	0.895129	1.41811	1.61661	615	0	0.273521	0	20	20
0.00895456	0.00134289	2173.04	7.00804e-05	2.0828e-17	0.173515	0.873028	1.41863	1.61661	615	0	0.273446	0	20	20
0.00895349	0.00134258	2172.26	6.4242e-05	1.79268e-17	0.167547	0.851473	1.41913	1.61661	615	0	0.273371	0	20	20
0.00895245	0.00134225	2171.45	5.88901e-05	1.54298e-17	0.161784	0.83045	1.41963	1.61661	615	0	0.273295	0	20	20
0.00895144	0.0013419	2170.62	5.3984e-05	1.32805e-17	0.15622	0.809946	1.42011	1.61661	615	0	0.27322	0	20	20
0.00895046	0.00134153	2169.76	4.94866e-05	1.14306e-17	0.150847	0.789949	1.42058	1.61661	615	0	0.273144	0	20	20
0.0089495	0.00134115	2168.87	4.5364e-05	9.83845e-18	0.145658	0.770445	1.42103	1.61661	615	0	0.273068	0	20	20
0.00894856	0.00134074	2167.97	4.15847e-05	8.46803e-18	0.140648	0.751422	1.42148	1.61661	615	0	0.272991	0	20	20
0.00894765	0.00134033	2167.04	3.81203e-05	7.2885e-18	0.135811	0.73287	1.42191	1.61661	615	0	0.272915	0	20	20
0.00894676	0.0013399	2166.1	3.49446e-05	6.27327e-18	0.13114	0.714775	1.42234	1.61661	615	0	0.272839	0	20	20
0.0089459	0.00133945	2165.13	3.20334e-05	5.39946e-18	0.126629	0.697127	1.42275	1.61661	615	0	0.272763	0	20	20
0.00894506	0.00133899	2164.15	2.93647e-05	4.64735e-18	0.122274	0.679915	1.42315	1.61661	615	0	0.272686	0	20	20
0.00894424	0.00133852	2163.14	2.69183e-05	4.00001e-18	0.118068	0.663128	1.42354	1.61661	615	0	0.27261	0	20	20
0.00894344	0.00133803	2162.12	2.46758e-05	3.44284e-18	0.114007	0.646755	1.42392	1.61661	615	0	0.272534	0	20	20
0.00894266	0.00133753	2161.09	2.26201e-05	2.96328e-18	0.110086	0.630787	1.42429	1.61661	615	0	0.272458	0	20	20
0.00894191	0.00133702	2160.04	2.07356e-05	2.55052e-18	0.1063	0.615213	1.42465	1.61661	615	0	0.272381	0	20	20
0.00894117	0.0013365	2158.97	1.90082e-05	2.19525e-18	0.102644	0.600023	1.42501	1.61661	615	0	0.272305	0	20	20
0.00894045	0.00133597	2157.89	1.74246e-05	1.88947e-18	0.0991133	0.585208	1.42535	1.61661	615	0	0.272229	0	20	20
0.00893976	0.00133543	2156.8	1.5973e-05	1.62628e-18	0.0957043	0.570759	1.42568	1.61661	615	0	0.272154	0	20	20
0.00893908	0.00133487	2155.69	1.46423e-05	1.39976e-18	0.0924126	0.556667	1.42601	1.61661	615	0	0.272078	0	20	20
0.00893842	0.00133431	2154.57	1.34224e-05	1.20478e-18	0.0892341	0.542923	1.42632	1.61661	615	0	0.272002	0	20	20
0.00893777	0.00133374	2153.45	1.23042e-05	1.03696e-18	0.0861649	0.529518	1.42663	1.61661	615	0	0.271927	0	20	20
0.00893715	0.00133316	2152.31	1.12792e-05	8.92524e-19	0.0832013	0.516444	1.42693	1.61661	615	0	0.271852	0	20	20
0.00893654	0.00133258	2151.16	1.03395e-05	7.68203e-19	0.0803397	0.503693	1.42722	1.61661	615	0	0.271777	0	20	20
0.00893594	0.00133198	2150	9.47814e-06	6.61198e-19	0.0775764	0.491257	1.42751	1.61661	615	0	0.271702	0	20	20
0.00893537	0.00133138	2148.83	8.68852e-06	5.69098e-19	0.0749082	0.479128	1.42779	1.61661	615	0	0.271627	0	20	20
0.0089348	0.00133078	2147.66	7.96469e-06	4.89828e-19	0.0723318	0.467298	1.42805	1.61661	615	0	0.271553	0	20	20
0.00893426	0.00133016	2146.48	7.30116e-06	4.21598e-19	0.0698439	0.455761	1.42832	1.61661	615	0	0.271479	0	20	20
0.00893373	0.00132954	2145.29	6.69291e-06	3.62873e-19	0.0674417	0.444508	1.42857	1.61661	615	0	0.271405	0	20	20
0.00893321	0.00132891	2144.09	6.13532e-06	3.12328e-19	0.0651221	0.433533	1.42882	1.61661	615	0	0.271331	0	20	20
0.00893271	0.00132828	2142.89	5.6242e-06	2.68823e-19	0.0628822	0.422829	1.42906	1.61661	615	0	0.271258	0	20	20
0.00893222	0.00132765	2141.68	5.15565e-06	2.31378e-19	0.0607194	0.412389	1.4293	1.61661	615	0	0.271185	0	20	20
0.00893174	0.00132701	2140.47	4.72614e-06	1.99149e-19	0.058631	0.402207	1.42953	1.61661	615	0	0.271112	0	20	20
0.00893128	0.00132636	2139.25	4.33241e-06	1.71409e-19	0.0566144	0.392277	1.42975	1.61661	615	0	0.27104	0	20	20
0.00893083	0.00132571	2138.03	3.97148e-06	1.47533e-19	0.0546672	0.382591	1.42996	1.61661	615	0	0.270967	0	20	20
0.00893039	0.00132506	2136.81	3.64062e-06	1.26983e-19	0.0527869	0.373145	1.43017	1.61661	615	0	0.270896	0	20	20
0.00892996	0.0013244	2135.58	3.33732e-06	1.09295e-19	0.0509713	0.363932	1.43038	1.61661	615	0	0.270824	0	20	20
