0.00866572	0.000693067	1111.6	256.922	76.5	0	0	1.56526	1.61661	615	0	0.149389	0	20	20
0.00874183	0.000705275	1139.81	256.747	76.4694	19.0452	6.41814	1.52473	1.61661	615	0	-0.100385	0	20	20
0.00885903	0.000730723	1194.63	256.556	76.4339	55.8629	18.9502	1.46501	1.61661	615	0	-0.554648	0	20	20
0.00894046	0.000756492	1246.54	256.348	76.3927	91.4865	31.1972	1.42534	1.61661	615	0	-0.947516	0	20	20
0.00899593	0.000782506	1296.25	256.121	76.3448	125.954	43.1652	1.39914	1.61661	615	0	-1.29092	0	20	20
0.00903163	0.000808368	1343.62	255.874	76.2893	159.303	54.8606	1.38261	1.61661	615	0	-1.59195	0	20	20
0.00905261	0.000833806	1388.63	255.605	76.2249	191.572	66.2897	1.37303	1.61661	615	0	-1.85636	0	20	20
0.00906271	0.000858669	1431.4	255.313	76.1502	222.798	77.4593	1.36844	1.61661	615	0	-2.08941	0	20	20
0.0090648	0.000882896	1472.09	254.995	76.0636	253.018	88.3764	1.36749	1.61661	615	0	-2.29575	0	20	20
0.00906091	0.000906491	1510.92	254.648	75.9633	282.271	99.0481	1.36926	1.61661	615	0	-2.47929	0	20	20
0.00905251	0.00092949	1548.09	254.271	75.847	310.594	109.482	1.37307	1.61661	615	0	-2.64327	0	20	20
0.00904061	0.000951944	1583.81	253.862	75.7124	338.025	119.687	1.3785	1.61661	615	0	-2.7903	0	20	20
0.00902596	0.000973907	1618.23	253.416	75.5566	364.604	129.67	1.38522	1.61661	615	0	-2.92248	0	20	20
0.00900907	0.000995427	1651.49	252.932	75.3764	390.371	139.442	1.39303	1.61661	615	0	-3.04147	0	20	20
0.00899029	0.00101655	1683.71	252.406	75.1681	415.365	149.01	1.40178	1.61661	615	0	-3.14862	0	20	20
0.00896988	0.00103732	1714.96	251.835	74.9275	439.627	158.386	1.41137	1.61661	615	0	-3.24498	0	20	20
0.00894801	0.00105777	1745.34	251.214	74.6499	463.201	167.58	1.42174	1.61661	615	0	-3.33143	0	20	20
0.0089248	0.00107794	1774.89	250.541	74.33	486.129	176.602	1.43286	1.61661	615	0	-3.40866	0	20	20
0.00890031	0.00109786	1803.67	249.811	73.9617	508.456	185.465	1.44472	1.61661	615	0	-3.47723	0	20	20
0.00887457	0.00111756	1831.73	249.019	73.5383	530.227	194.181	1.45733	1.61661	615	0	-3.53761	0	20	20
0.00884758	0.00113708	1859.12	248.161	73.0526	551.488	202.763	1.47071	1.61661	615	0	-3.59018	0	20	20
0.00881932	0.00115646	1885.87	247.231	72.4961	572.285	211.224	1.48489	1.61661	615	0	-3.63522	0	20	20
0.00878974	0.00117573	1912.03	246.225	71.8602	592.667	219.577	1.49994	1.61661	615	0	-3.67295	0	20	20
0.00875877	0.00119494	1937.63	245.137	71.1353	612.68	227.836	1.5159	1.61661	615	0	-3.70358	0	20	20
0.00872633	0.00121414	1962.73	243.961	70.3111	632.37	236.015	1.53287	1.61661	615	0	-3.72721	0	20	20
0.00869234	0.00123335	1987.34	242.691	69.3773	651.781	244.127	1.55092	1.61661	615	0	-3.74392	0	20	20
0.00865668	0.00125264	2011.52	241.32	68.323	670.955	252.185	1.57017	1.61661	615	0	-3.75374	0	20	20
0.00861925	0.00127204	2035.28	239.843	67.1377	689.928	260.199	1.59071	1.61661	615	0	-3.75665	0	20	20
0.00857992	0.0012916	2058.64	238.251	65.8111	708.733	268.179	1.61269	1.61661	615	0	-3.75259	0	20	20
0.00853857	0.00131136	2081.63	236.539	64.3342	727.392	276.132	1.63623	1.61661	615	0	-3.74149	0	20	20
0.00849509	0.00133134	2104.24	234.699	62.6995	745.92	284.06	1.66149	1.61661	615	0	-3.72321	0	20	20
0.00844935	0.00135158	2126.46	232.725	60.9015	764.316	291.965	1.68861	1.61661	615	0	-3.6976	0	20	20
0.00840127	0.00137209	2148.27	230.608	58.9379	782.57	299.841	1.71777	1.61661	615	0	-3.6645	0	20	20
0.00835075	0.00139287	2169.62	228.342	56.8097	800.653	307.677	1.74913	1.61661	615	0	-3.62372	0	20	20
0.00829773	0.00141392	2190.46	225.921	54.5225	818.522	315.457	1.78288	1.61661	615	0	-3.57508	0	20	20
0.00824216	0.00143521	2210.71	223.338	52.086	836.114	323.16	1.81919	1.61661	615	0	-3.51841	0	20	20
0.00818402	0.0014567	2230.27	220.586	49.5151	853.351	330.758	1.85823	1.61661	615	0	-3.45356	0	20	20
0.00812332	0.00147835	2249.04	217.661	46.8297	870.142	338.218	1.9002	1.61661	615	0	-3.38042	0	20	20
0.00806009	0.0015001	2266.9	214.557	44.0538	886.382	345.503	1.94527	1.61661	615	0	-3.29896	0	20	20
0.00799439	0.00152185	2283.73	211.271	41.2153	901.959	352.572	1.99363	1.61661	615	0	-3.20922	0	20	20
0.0079263	0.00154355	2299.4	207.798	38.3448	916.755	359.384	2.04545	1.61661	615	0	-3.11133	0	20	20
0.00785593	0.0015651	2313.79	204.138	35.4743	930.657	365.898	2.10091	1.61661	615	0	-3.00555	0	20	20
0.00778339	0.00158641	2326.79	200.29	32.6358	943.557	372.073	2.1602	1.61661	615	0	-2.89223	0	20	20
0.00770881	0.00160742	2338.3	196.254	29.8599	955.357	377.874	2.2235	1.61661	615	0	-2.77187	0	20	20
0.00763233	0.00162805	2348.25	192.033	27.1745	965.973	383.268	2.29102	1.61661	615	0	-2.6451	0	20	20
0.0075541	0.00164823	2356.57	187.63	24.6037	975.337	388.229	2.36294	1.61661	615	0	-2.51267	0	20	20
0.00747427	0.0016679	2363.22	183.052	22.1672	983.399	392.736	2.43946	1.61661	615	0	-2.37543	0	20	20
0.00739302	0.00168701	2368.17	178.306	19.8799	990.124	396.772	2.52077	1.61661	615	0	-2.23434	0	20	20
0.00731055	0.00170553	2371.43	173.402	17.7517	995.493	400.328	2.60706	1.61661	615	0	-2.09045	0	20	20
0.00722704	0.0017234	2373	168.35	15.7881	999.501	403.398	2.69847	1.61661	615	0	-1.94485	0	20	20
0.00714275	0.00174059	2372.9	163.165	13.9901	1002.15	405.979	2.79514	1.61661	615	0	-1.79869	0	20	20
0.00705793	0.00175705	2371.16	157.861	12.3554	1003.46	408.073	2.89714	1.61661	615	0	-1.65311	0	20	20
0.00696914	0.00177348	2367.8	152.455	10.8785	1003.45	409.684	3.00928	1.61661	615	0	-1.51142	0	20	20
0.00687559	0.0017901	2362.88	146.965	9.55195	1002.14	410.815	3.13379	1.61661	615	0	-1.37484	0	20	20
0.0067781	0.00180678	2356.41	141.41	8.36659	999.569	411.474	3.27097	1.61661	615	0	-1.24353	0	20	20
0.00667685	0.00182355	2348.44	135.809	7.31231	995.756	411.668	3.42205	1.61661	615	0	-1.11805	0	20	20
0.00657191	0.00184044	2339.02	130.185	6.37848	990.74	411.405	3.5886	1.61661	615	0	-0.998928	0	20	20
0.00646368	0.00185742	2328.18	124.558	5.55436	984.554	410.693	3.77191	1.61661	615	0	-0.886484	0	20	20
0.00635219	0.00187455	2315.99	118.949	4.8294	977.236	409.544	3.97401	1.61661	615	0	-0.781093	0	20	20
0.00623746	0.00189188	2302.48	113.38	4.19349	968.825	407.968	4.19736	1.61661	615	0	-0.683026	0	20	20
0.00611965	0.00190945	2287.72	107.87	3.63707	959.362	405.977	4.44447	1.61661	615	0	-0.592389	0	20	20
0.00599879	0.00192733	2271.76	102.44	3.15127	948.893	403.584	4.71856	1.61661	615	0	-0.509218	0	20	20
0.00587489	0.00194557	2254.67	97.107	2.72794	937.465	400.803	5.02343	1.61661	615	0	-0.433444	0	20	20
0.00574794	0.00196429	2236.51	91.8887	2.35965	925.13	397.65	5.36369	1.61661	615	0	-0.364906	0	20	20
0.00561779	0.00198362	2217.35	86.8004	2.03971	911.944	394.144	5.74518	1.61661	615	0	-0.303378	0	20	20
0.00548414	0.00200374	2197.27	81.8557	1.76213	897.963	390.301	6.17554	1.61661	615	0	-0.248577	0	20	20
0.00534744	0.00202466	2176.34	77.0665	1.52155	883.25	386.142	6.66135	1.61661	615	0	-0.200024	0	20	20
0.00520878	0.00204622	2154.65	72.4428	1.31324	867.869	381.688	7.20762	1.61661	615	0	-0.157097	0	20	20
0.00506747	0.00206872	2132.29	67.9928	1.13301	851.884	376.961	7.82758	1.61661	615	0	-0.119404	0	20	20
0.00492474	0.00209194	2109.33	63.7227	0.977206	835.362	371.982	8.52807	1.61661	615	0	-0.0864228	0	20	20
0.00478002	0.00211619	2085.86	59.6371	0.842585	818.373	366.776	9.32635	1.61661	615	0	-0.0578315	0	20	20
0.00463528	0.002141	2061.97	55.7385	0.726331	800.983	361.364	10.2275	1.61661	615	0	-0.0330476	0	20	20
0.00448812	0.00216725	2037.74	52.0282	0.625985	783.259	355.77	11.2669	1.61661	615	0	-0.0119175	0	20	20
0.00434141	0.00219416	2013.25	48.506	0.539403	765.267	350.017	12.4482	1.61661	615	0	0.00616517	0	20	20
0.00419561	0.00222168	1988.59	45.1701	0.464724	747.072	344.128	13.7916	1.61661	615	0	0.0215408	0	20	20
0.00404933	0.0022504	1963.82	42.0178	0.400329	728.734	338.124	15.3409	1.61661	615	0	0.0344279	0	20	20
0.00390396	0.00227996	1939.02	39.0453	0.344818	710.314	332.026	17.1192	1.61661	615	0	0.0451955	0	20	20
0.00376043	0.00231009	1914.26	36.248	0.296973	691.865	325.855	19.1552	1.61661	615	0	0.0541399	0	20	20
0.00361918	0.0023407	1889.6	33.6204	0.255745	673.441	319.629	21.4868	1.61661	615	0	0.0614992	0	20	20
0.00348049	0.00237172	1865.1	31.1566	0.220224	655.089	313.367	24.159	1.61661	615	0	0.0674844	0	20	20
0.00334486	0.00240299	1840.8	28.8502	0.189625	636.855	307.086	27.2185	1.61661	615	0	0.0722875	0	20	20
0.0032126	0.00243438	1816.76	26.6946	0.163268	618.779	300.801	30.7207	1.61661	615	0	0.0760757	0	20	20
0.00308398	0.00246577	1793.03	24.6827	0.140567	600.898	294.526	34.727	1.61661	615	0	0.0789971	0	20	20
0.00295941	0.00249695	1769.63	22.8076	0.121018	583.244	288.275	39.2995	1.61661	615	0	0.0811844	0	20	20
0.00283923	0.00252771	1746.6	21.0621	0.104184	565.848	282.06	44.5039	1.61661	615	0	0.0827518	0	20	20
0.00272376	0.00255785	1723.98	19.4392	0.0896893	548.735	275.892	50.4072	1.61661	615	0	0.0837985	0	20	20
0.0026133	0.00258713	1701.78	17.9319	0.0772089	531.926	269.78	57.0732	1.61661	615	0	0.0844107	0	20	20
0.00250817	0.00261527	1680.02	16.5335	0.0664636	515.442	263.732	64.5552	1.61661	615	0	0.0846643	0	20	20
0.00240867	0.00264202	1658.73	15.2371	0.0572127	499.297	257.757	72.8901	1.61661	615	0	0.084628	0	20	20
0.00231515	0.00266703	1637.92	14.0366	0.0492485	483.505	251.861	82.0846	1.61661	615	0	0.0843539	0	20	20
0.00222796	0.00268998	1617.59	12.9256	0.0423924	468.076	246.049	92.1039	1.61661	615	0	0.0838968	0	20	20
0.00214747	0.00271049	1597.76	11.8983	0.0364903	453.018	240.327	102.854	1.61661	615	0	0.0832942	0	20	20
0.00207138	0.00272971	1578.42	10.949	0.0314096	438.337	234.699	114.61	1.61661	615	0	0.0825579	0	20	20
0.0020013	0.0027466	1559.59	10.0723	0.027036	424.036	229.167	127.076	1.61661	615	0	0.0817341	0	20	20
0.00193795	0.0027606	1541.26	9.26321	0.0232712	410.118	223.734	139.949	1.61661	615	0	0.0808581	0	20	20
0.00188006	0.00277231	1523.44	8.51689	0.0200306	396.583	218.404	153.279	1.61661	615	0	0.0799376	0	20	20
0.00182659	0.00278225	1506.11	7.82881	0.0172411	383.429	213.176	167.14	1.61661	615	0	0.0789788	0	20	20
0.00177962	0.00278906	1489.27	7.19473	0.01484	370.655	208.053	180.724	1.61661	615	0	0.0780213	0	20	20
0.00173579	0.00279469	1472.92	6.61065	0.0127733	358.256	203.035	194.763	1.61661	615	0	0.0770449	0	20	20
0.00169729	0.00279774	1457.06	6.07284	0.0109943	346.229	198.122	208.322	1.61661	615	0	0.076084	0	20	20
0.00166195	0.00279947	1441.66	5.57782	0.00946308	334.568	193.314	221.893	1.61661	615	0	0.0751255	0	20	20
0.00163066	0.00279929	1426.74	5.12233	0.00814509	323.267	188.611	234.914	1.61661	615	0	0.0741877	0	20	20
0.00160164	0.00279827	1412.26	4.70334	0.00701065	312.319	184.012	247.917	1.61661	615	0	0.0732593	0	20	20
0.00157612	0.00279559	1398.24	4.31805	0.0060342	301.718	179.516	260.153	1.61661	615	0	0.0723598	0	20	20
0.00155148	0.00279291	1384.65	3.96382	0.00519374	291.456	175.123	272.747	1.61661	615	0	0.0714674	0	20	20
0.00152961	0.00278899	1371.48	3.63824	0.00447034	281.525	170.831	284.614	1.61661	615	0	0.0706057	0	20	20
0.00150817	0.00278531	1358.73	3.33905	0.00384768	271.918	166.639	296.926	1.61661	615	0	0.0697528	0	20	20
0.00148805	0.00278129	1346.38	3.06417	0.00331176	262.626	162.545	309.136	1.61661	615	0	0.0689214	0	20	20
0.00146873	0.00277725	1334.43	2.81167	0.00285047	253.64	158.548	321.496	1.61661	615	0	0.0681083	0	20	20
0.00144902	0.00277396	1322.85	2.57977	0.00245344	244.954	154.646	334.793	1.61661	615	0	0.0673022	0	20	20
0.00143	0.0027707	1311.65	2.36681	0.0021117	236.557	150.837	348.33	1.61661	615	0	0.0665168	0	20	20
0.00140982	0.00276869	1300.8	2.17129	0.00181757	228.442	147.12	363.507	1.61661	615	0	0.0657324	0	20	20
0.00138946	0.00276726	1290.31	1.99179	0.0015644	220.601	143.493	379.715	1.61661	615	0	0.0649615	0	20	20
0.00136786	0.00276714	1280.15	1.82703	0.00134649	213.024	139.954	397.993	1.61661	615	0	0.0641934	0	20	20
0.00134524	0.00276816	1270.32	1.67581	0.00115894	205.705	136.501	418.404	1.61661	615	0	0.063431	0	20	20
0.00132089	0.00277084	1260.8	1.53703	0.000997512	198.635	133.133	441.982	1.61661	615	0	0.0626666	0	20	20
0.00129519	0.0027749	1251.59	1.40968	0.000858568	191.806	129.847	468.812	1.61661	615	0	0.0619056	0	20	20
0.00126688	0.00278124	1242.67	1.29282	0.000738977	185.211	126.641	500.953	1.61661	615	0	0.0611344	0	20	20
0.00123642	0.00278956	1234.04	1.18561	0.000636045	178.842	123.515	538.899	1.61661	615	0	0.0603592	0	20	20
0.00120334	0.00280023	1225.69	1.08725	0.000547449	172.691	120.465	584.571	1.61661	615	0	0.0595758	0	20	20
0.0011671	0.00281368	1217.6	0.997025	0.000471194	166.751	117.491	640.733	1.61661	615	0	0.0587794	0	20	20
0.00112726	0.00283028	1209.77	0.914257	0.000405561	161.016	114.59	711.093	1.61661	615	0	0.0579671	0	20	20
0.00108341	0.00285042	1202.18	0.838338	0.00034907	155.478	111.761	800.975	1.61661	615	0	0.0571363	0	20	20
0.0010349	0.0028747	1194.83	0.768704	0.000300448	150.13	109.002	918.968	1.61661	615	0	0.0562819	0	20	20
0.000980895	0.00290389	1187.71	0.704838	0.000258598	144.967	106.31	1079.28	1.61661	615	0	0.0553977	0	20	20
0.000920222	0.00293908	1180.81	0.646265	0.000222577	139.981	103.686	1307.14	1.61661	615	0	0.0544752	0	20	20
0.00085155	0.0029816	1174.13	0.592549	0.000191574	135.166	101.126	1649.57	1.61661	615	0	0.0535057	0	20	20
0.000772886	0.00303345	1167.64	0.543288	0.000164889	130.517	98.6288	2206.24	1.61661	615	0	0.0524757	0	20	20
0.000681748	0.00309725	1161.35	0.498114	0.000141922	126.028	96.1937	3214.61	1.61661	615	0	0.0513693	0	20	20
0.00057504	0.00317651	1155.24	0.45669	0.000122153	121.693	93.8186	5356.82	1.61661	615	0	0.050167	0	20	20
0.000449093	0.00327578	1149.31	0.418705	0.000105138	117.508	91.5022	11245.8	1.61661	615	0	0.0488474	0	20	20
0.000300113	0.0034005	1143.55	0.383875	9.04933e-05	113.466	89.243	37683	1.61661	615	0	0.047391	0	20	20
0.000129014	0.00355264	1137.95	0.351938	7.78883e-05	109.563	87.0396	474339	1.61661	615	0	0.0458157	0	20	20
