0.00543544	
0.00381212	
0.00290175	
0.00251642	
0.0022514	
0.00202967	
0.00182366	
0.0016282	
0.00146176	
0.00135147	
0.00130707	
0.00134168	
0.00144296	
0.0015926	
0.00178324	
0.00201499	
0.00229331	
0.00262801	
0.00306332	
0.00358383	
0.00421444	
0.00498856	
0.00593397	
0.00706992	
0.00840212	
0.00990644	
0.0115728	
0.0133931	
0.0153477	
0.0174097	
0.0195403	
0.0217223	
0.0238919	
0.0259684	
0.0278211	
0.0293144	
0.0303284	
0.0307743	
0.0306242	
0.0299266	
0.0287965	
0.0273841	
0.0258384	
0.0242821	
0.0228004	
0.0214423	
0.0202287	
0.0191477	
0.018187	
0.0173555	
0.0167642	
0.0165074	
0.0162784	
0.016077	
0.0159004	
0.0157447	
0.0156062	
0.0154818	
0.015369	
0.0152659	
0.015171	
0.0150833	
0.015002	
0.0149266	
0.0148564	
0.0147913	
0.0147308	
0.0146746	
0.0146226	
0.0145744	
0.0145299	
0.0144888	
0.0144509	
