0.0086277	0.000695894	1101	184.5	76.5	0	0	1.58604	1.61661	615	0	0.148739	0	20	20
0.00883874	0.000723125	1169.37	184.391	76.4694	49.8132	16.7868	1.47513	1.61661	615	0	-0.729197	0	20	20
0.00911549	0.000783069	1302.43	184.281	76.4339	146.077	49.553	1.34481	1.61661	615	0	-2.16407	0	20	20
0.00926178	0.000846776	1429.57	184.168	76.3927	239.149	81.5509	1.28208	1.61661	615	0	-3.25232	0	20	20
0.00932869	0.000911893	1550.81	184.054	76.3448	329.132	112.796	1.25469	1.61661	615	0	-4.10356	0	20	20
0.00935025	0.000977162	1667.04	183.937	76.2893	416.127	143.307	1.24603	1.61661	615	0	-4.78537	0	20	20
0.00934522	0.00104207	1779.15	183.818	76.2249	500.236	173.1	1.24805	1.61661	615	0	-5.34326	0	20	20
0.00932379	0.00110636	1887.74	183.698	76.1502	581.563	202.195	1.25668	1.61661	615	0	-5.8081	0	20	20
0.00929177	0.00116988	1993.11	183.575	76.0636	660.213	230.612	1.26971	1.61661	615	0	-6.20134	0	20	20
0.00925269	0.0012325	2095.42	183.45	75.9633	736.294	258.374	1.28587	1.61661	615	0	-6.53839	0	20	20
0.00920881	0.00129414	2194.79	183.323	75.847	809.917	285.504	1.30434	1.61661	615	0	-6.83059	0	20	20
0.0091616	0.00135476	2291.31	183.193	75.7124	881.198	312.029	1.3246	1.61661	615	0	-7.0865	0	20	20
0.00911209	0.00141435	2385.12	183.061	75.5566	950.255	337.976	1.34631	1.61661	615	0	-7.31283	0	20	20
0.00906099	0.00147293	2476.33	182.927	75.3764	1017.22	363.376	1.36922	1.61661	615	0	-7.51472	0	20	20
0.00900876	0.00153052	2565.08	182.791	75.1681	1082.21	388.263	1.39317	1.61661	615	0	-7.69629	0	20	20
0.00895576	0.00158721	2651.53	182.652	74.9275	1145.37	412.674	1.41806	1.61661	615	0	-7.86082	0	20	20
0.00890218	0.00164305	2735.87	182.511	74.6499	1206.86	436.648	1.44381	1.61661	615	0	-8.01099	0	20	20
0.00884818	0.00169815	2818.26	182.368	74.33	1266.81	460.228	1.47041	1.61661	615	0	-8.14902	0	20	20
0.00879381	0.00175261	2898.91	182.222	73.9617	1325.4	483.462	1.49785	1.61661	615	0	-8.27676	0	20	20
0.0087391	0.00180656	2978.03	182.073	73.5383	1382.8	506.4	1.52616	1.61661	615	0	-8.39579	0	20	20
0.00868402	0.00186014	3055.85	181.922	73.0526	1439.17	529.096	1.55539	1.61661	615	0	-8.50743	0	20	20
0.00862851	0.00191348	3132.59	181.768	72.4961	1494.72	551.606	1.58559	1.61661	615	0	-8.61285	0	20	20
0.00857251	0.00196675	3208.49	181.612	71.8602	1549.62	573.99	1.61687	1.61661	615	0	-8.71304	0	20	20
0.0085159	0.00202012	3283.8	181.453	71.1353	1604.08	596.31	1.64933	1.61661	615	0	-8.80888	0	20	20
0.00845858	0.00207375	3358.77	181.291	70.3111	1658.28	618.626	1.68309	1.61661	615	0	-8.90113	0	20	20
0.00840042	0.00212781	3433.62	181.127	69.3773	1712.42	640.999	1.71829	1.61661	615	0	-8.99045	0	20	20
0.00834132	0.00218248	3508.58	180.959	68.323	1766.65	663.485	1.75507	1.61661	615	0	-9.07741	0	20	20
0.00828118	0.00223789	3583.84	180.789	67.1377	1821.15	686.135	1.79359	1.61661	615	0	-9.16247	0	20	20
0.00821991	0.00229416	3659.55	180.616	65.8111	1876.02	708.989	1.834	1.61661	615	0	-9.24601	0	20	20
0.00815747	0.00235139	3735.81	180.44	64.3342	1931.36	732.073	1.87644	1.61661	615	0	-9.3283	0	20	20
0.00809385	0.00240962	3812.65	180.261	62.6995	1987.18	755.398	1.92103	1.61661	615	0	-9.4095	0	20	20
0.00802913	0.00246881	3890	180.079	60.9015	2043.45	778.948	1.96786	1.61661	615	0	-9.48966	0	20	20
0.00796342	0.00252888	3967.73	179.894	58.9379	2100.06	802.687	2.01698	1.61661	615	0	-9.56872	0	20	20
0.00789692	0.00258962	4045.54	179.706	56.8097	2156.8	826.543	2.06836	1.61661	615	0	-9.64649	0	20	20
0.00782994	0.00265078	4123.06	179.514	54.5225	2213.37	850.418	2.1219	1.61661	615	0	-9.72266	0	20	20
0.00776283	0.00271195	4199.77	179.32	52.086	2269.4	874.175	2.17741	1.61661	615	0	-9.79684	0	20	20
0.00769606	0.00277267	4275.04	179.122	49.5151	2324.4	897.651	2.23457	1.61661	615	0	-9.8685	0	20	20
0.00763015	0.00283236	4348.14	178.921	46.8297	2377.81	920.651	2.29298	1.61661	615	0	-9.93707	0	20	20
0.00756569	0.00289039	4418.25	178.717	44.0538	2429.02	942.961	2.35209	1.61661	615	0	-10.0019	0	20	20
0.00750327	0.00294606	4484.55	178.509	41.2153	2477.39	964.354	2.41128	1.61661	615	0	-10.0624	0	20	20
0.00744352	0.00299868	4546.16	178.297	38.3448	2522.26	984.6	2.46982	1.61661	615	0	-10.1178	0	20	20
0.00738702	0.00304756	4602.29	178.083	35.4743	2563.03	1003.48	2.52693	1.61661	615	0	-10.1676	0	20	20
0.0073343	0.00309207	4652.2	177.864	32.6358	2599.12	1020.78	2.58181	1.61661	615	0	-10.2112	0	20	20
0.00728582	0.00313166	4695.29	177.643	29.8599	2630.08	1036.34	2.63369	1.61661	615	0	-10.2483	0	20	20
0.00724194	0.00316588	4731.09	177.417	27.1745	2655.56	1050.02	2.68185	1.61661	615	0	-10.2784	0	20	20
0.00720293	0.00319442	4759.3	177.188	24.6037	2675.32	1061.73	2.72567	1.61661	615	0	-10.3013	0	20	20
0.0071689	0.0032171	4779.79	176.955	22.1672	2689.28	1071.4	2.76466	1.61661	615	0	-10.317	0	20	20
0.00713991	0.00323388	4792.6	176.718	19.8799	2697.45	1079.05	2.79848	1.61661	615	0	-10.3254	0	20	20
0.00711588	0.00324484	4797.91	176.478	17.7517	2699.97	1084.69	2.82692	1.61661	615	0	-10.3268	0	20	20
0.00709666	0.00325016	4796.02	176.233	15.7881	2697.1	1088.39	2.84995	1.61661	615	0	-10.3212	0	20	20
0.00708162	0.00325024	4787.35	175.985	13.9901	2689.15	1090.24	2.86815	1.61661	615	0	-10.3038	0	20	20
0.00706902	0.00324591	4772.4	175.733	12.3554	2676.48	1090.36	2.88352	1.61661	615	0	-10.2565	0	20	20
0.00705862	0.00323753	4751.71	175.476	10.8785	2659.51	1088.87	2.89628	1.61661	615	0	-10.182	0	20	20
0.00705022	0.00322547	4725.84	175.216	9.55195	2638.68	1085.91	2.90665	1.61661	615	0	-10.0832	0	20	20
0.00704358	0.00321013	4695.37	174.951	8.36659	2614.4	1081.62	2.91487	1.61661	615	0	-9.96297	0	20	20
0.00703852	0.00319187	4660.84	174.683	7.31231	2587.11	1076.13	2.92117	1.61661	615	0	-9.82424	0	20	20
0.00703483	0.00317106	4622.78	174.41	6.37848	2557.21	1069.57	2.92577	1.61661	615	0	-9.66975	0	20	20
0.00703232	0.00314802	4581.68	174.132	5.55436	2525.07	1062.07	2.92889	1.61661	615	0	-9.50208	0	20	20
0.00703085	0.00312307	4537.99	173.851	4.8294	2491.05	1053.74	2.93073	1.61661	615	0	-9.32359	0	20	20
0.00703026	0.00309648	4492.12	173.565	4.19349	2455.45	1044.68	2.93147	1.61661	615	0	-9.13642	0	20	20
0.00703042	0.00306851	4444.43	173.274	3.63707	2418.55	1035	2.93127	1.61661	615	0	-8.94248	0	20	20
0.00703121	0.00303937	4395.24	172.979	3.15127	2380.62	1024.77	2.93028	1.61661	615	0	-8.74343	0	20	20
0.00703254	0.00300927	4344.86	172.68	2.72794	2341.86	1014.07	2.92863	1.61661	615	0	-8.54073	0	20	20
0.0070343	0.00297838	4293.51	172.376	2.35965	2302.47	1002.97	2.92643	1.61661	615	0	-8.33564	0	20	20
0.00703643	0.00294685	4241.43	172.067	2.03971	2262.61	991.533	2.92377	1.61661	615	0	-8.12923	0	20	20
0.00703886	0.0029148	4188.79	171.753	1.76213	2222.42	979.799	2.92075	1.61661	615	0	-7.92242	0	20	20
0.00704153	0.00288235	4135.75	171.435	1.52155	2182.03	967.818	2.91742	1.61661	615	0	-7.71596	0	20	20
0.0070444	0.0028496	4082.46	171.112	1.31324	2141.54	955.628	2.91386	1.61661	615	0	-7.51048	0	20	20
0.00704743	0.00281661	4029.03	170.784	1.13301	2101.04	943.262	2.9101	1.61661	615	0	-7.30653	0	20	20
0.00705058	0.00278347	3975.54	170.451	0.977206	2060.59	930.75	2.9062	1.61661	615	0	-7.10454	0	20	20
0.00705384	0.00275023	3922.1	170.114	0.842585	2020.27	918.116	2.90218	1.61661	615	0	-6.90485	0	20	20
0.00705717	0.00271694	3868.76	169.771	0.726331	1980.11	905.381	2.89807	1.61661	615	0	-6.70775	0	20	20
0.00706057	0.00268364	3815.59	169.423	0.625985	1940.17	892.566	2.89388	1.61661	615	0	-6.51348	0	20	20
0.00706402	0.00265036	3762.63	169.07	0.539403	1900.47	879.685	2.88965	1.61661	615	0	-6.32221	0	20	20
0.00706751	0.00261714	3709.92	168.712	0.464724	1861.06	866.754	2.88537	1.61661	615	0	-6.13408	0	20	20
0.00707103	0.00258399	3657.51	168.348	0.400329	1821.94	853.785	2.88106	1.61661	615	0	-5.94921	0	20	20
0.00707459	0.00255095	3605.42	167.98	0.344818	1783.14	840.789	2.87671	1.61661	615	0	-5.76768	0	20	20
0.00707818	0.00251801	3553.67	167.606	0.296973	1744.68	827.777	2.87234	1.61661	615	0	-5.58954	0	20	20
0.00708179	0.00248521	3502.29	167.226	0.255745	1706.57	814.755	2.86794	1.61661	615	0	-5.41484	0	20	20
0.00708544	0.00245255	3451.29	166.841	0.220224	1668.82	801.734	2.86351	1.61661	615	0	-5.24361	0	20	20
0.00708913	0.00242005	3400.7	166.451	0.189625	1631.45	788.721	2.85905	1.61661	615	0	-5.07586	0	20	20
0.00709286	0.00238771	3350.52	166.055	0.163268	1594.45	775.721	2.85454	1.61661	615	0	-4.9116	0	20	20
0.00709663	0.00235554	3300.77	165.654	0.140567	1557.83	762.741	2.84999	1.61661	615	0	-4.75082	0	20	20
0.00710045	0.00232356	3251.46	165.247	0.121018	1521.61	749.788	2.84539	1.61661	615	0	-4.59353	0	20	20
0.00710434	0.00229176	3202.6	164.835	0.104184	1485.78	736.868	2.84073	1.61661	615	0	-4.4397	0	20	20
0.00710828	0.00226016	3154.21	164.416	0.0896893	1450.36	723.984	2.836	1.61661	615	0	-4.28933	0	20	20
0.00711229	0.00222876	3106.28	163.992	0.0772089	1415.34	711.144	2.8312	1.61661	615	0	-4.14242	0	20	20
0.00711633	0.00219759	3058.84	163.562	0.0664636	1380.73	698.351	2.82639	1.61661	615	0	-3.999	0	20	20
0.00712043	0.00216664	3011.88	163.127	0.0572127	1346.53	685.611	2.82151	1.61661	615	0	-3.859	0	20	20
0.0071246	0.00213592	2965.43	162.685	0.0492485	1312.76	672.93	2.81656	1.61661	615	0	-3.7224	0	20	20
0.00712887	0.00210543	2919.49	162.238	0.0423924	1279.4	660.311	2.8115	1.61661	615	0	-3.58916	0	20	20
0.00713324	0.00207518	2874.07	161.785	0.0364903	1246.47	647.76	2.80634	1.61661	615	0	-3.45925	0	20	20
0.00713773	0.00204518	2829.17	161.325	0.0314096	1213.98	635.281	2.80104	1.61661	615	0	-3.33264	0	20	20
0.00714235	0.00201543	2784.82	160.86	0.027036	1181.92	622.88	2.79561	1.61661	615	0	-3.2093	0	20	20
0.0071471	0.00198594	2741.02	160.389	0.0232712	1150.3	610.561	2.79004	1.61661	615	0	-3.08921	0	20	20
0.007152	0.00195673	2697.78	159.911	0.0200306	1119.13	598.33	2.78431	1.61661	615	0	-2.97234	0	20	20
0.00715706	0.00192779	2655.11	159.428	0.0172411	1088.41	586.19	2.7784	1.61661	615	0	-2.85865	0	20	20
0.0071623	0.00189914	2613.02	158.938	0.01484	1058.15	574.147	2.77232	1.61661	615	0	-2.74811	0	20	20
0.00716772	0.00187079	2571.53	158.442	0.0127733	1028.36	562.206	2.76603	1.61661	615	0	-2.64069	0	20	20
0.00717332	0.00184274	2530.64	157.94	0.0109943	999.027	550.372	2.75955	1.61661	615	0	-2.53638	0	20	20
0.00717913	0.00181501	2490.37	157.431	0.00946308	970.174	538.649	2.75286	1.61661	615	0	-2.43512	0	20	20
0.00718515	0.0017876	2450.72	156.917	0.00814509	941.803	527.042	2.74595	1.61661	615	0	-2.33689	0	20	20
0.00719138	0.00176053	2411.72	156.396	0.00701065	913.92	515.557	2.73882	1.61661	615	0	-2.24167	0	20	20
0.00719783	0.00173381	2373.37	155.868	0.0060342	886.531	504.199	2.73146	1.61661	615	0	-2.14942	0	20	20
0.00720451	0.00170745	2335.69	155.335	0.00519374	859.644	492.971	2.72388	1.61661	615	0	-2.06009	0	20	20
0.00721141	0.00168146	2298.68	154.795	0.00447034	833.266	481.88	2.71606	1.61661	615	0	-1.97368	0	20	20
0.00721855	0.00165585	2262.37	154.249	0.00384768	807.402	470.929	2.70801	1.61661	615	0	-1.89013	0	20	20
0.00722593	0.00163064	2226.75	153.696	0.00331176	782.061	460.125	2.69972	1.61661	615	0	-1.8094	0	20	20
0.00723356	0.00160584	2191.85	153.137	0.00285047	757.249	449.471	2.69119	1.61661	615	0	-1.73146	0	20	20
0.00724141	0.00158145	2157.67	152.571	0.00245344	732.973	438.973	2.68244	1.61661	615	0	-1.65628	0	20	20
0.0072495	0.0015575	2124.23	151.999	0.0021117	709.24	428.636	2.67348	1.61661	615	0	-1.58381	0	20	20
0.00725781	0.001534	2091.54	151.421	0.00181757	686.058	418.463	2.66431	1.61661	615	0	-1.51402	0	20	20
0.00726633	0.00151096	2059.62	150.836	0.0015644	663.433	408.461	2.65494	1.61661	615	0	-1.44687	0	20	20
0.00727507	0.0014884	2028.46	150.245	0.00134649	641.372	398.633	2.64539	1.61661	615	0	-1.38231	0	20	20
0.00728399	0.00146632	1998.09	149.647	0.00115894	619.883	388.984	2.63568	1.61661	615	0	-1.32031	0	20	20
0.00729307	0.00144475	1968.52	149.043	0.000997512	598.972	379.518	2.62584	1.61661	615	0	-1.26083	0	20	20
0.00730231	0.0014237	1939.75	148.432	0.000858568	578.646	370.242	2.61589	1.61661	615	0	-1.20382	0	20	20
0.00731165	0.00140318	1911.8	147.815	0.000738977	558.912	361.157	2.60587	1.61661	615	0	-1.14925	0	20	20
0.00732108	0.0013832	1884.68	147.192	0.000636045	539.776	352.27	2.59582	1.61661	615	0	-1.09707	0	20	20
0.00733056	0.00136379	1858.39	146.562	0.000547449	521.244	343.584	2.58577	1.61661	615	0	-1.04723	0	20	20
0.00734003	0.00134496	1832.95	145.926	0.000471194	503.322	335.103	2.57576	1.61661	615	0	-0.999709	0	20	20
0.00734948	0.00132672	1808.35	145.283	0.000405561	486.011	326.829	2.56585	1.61661	615	0	-0.954431	0	20	20
0.00735888	0.00130905	1784.58	144.634	0.00034907	469.295	318.76	2.55602	1.61661	615	0	-0.911301	0	20	20
0.00736826	0.00129194	1761.61	143.979	0.000300448	453.154	310.889	2.54628	1.61661	615	0	-0.870208	0	20	20
0.00737761	0.00127537	1739.42	143.317	0.000258598	437.567	303.213	2.53661	1.61661	615	0	-0.831044	0	20	20
0.00738695	0.00125932	1717.97	142.649	0.000222577	422.518	295.727	2.527	1.61661	615	0	-0.793708	0	20	20
0.00739628	0.00124378	1697.25	141.975	0.000191574	407.985	288.426	2.51745	1.61661	615	0	-0.758107	0	20	20
0.00740561	0.00122872	1677.24	141.295	0.000164889	393.953	281.304	2.50794	1.61661	615	0	-0.724151	0	20	20
0.00741495	0.00121414	1657.9	140.608	0.000141922	380.403	274.359	2.49848	1.61661	615	0	-0.691753	0	20	20
0.0074243	0.00120003	1639.22	139.915	0.000122153	367.319	267.585	2.48905	1.61661	615	0	-0.660835	0	20	20
0.00743367	0.00118635	1621.18	139.216	0.000105138	354.685	260.978	2.47965	1.61661	615	0	-0.63132	0	20	20
0.00744307	0.00117311	1603.75	138.511	9.04933e-05	342.486	254.535	2.47026	1.61661	615	0	-0.603136	0	20	20
0.0074525	0.00116028	1586.92	137.8	7.78883e-05	330.706	248.25	2.4609	1.61661	615	0	-0.576216	0	20	20
0.00746197	0.00114785	1570.66	137.083	6.70391e-05	319.332	242.121	2.45155	1.61661	615	0	-0.550495	0	20	20
0.00747147	0.00113582	1554.97	136.36	5.77011e-05	308.349	236.143	2.4422	1.61661	615	0	-0.525915	0	20	20
0.00748102	0.00112416	1539.81	135.631	4.96638e-05	297.743	230.313	2.43286	1.61661	615	0	-0.502415	0	20	20
0.00749062	0.00111287	1525.18	134.896	4.2746e-05	287.502	224.626	2.42352	1.61661	615	0	-0.47994	0	20	20
0.00750027	0.00110193	1511.05	134.156	3.67919e-05	277.614	219.08	2.41418	1.61661	615	0	-0.45844	0	20	20
0.00750999	0.00109134	1497.41	133.41	3.1667e-05	268.065	213.671	2.40482	1.61661	615	0	-0.437865	0	20	20
0.00751976	0.00108107	1484.24	132.658	2.72561e-05	258.845	208.395	2.39545	1.61661	615	0	-0.41817	0	20	20
0.0075296	0.00107113	1471.54	131.9	2.34595e-05	249.943	203.25	2.38608	1.61661	615	0	-0.399312	0	20	20
0.00753951	0.0010615	1459.27	131.137	2.01918e-05	241.346	198.232	2.37668	1.61661	615	0	-0.381247	0	20	20
0.00754948	0.00105216	1447.43	130.369	1.73792e-05	233.045	193.337	2.36728	1.61661	615	0	-0.363936	0	20	20
0.00755953	0.00104312	1436.01	129.596	1.49585e-05	225.029	188.564	2.35785	1.61661	615	0	-0.347342	0	20	20
0.00756965	0.00103436	1424.99	128.817	1.28749e-05	217.29	183.908	2.34841	1.61661	615	0	-0.331432	0	20	20
0.00757984	0.00102586	1414.36	128.033	1.10815e-05	209.816	179.368	2.33894	1.61661	615	0	-0.316168	0	20	20
0.00759012	0.00101764	1404.1	127.243	9.53793e-06	202.599	174.939	2.32945	1.61661	615	0	-0.301519	0	20	20
0.00760048	0.00100966	1394.21	126.449	8.20938e-06	195.631	170.62	2.31994	1.61661	615	0	-0.287456	0	20	20
0.00761091	0.00100193	1384.66	125.65	7.06588e-06	188.902	166.407	2.31041	1.61661	615	0	-0.27395	0	20	20
0.00762143	0.000994435	1375.46	124.847	6.08166e-06	182.405	162.298	2.30086	1.61661	615	0	-0.260973	0	20	20
0.00763204	0.00098717	1366.58	124.038	5.23453e-06	176.132	158.291	2.29128	1.61661	615	0	-0.248499	0	20	20
0.00764272	0.000980128	1358.03	123.225	4.5054e-06	170.074	154.383	2.28168	1.61661	615	0	-0.236505	0	20	20
0.00765349	0.000973301	1349.78	122.407	3.87783e-06	164.224	150.571	2.27206	1.61661	615	0	-0.224966	0	20	20
0.00766435	0.00096668	1341.82	121.585	3.33768e-06	158.576	146.854	2.26242	1.61661	615	0	-0.213861	0	20	20
0.00767528	0.000960261	1334.16	120.759	2.87277e-06	153.121	143.228	2.25277	1.61661	615	0	-0.203169	0	20	20
0.0076863	0.000954036	1326.77	119.928	2.47262e-06	147.855	139.692	2.2431	1.61661	615	0	-0.19287	0	20	20
0.00769739	0.000947999	1319.65	119.094	2.1282e-06	142.769	136.243	2.23342	1.61661	615	0	-0.182947	0	20	20
0.00770856	0.000942143	1312.79	118.255	1.83176e-06	137.859	132.879	2.22372	1.61661	615	0	-0.173378	0	20	20
0.00771981	0.000936463	1306.18	117.413	1.57661e-06	133.117	129.598	2.21401	1.61661	615	0	-0.164149	0	20	20
0.00773114	0.000930952	1299.81	116.567	1.357e-06	128.539	126.398	2.20429	1.61661	615	0	-0.155241	0	20	20
0.00774254	0.000925607	1293.68	115.718	1.16798e-06	124.118	123.277	2.19457	1.61661	615	0	-0.146644	0	20	20
0.00775401	0.00092042	1287.77	114.865	1.00529e-06	119.849	120.234	2.18485	1.61661	615	0	-0.138338	0	20	20
0.00776555	0.000915388	1282.09	114.009	8.65262e-07	115.727	117.265	2.17512	1.61661	615	0	-0.130313	0	20	20
0.00777714	0.000910506	1276.61	113.149	7.44738e-07	111.746	114.37	2.16541	1.61661	615	0	-0.122556	0	20	20
0.00778878	0.000905769	1271.34	112.287	6.41002e-07	107.903	111.546	2.15571	1.61661	615	0	-0.115055	0	20	20
0.0078005	0.000901171	1266.27	111.421	5.51715e-07	104.192	108.792	2.14602	1.61661	615	0	-0.107794	0	20	20
0.00781228	0.000896707	1261.39	110.553	4.74866e-07	100.608	106.106	2.13632	1.61661	615	0	-0.10076	0	20	20
0.00782413	0.000892373	1256.7	109.682	4.08721e-07	97.1475	103.486	2.12663	1.61661	615	0	-0.0939443	0	20	20
0.00783603	0.000888165	1252.18	108.809	3.51789e-07	93.8062	100.931	2.11696	1.61661	615	0	-0.0873358	0	20	20
0.00784799	0.000884078	1247.84	107.933	3.02788e-07	90.5798	98.439	2.10729	1.61661	615	0	-0.0809252	0	20	20
0.00786	0.00088011	1243.67	107.056	2.60612e-07	87.4643	96.0085	2.09765	1.61661	615	0	-0.0747034	0	20	20
0.00787205	0.000876257	1239.65	106.176	2.24311e-07	84.456	93.6381	2.08803	1.61661	615	0	-0.068662	0	20	20
0.00788415	0.000872515	1235.8	105.294	1.93066e-07	81.5512	91.3261	2.07843	1.61661	615	0	-0.0627927	0	20	20
0.00789629	0.00086888	1232.09	104.411	1.66173e-07	78.7463	89.0713	2.06886	1.61661	615	0	-0.0570879	0	20	20
0.00790845	0.00086535	1228.53	103.526	1.43027e-07	76.0378	86.8721	2.05933	1.61661	615	0	-0.0515404	0	20	20
0.00792064	0.000861921	1225.11	102.639	1.23104e-07	73.4225	84.7272	2.04983	1.61661	615	0	-0.0461434	0	20	20
0.00793286	0.000858591	1221.83	101.751	1.05957e-07	70.8972	82.6353	2.04038	1.61661	615	0	-0.0408903	0	20	20
0.00794509	0.000855357	1218.68	100.862	9.11979e-08	68.4587	80.595	2.03097	1.61661	615	0	-0.0357752	0	20	20
0.00795733	0.000852215	1215.65	99.9722	7.84948e-08	66.1041	78.6051	2.02161	1.61661	615	0	-0.0307923	0	20	20
0.00796957	0.000849164	1212.75	99.0814	6.75611e-08	63.8305	76.6644	2.01231	1.61661	615	0	-0.0259363	0	20	20
0.00798181	0.000846201	1209.97	98.1899	5.81504e-08	61.6351	74.7715	2.00307	1.61661	615	0	-0.021202	0	20	20
0.00799404	0.000843324	1207.31	97.2979	5.00505e-08	59.5152	72.9254	1.99389	1.61661	615	0	-0.016585	0	20	20
0.00800626	0.000840529	1204.75	96.4055	4.30789e-08	57.4682	71.1249	1.98478	1.61661	615	0	-0.0120806	0	20	20
0.00801845	0.000837816	1202.3	95.5129	3.70783e-08	55.4916	69.3688	1.97574	1.61661	615	0	-0.00768485	0	20	20
0.00803061	0.000835181	1199.96	94.6203	3.19136e-08	53.583	67.6561	1.96677	1.61661	615	0	-0.00339391	0	20	20
0.00804274	0.000832624	1197.71	93.7278	2.74683e-08	51.74	65.9856	1.95789	1.61661	615	0	0.000795762	0	20	20
0.00805482	0.000830141	1195.57	92.8355	2.36422e-08	49.9604	64.3564	1.94909	1.61661	615	0	0.00488744	0	20	20
0.00806686	0.000827732	1193.51	91.9436	2.0349e-08	48.242	62.7675	1.94038	1.61661	615	0	0.00888415	0	20	20
0.00807884	0.000825393	1191.55	91.0524	1.75146e-08	46.5828	61.2177	1.93176	1.61661	615	0	0.0127887	0	20	20
0.00809075	0.000823125	1189.67	90.1618	1.50749e-08	44.9806	59.7063	1.92324	1.61661	615	0	0.0166036	0	20	20
0.00810259	0.000820924	1187.88	89.2721	1.29751e-08	43.4335	58.2321	1.91482	1.61661	615	0	0.0203311	0	20	20
0.00811436	0.00081879	1186.17	88.3835	1.11678e-08	41.9396	56.7944	1.90651	1.61661	615	0	0.0239735	0	20	20
0.00812603	0.000816721	1184.53	87.4961	9.61219e-09	40.4971	55.3921	1.8983	1.61661	615	0	0.0275326	0	20	20
0.00813762	0.000814716	1182.98	86.61	8.27329e-09	39.1042	54.0245	1.8902	1.61661	615	0	0.0310102	0	20	20
0.00814911	0.000812772	1181.49	85.7254	7.12089e-09	37.7593	52.6906	1.88222	1.61661	615	0	0.0344077	0	20	20
0.00816049	0.000810889	1180.08	84.8425	6.129e-09	36.4606	51.3897	1.87435	1.61661	615	0	0.0377267	0	20	20
0.00817176	0.000809065	1178.73	83.9614	5.27528e-09	35.2065	50.1209	1.86661	1.61661	615	0	0.0409683	0	20	20
0.00818292	0.000807299	1177.45	83.0822	4.54048e-09	33.9956	48.8834	1.85898	1.61661	615	0	0.0441337	0	20	20
0.00819395	0.00080559	1176.23	82.2051	3.90803e-09	32.8263	47.6764	1.85149	1.61661	615	0	0.0472238	0	20	20
0.00820485	0.000803937	1175.08	81.3303	3.36367e-09	31.6973	46.4993	1.84412	1.61661	615	0	0.0502397	0	20	20
0.00821561	0.000802337	1173.98	80.4579	2.89514e-09	30.6071	45.3512	1.83688	1.61661	615	0	0.0531819	0	20	20
0.00822623	0.000800791	1172.94	79.588	2.49187e-09	29.5543	44.2315	1.82977	1.61661	615	0	0.0560513	0	20	20
0.00823671	0.000799296	1171.95	78.7207	2.14477e-09	28.5378	43.1394	1.8228	1.61661	615	0	0.0588486	0	20	20
0.00824704	0.000797853	1171.02	77.8563	1.84602e-09	27.5563	42.0743	1.81596	1.61661	615	0	0.0615742	0	20	20
0.00825721	0.000796458	1170.13	76.9948	1.58888e-09	26.6085	41.0355	1.80925	1.61661	615	0	0.0642288	0	20	20
0.00826723	0.000795113	1169.3	76.1364	1.36757e-09	25.6933	40.0223	1.80269	1.61661	615	0	0.0668129	0	20	20
0.00827708	0.000793814	1168.51	75.2813	1.17707e-09	24.8096	39.0342	1.79625	1.61661	615	0	0.069327	0	20	20
0.00828678	0.000792562	1167.77	74.4294	1.01312e-09	23.9563	38.0704	1.78996	1.61661	615	0	0.0717717	0	20	20
0.0082963	0.000791355	1167.07	73.5811	8.71998e-10	23.1323	37.1304	1.7838	1.61661	615	0	0.0741475	0	20	20
0.00830566	0.000790192	1166.41	72.7364	7.50536e-10	22.3367	36.2137	1.77778	1.61661	615	0	0.0764549	0	20	20
0.00831484	0.000789071	1165.79	71.8953	6.45992e-10	21.5684	35.3196	1.7719	1.61661	615	0	0.0786944	0	20	20
0.00832386	0.000787992	1165.21	71.0582	5.56011e-10	20.8266	34.4475	1.76614	1.61661	615	0	0.0808668	0	20	20
0.0083327	0.000786954	1164.67	70.225	4.78563e-10	20.1103	33.597	1.76053	1.61661	615	0	0.0829727	0	20	20
0.00834137	0.000785956	1164.16	69.3959	4.11903e-10	19.4186	32.7675	1.75504	1.61661	615	0	0.0850127	0	20	20
0.00834987	0.000784996	1163.69	68.571	3.54528e-10	18.7507	31.9585	1.74969	1.61661	615	0	0.0869876	0	20	20
0.00835819	0.000784074	1163.25	67.7505	3.05145e-10	18.1058	31.1694	1.74447	1.61661	615	0	0.0888983	0	20	20
0.00836634	0.000783187	1162.84	66.9343	2.62641e-10	17.483	30.3998	1.73938	1.61661	615	0	0.0907455	0	20	20
0.00837432	0.000782336	1162.47	66.1227	2.26057e-10	16.8817	29.6493	1.73441	1.61661	615	0	0.0925302	0	20	20
0.00838214	0.00078152	1162.12	65.3158	1.94569e-10	16.3011	28.9172	1.72956	1.61661	615	0	0.0942533	0	20	20
0.00838978	0.000780736	1161.8	64.5135	1.67467e-10	15.7404	28.2032	1.72484	1.61661	615	0	0.0959159	0	20	20
0.00839726	0.000779985	1161.5	63.7161	1.4414e-10	15.199	27.5069	1.72023	1.61661	615	0	0.097519	0	20	20
0.00840458	0.000779264	1161.23	62.9236	1.24063e-10	14.6763	26.8278	1.71574	1.61661	615	0	0.0990638	0	20	20
0.00841174	0.000778574	1160.99	62.1362	1.06782e-10	14.1715	26.1654	1.71137	1.61661	615	0	0.100551	0	20	20
0.00841873	0.000777913	1160.77	61.3539	9.1908e-11	13.6841	25.5194	1.7071	1.61661	615	0	0.101983	0	20	20
0.00842558	0.00077728	1160.57	60.5767	7.91059e-11	13.2134	24.8893	1.70295	1.61661	615	0	0.10336	0	20	20
0.00843226	0.000776674	1160.39	59.8049	6.80871e-11	12.7589	24.2748	1.6989	1.61661	615	0	0.104683	0	20	20
0.0084388	0.000776094	1160.24	59.0384	5.86031e-11	12.3201	23.6754	1.69495	1.61661	615	0	0.105955	0	20	20
0.0084452	0.00077554	1160.1	58.2773	5.04402e-11	11.8963	23.0909	1.69111	1.61661	615	0	0.107175	0	20	20
0.00845145	0.00077501	1159.98	57.5218	4.34142e-11	11.4872	22.5208	1.68736	1.61661	615	0	0.108346	0	20	20
0.00845756	0.000774503	1159.88	56.7719	3.7367e-11	11.0921	21.9647	1.6837	1.61661	615	0	0.109469	0	20	20
0.00846353	0.000774019	1159.8	56.0276	3.21621e-11	10.7106	21.4224	1.68014	1.61661	615	0	0.110545	0	20	20
0.00846937	0.000773569	1159.75	55.289	2.76821e-11	10.3422	20.8935	1.67667	1.61661	615	0	0.111573	0	20	20
0.00847506	0.0007732	1159.81	54.5562	2.38262e-11	9.98647	20.3776	1.67329	1.61661	615	0	0.112546	0	20	20
0.00848059	0.000772946	1160.03	53.8293	2.05074e-11	9.64299	19.8745	1.67002	1.61661	615	0	0.11346	0	20	20
0.00848596	0.000772801	1160.39	53.1082	1.76509e-11	9.31132	19.3838	1.66685	1.61661	615	0	0.114318	0	20	20
0.00849117	0.000772759	1160.9	52.3932	1.51923e-11	8.99106	18.9052	1.66379	1.61661	615	0	0.115124	0	20	20
0.00849623	0.000772814	1161.54	51.6841	1.30761e-11	8.68182	18.4384	1.66081	1.61661	615	0	0.115882	0	20	20
0.00850114	0.000772961	1162.31	50.981	1.12547e-11	8.38321	17.9832	1.65794	1.61661	615	0	0.116594	0	20	20
0.00850591	0.000773194	1163.19	50.2841	9.68703e-12	8.09487	17.5392	1.65515	1.61661	615	0	0.117264	0	20	20
0.00851054	0.000773508	1164.18	49.5933	8.3377e-12	7.81645	17.1061	1.65245	1.61661	615	0	0.117894	0	20	20
0.00851502	0.000773899	1165.27	48.9087	7.17633e-12	7.54761	16.6838	1.64984	1.61661	615	0	0.118487	0	20	20
0.00851938	0.000774362	1166.46	48.2303	6.17672e-12	7.28801	16.2719	1.64731	1.61661	615	0	0.119046	0	20	20
0.0085236	0.000774892	1167.74	47.5582	5.31635e-12	7.03734	15.8701	1.64487	1.61661	615	0	0.119573	0	20	20
0.0085277	0.000775485	1169.11	46.8923	4.57583e-12	6.7953	15.4783	1.6425	1.61661	615	0	0.12007	0	20	20
0.00853168	0.000776138	1170.55	46.2327	3.93845e-12	6.56158	15.0961	1.6402	1.61661	615	0	0.12054	0	20	20
0.00853554	0.000776846	1172.06	45.5795	3.38986e-12	6.33589	14.7234	1.63798	1.61661	615	0	0.120985	0	20	20
0.00853928	0.000777605	1173.65	44.9326	2.91768e-12	6.11797	14.3599	1.63582	1.61661	615	0	0.121407	0	20	20
0.00854292	0.000778413	1175.3	44.2921	2.51127e-12	5.90755	14.0053	1.63374	1.61661	615	0	0.121807	0	20	20
0.00854645	0.000779266	1177	43.658	2.16147e-12	5.70436	13.6595	1.63171	1.61661	615	0	0.122187	0	20	20
0.00854941	0.000780199	1178.76	43.0302	1.86039e-12	5.50816	13.3223	1.63002	1.61661	615	0	0.122891	0	20	20
0.00855179	0.00078121	1180.57	42.409	1.60125e-12	5.31871	12.9933	1.62866	1.61661	615	0	0.123943	0	20	20
0.00855411	0.000782251	1182.42	41.7941	1.37821e-12	5.13578	12.6725	1.62733	1.61661	615	0	0.124967	0	20	20
0.00855638	0.000783321	1184.31	41.1856	1.18624e-12	4.95913	12.3597	1.62603	1.61661	615	0	0.125964	0	20	20
0.0085586	0.000784418	1186.23	40.5837	1.02101e-12	4.78857	12.0545	1.62477	1.61661	615	0	0.126934	0	20	20
0.00856076	0.000785539	1188.19	39.9881	8.78787e-13	4.62386	11.7569	1.62354	1.61661	615	0	0.12788	0	20	20
0.00856288	0.000786684	1190.19	39.399	7.56379e-13	4.46483	11.4666	1.62234	1.61661	615	0	0.128802	0	20	20
0.00856494	0.00078785	1192.21	38.8163	6.51022e-13	4.31126	11.1835	1.62116	1.61661	615	0	0.1297	0	20	20
0.00856696	0.000789036	1194.25	38.2401	5.60339e-13	4.16298	10.9074	1.62002	1.61661	615	0	0.130577	0	20	20
0.00856894	0.000790239	1196.33	37.6703	4.82289e-13	4.0198	10.638	1.6189	1.61661	615	0	0.131432	0	20	20
0.00857087	0.000791459	1198.42	37.1069	4.1511e-13	3.88154	10.3754	1.6178	1.61661	615	0	0.132266	0	20	20
0.00857276	0.000792695	1200.53	36.5499	3.57288e-13	3.74803	10.1192	1.61673	1.61661	615	0	0.13308	0	20	20
0.00857461	0.000793944	1202.67	35.9993	3.07521e-13	3.61912	9.86938	1.61569	1.61661	615	0	0.133874	0	20	20
0.00857642	0.000795205	1204.82	35.4551	2.64686e-13	3.49464	9.62571	1.61466	1.61661	615	0	0.13465	0	20	20
0.00857819	0.000796478	1206.98	34.9173	2.27817e-13	3.37445	9.38805	1.61366	1.61661	615	0	0.135407	0	20	20
0.00857993	0.00079776	1209.16	34.3858	1.96084e-13	3.25838	9.15625	1.61268	1.61661	615	0	0.136145	0	20	20
0.00858164	0.000799052	1211.35	33.8607	1.68771e-13	3.14631	8.93019	1.61172	1.61661	615	0	0.136867	0	20	20
0.00858331	0.000800351	1213.54	33.3418	1.45263e-13	3.0381	8.7097	1.61078	1.61661	615	0	0.137571	0	20	20
0.00858495	0.000801657	1215.75	32.8292	1.25029e-13	2.9336	8.49466	1.60985	1.61661	615	0	0.138258	0	20	20
0.00858657	0.000802969	1217.96	32.3229	1.07613e-13	2.8327	8.28492	1.60894	1.61661	615	0	0.138928	0	20	20
0.00858816	0.000804285	1220.18	31.8229	9.26235e-14	2.73527	8.08037	1.60805	1.61661	615	0	0.139583	0	20	20
0.00858972	0.000805606	1222.41	31.329	7.97218e-14	2.64119	7.88086	1.60718	1.61661	615	0	0.140221	0	20	20
0.00859125	0.00080693	1224.64	30.8413	6.86172e-14	2.55035	7.68628	1.60631	1.61661	615	0	0.140844	0	20	20
0.00859277	0.000808257	1226.87	30.3597	5.90593e-14	2.46263	7.49651	1.60547	1.61661	615	0	0.141452	0	20	20
0.00859426	0.000809585	1229.1	29.8843	5.08329e-14	2.37793	7.31142	1.60463	1.61661	615	0	0.142046	0	20	20
0.00859573	0.000810915	1231.33	29.4149	4.37522e-14	2.29614	7.1309	1.60381	1.61661	615	0	0.142624	0	20	20
0.00859718	0.000812244	1233.57	28.9516	3.76579e-14	2.21717	6.95484	1.603	1.61661	615	0	0.143189	0	20	20
0.00859861	0.000813574	1235.8	28.4943	3.24125e-14	2.14091	6.78312	1.6022	1.61661	615	0	0.143739	0	20	20
0.00860002	0.000814903	1238.03	28.0429	2.78977e-14	2.06727	6.61564	1.60141	1.61661	615	0	0.144276	0	20	20
0.00860141	0.000816231	1240.26	27.5975	2.40117e-14	1.99617	6.4523	1.60063	1.61661	615	0	0.1448	0	20	20
0.00860279	0.000817557	1242.48	27.158	2.06671e-14	1.92751	6.293	1.59986	1.61661	615	0	0.145311	0	20	20
0.00860416	0.00081888	1244.7	26.7243	1.77883e-14	1.86122	6.13762	1.5991	1.61661	615	0	0.145808	0	20	20
0.00860551	0.000820201	1246.92	26.2965	1.53106e-14	1.7972	5.98608	1.59835	1.61661	615	0	0.146294	0	20	20
0.00860684	0.000821519	1249.13	25.8744	1.31779e-14	1.73539	5.83829	1.5976	1.61661	615	0	0.146767	0	20	20
0.00860816	0.000822834	1251.34	25.458	1.13423e-14	1.6757	5.69414	1.59687	1.61661	615	0	0.147229	0	20	20
0.00860947	0.000824144	1253.53	25.0473	9.76244e-15	1.61806	5.55355	1.59614	1.61661	615	0	0.147679	0	20	20
0.00861077	0.000825451	1255.73	24.6423	8.40261e-15	1.56241	5.41643	1.59541	1.61661	615	0	0.148117	0	20	20
0.00861206	0.000826753	1257.91	24.2428	7.2322e-15	1.50867	5.2827	1.5947	1.61661	615	0	0.148545	0	20	20
0.00861334	0.00082805	1260.09	23.8489	6.22481e-15	1.45678	5.15227	1.59399	1.61661	615	0	0.148962	0	20	20
0.00861461	0.000829342	1262.26	23.4604	5.35774e-15	1.40668	5.02506	1.59328	1.61661	615	0	0.149369	0	20	20
0.00861587	0.000830629	1264.43	23.0775	4.61145e-15	1.3583	4.90099	1.59259	1.61661	615	0	0.149765	0	20	20
0.00861712	0.000831911	1266.58	22.6999	3.96911e-15	1.31158	4.77998	1.59189	1.61661	615	0	0.150151	0	20	20
0.00861836	0.000833186	1268.73	22.3277	3.41625e-15	1.26647	4.66197	1.5912	1.61661	615	0	0.150528	0	20	20
0.0086196	0.000834456	1270.87	21.9608	2.94039e-15	1.22291	4.54686	1.59052	1.61661	615	0	0.150896	0	20	20
0.00862083	0.00083572	1272.99	21.5991	2.53082e-15	1.18085	4.4346	1.58984	1.61661	615	0	0.151255	0	20	20
0.00862205	0.000836978	1275.11	21.2427	2.1783e-15	1.14023	4.32511	1.58916	1.61661	615	0	0.151604	0	20	20
0.00862326	0.000838229	1277.22	20.8914	1.87488e-15	1.10101	4.21832	1.58849	1.61661	615	0	0.151946	0	20	20
0.00862447	0.000839474	1279.32	20.5452	1.61372e-15	1.06314	4.11417	1.58783	1.61661	615	0	0.152279	0	20	20
0.00862567	0.000840712	1281.41	20.204	1.38894e-15	1.02658	4.01259	1.58716	1.61661	615	0	0.152604	0	20	20
0.00862687	0.000841944	1283.49	19.8679	1.19547e-15	0.991269	3.91352	1.5865	1.61661	615	0	0.152921	0	20	20
0.00862806	0.000843169	1285.56	19.5367	1.02895e-15	0.957175	3.81689	1.58584	1.61661	615	0	0.15323	0	20	20
0.00862925	0.000844387	1287.62	19.2104	8.85629e-16	0.924253	3.72266	1.58519	1.61661	615	0	0.153533	0	20	20
0.00863043	0.000845598	1289.67	18.8889	7.62268e-16	0.892464	3.63074	1.58454	1.61661	615	0	0.153828	0	20	20
0.00863161	0.000846802	1291.71	18.5723	6.5609e-16	0.861768	3.5411	1.58389	1.61661	615	0	0.154117	0	20	20
0.00863278	0.000847999	1293.74	18.2604	5.64702e-16	0.832128	3.45367	1.58324	1.61661	615	0	0.154399	0	20	20
0.00863395	0.000849188	1295.76	17.9532	4.86043e-16	0.803507	3.3684	1.5826	1.61661	615	0	0.154675	0	20	20
0.00863512	0.000850371	1297.77	17.6506	4.18342e-16	0.775871	3.28523	1.58196	1.61661	615	0	0.154944	0	20	20
0.00863628	0.000851547	1299.76	17.3526	3.6007e-16	0.749185	3.20412	1.58132	1.61661	615	0	0.155208	0	20	20
0.00863744	0.000852715	1301.75	17.0592	3.09915e-16	0.723417	3.12501	1.58069	1.61661	615	0	0.155466	0	20	20
0.00863859	0.000853877	1303.73	16.7702	2.66746e-16	0.698536	3.04785	1.58005	1.61661	615	0	0.155719	0	20	20
0.00863975	0.000855031	1305.69	16.4856	2.29591e-16	0.67451	2.9726	1.57942	1.61661	615	0	0.155966	0	20	20
0.00864089	0.000856178	1307.65	16.2055	1.97611e-16	0.65131	2.89921	1.57879	1.61661	615	0	0.156208	0	20	20
0.00864204	0.000857317	1309.59	15.9296	1.70085e-16	0.628909	2.82763	1.57816	1.61661	615	0	0.156445	0	20	20
0.00864318	0.00085845	1311.53	15.6581	1.46393e-16	0.607278	2.75781	1.57753	1.61661	615	0	0.156678	0	20	20
0.00864433	0.000859575	1313.45	15.3907	1.26002e-16	0.586391	2.68972	1.57691	1.61661	615	0	0.156906	0	20	20
0.00864546	0.000860694	1315.36	15.1275	1.08451e-16	0.566222	2.62331	1.57629	1.61661	615	0	0.15713	0	20	20
0.0086466	0.000861805	1317.27	14.8685	9.33446e-17	0.546747	2.55854	1.57566	1.61661	615	0	0.157349	0	20	20
0.00864774	0.000862909	1319.16	14.6135	8.03424e-17	0.527942	2.49537	1.57504	1.61661	615	0	0.157565	0	20	20
0.00864887	0.000864007	1321.04	14.3625	6.91514e-17	0.509784	2.43376	1.57443	1.61661	615	0	0.157777	0	20	20
0.00865	0.000865097	1322.91	14.1155	5.95191e-17	0.49225	2.37367	1.57381	1.61661	615	0	0.157985	0	20	20
0.00865112	0.00086618	1324.77	13.8724	5.12286e-17	0.475319	2.31506	1.57319	1.61661	615	0	0.158189	0	20	20
0.00865225	0.000867257	1326.63	13.6332	4.40929e-17	0.458971	2.2579	1.57258	1.61661	615	0	0.15839	0	20	20
0.00865337	0.000868326	1328.47	13.3977	3.79511e-17	0.443185	2.20216	1.57197	1.61661	615	0	0.158588	0	20	20
0.0086545	0.000869389	1330.3	13.1661	3.26648e-17	0.427941	2.14779	1.57136	1.61661	615	0	0.158783	0	20	20
0.00865562	0.000870445	1332.12	12.9381	2.81149e-17	0.413223	2.09476	1.57075	1.61661	615	0	0.158975	0	20	20
0.00865674	0.000871494	1333.93	12.7138	2.41987e-17	0.39901	2.04304	1.57014	1.61661	615	0	0.159164	0	20	20
0.00865785	0.000872537	1335.73	12.4932	2.0828e-17	0.385286	1.99259	1.56953	1.61661	615	0	0.15935	0	20	20
0.00865897	0.000873573	1337.53	12.2761	1.79268e-17	0.372034	1.9434	1.56892	1.61661	615	0	0.159534	0	20	20
0.00866008	0.000874603	1339.31	12.0625	1.54298e-17	0.359238	1.89541	1.56832	1.61661	615	0	0.159715	0	20	20
0.00866119	0.000875626	1341.08	11.8524	1.32805e-17	0.346883	1.84862	1.56771	1.61661	615	0	0.159894	0	20	20
0.0086623	0.000876643	1342.84	11.6457	1.14306e-17	0.334952	1.80297	1.56711	1.61661	615	0	0.160071	0	20	20
0.00866341	0.000877653	1344.6	11.4423	9.83845e-18	0.323431	1.75846	1.56651	1.61661	615	0	0.160246	0	20	20
0.00866452	0.000878657	1346.34	11.2423	8.46803e-18	0.312307	1.71504	1.56591	1.61661	615	0	0.160418	0	20	20
0.00866563	0.000879655	1348.08	11.0456	7.2885e-18	0.301565	1.6727	1.56531	1.61661	615	0	0.160589	0	20	20
0.00866673	0.000880647	1349.81	10.8521	6.27327e-18	0.291193	1.6314	1.56471	1.61661	615	0	0.160758	0	20	20
0.00866784	0.000881633	1351.53	10.6619	5.39946e-18	0.281178	1.59112	1.56411	1.61661	615	0	0.160925	0	20	20
0.00866894	0.000882613	1353.23	10.4747	4.64735e-18	0.271507	1.55183	1.56352	1.61661	615	0	0.161091	0	20	20
0.00867004	0.000883587	1354.93	10.2906	4.00001e-18	0.262168	1.51352	1.56292	1.61661	615	0	0.161255	0	20	20
0.00867114	0.000884555	1356.63	10.1096	3.44284e-18	0.253151	1.47615	1.56233	1.61661	615	0	0.161417	0	20	20
0.00867224	0.000885517	1358.31	9.93164	2.96328e-18	0.244444	1.4397	1.56173	1.61661	615	0	0.161578	0	20	20
0.00867334	0.000886474	1359.98	9.75661	2.55052e-18	0.236036	1.40416	1.56114	1.61661	615	0	0.161738	0	20	20
0.00867443	0.000887425	1361.65	9.5845	2.19525e-18	0.227918	1.36949	1.56055	1.61661	615	0	0.161897	0	20	20
0.00867553	0.00088837	1363.31	9.41527	1.88947e-18	0.220079	1.33568	1.55996	1.61661	615	0	0.162054	0	20	20
0.00867662	0.00088931	1364.96	9.24887	1.62628e-18	0.212509	1.3027	1.55937	1.61661	615	0	0.16221	0	20	20
0.00867771	0.000890244	1366.6	9.08527	1.39976e-18	0.2052	1.27053	1.55878	1.61661	615	0	0.162366	0	20	20
0.00867881	0.000891173	1368.24	8.92441	1.20478e-18	0.198142	1.23916	1.55819	1.61661	615	0	0.16252	0	20	20
0.0086799	0.000892097	1369.86	8.76627	1.03696e-18	0.191327	1.20857	1.5576	1.61661	615	0	0.162673	0	20	20
0.00868099	0.000893015	1371.48	8.6108	8.92524e-19	0.184747	1.17873	1.55702	1.61661	615	0	0.162826	0	20	20
0.00868207	0.000893929	1373.09	8.45795	7.68203e-19	0.178393	1.14963	1.55643	1.61661	615	0	0.162978	0	20	20
0.00868316	0.000894837	1374.7	8.3077	6.61198e-19	0.172257	1.12124	1.55585	1.61661	615	0	0.163129	0	20	20
0.00868425	0.00089574	1376.29	8.15999	5.69098e-19	0.166332	1.09356	1.55526	1.61661	615	0	0.163279	0	20	20
0.00868533	0.000896638	1377.88	8.0148	4.89828e-19	0.160611	1.06656	1.55468	1.61661	615	0	0.163429	0	20	20
0.00868641	0.000897532	1379.46	7.87207	4.21598e-19	0.155087	1.04023	1.5541	1.61661	615	0	0.163578	0	20	20
0.0086875	0.00089842	1381.04	7.73179	3.62873e-19	0.149753	1.01454	1.55352	1.61661	615	0	0.163726	0	20	20
0.00868858	0.000899304	1382.61	7.59389	3.12328e-19	0.144602	0.989493	1.55294	1.61661	615	0	0.163874	0	20	20
0.00868966	0.000900183	1384.17	7.45836	2.68823e-19	0.139629	0.965062	1.55236	1.61661	615	0	0.164022	0	20	20
0.00869074	0.000901057	1385.72	7.32515	2.31378e-19	0.134826	0.941235	1.55178	1.61661	615	0	0.164169	0	20	20
0.00869182	0.000901927	1387.27	7.19422	1.99149e-19	0.130189	0.917995	1.5512	1.61661	615	0	0.164316	0	20	20
0.00869289	0.000902793	1388.81	7.06554	1.71409e-19	0.125711	0.89533	1.55063	1.61661	615	0	0.164463	0	20	20
0.00869397	0.000903654	1390.34	6.93908	1.47533e-19	0.121387	0.873224	1.55005	1.61661	615	0	0.164609	0	20	20
0.00869505	0.00090451	1391.87	6.8148	1.26983e-19	0.117212	0.851664	1.54948	1.61661	615	0	0.164755	0	20	20
0.00869612	0.000905363	1393.39	6.69266	1.09295e-19	0.113181	0.830637	1.5489	1.61661	615	0	0.1649	0	20	20
