0.0104332	
0.00536083	
0.00378184	
0.00301331	
0.00250155	
0.00210989	
0.00178127	
0.00149834	
0.00131264	
0.00117832	
0.00111271	
0.00112368	
0.0011983	
0.00131447	
0.00146749	
0.00165617	
0.00188425	
0.0021544	
0.00248891	
0.00289963	
0.00340037	
0.00401435	
0.00477552	
0.00568974	
0.00676365	
0.00797932	
0.00931834	
0.0107895	
0.012371	
0.0140546	
0.0158104	
0.017604	
0.0193886	
0.0210977	
0.02264	
0.0239103	
0.0247901	
0.0251793	
0.0250357	
0.0243983	
0.0233833	
0.0221455	
0.0208326	
0.0195572	
0.0183879	
0.0173555	
0.0164665	
0.0157123	
0.015078	
0.014547	
0.0141031	
0.0141388	
0.0143504	
0.0144772	
0.0145299	
0.0145209	
0.0144626	
0.0143664	
0.0142426	
0.0140995	
0.0139441	
0.0137817	
0.0136163	
0.0134507	
0.0132872	
0.013127	
0.012971	
0.0128198	
0.0126736	
0.0125324	
0.0123962	
0.0122649	
0.0121381	
