0.0086758	0.000692322	1101	184.5	76.5	0	0	1.55981	1.61661	615	0	0.149561	0	20	20
0.00883076	0.000723728	1169.37	184.391	76.4694	49.8132	16.7868	1.47913	1.61661	615	0	-0.394751	0	20	20
0.00897168	0.000794815	1302.77	184.281	76.4339	146.077	49.553	1.41052	1.61661	615	0	-1.32366	0	20	20
0.0089995	0.000870283	1431.2	184.168	76.3927	239.149	81.5509	1.39748	1.61661	615	0	-2.04241	0	20	20
0.00897123	0.000946997	1554.44	184.054	76.3448	329.132	112.796	1.41073	1.61661	615	0	-2.60874	0	20	20
0.00891437	0.00102355	1672.75	183.937	76.2893	416.127	143.307	1.4379	1.61661	615	0	-3.06476	0	20	20
0.00884232	0.00109938	1786.56	183.818	76.2249	500.236	173.1	1.47333	1.61661	615	0	-3.4402	0	20	20
0.00876203	0.00117428	1896.32	183.698	76.1502	581.563	202.195	1.51421	1.61661	615	0	-3.75559	0	20	20
0.00867731	0.00124818	2002.39	183.575	76.0636	660.213	230.612	1.559	1.61661	615	0	-4.02526	0	20	20
0.00859036	0.00132105	2105.07	183.45	75.9633	736.294	258.374	1.60682	1.61661	615	0	-4.25936	0	20	20
0.00850251	0.0013929	2204.6	183.323	75.847	809.917	285.504	1.65714	1.61661	615	0	-4.46532	0	20	20
0.00841457	0.00146374	2301.16	183.193	75.7124	881.198	312.029	1.70964	1.61661	615	0	-4.64863	0	20	20
0.00832705	0.0015336	2394.93	183.061	75.5566	950.255	337.976	1.76411	1.61661	615	0	-4.81347	0	20	20
0.00824024	0.0016025	2486.08	182.927	75.3764	1017.22	363.376	1.82046	1.61661	615	0	-4.96313	0	20	20
0.0081543	0.0016705	2574.77	182.791	75.1681	1082.21	388.263	1.87862	1.61661	615	0	-5.10018	0	20	20
0.00806931	0.00173767	2661.17	182.652	74.9275	1145.37	412.674	1.93861	1.61661	615	0	-5.22668	0	20	20
0.00798527	0.0018041	2745.46	182.511	74.6499	1206.86	436.648	2.00047	1.61661	615	0	-5.3443	0	20	20
0.00790212	0.00186988	2827.82	182.368	74.33	1266.81	460.228	2.06429	1.61661	615	0	-5.45443	0	20	20
0.00781977	0.00193514	2908.45	182.222	73.9617	1325.4	483.462	2.13019	1.61661	615	0	-5.55824	0	20	20
0.00773812	0.002	2987.56	182.073	73.5383	1382.8	506.4	2.19834	1.61661	615	0	-5.65671	0	20	20
0.00765701	0.00206462	3065.37	181.922	73.0526	1439.17	529.096	2.26894	1.61661	615	0	-5.75069	0	20	20
0.00757628	0.00212917	3142.12	181.768	72.4961	1494.72	551.606	2.34224	1.61661	615	0	-5.84092	0	20	20
0.00749577	0.00219382	3218.03	181.612	71.8602	1549.62	573.99	2.41853	1.61661	615	0	-5.92805	0	20	20
0.00741528	0.00225877	3293.36	181.453	71.1353	1604.08	596.31	2.49815	1.61661	615	0	-6.01264	0	20	20
0.00733463	0.0023242	3368.35	181.291	70.3111	1658.28	618.626	2.58146	1.61661	615	0	-6.09519	0	20	20
0.00725364	0.00239033	3443.22	181.127	69.3773	1712.42	640.999	2.6689	1.61661	615	0	-6.17615	0	20	20
0.00717215	0.00245733	3518.2	180.959	68.323	1766.65	663.485	2.76091	1.61661	615	0	-6.25588	0	20	20
0.00709	0.00252538	3593.48	180.789	67.1377	1821.15	686.135	2.858	1.61661	615	0	-6.3347	0	20	20
0.00700708	0.00259463	3669.21	180.616	65.8111	1876.02	708.989	2.96066	1.61661	615	0	-6.41285	0	20	20
0.00692332	0.00266519	3745.49	180.44	64.3342	1931.36	732.073	3.06942	1.61661	615	0	-6.4905	0	20	20
0.00683871	0.00273709	3822.35	180.261	62.6995	1987.18	755.398	3.18476	1.61661	615	0	-6.56776	0	20	20
0.00675331	0.00281031	3899.73	180.079	60.9015	2043.45	778.948	3.30712	1.61661	615	0	-6.64463	0	20	20
0.00666725	0.00288473	3977.47	179.894	58.9379	2100.06	802.687	3.43684	1.61661	615	0	-6.72104	0	20	20
0.00658077	0.00296014	4055.31	179.706	56.8097	2156.8	826.543	3.57413	1.61661	615	0	-6.79683	0	20	20
0.00649418	0.0030362	4132.85	179.514	54.5225	2213.37	850.418	3.71901	1.61661	615	0	-6.87173	0	20	20
0.00640791	0.00311246	4209.58	179.32	52.086	2269.4	874.175	3.87125	1.61661	615	0	-6.9454	0	20	20
0.00632247	0.00318833	4284.86	179.122	49.5151	2324.4	897.651	4.03033	1.61661	615	0	-7.01741	0	20	20
0.00623844	0.00326314	4357.97	178.921	46.8297	2377.81	920.651	4.19539	1.61661	615	0	-7.08729	0	20	20
0.00615583	0.00333634	4428.1	178.717	44.0538	2429.02	942.961	4.36657	1.61661	615	0	-7.15585	0	20	20
0.00607543	0.00340706	4494.4	178.509	41.2153	2477.39	964.354	4.54224	1.61661	615	0	-7.22232	0	20	20
0.00599818	0.00347436	4556.02	178.297	38.3448	2522.26	984.6	4.71999	1.61661	615	0	-7.28558	0	20	20
0.00592488	0.00353736	4612.15	178.083	35.4743	2563.03	1003.48	4.89736	1.61661	615	0	-7.34482	0	20	20
0.00585612	0.00359527	4662.06	177.864	32.6358	2599.12	1020.78	5.07189	1.61661	615	0	-7.39955	0	20	20
0.00579236	0.00364741	4705.14	177.643	29.8599	2630.08	1036.34	5.24123	1.61661	615	0	-7.44949	0	20	20
0.00573415	0.00369318	4740.93	177.417	27.1745	2655.56	1050.02	5.40247	1.61661	615	0	-7.49397	0	20	20
0.00568177	0.00373216	4769.12	177.188	24.6037	2675.32	1061.73	5.55328	1.61661	615	0	-7.53277	0	20	20
0.00563541	0.00376408	4789.6	176.955	22.1672	2689.28	1071.4	5.69145	1.61661	615	0	-7.56562	0	20	20
0.00559514	0.00378885	4802.38	176.718	19.8799	2697.45	1079.05	5.81524	1.61661	615	0	-7.59244	0	20	20
0.00556079	0.00380655	4807.65	176.478	17.7517	2699.97	1084.69	5.92368	1.61661	615	0	-7.61343	0	20	20
0.00553225	0.00381737	4805.72	176.233	15.7881	2697.1	1088.39	6.01581	1.61661	615	0	-7.62853	0	20	20
0.00550886	0.00382177	4797.01	175.985	13.9901	2689.15	1090.24	6.09278	1.61661	615	0	-7.63406	0	20	20
0.00548901	0.00382068	4782.01	175.733	12.3554	2676.48	1090.36	6.15911	1.61661	615	0	-7.61618	0	20	20
0.00547236	0.00381456	4761.26	175.476	10.8785	2659.51	1088.87	6.21551	1.61661	615	0	-7.57696	0	20	20
0.00545864	0.00380386	4735.34	175.216	9.55195	2638.68	1085.91	6.26249	1.61661	615	0	-7.51846	0	20	20
0.00544749	0.00378907	4704.81	174.951	8.36659	2614.4	1081.62	6.30102	1.61661	615	0	-7.44301	0	20	20
0.00543869	0.00377061	4670.24	174.683	7.31231	2587.11	1076.13	6.33164	1.61661	615	0	-7.35264	0	20	20
0.00543189	0.00374896	4632.13	174.41	6.37848	2557.21	1069.57	6.35547	1.61661	615	0	-7.24963	0	20	20
0.0054269	0.00372448	4590.99	174.132	5.55436	2525.07	1062.07	6.373	1.61661	615	0	-7.13579	0	20	20
0.00542346	0.00369759	4547.26	173.851	4.8294	2491.05	1053.74	6.38514	1.61661	615	0	-7.01305	0	20	20
0.00542136	0.00366861	4501.37	173.565	4.19349	2455.45	1044.68	6.39255	1.61661	615	0	-6.88302	0	20	20
0.00542045	0.00363784	4453.66	173.274	3.63707	2418.55	1035	6.39578	1.61661	615	0	-6.74712	0	20	20
0.0054205	0.00360559	4404.47	172.979	3.15127	2380.62	1024.77	6.39562	1.61661	615	0	-6.6068	0	20	20
0.00542143	0.00357207	4354.08	172.68	2.72794	2341.86	1014.07	6.39234	1.61661	615	0	-6.46304	0	20	20
0.00542306	0.00353751	4302.74	172.376	2.35965	2302.47	1002.97	6.38654	1.61661	615	0	-6.31692	0	20	20
0.00542532	0.00350209	4250.67	172.067	2.03971	2262.61	991.533	6.37859	1.61661	615	0	-6.16925	0	20	20
0.00542812	0.00346595	4198.05	171.753	1.76213	2222.42	979.799	6.3687	1.61661	615	0	-6.0207	0	20	20
0.00543133	0.00342927	4145.04	171.435	1.52155	2182.03	967.818	6.35743	1.61661	615	0	-5.87201	0	20	20
0.00543494	0.00339213	4091.78	171.112	1.31324	2141.54	955.628	6.34478	1.61661	615	0	-5.72356	0	20	20
0.00543887	0.00335464	4038.38	170.784	1.13301	2101.04	943.262	6.33102	1.61661	615	0	-5.5758	0	20	20
0.00544305	0.00331689	3984.94	170.451	0.977206	2060.59	930.75	6.31645	1.61661	615	0	-5.42914	0	20	20
0.0054475	0.00327895	3931.54	170.114	0.842585	2020.27	918.116	6.301	1.61661	615	0	-5.28377	0	20	20
0.00545213	0.00324088	3878.26	169.771	0.726331	1980.11	905.381	6.28496	1.61661	615	0	-5.14002	0	20	20
0.00545693	0.00320273	3825.13	169.423	0.625985	1940.17	892.566	6.26838	1.61661	615	0	-4.99804	0	20	20
0.00546192	0.00316453	3772.23	169.07	0.539403	1900.47	879.685	6.25122	1.61661	615	0	-4.85794	0	20	20
0.00546702	0.00312635	3719.58	168.712	0.464724	1861.06	866.754	6.23375	1.61661	615	0	-4.71993	0	20	20
0.00547225	0.00308819	3667.23	168.348	0.400329	1821.94	853.785	6.21587	1.61661	615	0	-4.58405	0	20	20
0.00547764	0.00305008	3615.19	167.98	0.344818	1783.14	840.789	6.19755	1.61661	615	0	-4.45035	0	20	20
0.0054831	0.00301206	3563.51	167.606	0.296973	1744.68	827.777	6.17905	1.61661	615	0	-4.31899	0	20	20
0.00548869	0.00297413	3512.19	167.226	0.255745	1706.57	814.755	6.16019	1.61661	615	0	-4.18992	0	20	20
0.00549442	0.0029363	3461.25	166.841	0.220224	1668.82	801.734	6.14094	1.61661	615	0	-4.06316	0	20	20
0.00550022	0.00289861	3410.72	166.451	0.189625	1631.45	788.721	6.12153	1.61661	615	0	-3.93884	0	20	20
0.00550615	0.00286106	3360.6	166.055	0.163268	1594.45	775.721	6.10177	1.61661	615	0	-3.81688	0	20	20
0.00551222	0.00282365	3310.91	165.654	0.140567	1557.83	762.741	6.08163	1.61661	615	0	-3.6973	0	20	20
0.00551839	0.0027864	3261.66	165.247	0.121018	1521.61	749.788	6.06126	1.61661	615	0	-3.58015	0	20	20
0.00552468	0.00274933	3212.87	164.835	0.104184	1485.78	736.868	6.04057	1.61661	615	0	-3.46541	0	20	20
0.00553114	0.00271243	3164.53	164.416	0.0896893	1450.36	723.984	6.01946	1.61661	615	0	-3.35304	0	20	20
0.00553772	0.00267571	3116.66	163.992	0.0772089	1415.34	711.144	5.99801	1.61661	615	0	-3.24308	0	20	20
0.00554443	0.0026392	3069.27	163.562	0.0664636	1380.73	698.351	5.97626	1.61661	615	0	-3.13554	0	20	20
0.00555131	0.00260289	3022.37	163.127	0.0572127	1346.53	685.611	5.95405	1.61661	615	0	-3.03036	0	20	20
0.00555838	0.00256678	2975.97	162.685	0.0492485	1312.76	672.93	5.93138	1.61661	615	0	-2.92754	0	20	20
0.00556558	0.00253091	2930.08	162.238	0.0423924	1279.4	660.311	5.9084	1.61661	615	0	-2.82712	0	20	20
0.00557296	0.00249527	2884.7	161.785	0.0364903	1246.47	647.76	5.88496	1.61661	615	0	-2.72906	0	20	20
0.00558054	0.00245986	2839.85	161.325	0.0314096	1213.98	635.281	5.86101	1.61661	615	0	-2.63332	0	20	20
0.00558832	0.00242471	2795.54	160.86	0.027036	1181.92	622.88	5.83654	1.61661	615	0	-2.5399	0	20	20
0.00559627	0.00238982	2751.77	160.389	0.0232712	1150.3	610.561	5.8117	1.61661	615	0	-2.44884	0	20	20
0.00560444	0.00235521	2708.57	159.911	0.0200306	1119.13	598.33	5.78635	1.61661	615	0	-2.36009	0	20	20
0.00561282	0.00232087	2665.92	159.428	0.0172411	1088.41	586.19	5.76044	1.61661	615	0	-2.27362	0	20	20
0.00562144	0.00228683	2623.86	158.938	0.01484	1058.15	574.147	5.73399	1.61661	615	0	-2.18942	0	20	20
0.00563029	0.0022531	2582.39	158.442	0.0127733	1028.36	562.206	5.70699	1.61661	615	0	-2.10749	0	20	20
0.00563934	0.00221969	2541.52	157.94	0.0109943	999.027	550.372	5.67957	1.61661	615	0	-2.02784	0	20	20
0.00564863	0.00218662	2501.26	157.431	0.00946308	970.174	538.649	5.65159	1.61661	615	0	-1.95042	0	20	20
0.00565817	0.00215389	2461.62	156.917	0.00814509	941.803	527.042	5.62304	1.61661	615	0	-1.87521	0	20	20
0.00566797	0.00212153	2422.62	156.396	0.00701065	913.92	515.557	5.59394	1.61661	615	0	-1.80221	0	20	20
0.00567802	0.00208953	2384.26	155.868	0.0060342	886.531	504.199	5.5643	1.61661	615	0	-1.73138	0	20	20
0.00568831	0.00205793	2346.56	155.335	0.00519374	859.644	492.971	5.53413	1.61661	615	0	-1.66272	0	20	20
0.00569883	0.00202674	2309.53	154.795	0.00447034	833.266	481.88	5.50356	1.61661	615	0	-1.59623	0	20	20
0.00570959	0.00199597	2273.19	154.249	0.00384768	807.402	470.929	5.47248	1.61661	615	0	-1.53186	0	20	20
0.0057206	0.00196564	2237.53	153.696	0.00331176	782.061	460.125	5.44094	1.61661	615	0	-1.46959	0	20	20
0.00573186	0.00193577	2202.59	153.137	0.00285047	757.249	449.471	5.40897	1.61661	615	0	-1.40941	0	20	20
0.00574334	0.00190637	2168.36	152.571	0.00245344	732.973	438.973	5.37659	1.61661	615	0	-1.35129	0	20	20
0.00575504	0.00187745	2134.86	151.999	0.0021117	709.24	428.636	5.34387	1.61661	615	0	-1.2952	0	20	20
0.00576695	0.00184905	2102.1	151.421	0.00181757	686.058	418.463	5.31083	1.61661	615	0	-1.24113	0	20	20
0.00577904	0.00182117	2070.09	150.836	0.0015644	663.433	408.461	5.27755	1.61661	615	0	-1.18905	0	20	20
0.00579131	0.00179384	2038.85	150.245	0.00134649	641.372	398.633	5.24408	1.61661	615	0	-1.13893	0	20	20
0.00580373	0.00176708	2008.38	149.647	0.00115894	619.883	388.984	5.21049	1.61661	615	0	-1.09075	0	20	20
0.00581626	0.00174089	1978.7	149.043	0.000997512	598.972	379.518	5.17687	1.61661	615	0	-1.04448	0	20	20
0.00582889	0.00171532	1949.81	148.432	0.000858568	578.646	370.242	5.14331	1.61661	615	0	-1.0001	0	20	20
0.00584157	0.00169037	1921.73	147.815	0.000738977	558.912	361.157	5.10989	1.61661	615	0	-0.957572	0	20	20
0.00585426	0.00166606	1894.47	147.192	0.000636045	539.776	352.27	5.07672	1.61661	615	0	-0.916875	0	20	20
0.00586692	0.00164242	1868.03	146.562	0.000547449	521.244	343.584	5.04393	1.61661	615	0	-0.877979	0	20	20
0.0058795	0.00161946	1842.43	145.926	0.000471194	503.322	335.103	5.01163	1.61661	615	0	-0.840857	0	20	20
0.00589195	0.0015972	1817.66	145.283	0.000405561	486.011	326.829	4.97992	1.61661	615	0	-0.805465	0	20	20
0.00590427	0.00157563	1793.71	144.634	0.00034907	469.295	318.76	4.94881	1.61661	615	0	-0.771727	0	20	20
0.00591648	0.00155473	1770.55	143.979	0.000300448	453.154	310.889	4.91825	1.61661	615	0	-0.739557	0	20	20
0.00592857	0.00153446	1748.16	143.317	0.000258598	437.567	303.213	4.88822	1.61661	615	0	-0.708871	0	20	20
0.00594055	0.00151482	1726.5	142.649	0.000222577	422.518	295.727	4.85869	1.61661	615	0	-0.679592	0	20	20
0.00595245	0.00149578	1705.56	141.975	0.000191574	407.985	288.426	4.82962	1.61661	615	0	-0.651646	0	20	20
0.00596426	0.00147732	1685.31	141.295	0.000164889	393.953	281.304	4.80098	1.61661	615	0	-0.624964	0	20	20
0.00597599	0.00145942	1665.73	140.608	0.000141922	380.403	274.359	4.77276	1.61661	615	0	-0.599481	0	20	20
0.00598766	0.00144208	1646.8	139.915	0.000122153	367.319	267.585	4.74492	1.61661	615	0	-0.575134	0	20	20
0.00599926	0.00142526	1628.49	139.216	0.000105138	354.685	260.978	4.71744	1.61661	615	0	-0.551864	0	20	20
0.00601081	0.00140895	1610.8	138.511	9.04933e-05	342.486	254.535	4.6903	1.61661	615	0	-0.529617	0	20	20
0.00602231	0.00139314	1593.68	137.8	7.78883e-05	330.706	248.25	4.66349	1.61661	615	0	-0.508342	0	20	20
0.00603375	0.00137781	1577.14	137.083	6.70391e-05	319.332	242.121	4.63702	1.61661	615	0	-0.487993	0	20	20
0.00604515	0.00136295	1561.15	136.36	5.77011e-05	308.349	236.143	4.61083	1.61661	615	0	-0.468516	0	20	20
0.00605652	0.00134853	1545.68	135.631	4.96638e-05	297.743	230.313	4.5849	1.61661	615	0	-0.449869	0	20	20
0.00606787	0.00133455	1530.73	134.896	4.2746e-05	287.502	224.626	4.55922	1.61661	615	0	-0.432008	0	20	20
0.0060792	0.00132099	1516.28	134.156	3.67919e-05	277.614	219.08	4.53378	1.61661	615	0	-0.414895	0	20	20
0.00609052	0.00130783	1502.31	133.41	3.1667e-05	268.065	213.671	4.50855	1.61661	615	0	-0.398491	0	20	20
0.00610183	0.00129507	1488.8	132.658	2.72561e-05	258.845	208.395	4.48354	1.61661	615	0	-0.382762	0	20	20
0.00611313	0.00128269	1475.75	131.9	2.34595e-05	249.943	203.25	4.45872	1.61661	615	0	-0.367673	0	20	20
0.00612442	0.00127068	1463.13	131.137	2.01918e-05	241.346	198.232	4.4341	1.61661	615	0	-0.353195	0	20	20
0.00613569	0.00125903	1450.93	130.369	1.73792e-05	233.045	193.337	4.4097	1.61661	615	0	-0.339301	0	20	20
0.00614697	0.00124773	1439.14	129.596	1.49585e-05	225.029	188.564	4.38547	1.61661	615	0	-0.325956	0	20	20
0.00615826	0.00123676	1427.75	128.817	1.28749e-05	217.29	183.908	4.3614	1.61661	615	0	-0.313134	0	20	20
0.00616956	0.00122611	1416.73	128.033	1.10815e-05	209.816	179.368	4.33747	1.61661	615	0	-0.300809	0	20	20
0.00618088	0.00121577	1406.09	127.243	9.53793e-06	202.599	174.939	4.3137	1.61661	615	0	-0.288956	0	20	20
0.00619221	0.00120574	1395.8	126.449	8.20938e-06	195.631	170.62	4.29006	1.61661	615	0	-0.277553	0	20	20
0.00620355	0.001196	1385.87	125.65	7.06588e-06	188.902	166.407	4.26658	1.61661	615	0	-0.266581	0	20	20
0.00621489	0.00118655	1376.26	124.847	6.08166e-06	182.405	162.298	4.24326	1.61661	615	0	-0.25602	0	20	20
0.00622626	0.00117737	1366.98	124.038	5.23453e-06	176.132	158.291	4.22007	1.61661	615	0	-0.245846	0	20	20
0.00623764	0.00116846	1358.01	123.225	4.5054e-06	170.074	154.383	4.197	1.61661	615	0	-0.23604	0	20	20
0.00624906	0.0011598	1349.35	122.407	3.87783e-06	164.224	150.571	4.17404	1.61661	615	0	-0.226585	0	20	20
0.00626049	0.0011514	1340.97	121.585	3.33768e-06	158.576	146.854	4.15121	1.61661	615	0	-0.217465	0	20	20
0.00627194	0.00114323	1332.89	120.759	2.87277e-06	153.121	143.228	4.12852	1.61661	615	0	-0.208667	0	20	20
0.0062834	0.0011353	1325.07	119.928	2.47262e-06	147.855	139.692	4.10597	1.61661	615	0	-0.200176	0	20	20
0.00629489	0.0011276	1317.53	119.094	2.1282e-06	142.769	136.243	4.08353	1.61661	615	0	-0.191973	0	20	20
0.0063064	0.00112011	1310.24	118.255	1.83176e-06	137.859	132.879	4.06121	1.61661	615	0	-0.184046	0	20	20
0.00631794	0.00111284	1303.19	117.413	1.57661e-06	133.117	129.598	4.039	1.61661	615	0	-0.176381	0	20	20
0.0063295	0.00110577	1296.39	116.567	1.357e-06	128.539	126.398	4.01692	1.61661	615	0	-0.168969	0	20	20
0.00634106	0.0010989	1289.83	115.718	1.16798e-06	124.118	123.277	3.99499	1.61661	615	0	-0.1618	0	20	20
0.00635264	0.00109223	1283.48	114.865	1.00529e-06	119.849	120.234	3.97317	1.61661	615	0	-0.15486	0	20	20
0.00636424	0.00108574	1277.36	114.009	8.65262e-07	115.727	117.265	3.95148	1.61661	615	0	-0.148136	0	20	20
0.00637587	0.00107943	1271.44	113.149	7.44738e-07	111.746	114.37	3.9299	1.61661	615	0	-0.141621	0	20	20
0.0063875	0.0010733	1265.74	112.287	6.41002e-07	107.903	111.546	3.90847	1.61661	615	0	-0.135307	0	20	20
0.00639913	0.00106734	1260.22	111.421	5.51715e-07	104.192	108.792	3.8872	1.61661	615	0	-0.129186	0	20	20
0.00641078	0.00106154	1254.9	110.553	4.74866e-07	100.608	106.106	3.86605	1.61661	615	0	-0.123246	0	20	20
0.00642244	0.00105591	1249.77	109.682	4.08721e-07	97.1475	103.486	3.84503	1.61661	615	0	-0.11748	0	20	20
0.00643411	0.00105042	1244.81	108.809	3.51789e-07	93.8062	100.931	3.82415	1.61661	615	0	-0.11188	0	20	20
0.00644576	0.00104509	1240.03	107.933	3.02788e-07	90.5798	98.439	3.80345	1.61661	615	0	-0.106443	0	20	20
0.00645741	0.00103991	1235.41	107.056	2.60612e-07	87.4643	96.0085	3.78289	1.61661	615	0	-0.101159	0	20	20
0.00646907	0.00103487	1230.96	106.176	2.24311e-07	84.456	93.6381	3.76249	1.61661	615	0	-0.0960215	0	20	20
0.00648071	0.00102996	1226.66	105.294	1.93066e-07	81.5512	91.3261	3.74224	1.61661	615	0	-0.0910238	0	20	20
0.00649234	0.0010252	1222.51	104.411	1.66173e-07	78.7463	89.0713	3.72217	1.61661	615	0	-0.0861627	0	20	20
0.00650395	0.00102056	1218.52	103.526	1.43027e-07	76.0378	86.8721	3.70227	1.61661	615	0	-0.081433	0	20	20
0.00651554	0.00101604	1214.66	102.639	1.23104e-07	73.4225	84.7272	3.68255	1.61661	615	0	-0.0768275	0	20	20
0.00652711	0.00101165	1210.94	101.751	1.05957e-07	70.8972	82.6353	3.66301	1.61661	615	0	-0.0723416	0	20	20
0.00653865	0.00100739	1207.36	100.862	9.11979e-08	68.4587	80.595	3.64365	1.61661	615	0	-0.0679715	0	20	20
0.00655014	0.00100323	1203.9	99.9722	7.84948e-08	66.1041	78.6051	3.6245	1.61661	615	0	-0.0637155	0	20	20
0.0065616	0.000999196	1200.57	99.0814	6.75611e-08	63.8305	76.6644	3.60554	1.61661	615	0	-0.0595666	0	20	20
0.00657302	0.000995268	1197.36	98.1899	5.81504e-08	61.6351	74.7715	3.58678	1.61661	615	0	-0.0555213	0	20	20
0.0065844	0.000991448	1194.26	97.2979	5.00505e-08	59.5152	72.9254	3.56822	1.61661	615	0	-0.0515763	0	20	20
0.0065957	0.000987734	1191.28	96.4055	4.30789e-08	57.4682	71.1249	3.5499	1.61661	615	0	-0.0477313	0	20	20
0.00660696	0.000984123	1188.41	95.5129	3.70783e-08	55.4916	69.3688	3.5318	1.61661	615	0	-0.0439806	0	20	20
0.00661814	0.000980611	1185.64	94.6203	3.19136e-08	53.583	67.6561	3.51392	1.61661	615	0	-0.0403214	0	20	20
0.00662926	0.000977198	1182.98	93.7278	2.74683e-08	51.74	65.9856	3.49627	1.61661	615	0	-0.0367511	0	20	20
0.0066403	0.00097388	1180.41	92.8355	2.36422e-08	49.9604	64.3564	3.47887	1.61661	615	0	-0.0332693	0	20	20
0.00665125	0.000970656	1177.95	91.9436	2.0349e-08	48.242	62.7675	3.46171	1.61661	615	0	-0.0298727	0	20	20
0.00666211	0.000967524	1175.57	91.0524	1.75146e-08	46.5828	61.2177	3.4448	1.61661	615	0	-0.0265586	0	20	20
0.00667288	0.00096448	1173.28	90.1618	1.50749e-08	44.9806	59.7063	3.42815	1.61661	615	0	-0.0233252	0	20	20
0.00668355	0.000961524	1171.08	89.2721	1.29751e-08	43.4335	58.2321	3.41176	1.61661	615	0	-0.0201718	0	20	20
0.00669411	0.000958654	1168.96	88.3835	1.11678e-08	41.9396	56.7944	3.39565	1.61661	615	0	-0.017097	0	20	20
0.00670455	0.000955867	1166.93	87.4961	9.61219e-09	40.4971	55.3921	3.3798	1.61661	615	0	-0.0140983	0	20	20
0.00671488	0.000953162	1164.97	86.61	8.27329e-09	39.1042	54.0245	3.36423	1.61661	615	0	-0.0111744	0	20	20
0.00672509	0.000950537	1163.09	85.7254	7.12089e-09	37.7593	52.6906	3.34893	1.61661	615	0	-0.008324	0	20	20
0.00673516	0.000947991	1161.28	84.8425	6.129e-09	36.4606	51.3897	3.33394	1.61661	615	0	-0.00554771	0	20	20
0.00674509	0.000945523	1159.54	83.9614	5.27528e-09	35.2065	50.1209	3.31923	1.61661	615	0	-0.00284282	0	20	20
0.00675489	0.000943129	1157.87	83.0822	4.54048e-09	33.9956	48.8834	3.30481	1.61661	615	0	-0.00020831	0	20	20
0.00676454	0.000940809	1156.27	82.2051	3.90803e-09	32.8263	47.6764	3.29068	1.61661	615	0	0.00235674	0	20	20
0.00677404	0.000938561	1154.73	81.3303	3.36367e-09	31.6973	46.4993	3.27685	1.61661	615	0	0.00485287	0	20	20
0.00678339	0.000936384	1153.25	80.4579	2.89514e-09	30.6071	45.3512	3.26333	1.61661	615	0	0.00728041	0	20	20
0.00679257	0.000934276	1151.83	79.588	2.49187e-09	29.5543	44.2315	3.2501	1.61661	615	0	0.00964119	0	20	20
0.0068016	0.000932236	1150.47	78.7207	2.14477e-09	28.5378	43.1394	3.23718	1.61661	615	0	0.0119361	0	20	20
0.00681047	0.000930262	1149.16	77.8563	1.84602e-09	27.5563	42.0743	3.22455	1.61661	615	0	0.0141659	0	20	20
0.00681917	0.000928352	1147.91	76.9948	1.58888e-09	26.6085	41.0355	3.21223	1.61661	615	0	0.0163313	0	20	20
0.00682769	0.000926506	1146.71	76.1364	1.36757e-09	25.6933	40.0223	3.20021	1.61661	615	0	0.0184328	0	20	20
0.00683605	0.000924722	1145.56	75.2813	1.17707e-09	24.8096	39.0342	3.18849	1.61661	615	0	0.020472	0	20	20
0.00684423	0.000922997	1144.45	74.4294	1.01312e-09	23.9563	38.0704	3.17706	1.61661	615	0	0.0224499	0	20	20
0.00685225	0.000921331	1143.39	73.5811	8.71998e-10	23.1323	37.1304	3.16593	1.61661	615	0	0.0243675	0	20	20
0.00686009	0.000919723	1142.38	72.7364	7.50536e-10	22.3367	36.2137	3.15508	1.61661	615	0	0.0262259	0	20	20
0.00686776	0.00091817	1141.41	71.8953	6.45992e-10	21.5684	35.3196	3.14453	1.61661	615	0	0.0280257	0	20	20
0.00687525	0.000916671	1140.48	71.0582	5.56011e-10	20.8266	34.4475	3.13426	1.61661	615	0	0.0297683	0	20	20
0.00688257	0.000915225	1139.59	70.225	4.78563e-10	20.1103	33.597	3.12426	1.61661	615	0	0.0314551	0	20	20
0.00688973	0.00091383	1138.74	69.3959	4.11903e-10	19.4186	32.7675	3.11454	1.61661	615	0	0.0330873	0	20	20
0.00689671	0.000912484	1137.93	68.571	3.54528e-10	18.7507	31.9585	3.10508	1.61661	615	0	0.0346661	0	20	20
0.00690353	0.000911187	1137.15	67.7505	3.05145e-10	18.1058	31.1694	3.09589	1.61661	615	0	0.0361929	0	20	20
0.00691019	0.000909937	1136.41	66.9343	2.62641e-10	17.483	30.3998	3.08695	1.61661	615	0	0.0376689	0	20	20
0.00691668	0.000908732	1135.69	66.1227	2.26057e-10	16.8817	29.6493	3.07827	1.61661	615	0	0.0390952	0	20	20
0.00692302	0.00090757	1135.01	65.3158	1.94569e-10	16.3011	28.9172	3.06983	1.61661	615	0	0.0404735	0	20	20
0.0069292	0.000906451	1134.37	64.5135	1.67467e-10	15.7404	28.2032	3.06162	1.61661	615	0	0.0418052	0	20	20
0.00693522	0.000905373	1133.75	63.7161	1.4414e-10	15.199	27.5069	3.05365	1.61661	615	0	0.0430916	0	20	20
0.0069411	0.000904335	1133.16	62.9236	1.24063e-10	14.6763	26.8278	3.0459	1.61661	615	0	0.0443341	0	20	20
0.00694683	0.000903335	1132.59	62.1362	1.06782e-10	14.1715	26.1654	3.03836	1.61661	615	0	0.0455341	0	20	20
0.00695242	0.000902372	1132.06	61.3539	9.1908e-11	13.6841	25.5194	3.03104	1.61661	615	0	0.0466931	0	20	20
0.00695787	0.000901445	1131.54	60.5767	7.91059e-11	13.2134	24.8893	3.02392	1.61661	615	0	0.0478122	0	20	20
0.00696319	0.000900552	1131.06	59.8049	6.80871e-11	12.7589	24.2748	3.017	1.61661	615	0	0.0488928	0	20	20
0.00696837	0.000899692	1130.59	59.0384	5.86031e-11	12.3201	23.6754	3.01027	1.61661	615	0	0.0499364	0	20	20
0.00697343	0.000898864	1130.15	58.2773	5.04402e-11	11.8963	23.0909	3.00373	1.61661	615	0	0.0509443	0	20	20
0.00697836	0.000898068	1129.73	57.5218	4.34142e-11	11.4872	22.5208	2.99736	1.61661	615	0	0.0519177	0	20	20
0.00698318	0.0008973	1129.33	56.7719	3.7367e-11	11.0921	21.9647	2.99117	1.61661	615	0	0.0528581	0	20	20
0.00698788	0.000896562	1128.95	56.0276	3.21621e-11	10.7106	21.4224	2.98514	1.61661	615	0	0.0537666	0	20	20
0.00699246	0.00089585	1128.59	55.289	2.76821e-11	10.3422	20.8935	2.97927	1.61661	615	0	0.0546443	0	20	20
0.00699694	0.000895166	1128.25	54.5562	2.38262e-11	9.98647	20.3776	2.97356	1.61661	615	0	0.0554926	0	20	20
0.00700131	0.000894506	1127.92	53.8293	2.05074e-11	9.64299	19.8745	2.96799	1.61661	615	0	0.0563125	0	20	20
0.00700558	0.000893872	1127.62	53.1082	1.76509e-11	9.31132	19.3838	2.96257	1.61661	615	0	0.0571051	0	20	20
0.00700975	0.00089326	1127.33	52.3932	1.51923e-11	8.99106	18.9052	2.95728	1.61661	615	0	0.0578715	0	20	20
0.00701382	0.000892672	1127.05	51.6841	1.30761e-11	8.68182	18.4384	2.95213	1.61661	615	0	0.0586128	0	20	20
0.00701781	0.000892105	1126.8	50.981	1.12547e-11	8.38321	17.9832	2.94711	1.61661	615	0	0.05933	0	20	20
0.0070217	0.000891559	1126.55	50.2841	9.68703e-12	8.09487	17.5392	2.94221	1.61661	615	0	0.060024	0	20	20
0.00702551	0.000891034	1126.32	49.5933	8.3377e-12	7.81645	17.1061	2.93742	1.61661	615	0	0.0606958	0	20	20
0.00702924	0.000890527	1126.11	48.9087	7.17633e-12	7.54761	16.6838	2.93276	1.61661	615	0	0.0613463	0	20	20
0.00703288	0.00089004	1125.9	48.2303	6.17672e-12	7.28801	16.2719	2.9282	1.61661	615	0	0.0619764	0	20	20
0.00703645	0.00088957	1125.71	47.5582	5.31635e-12	7.03734	15.8701	2.92374	1.61661	615	0	0.0625869	0	20	20
0.00703995	0.000889117	1125.53	46.8923	4.57583e-12	6.7953	15.4783	2.91939	1.61661	615	0	0.0631785	0	20	20
0.00704337	0.000888681	1125.37	46.2327	3.93845e-12	6.56158	15.0961	2.91513	1.61661	615	0	0.0637521	0	20	20
0.00704672	0.000888261	1125.21	45.5795	3.38986e-12	6.33589	14.7234	2.91097	1.61661	615	0	0.0643084	0	20	20
0.00705001	0.000887856	1125.07	44.9326	2.91768e-12	6.11797	14.3599	2.9069	1.61661	615	0	0.064848	0	20	20
0.00705324	0.000887466	1124.93	44.2921	2.51127e-12	5.90755	14.0053	2.90292	1.61661	615	0	0.0653716	0	20	20
0.0070564	0.000887089	1124.81	43.658	2.16147e-12	5.70436	13.6595	2.89902	1.61661	615	0	0.06588	0	20	20
0.0070595	0.000886727	1124.7	43.0302	1.86039e-12	5.50816	13.3223	2.8952	1.61661	615	0	0.0663737	0	20	20
0.00706254	0.000886377	1124.59	42.409	1.60125e-12	5.31871	12.9933	2.89146	1.61661	615	0	0.0668533	0	20	20
0.00706553	0.000886039	1124.5	41.7941	1.37821e-12	5.13578	12.6725	2.88779	1.61661	615	0	0.0673194	0	20	20
0.00706821	0.000885743	1124.41	41.1856	1.18624e-12	4.95913	12.3597	2.8845	1.61661	615	0	0.0679025	0	20	20
0.00706945	0.000885616	1124.34	40.5837	1.02101e-12	4.78857	12.0545	2.883	1.61661	615	0	0.069182	0	20	20
0.00707071	0.000885494	1124.27	39.9881	8.78787e-13	4.62386	11.7569	2.88145	1.61661	615	0	0.070408	0	20	20
0.007072	0.000885378	1124.22	39.399	7.56379e-13	4.46483	11.4666	2.87987	1.61661	615	0	0.0715824	0	20	20
0.00707332	0.000885266	1124.19	38.8163	6.51022e-13	4.31126	11.1835	2.87826	1.61661	615	0	0.0727071	0	20	20
0.00707467	0.000885159	1124.16	38.2401	5.60339e-13	4.16298	10.9074	2.87661	1.61661	615	0	0.0737841	0	20	20
0.00707605	0.000885057	1124.15	37.6703	4.82289e-13	4.0198	10.638	2.87493	1.61661	615	0	0.074815	0	20	20
0.00707746	0.000884958	1124.14	37.1069	4.1511e-13	3.88154	10.3754	2.87321	1.61661	615	0	0.0758016	0	20	20
0.00707889	0.000884863	1124.14	36.5499	3.57288e-13	3.74803	10.1192	2.87147	1.61661	615	0	0.0767455	0	20	20
0.00708035	0.000884771	1124.16	35.9993	3.07521e-13	3.61912	9.86938	2.86969	1.61661	615	0	0.0776484	0	20	20
0.00708184	0.000884683	1124.18	35.4551	2.64686e-13	3.49464	9.62571	2.86789	1.61661	615	0	0.0785117	0	20	20
0.00708334	0.000884597	1124.21	34.9173	2.27817e-13	3.37445	9.38805	2.86606	1.61661	615	0	0.079337	0	20	20
0.00708488	0.000884513	1124.25	34.3858	1.96084e-13	3.25838	9.15625	2.8642	1.61661	615	0	0.0801257	0	20	20
0.00708643	0.000884432	1124.3	33.8607	1.68771e-13	3.14631	8.93019	2.86231	1.61661	615	0	0.0808792	0	20	20
0.00708801	0.000884354	1124.35	33.3418	1.45263e-13	3.0381	8.7097	2.8604	1.61661	615	0	0.0815989	0	20	20
0.00708961	0.000884277	1124.41	32.8292	1.25029e-13	2.9336	8.49466	2.85847	1.61661	615	0	0.0822859	0	20	20
0.00709122	0.000884202	1124.47	32.3229	1.07613e-13	2.8327	8.28492	2.85651	1.61661	615	0	0.0829417	0	20	20
0.00709286	0.000884129	1124.55	31.8229	9.26235e-14	2.73527	8.08037	2.85454	1.61661	615	0	0.0835673	0	20	20
0.00709452	0.000884057	1124.62	31.329	7.97218e-14	2.64119	7.88086	2.85254	1.61661	615	0	0.084164	0	20	20
0.00709619	0.000883987	1124.71	30.8413	6.86172e-14	2.55035	7.68628	2.85052	1.61661	615	0	0.0847328	0	20	20
0.00709788	0.000883918	1124.79	30.3597	5.90593e-14	2.46263	7.49651	2.84849	1.61661	615	0	0.0852749	0	20	20
0.00709958	0.000883851	1124.89	29.8843	5.08329e-14	2.37793	7.31142	2.84644	1.61661	615	0	0.0857914	0	20	20
0.0071013	0.000883784	1124.98	29.4149	4.37522e-14	2.29614	7.1309	2.84437	1.61661	615	0	0.0862831	0	20	20
0.00710303	0.000883718	1125.09	28.9516	3.76579e-14	2.21717	6.95484	2.84229	1.61661	615	0	0.0867511	0	20	20
0.00710478	0.000883654	1125.19	28.4943	3.24125e-14	2.14091	6.78312	2.84019	1.61661	615	0	0.0871964	0	20	20
0.00710654	0.00088359	1125.3	28.0429	2.78977e-14	2.06727	6.61564	2.83809	1.61661	615	0	0.0876199	0	20	20
0.00710831	0.000883526	1125.41	27.5975	2.40117e-14	1.99617	6.4523	2.83597	1.61661	615	0	0.0880223	0	20	20
0.00711009	0.000883464	1125.53	27.158	2.06671e-14	1.92751	6.293	2.83384	1.61661	615	0	0.0884047	0	20	20
0.00711188	0.000883402	1125.65	26.7243	1.77883e-14	1.86122	6.13762	2.8317	1.61661	615	0	0.0887677	0	20	20
0.00711367	0.000883341	1125.77	26.2965	1.53106e-14	1.7972	5.98608	2.82956	1.61661	615	0	0.0891122	0	20	20
0.00711548	0.00088328	1125.9	25.8744	1.31779e-14	1.73539	5.83829	2.8274	1.61661	615	0	0.0894389	0	20	20
0.00711729	0.000883219	1126.02	25.458	1.13423e-14	1.6757	5.69414	2.82524	1.61661	615	0	0.0897486	0	20	20
0.00711911	0.000883159	1126.15	25.0473	9.76244e-15	1.61806	5.55355	2.82307	1.61661	615	0	0.0900419	0	20	20
0.00712094	0.000883099	1126.28	24.6423	8.40261e-15	1.56241	5.41643	2.8209	1.61661	615	0	0.0903196	0	20	20
0.00712277	0.00088304	1126.42	24.2428	7.2322e-15	1.50867	5.2827	2.81873	1.61661	615	0	0.0905823	0	20	20
0.00712461	0.000882981	1126.55	23.8489	6.22481e-15	1.45678	5.15227	2.81655	1.61661	615	0	0.0908307	0	20	20
0.00712645	0.000882922	1126.69	23.4604	5.35774e-15	1.40668	5.02506	2.81437	1.61661	615	0	0.0910652	0	20	20
0.00712829	0.000882863	1126.83	23.0775	4.61145e-15	1.3583	4.90099	2.81218	1.61661	615	0	0.0912866	0	20	20
0.00713014	0.000882804	1126.97	22.6999	3.96911e-15	1.31158	4.77998	2.81	1.61661	615	0	0.0914954	0	20	20
0.00713199	0.000882745	1127.11	22.3277	3.41625e-15	1.26647	4.66197	2.80781	1.61661	615	0	0.0916921	0	20	20
0.00713384	0.000882687	1127.25	21.9608	2.94039e-15	1.22291	4.54686	2.80562	1.61661	615	0	0.0918772	0	20	20
0.0071357	0.000882628	1127.39	21.5991	2.53082e-15	1.18085	4.4346	2.80344	1.61661	615	0	0.0920513	0	20	20
0.00713755	0.00088257	1127.54	21.2427	2.1783e-15	1.14023	4.32511	2.80125	1.61661	615	0	0.0922148	0	20	20
0.00713941	0.000882511	1127.68	20.8914	1.87488e-15	1.10101	4.21832	2.79907	1.61661	615	0	0.0923682	0	20	20
0.00714126	0.000882453	1127.83	20.5452	1.61372e-15	1.06314	4.11417	2.79689	1.61661	615	0	0.0925119	0	20	20
0.00714312	0.000882394	1127.97	20.204	1.38894e-15	1.02658	4.01259	2.79471	1.61661	615	0	0.0926464	0	20	20
0.00714497	0.000882335	1128.12	19.8679	1.19547e-15	0.991269	3.91352	2.79253	1.61661	615	0	0.092772	0	20	20
0.00714683	0.000882277	1128.27	19.5367	1.02895e-15	0.957175	3.81689	2.79036	1.61661	615	0	0.0928893	0	20	20
0.00714868	0.000882218	1128.42	19.2104	8.85629e-16	0.924253	3.72266	2.78819	1.61661	615	0	0.0929985	0	20	20
0.00715053	0.000882158	1128.56	18.8889	7.62268e-16	0.892464	3.63074	2.78602	1.61661	615	0	0.0930999	0	20	20
0.00715238	0.000882099	1128.71	18.5723	6.5609e-16	0.861768	3.5411	2.78386	1.61661	615	0	0.0931941	0	20	20
0.00715423	0.00088204	1128.86	18.2604	5.64702e-16	0.832128	3.45367	2.78171	1.61661	615	0	0.0932812	0	20	20
0.00715608	0.00088198	1129.01	17.9532	4.86043e-16	0.803507	3.3684	2.77955	1.61661	615	0	0.0933617	0	20	20
0.00715792	0.00088192	1129.16	17.6506	4.18342e-16	0.775871	3.28523	2.77741	1.61661	615	0	0.0934358	0	20	20
0.00715976	0.00088186	1129.3	17.3526	3.6007e-16	0.749185	3.20412	2.77526	1.61661	615	0	0.0935038	0	20	20
0.0071616	0.000881799	1129.45	17.0592	3.09915e-16	0.723417	3.12501	2.77313	1.61661	615	0	0.0935661	0	20	20
0.00716344	0.000881739	1129.6	16.7702	2.66746e-16	0.698536	3.04785	2.77099	1.61661	615	0	0.0936228	0	20	20
0.00716527	0.000881678	1129.75	16.4856	2.29591e-16	0.67451	2.9726	2.76887	1.61661	615	0	0.0936743	0	20	20
0.0071671	0.000881616	1129.89	16.2055	1.97611e-16	0.65131	2.89921	2.76675	1.61661	615	0	0.0937207	0	20	20
0.00716892	0.000881555	1130.04	15.9296	1.70085e-16	0.628909	2.82763	2.76464	1.61661	615	0	0.0937624	0	20	20
0.00717075	0.000881493	1130.19	15.6581	1.46393e-16	0.607278	2.75781	2.76253	1.61661	615	0	0.0937996	0	20	20
0.00717257	0.00088143	1130.33	15.3907	1.26002e-16	0.586391	2.68972	2.76043	1.61661	615	0	0.0938325	0	20	20
0.00717438	0.000881368	1130.48	15.1275	1.08451e-16	0.566222	2.62331	2.75833	1.61661	615	0	0.0938612	0	20	20
0.00717619	0.000881305	1130.62	14.8685	9.33446e-17	0.546747	2.55854	2.75625	1.61661	615	0	0.0938861	0	20	20
0.007178	0.000881241	1130.77	14.6135	8.03424e-17	0.527942	2.49537	2.75417	1.61661	615	0	0.0939072	0	20	20
0.0071798	0.000881177	1130.91	14.3625	6.91514e-17	0.509784	2.43376	2.75209	1.61661	615	0	0.0939248	0	20	20
0.0071816	0.000881113	1131.06	14.1155	5.95191e-17	0.49225	2.37367	2.75002	1.61661	615	0	0.0939391	0	20	20
0.00718339	0.000881049	1131.2	13.8724	5.12286e-17	0.475319	2.31506	2.74796	1.61661	615	0	0.0939502	0	20	20
0.00718518	0.000880984	1131.34	13.6332	4.40929e-17	0.458971	2.2579	2.74591	1.61661	615	0	0.0939582	0	20	20
0.00718697	0.000880918	1131.48	13.3977	3.79511e-17	0.443185	2.20216	2.74386	1.61661	615	0	0.0939634	0	20	20
0.00718875	0.000880852	1131.62	13.1661	3.26648e-17	0.427941	2.14779	2.74182	1.61661	615	0	0.0939659	0	20	20
0.00719053	0.000880786	1131.76	12.9381	2.81149e-17	0.413223	2.09476	2.73979	1.61661	615	0	0.0939659	0	20	20
0.0071923	0.000880719	1131.9	12.7138	2.41987e-17	0.39901	2.04304	2.73777	1.61661	615	0	0.0939633	0	20	20
0.00719407	0.000880652	1132.04	12.4932	2.0828e-17	0.385286	1.99259	2.73575	1.61661	615	0	0.0939585	0	20	20
0.00719584	0.000880584	1132.18	12.2761	1.79268e-17	0.372034	1.9434	2.73374	1.61661	615	0	0.0939515	0	20	20
0.0071976	0.000880516	1132.31	12.0625	1.54298e-17	0.359238	1.89541	2.73173	1.61661	615	0	0.0939424	0	20	20
0.00719935	0.000880447	1132.45	11.8524	1.32805e-17	0.346883	1.84862	2.72973	1.61661	615	0	0.0939314	0	20	20
0.0072011	0.000880378	1132.58	11.6457	1.14306e-17	0.334952	1.80297	2.72774	1.61661	615	0	0.0939185	0	20	20
0.00720285	0.000880309	1132.72	11.4423	9.83845e-18	0.323431	1.75846	2.72576	1.61661	615	0	0.0939039	0	20	20
0.00720459	0.000880239	1132.85	11.2423	8.46803e-18	0.312307	1.71504	2.72378	1.61661	615	0	0.0938876	0	20	20
0.00720633	0.000880168	1132.98	11.0456	7.2885e-18	0.301565	1.6727	2.72181	1.61661	615	0	0.0938697	0	20	20
0.00720806	0.000880097	1133.12	10.8521	6.27327e-18	0.291193	1.6314	2.71985	1.61661	615	0	0.0938504	0	20	20
0.00720979	0.000880025	1133.25	10.6619	5.39946e-18	0.281178	1.59112	2.71789	1.61661	615	0	0.0938297	0	20	20
0.00721151	0.000879953	1133.38	10.4747	4.64735e-18	0.271507	1.55183	2.71594	1.61661	615	0	0.0938077	0	20	20
0.00721323	0.000879881	1133.5	10.2906	4.00001e-18	0.262168	1.51352	2.714	1.61661	615	0	0.0937845	0	20	20
0.00721495	0.000879808	1133.63	10.1096	3.44284e-18	0.253151	1.47615	2.71207	1.61661	615	0	0.0937601	0	20	20
0.00721666	0.000879734	1133.76	9.93164	2.96328e-18	0.244444	1.4397	2.71014	1.61661	615	0	0.0937346	0	20	20
0.00721837	0.00087966	1133.88	9.75661	2.55052e-18	0.236036	1.40416	2.70822	1.61661	615	0	0.0937081	0	20	20
0.00722007	0.000879585	1134.01	9.5845	2.19525e-18	0.227918	1.36949	2.7063	1.61661	615	0	0.0936807	0	20	20
0.00722177	0.00087951	1134.13	9.41527	1.88947e-18	0.220079	1.33568	2.70439	1.61661	615	0	0.0936524	0	20	20
0.00722346	0.000879435	1134.26	9.24887	1.62628e-18	0.212509	1.3027	2.70249	1.61661	615	0	0.0936232	0	20	20
0.00722515	0.000879359	1134.38	9.08527	1.39976e-18	0.2052	1.27053	2.70059	1.61661	615	0	0.0935932	0	20	20
0.00722684	0.000879282	1134.5	8.92441	1.20478e-18	0.198142	1.23916	2.6987	1.61661	615	0	0.0935625	0	20	20
0.00722852	0.000879205	1134.62	8.76627	1.03696e-18	0.191327	1.20857	2.69682	1.61661	615	0	0.0935312	0	20	20
0.0072302	0.000879127	1134.74	8.6108	8.92524e-19	0.184747	1.17873	2.69494	1.61661	615	0	0.0934991	0	20	20
0.00723187	0.000879049	1134.86	8.45795	7.68203e-19	0.178393	1.14963	2.69307	1.61661	615	0	0.0934665	0	20	20
0.00723354	0.00087897	1134.98	8.3077	6.61198e-19	0.172257	1.12124	2.69121	1.61661	615	0	0.0934334	0	20	20
0.0072352	0.000878891	1135.09	8.15999	5.69098e-19	0.166332	1.09356	2.68935	1.61661	615	0	0.0933997	0	20	20
0.00723686	0.000878812	1135.21	8.0148	4.89828e-19	0.160611	1.06656	2.6875	1.61661	615	0	0.0933656	0	20	20
0.00723852	0.000878732	1135.32	7.87207	4.21598e-19	0.155087	1.04023	2.68566	1.61661	615	0	0.093331	0	20	20
0.00724018	0.000878651	1135.44	7.73179	3.62873e-19	0.149753	1.01454	2.68382	1.61661	615	0	0.0932961	0	20	20
0.00724183	0.00087857	1135.55	7.59389	3.12328e-19	0.144602	0.989493	2.68198	1.61661	615	0	0.0932608	0	20	20
0.00724347	0.000878488	1135.66	7.45836	2.68823e-19	0.139629	0.965062	2.68016	1.61661	615	0	0.0932251	0	20	20
0.00724511	0.000878406	1135.77	7.32515	2.31378e-19	0.134826	0.941235	2.67833	1.61661	615	0	0.0931891	0	20	20
0.00724675	0.000878323	1135.88	7.19422	1.99149e-19	0.130189	0.917995	2.67652	1.61661	615	0	0.0931529	0	20	20
0.00724838	0.00087824	1135.99	7.06554	1.71409e-19	0.125711	0.89533	2.67471	1.61661	615	0	0.0931164	0	20	20
0.00725002	0.000878157	1136.1	6.93908	1.47533e-19	0.121387	0.873224	2.6729	1.61661	615	0	0.0930797	0	20	20
0.00725164	0.000878073	1136.21	6.8148	1.26983e-19	0.117212	0.851664	2.67111	1.61661	615	0	0.0930428	0	20	20
0.00725327	0.000877988	1136.31	6.69266	1.09295e-19	0.113181	0.830637	2.66931	1.61661	615	0	0.0930057	0	20	20
