0.00936804	
0.00743729	
0.0058768	
0.00508709	
0.00460697	
0.00427303	
0.00401603	
0.00380747	
0.00364858	
0.00355594	
0.00355553	
0.00367917	
0.0038965	
0.00418649	
0.00454099	
0.00496101	
0.0054535	
0.00602947	
0.00670312	
0.00749153	
0.00841483	
0.00949664	
0.0107647	
0.0122513	
0.0139894	
0.0160192	
0.0184622	
0.0215185	
0.0254434	
0.0304698	
0.0408106	
0.0510336	
0.0544562	
0.0528437	
0.0498126	
0.0468433	
0.0442835	
0.042171	
0.0404647	
0.0391042	
0.0380294	
0.0371872	
0.0365328	
0.0360298	
0.0356484	
0.0353647	
0.0351593	
0.0350167	
0.0349243	
0.034872	
0.0348517	
0.0348645	
0.0349304	
0.0350429	
0.0351942	
0.0353771	
0.0355855	
0.0358139	
0.0360574	
0.0363117	
0.0365732	
0.0368385	
0.0371049	
0.0373699	
0.0376316	
0.0378882	
0.0381384	
0.038381	
0.0386152	
0.0388404	
0.039056	
0.0392618	
0.0394577	
