0.00890634	
0.00568087	
0.00421179	
0.00352985	
0.00308225	
0.00273142	
0.00242342	
0.00214391	
0.00191279	
0.00176098	
0.00169718	
0.0017332	
0.00185073	
0.00202592	
0.00224869	
0.00253859	
0.00288015	
0.00328106	
0.0037632	
0.00434133	
0.00503758	
0.00587785	
0.00688484	
0.00807374	
0.0094393	
0.0109458	
0.0125729	
0.0143045	
0.0161167	
0.0179711	
0.0198199	
0.0216319	
0.0233325	
0.0248276	
0.0259842	
0.0266962	
0.0268905	
0.0265565	
0.025759	
0.0246224	
0.0232942	
0.0219091	
0.0205678	
0.019332	
0.0182305	
0.0172695	
0.0164419	
0.0158877	
0.0157589	
0.0155814	
0.0153682	
0.015131	
0.0148796	
0.0146216	
0.0143631	
0.0141084	
0.0138607	
0.0136218	
0.0133931	
0.0131749	
0.0129676	
0.0127708	
0.0125841	
0.0124071	
0.0122392	
0.0120796	
0.0119279	
0.0117834	
0.0116455	
0.0115138	
0.0113876	
0.0112666	
0.0111504	
