0.00866132	0.000693393	1101	184.5	76.5	0	0	1.56764	1.61661	615	0	0.149314	0	20	20
0.00879248	0.000715615	1151.74	184.391	76.4694	36.6266	12.343	1.49853	1.61661	615	0	-0.309947	0	20	20
0.00895746	0.000764372	1251.04	184.281	76.4339	107.407	36.4353	1.41725	1.61661	615	0	-1.11622	0	20	20
0.00903992	0.000815771	1346.54	184.168	76.3927	175.841	59.9626	1.37882	1.61661	615	0	-1.7714	0	20	20
0.009071	0.000868065	1437.92	184.054	76.3448	242.004	82.9369	1.36469	1.61661	615	0	-2.30947	0	20	20
0.00907114	0.0009202	1525.24	183.937	76.2893	305.969	105.37	1.36463	1.61661	615	0	-2.75638	0	20	20
0.00905242	0.000971692	1608.85	183.818	76.2249	367.813	127.277	1.37311	1.61661	615	0	-3.13269	0	20	20
0.0090219	0.00102236	1689.17	183.698	76.1502	427.611	148.67	1.38709	1.61661	615	0	-3.45399	0	20	20
0.0089838	0.00107217	1766.57	183.575	76.0636	485.441	169.564	1.40482	1.61661	615	0	-3.73188	0	20	20
0.00894072	0.00112114	1841.37	183.45	75.9633	541.381	189.977	1.42522	1.61661	615	0	-3.97497	0	20	20
0.00889433	0.00116928	1913.82	183.323	75.847	595.515	209.925	1.44764	1.61661	615	0	-4.18971	0	20	20
0.00884572	0.00121662	1984.1	183.193	75.7124	647.926	229.428	1.47164	1.61661	615	0	-4.38107	0	20	20
0.00879562	0.00126319	2052.35	183.061	75.5566	698.703	248.507	1.49693	1.61661	615	0	-4.55292	0	20	20
0.00874455	0.00130903	2118.72	182.927	75.3764	747.937	267.183	1.52331	1.61661	615	0	-4.70835	0	20	20
0.00869285	0.00135417	2183.32	182.791	75.1681	795.726	285.482	1.55065	1.61661	615	0	-4.84986	0	20	20
0.00864075	0.00139865	2246.28	182.652	74.9275	842.17	303.431	1.57887	1.61661	615	0	-4.9795	0	20	20
0.0085884	0.00144254	2307.71	182.511	74.6499	887.377	321.058	1.60792	1.61661	615	0	-5.09897	0	20	20
0.00853587	0.0014859	2367.74	182.368	74.33	931.461	338.396	1.63778	1.61661	615	0	-5.20974	0	20	20
0.00848322	0.00152882	2426.52	182.222	73.9617	974.54	355.48	1.66847	1.61661	615	0	-5.31304	0	20	20
0.00843042	0.00157137	2484.2	182.073	73.5383	1016.74	372.345	1.70002	1.61661	615	0	-5.40994	0	20	20
0.00837744	0.00161367	2540.93	181.922	73.0526	1058.19	389.033	1.73247	1.61661	615	0	-5.50136	0	20	20
0.00832422	0.00165583	2596.87	181.768	72.4961	1099.03	405.584	1.76591	1.61661	615	0	-5.58811	0	20	20
0.00827068	0.00169796	2652.19	181.612	71.8602	1139.41	422.043	1.80043	1.61661	615	0	-5.6709	0	20	20
0.00821671	0.00174019	2707.07	181.453	71.1353	1179.45	438.454	1.83614	1.61661	615	0	-5.75036	0	20	20
0.00816222	0.00178265	2761.69	181.291	70.3111	1219.3	454.863	1.87316	1.61661	615	0	-5.82705	0	20	20
0.0081071	0.00182548	2816.2	181.127	69.3773	1259.1	471.313	1.91163	1.61661	615	0	-5.90145	0	20	20
0.00805124	0.00186879	2870.78	180.959	68.323	1298.98	487.847	1.95169	1.61661	615	0	-5.97397	0	20	20
0.00799455	0.0019127	2925.54	180.789	67.1377	1339.05	504.501	1.99351	1.61661	615	0	-6.04496	0	20	20
0.00793696	0.0019573	2980.61	180.616	65.8111	1379.4	521.305	2.03721	1.61661	615	0	-6.11469	0	20	20
0.00787844	0.00200267	3036.04	180.44	64.3342	1420.09	538.278	2.08296	1.61661	615	0	-6.18335	0	20	20
0.00781897	0.00204882	3091.87	180.261	62.6995	1461.13	555.428	2.13084	1.61661	615	0	-6.25106	0	20	20
0.00775862	0.00209575	3148.04	180.079	60.9015	1502.51	572.744	2.18096	1.61661	615	0	-6.31786	0	20	20
0.00769749	0.00214336	3204.44	179.894	58.9379	1544.13	590.199	2.23333	1.61661	615	0	-6.38367	0	20	20
0.00763578	0.00219152	3260.86	179.706	56.8097	1585.85	607.74	2.28792	1.61661	615	0	-6.44836	0	20	20
0.00757373	0.00224	3317.04	179.514	54.5225	1627.45	625.294	2.34461	1.61661	615	0	-6.51168	0	20	20
0.00751167	0.0022885	3372.58	179.32	52.086	1668.64	642.763	2.40321	1.61661	615	0	-6.57332	0	20	20
0.00744999	0.00233664	3427.03	179.122	49.5151	1709.08	660.024	2.46339	1.61661	615	0	-6.63289	0	20	20
0.00738917	0.00238398	3479.85	178.921	46.8297	1748.35	676.935	2.52472	1.61661	615	0	-6.68994	0	20	20
0.00732969	0.00243002	3530.46	178.717	44.0538	1786.01	693.34	2.58669	1.61661	615	0	-6.744	0	20	20
0.00727207	0.00247421	3578.24	178.509	41.2153	1821.57	709.069	2.64865	1.61661	615	0	-6.79457	0	20	20
0.00721686	0.002516	3622.58	178.297	38.3448	1854.57	723.956	2.70991	1.61661	615	0	-6.84117	0	20	20
0.00716455	0.00255486	3662.89	178.083	35.4743	1884.54	737.835	2.76971	1.61661	615	0	-6.88336	0	20	20
0.00711559	0.00259029	3698.63	177.864	32.6358	1911.08	750.559	2.82728	1.61661	615	0	-6.92074	0	20	20
0.00707037	0.00262185	3729.38	177.643	29.8599	1933.84	762	2.88187	1.61661	615	0	-6.95299	0	20	20
0.00702919	0.00264919	3754.79	177.417	27.1745	1952.58	772.059	2.93281	1.61661	615	0	-6.97988	0	20	20
0.00699227	0.00267208	3774.64	177.188	24.6037	1967.11	780.665	2.97952	1.61661	615	0	-7.00125	0	20	20
0.00695972	0.00269037	3788.86	176.955	22.1672	1977.37	787.781	3.02152	1.61661	615	0	-7.01706	0	20	20
0.00693156	0.00270402	3797.47	176.718	19.8799	1983.37	793.401	3.0585	1.61661	615	0	-7.02732	0	20	20
0.00690772	0.00271309	3800.6	176.478	17.7517	1985.23	797.547	3.09026	1.61661	615	0	-7.03215	0	20	20
0.00688808	0.00271773	3798.48	176.233	15.7881	1983.12	800.268	3.11677	1.61661	615	0	-7.03169	0	20	20
0.00687204	0.00271827	3791.42	175.985	13.9901	1977.27	801.631	3.13865	1.61661	615	0	-7.02238	0	20	20
0.00685818	0.00271532	3779.78	175.733	12.3554	1967.96	801.719	3.15772	1.61661	615	0	-6.99332	0	20	20
0.0068463	0.00270916	3763.96	175.476	10.8785	1955.48	800.625	3.17419	1.61661	615	0	-6.94628	0	20	20
0.00683621	0.0027001	3744.39	175.216	9.55195	1940.16	798.45	3.18826	1.61661	615	0	-6.88316	0	20	20
0.00682772	0.00268845	3721.48	174.951	8.36659	1922.32	795.293	3.20017	1.61661	615	0	-6.80589	0	20	20
0.00682065	0.0026745	3695.62	174.683	7.31231	1902.25	791.256	3.21013	1.61661	615	0	-6.71634	0	20	20
0.00681484	0.00265853	3667.22	174.41	6.37848	1880.26	786.433	3.21835	1.61661	615	0	-6.61631	0	20	20
0.00681011	0.0026408	3636.62	174.132	5.55436	1856.63	780.917	3.22505	1.61661	615	0	-6.50749	0	20	20
0.00680635	0.00262156	3604.15	173.851	4.8294	1831.62	774.791	3.23041	1.61661	615	0	-6.39143	0	20	20
0.0068034	0.00260103	3570.11	173.565	4.19349	1805.44	768.133	3.23461	1.61661	615	0	-6.26953	0	20	20
0.00680117	0.0025794	3534.77	173.274	3.63707	1778.31	761.012	3.2378	1.61661	615	0	-6.14303	0	20	20
0.00679954	0.00255685	3498.36	172.979	3.15127	1750.42	753.491	3.24012	1.61661	615	0	-6.01302	0	20	20
0.00679844	0.00253354	3461.1	172.68	2.72794	1721.92	745.626	3.2417	1.61661	615	0	-5.88046	0	20	20
0.00679778	0.0025096	3423.15	172.376	2.35965	1692.95	737.466	3.24264	1.61661	615	0	-5.74617	0	20	20
0.0067975	0.00248515	3384.68	172.067	2.03971	1663.65	729.053	3.24304	1.61661	615	0	-5.61086	0	20	20
0.00679754	0.00246029	3345.83	171.753	1.76213	1634.1	720.426	3.24299	1.61661	615	0	-5.47512	0	20	20
0.00679785	0.00243511	3306.7	171.435	1.52155	1604.4	711.616	3.24254	1.61661	615	0	-5.33946	0	20	20
0.0067984	0.00240968	3267.4	171.112	1.31324	1574.63	702.653	3.24176	1.61661	615	0	-5.2043	0	20	20
0.00679914	0.00238407	3228	170.784	1.13301	1544.85	693.561	3.24069	1.61661	615	0	-5.06998	0	20	20
0.00680006	0.00235833	3188.59	170.451	0.977206	1515.11	684.361	3.23938	1.61661	615	0	-4.9368	0	20	20
0.00680113	0.00233251	3149.22	170.114	0.842585	1485.46	675.071	3.23786	1.61661	615	0	-4.80498	0	20	20
0.00680233	0.00230664	3109.94	169.771	0.726331	1455.93	665.708	3.23614	1.61661	615	0	-4.67472	0	20	20
0.00680364	0.00228077	3070.79	169.423	0.625985	1426.56	656.285	3.23427	1.61661	615	0	-4.54619	0	20	20
0.006805	0.00225492	3031.81	169.07	0.539403	1397.38	646.814	3.23233	1.61661	615	0	-4.41957	0	20	20
0.00680644	0.00222911	2993.03	168.712	0.464724	1368.4	637.306	3.23028	1.61661	615	0	-4.29492	0	20	20
0.00680795	0.00220337	2954.47	168.348	0.400329	1339.63	627.77	3.22814	1.61661	615	0	-4.17231	0	20	20
0.00680954	0.0021777	2916.15	167.98	0.344818	1311.11	618.215	3.22587	1.61661	615	0	-4.05177	0	20	20
0.00681121	0.00215212	2878.1	167.606	0.296973	1282.83	608.647	3.2235	1.61661	615	0	-3.93335	0	20	20
0.00681296	0.00212664	2840.32	167.226	0.255745	1254.81	599.073	3.22101	1.61661	615	0	-3.81706	0	20	20
0.00681479	0.00210128	2802.83	166.841	0.220224	1227.05	589.498	3.21842	1.61661	615	0	-3.70295	0	20	20
0.00681672	0.00207603	2765.65	166.451	0.189625	1199.57	579.93	3.21569	1.61661	615	0	-3.59101	0	20	20
0.00681873	0.00205091	2728.78	166.055	0.163268	1172.36	570.371	3.21284	1.61661	615	0	-3.48127	0	20	20
0.00682086	0.00202592	2692.23	165.654	0.140567	1145.44	560.828	3.20984	1.61661	615	0	-3.37369	0	20	20
0.00682308	0.00200107	2656.01	165.247	0.121018	1118.81	551.304	3.2067	1.61661	615	0	-3.2683	0	20	20
0.00682543	0.00197637	2620.13	164.835	0.104184	1092.47	541.803	3.20339	1.61661	615	0	-3.16507	0	20	20
0.00682791	0.00195181	2584.59	164.416	0.0896893	1066.42	532.33	3.1999	1.61661	615	0	-3.06402	0	20	20
0.00683052	0.00192742	2549.41	163.992	0.0772089	1040.67	522.889	3.19624	1.61661	615	0	-2.96513	0	20	20
0.00683327	0.00190318	2514.59	163.562	0.0664636	1015.22	513.483	3.19238	1.61661	615	0	-2.86837	0	20	20
0.00683616	0.00187911	2480.14	163.127	0.0572127	990.077	504.116	3.18833	1.61661	615	0	-2.77378	0	20	20
0.00683921	0.00185521	2446.06	162.685	0.0492485	965.242	494.791	3.18407	1.61661	615	0	-2.68131	0	20	20
0.00684243	0.00183149	2412.37	162.238	0.0423924	940.717	485.513	3.17957	1.61661	615	0	-2.59095	0	20	20
0.00684582	0.00180796	2379.06	161.785	0.0364903	916.506	476.284	3.17485	1.61661	615	0	-2.5027	0	20	20
0.0068494	0.00178462	2346.15	161.325	0.0314096	892.613	467.109	3.16987	1.61661	615	0	-2.41653	0	20	20
0.00685319	0.00176146	2313.65	160.86	0.027036	869.041	457.991	3.16462	1.61661	615	0	-2.33243	0	20	20
0.00685717	0.00173852	2281.55	160.389	0.0232712	845.793	448.933	3.15911	1.61661	615	0	-2.25039	0	20	20
0.00686137	0.00171578	2249.88	159.911	0.0200306	822.874	439.939	3.15331	1.61661	615	0	-2.17041	0	20	20
0.0068658	0.00169325	2218.63	159.428	0.0172411	800.288	431.013	3.14721	1.61661	615	0	-2.09245	0	20	20
0.00687047	0.00167095	2187.82	158.938	0.01484	778.037	422.158	3.14081	1.61661	615	0	-2.0165	0	20	20
0.00687536	0.00164887	2157.45	158.442	0.0127733	756.128	413.378	3.13411	1.61661	615	0	-1.94257	0	20	20
0.0068805	0.00162704	2127.53	157.94	0.0109943	734.563	404.677	3.12709	1.61661	615	0	-1.87062	0	20	20
0.0068859	0.00160545	2098.08	157.431	0.00946308	713.349	396.057	3.11973	1.61661	615	0	-1.80064	0	20	20
0.00689157	0.00158411	2069.09	156.917	0.00814509	692.488	387.523	3.11204	1.61661	615	0	-1.73261	0	20	20
0.0068975	0.00156304	2040.58	156.396	0.00701065	671.986	379.078	3.10402	1.61661	615	0	-1.66653	0	20	20
0.0069037	0.00154223	2012.56	155.868	0.0060342	651.848	370.727	3.09567	1.61661	615	0	-1.60237	0	20	20
0.00691017	0.00152171	1985.04	155.335	0.00519374	632.078	362.471	3.08698	1.61661	615	0	-1.54011	0	20	20
0.00691693	0.00150148	1958.02	154.795	0.00447034	612.683	354.316	3.07794	1.61661	615	0	-1.47974	0	20	20
0.00692396	0.00148154	1931.51	154.249	0.00384768	593.666	346.265	3.06857	1.61661	615	0	-1.42124	0	20	20
0.00693128	0.00146191	1905.53	153.696	0.00331176	575.033	338.32	3.05886	1.61661	615	0	-1.36459	0	20	20
0.00693888	0.00144261	1880.07	153.137	0.00285047	556.789	330.487	3.04883	1.61661	615	0	-1.30977	0	20	20
0.00694675	0.00142362	1855.16	152.571	0.00245344	538.939	322.768	3.03848	1.61661	615	0	-1.25676	0	20	20
0.00695488	0.00140498	1830.8	151.999	0.0021117	521.489	315.167	3.02782	1.61661	615	0	-1.20554	0	20	20
0.00696329	0.00138669	1806.99	151.421	0.00181757	504.444	307.687	3.01688	1.61661	615	0	-1.15609	0	20	20
0.00697194	0.00136876	1783.75	150.836	0.0015644	487.808	300.332	3.00566	1.61661	615	0	-1.10838	0	20	20
0.00698083	0.00135119	1761.08	150.245	0.00134649	471.588	293.106	2.99419	1.61661	615	0	-1.06241	0	20	20
0.00698994	0.00133401	1739	149.647	0.00115894	455.787	286.011	2.9825	1.61661	615	0	-1.01814	0	20	20
0.00699925	0.00131722	1717.5	149.043	0.000997512	440.412	279.052	2.97061	1.61661	615	0	-0.975553	0	20	20
0.00700875	0.00130084	1696.61	148.432	0.000858568	425.466	272.231	2.95855	1.61661	615	0	-0.934626	0	20	20
0.0070184	0.00128487	1676.32	147.815	0.000738977	410.956	265.551	2.94636	1.61661	615	0	-0.895338	0	20	20
0.00702817	0.00126933	1656.64	147.192	0.000636045	396.886	259.017	2.93408	1.61661	615	0	-0.857666	0	20	20
0.00703804	0.00125423	1637.58	146.562	0.000547449	383.26	252.63	2.92176	1.61661	615	0	-0.821586	0	20	20
0.00704796	0.00123957	1619.15	145.926	0.000471194	370.082	246.394	2.90945	1.61661	615	0	-0.787077	0	20	20
0.0070579	0.00122538	1601.34	145.283	0.000405561	357.354	240.311	2.89717	1.61661	615	0	-0.754101	0	20	20
0.00706785	0.00121163	1584.14	144.634	0.00034907	345.063	234.377	2.88495	1.61661	615	0	-0.722595	0	20	20
0.00707782	0.00119831	1567.53	143.979	0.000300448	333.194	228.59	2.87277	1.61661	615	0	-0.692484	0	20	20
0.00708782	0.00118541	1551.5	143.317	0.000258598	321.734	222.947	2.86063	1.61661	615	0	-0.663698	0	20	20
0.00709785	0.00117292	1536.02	142.649	0.000222577	310.668	217.442	2.84853	1.61661	615	0	-0.636171	0	20	20
0.0071079	0.00116082	1521.07	141.975	0.000191574	299.983	212.073	2.83645	1.61661	615	0	-0.609838	0	20	20
0.007118	0.0011491	1506.65	141.295	0.000164889	289.665	206.837	2.8244	1.61661	615	0	-0.584639	0	20	20
0.00712815	0.00113775	1492.72	140.608	0.000141922	279.702	201.73	2.81236	1.61661	615	0	-0.560517	0	20	20
0.00713834	0.00112675	1479.28	139.915	0.000122153	270.082	196.75	2.80033	1.61661	615	0	-0.537418	0	20	20
0.00714858	0.0011161	1466.3	139.216	0.000105138	260.793	191.892	2.78831	1.61661	615	0	-0.515292	0	20	20
0.00715887	0.00110578	1453.78	138.511	9.04933e-05	251.823	187.154	2.77631	1.61661	615	0	-0.494093	0	20	20
0.00716921	0.00109578	1441.7	137.8	7.78883e-05	243.161	182.533	2.7643	1.61661	615	0	-0.473772	0	20	20
0.00717962	0.00108609	1430.04	137.083	6.70391e-05	234.798	178.026	2.7523	1.61661	615	0	-0.454286	0	20	20
0.00719009	0.0010767	1418.79	136.36	5.77011e-05	226.722	173.631	2.74029	1.61661	615	0	-0.435595	0	20	20
0.00720063	0.00106761	1407.94	135.631	4.96638e-05	218.924	169.344	2.72828	1.61661	615	0	-0.417659	0	20	20
0.00721122	0.00105879	1397.48	134.896	4.2746e-05	211.394	165.163	2.71627	1.61661	615	0	-0.400444	0	20	20
0.00722189	0.00105025	1387.38	134.156	3.67919e-05	204.124	161.085	2.70426	1.61661	615	0	-0.383912	0	20	20
0.00723262	0.00104197	1377.65	133.41	3.1667e-05	197.103	157.108	2.69224	1.61661	615	0	-0.368029	0	20	20
0.00724343	0.00103394	1368.26	132.658	2.72561e-05	190.324	153.229	2.68021	1.61661	615	0	-0.352767	0	20	20
0.0072543	0.00102617	1359.2	131.9	2.34595e-05	183.777	149.446	2.66818	1.61661	615	0	-0.338095	0	20	20
0.00726524	0.00101863	1350.47	131.137	2.01918e-05	177.457	145.756	2.65614	1.61661	615	0	-0.323983	0	20	20
0.00727626	0.00101132	1342.06	130.369	1.73792e-05	171.353	142.157	2.64409	1.61661	615	0	-0.310404	0	20	20
0.00728734	0.00100423	1333.95	129.596	1.49585e-05	165.459	138.647	2.63205	1.61661	615	0	-0.297338	0	20	20
0.00729849	0.00099736	1326.13	128.817	1.28749e-05	159.768	135.224	2.62	1.61661	615	0	-0.284755	0	20	20
0.00730971	0.000990697	1318.6	128.033	1.10815e-05	154.273	131.885	2.60795	1.61661	615	0	-0.272633	0	20	20
0.007321	0.000984237	1311.34	127.243	9.53793e-06	148.967	128.629	2.5959	1.61661	615	0	-0.260951	0	20	20
0.00733236	0.000977971	1304.35	126.449	8.20938e-06	143.843	125.453	2.58386	1.61661	615	0	-0.249689	0	20	20
0.00734379	0.000971894	1297.61	125.65	7.06588e-06	138.896	122.356	2.57181	1.61661	615	0	-0.238824	0	20	20
0.00735529	0.000965999	1291.12	124.847	6.08166e-06	134.119	119.335	2.55977	1.61661	615	0	-0.22834	0	20	20
0.00736685	0.00096028	1284.87	124.038	5.23453e-06	129.506	116.388	2.54774	1.61661	615	0	-0.218219	0	20	20
0.00737848	0.000954732	1278.86	123.225	4.5054e-06	125.052	113.515	2.53571	1.61661	615	0	-0.208442	0	20	20
0.00739016	0.00094935	1273.07	122.407	3.87783e-06	120.75	110.712	2.5237	1.61661	615	0	-0.198997	0	20	20
0.00740191	0.000944128	1267.49	121.585	3.33768e-06	116.597	107.978	2.51171	1.61661	615	0	-0.189865	0	20	20
0.00741371	0.00093906	1262.12	120.759	2.87277e-06	112.587	105.312	2.49973	1.61661	615	0	-0.181036	0	20	20
0.00742556	0.000934143	1256.96	119.928	2.47262e-06	108.715	102.712	2.48779	1.61661	615	0	-0.172493	0	20	20
0.00743746	0.00092937	1251.99	119.094	2.1282e-06	104.975	100.176	2.47586	1.61661	615	0	-0.164222	0	20	20
0.00744941	0.000924738	1247.22	118.255	1.83176e-06	101.365	97.703	2.46397	1.61661	615	0	-0.156214	0	20	20
0.0074614	0.000920242	1242.62	117.413	1.57661e-06	97.8784	95.2907	2.4521	1.61661	615	0	-0.148454	0	20	20
0.00747343	0.000915878	1238.2	116.567	1.357e-06	94.5119	92.9379	2.44028	1.61661	615	0	-0.140935	0	20	20
0.00748549	0.000911642	1233.95	115.718	1.16798e-06	91.2612	90.6433	2.4285	1.61661	615	0	-0.133643	0	20	20
0.00749758	0.000907531	1229.87	114.865	1.00529e-06	88.1223	88.4053	2.41678	1.61661	615	0	-0.126572	0	20	20
0.00750969	0.000903539	1225.95	114.009	8.65262e-07	85.0914	86.2226	2.4051	1.61661	615	0	-0.11971	0	20	20
0.00752184	0.000899664	1222.18	113.149	7.44738e-07	82.1647	84.0937	2.39347	1.61661	615	0	-0.113046	0	20	20
0.007534	0.0008959	1218.56	112.287	6.41002e-07	79.3387	82.0174	2.38189	1.61661	615	0	-0.106571	0	20	20
0.0075462	0.000892245	1215.08	111.421	5.51715e-07	76.6099	79.9924	2.37037	1.61661	615	0	-0.100277	0	20	20
0.0075584	0.000888695	1211.74	110.553	4.74866e-07	73.9749	78.0174	2.3589	1.61661	615	0	-0.0941567	0	20	20
0.00757062	0.000885248	1208.54	109.682	4.08721e-07	71.4306	76.0911	2.3475	1.61661	615	0	-0.0882029	0	20	20
0.00758285	0.0008819	1205.46	108.809	3.51789e-07	68.9737	74.2124	2.33616	1.61661	615	0	-0.0824089	0	20	20
0.00759507	0.000878648	1202.52	107.933	3.02788e-07	66.6014	72.3801	2.3249	1.61661	615	0	-0.0767684	0	20	20
0.00760729	0.000875491	1199.69	107.056	2.60612e-07	64.3107	70.5931	2.31371	1.61661	615	0	-0.0712754	0	20	20
0.0076195	0.000872425	1196.98	106.176	2.24311e-07	62.0987	68.8501	2.30261	1.61661	615	0	-0.0659243	0	20	20
0.00763169	0.000869447	1194.38	105.294	1.93066e-07	59.9629	67.1502	2.29159	1.61661	615	0	-0.0607099	0	20	20
0.00764386	0.000866556	1191.9	104.411	1.66173e-07	57.9005	65.4923	2.28066	1.61661	615	0	-0.0556271	0	20	20
0.00765601	0.000863749	1189.51	103.526	1.43027e-07	55.909	63.8752	2.26983	1.61661	615	0	-0.0506715	0	20	20
0.00766811	0.000861024	1187.23	102.639	1.23104e-07	53.986	62.2982	2.2591	1.61661	615	0	-0.0458386	0	20	20
0.00768017	0.000858378	1185.05	101.751	1.05957e-07	52.1292	60.76	2.24847	1.61661	615	0	-0.0411245	0	20	20
0.00769219	0.00085581	1182.96	100.862	9.11979e-08	50.3363	59.2598	2.23795	1.61661	615	0	-0.0365254	0	20	20
0.00770415	0.000853318	1180.97	99.9722	7.84948e-08	48.605	57.7967	2.22754	1.61661	615	0	-0.0320379	0	20	20
0.00771604	0.0008509	1179.06	99.0814	6.75611e-08	46.9332	56.3697	2.21726	1.61661	615	0	-0.0276588	0	20	20
0.00772787	0.000848554	1177.24	98.1899	5.81504e-08	45.319	54.9779	2.20709	1.61661	615	0	-0.023385	0	20	20
0.00773963	0.000846279	1175.5	97.2979	5.00505e-08	43.7602	53.6205	2.19705	1.61661	615	0	-0.019214	0	20	20
0.0077513	0.000844073	1173.84	96.4055	4.30789e-08	42.2551	52.2966	2.18714	1.61661	615	0	-0.0151431	0	20	20
0.00776288	0.000841933	1172.26	95.5129	3.70783e-08	40.8018	51.0054	2.17737	1.61661	615	0	-0.0111701	0	20	20
0.00777436	0.00083986	1170.75	94.6203	3.19136e-08	39.3984	49.7461	2.16773	1.61661	615	0	-0.00729282	0	20	20
0.00778575	0.00083785	1169.32	93.7278	2.74683e-08	38.0433	48.5179	2.15824	1.61661	615	0	-0.00350943	0	20	20
0.00779702	0.000835904	1167.95	92.8355	2.36422e-08	36.7348	47.3199	2.14889	1.61661	615	0	0.000181865	0	20	20
0.00780818	0.000834019	1166.65	91.9436	2.0349e-08	35.4714	46.1516	2.13969	1.61661	615	0	0.00378264	0	20	20
0.00781921	0.000832194	1165.41	91.0524	1.75146e-08	34.2513	45.0121	2.13064	1.61661	615	0	0.00729436	0	20	20
0.00783012	0.000830427	1164.23	90.1618	1.50749e-08	33.0733	43.9008	2.12175	1.61661	615	0	0.0107183	0	20	20
0.0078409	0.000828719	1163.12	89.2721	1.29751e-08	31.9357	42.8169	2.11302	1.61661	615	0	0.0140558	0	20	20
0.00785153	0.000827066	1162.06	88.3835	1.11678e-08	30.8373	41.7597	2.10444	1.61661	615	0	0.0173079	0	20	20
0.00786202	0.000825469	1161.05	87.4961	9.61219e-09	29.7767	40.7287	2.09603	1.61661	615	0	0.0204756	0	20	20
0.00787236	0.000823926	1160.1	86.61	8.27329e-09	28.7525	39.7231	2.08778	1.61661	615	0	0.0235599	0	20	20
0.00788255	0.000822435	1159.2	85.7254	7.12089e-09	27.7636	38.7423	2.0797	1.61661	615	0	0.0265618	0	20	20
0.00789258	0.000820996	1158.35	84.8425	6.129e-09	26.8087	37.7857	2.07178	1.61661	615	0	0.029482	0	20	20
0.00790244	0.000819607	1157.55	83.9614	5.27528e-09	25.8866	36.8528	2.06403	1.61661	615	0	0.0323216	0	20	20
0.00791214	0.000818267	1156.79	83.0822	4.54048e-09	24.9962	35.9429	2.05645	1.61661	615	0	0.0350813	0	20	20
0.00792168	0.000816975	1156.07	82.2051	3.90803e-09	24.1365	35.0555	2.04903	1.61661	615	0	0.0377621	0	20	20
0.00793104	0.000815731	1155.4	81.3303	3.36367e-09	23.3063	34.19	2.04179	1.61661	615	0	0.0403647	0	20	20
0.00794022	0.000814532	1154.77	80.4579	2.89514e-09	22.5047	33.3458	2.03471	1.61661	615	0	0.04289	0	20	20
0.00794923	0.000813377	1154.17	79.588	2.49187e-09	21.7307	32.5225	2.0278	1.61661	615	0	0.0453391	0	20	20
0.00795807	0.000812266	1153.62	78.7207	2.14477e-09	20.9833	31.7195	2.02105	1.61661	615	0	0.0477129	0	20	20
0.00796672	0.000811197	1153.1	77.8563	1.84602e-09	20.2616	30.9364	2.01447	1.61661	615	0	0.0500124	0	20	20
0.0079752	0.00081017	1152.61	76.9948	1.58888e-09	19.5647	30.1725	2.00805	1.61661	615	0	0.0522387	0	20	20
0.0079835	0.000809183	1152.15	76.1364	1.36757e-09	18.8918	29.4276	2.0018	1.61661	615	0	0.0543929	0	20	20
0.00799163	0.000808234	1151.73	75.2813	1.17707e-09	18.242	28.701	1.9957	1.61661	615	0	0.0564762	0	20	20
0.00799957	0.000807323	1151.34	74.4294	1.01312e-09	17.6146	27.9924	1.98976	1.61661	615	0	0.0584897	0	20	20
0.00800734	0.000806449	1150.97	73.5811	8.71998e-10	17.0087	27.3012	1.98397	1.61661	615	0	0.060435	0	20	20
0.00801494	0.000805611	1150.64	72.7364	7.50536e-10	16.4237	26.6272	1.97833	1.61661	615	0	0.0623131	0	20	20
0.00802237	0.000804806	1150.32	71.8953	6.45992e-10	15.8588	25.9697	1.97284	1.61661	615	0	0.0641257	0	20	20
0.00802963	0.000804036	1150.04	71.0582	5.56011e-10	15.3134	25.3285	1.9675	1.61661	615	0	0.065874	0	20	20
0.00803671	0.000803297	1149.78	70.225	4.78563e-10	14.7867	24.7032	1.9623	1.61661	615	0	0.0675597	0	20	20
0.00804364	0.00080259	1149.54	69.3959	4.11903e-10	14.2781	24.0933	1.95723	1.61661	615	0	0.0691841	0	20	20
0.0080504	0.000801912	1149.32	68.571	3.54528e-10	13.787	23.4984	1.9523	1.61661	615	0	0.0707489	0	20	20
0.00805701	0.000801264	1149.13	67.7505	3.05145e-10	13.3128	22.9182	1.94751	1.61661	615	0	0.0722557	0	20	20
0.00806346	0.000800644	1148.95	66.9343	2.62641e-10	12.8549	22.3524	1.94284	1.61661	615	0	0.073706	0	20	20
0.00806975	0.000800051	1148.8	66.1227	2.26057e-10	12.4128	21.8005	1.93829	1.61661	615	0	0.0751015	0	20	20
0.0080759	0.000799484	1148.66	65.3158	1.94569e-10	11.9858	21.2622	1.93387	1.61661	615	0	0.0764438	0	20	20
0.0080819	0.000798941	1148.54	64.5135	1.67467e-10	11.5736	20.7373	1.92956	1.61661	615	0	0.0777344	0	20	20
0.00808777	0.000798423	1148.44	63.7161	1.4414e-10	11.1755	20.2253	1.92537	1.61661	615	0	0.0789752	0	20	20
0.00809349	0.000797929	1148.35	62.9236	1.24063e-10	10.7911	19.7259	1.92129	1.61661	615	0	0.0801675	0	20	20
0.00809908	0.000797456	1148.28	62.1362	1.06782e-10	10.42	19.2389	1.91731	1.61661	615	0	0.0813132	0	20	20
0.00810454	0.000797005	1148.22	61.3539	9.1908e-11	10.0616	18.7638	1.91344	1.61661	615	0	0.0824137	0	20	20
0.00810988	0.000796574	1148.18	60.5767	7.91059e-11	9.71553	18.3006	1.90967	1.61661	615	0	0.0834706	0	20	20
0.00811509	0.000796164	1148.15	59.8049	6.80871e-11	9.38137	17.8487	1.90599	1.61661	615	0	0.0844856	0	20	20
0.00812018	0.000795772	1148.13	59.0384	5.86031e-11	9.0587	17.408	1.9024	1.61661	615	0	0.08546	0	20	20
0.00812516	0.000795398	1148.12	58.2773	5.04402e-11	8.74713	16.9782	1.89891	1.61661	615	0	0.0863954	0	20	20
0.00813002	0.000795042	1148.13	57.5218	4.34142e-11	8.44628	16.559	1.8955	1.61661	615	0	0.0872932	0	20	20
0.00813478	0.000794703	1148.14	56.7719	3.7367e-11	8.15577	16.1502	1.89218	1.61661	615	0	0.0881549	0	20	20
0.00813943	0.000794379	1148.17	56.0276	3.21621e-11	7.87526	15.7514	1.88894	1.61661	615	0	0.0889819	0	20	20
0.00814398	0.000794071	1148.21	55.289	2.76821e-11	7.60439	15.3625	1.88577	1.61661	615	0	0.0897755	0	20	20
0.00814843	0.000793777	1148.25	54.5562	2.38262e-11	7.34284	14.9832	1.88269	1.61661	615	0	0.090537	0	20	20
0.00815279	0.000793498	1148.31	53.8293	2.05074e-11	7.09029	14.6133	1.87967	1.61661	615	0	0.0912677	0	20	20
0.00815655	0.000793277	1148.37	53.1082	1.76509e-11	6.84642	14.2525	1.87707	1.61661	615	0	0.0922439	0	20	20
0.00815927	0.000793155	1148.45	52.3932	1.51923e-11	6.61094	13.9006	1.87519	1.61661	615	0	0.0937187	0	20	20
0.008162	0.000793039	1148.53	51.6841	1.30761e-11	6.38356	13.5574	1.87332	1.61661	615	0	0.0951336	0	20	20
0.00816471	0.00079293	1148.63	50.981	1.12547e-11	6.164	13.2227	1.87144	1.61661	615	0	0.0964907	0	20	20
0.00816743	0.000792828	1148.73	50.2841	9.68703e-12	5.95199	12.8962	1.86958	1.61661	615	0	0.0977917	0	20	20
0.00817014	0.000792732	1148.85	49.5933	8.3377e-12	5.74727	12.5778	1.86772	1.61661	615	0	0.0990387	0	20	20
0.00817285	0.000792641	1148.97	48.9087	7.17633e-12	5.5496	12.2672	1.86586	1.61661	615	0	0.100233	0	20	20
0.00817556	0.000792556	1149.11	48.2303	6.17672e-12	5.35872	11.9644	1.86401	1.61661	615	0	0.101377	0	20	20
0.00817825	0.000792476	1149.25	47.5582	5.31635e-12	5.17441	11.669	1.86217	1.61661	615	0	0.102473	0	20	20
0.00818095	0.000792401	1149.39	46.8923	4.57583e-12	4.99644	11.3808	1.86033	1.61661	615	0	0.103521	0	20	20
0.00818364	0.00079233	1149.55	46.2327	3.93845e-12	4.82459	11.0999	1.85849	1.61661	615	0	0.104523	0	20	20
0.00818632	0.000792264	1149.71	45.5795	3.38986e-12	4.65865	10.8258	1.85667	1.61661	615	0	0.105481	0	20	20
0.00818899	0.000792203	1149.88	44.9326	2.91768e-12	4.49842	10.5585	1.85485	1.61661	615	0	0.106397	0	20	20
0.00819166	0.000792145	1150.05	44.2921	2.51127e-12	4.3437	10.2978	1.85304	1.61661	615	0	0.107271	0	20	20
0.00819432	0.000792091	1150.23	43.658	2.16147e-12	4.1943	10.0436	1.85123	1.61661	615	0	0.108106	0	20	20
0.00819697	0.00079204	1150.42	43.0302	1.86039e-12	4.05004	9.79559	1.84944	1.61661	615	0	0.108902	0	20	20
0.00819962	0.000791993	1150.61	42.409	1.60125e-12	3.91074	9.55373	1.84765	1.61661	615	0	0.109661	0	20	20
0.00820225	0.000791949	1150.8	41.7941	1.37821e-12	3.77623	9.31785	1.84587	1.61661	615	0	0.110384	0	20	20
0.00820488	0.000791909	1151	41.1856	1.18624e-12	3.64635	9.08779	1.8441	1.61661	615	0	0.111072	0	20	20
0.00820749	0.000791871	1151.2	40.5837	1.02101e-12	3.52093	8.86341	1.84233	1.61661	615	0	0.111728	0	20	20
0.0082101	0.000791835	1151.41	39.9881	8.78787e-13	3.39983	8.64457	1.84058	1.61661	615	0	0.11235	0	20	20
0.0082127	0.000791803	1151.62	39.399	7.56379e-13	3.2829	8.43114	1.83883	1.61661	615	0	0.112942	0	20	20
0.00821528	0.000791773	1151.83	38.8163	6.51022e-13	3.16998	8.22297	1.8371	1.61661	615	0	0.113504	0	20	20
0.00821786	0.000791745	1152.05	38.2401	5.60339e-13	3.06095	8.01995	1.83537	1.61661	615	0	0.114036	0	20	20
0.00822043	0.000791719	1152.27	37.6703	4.82289e-13	2.95567	7.82193	1.83365	1.61661	615	0	0.114541	0	20	20
0.00822298	0.000791695	1152.49	37.1069	4.1511e-13	2.85401	7.62881	1.83194	1.61661	615	0	0.115019	0	20	20
0.00822553	0.000791673	1152.72	36.5499	3.57288e-13	2.75585	7.44045	1.83024	1.61661	615	0	0.115471	0	20	20
0.00822806	0.000791653	1152.94	35.9993	3.07521e-13	2.66106	7.25675	1.82856	1.61661	615	0	0.115898	0	20	20
0.00823058	0.000791635	1153.17	35.4551	2.64686e-13	2.56954	7.07758	1.82688	1.61661	615	0	0.116301	0	20	20
0.00823309	0.000791618	1153.4	34.9173	2.27817e-13	2.48116	6.90283	1.82521	1.61661	615	0	0.11668	0	20	20
0.00823558	0.000791603	1153.63	34.3858	1.96084e-13	2.39582	6.7324	1.82355	1.61661	615	0	0.117038	0	20	20
0.00823807	0.000791589	1153.86	33.8607	1.68771e-13	2.31342	6.56618	1.8219	1.61661	615	0	0.117373	0	20	20
0.00824054	0.000791576	1154.1	33.3418	1.45263e-13	2.23385	6.40406	1.82026	1.61661	615	0	0.117688	0	20	20
0.00824301	0.000791565	1154.33	32.8292	1.25029e-13	2.15702	6.24594	1.81863	1.61661	615	0	0.117984	0	20	20
0.00824545	0.000791554	1154.57	32.3229	1.07613e-13	2.08283	6.09173	1.81701	1.61661	615	0	0.11826	0	20	20
0.00824789	0.000791545	1154.81	31.8229	9.26235e-14	2.01119	5.94132	1.8154	1.61661	615	0	0.118517	0	20	20
0.00825032	0.000791536	1155.04	31.329	7.97218e-14	1.94201	5.79463	1.8138	1.61661	615	0	0.118757	0	20	20
0.00825273	0.000791529	1155.28	30.8413	6.86172e-14	1.87522	5.65156	1.8122	1.61661	615	0	0.11898	0	20	20
0.00825513	0.000791522	1155.52	30.3597	5.90593e-14	1.81072	5.51202	1.81062	1.61661	615	0	0.119187	0	20	20
0.00825752	0.000791515	1155.76	29.8843	5.08329e-14	1.74844	5.37593	1.80905	1.61661	615	0	0.119377	0	20	20
0.00825989	0.00079151	1156	29.4149	4.37522e-14	1.68831	5.2432	1.80749	1.61661	615	0	0.119553	0	20	20
0.00826226	0.000791505	1156.24	28.9516	3.76579e-14	1.63024	5.11374	1.80594	1.61661	615	0	0.119715	0	20	20
0.00826461	0.0007915	1156.47	28.4943	3.24125e-14	1.57417	4.98749	1.8044	1.61661	615	0	0.119862	0	20	20
0.00826695	0.000791496	1156.71	28.0429	2.78977e-14	1.52002	4.86434	1.80287	1.61661	615	0	0.119996	0	20	20
0.00826928	0.000791492	1156.95	27.5975	2.40117e-14	1.46774	4.74424	1.80135	1.61661	615	0	0.120118	0	20	20
0.00827159	0.000791488	1157.19	27.158	2.06671e-14	1.41726	4.62711	1.79984	1.61661	615	0	0.120227	0	20	20
0.00827389	0.000791485	1157.43	26.7243	1.77883e-14	1.36851	4.51286	1.79833	1.61661	615	0	0.120324	0	20	20
0.00827619	0.000791482	1157.67	26.2965	1.53106e-14	1.32144	4.40144	1.79684	1.61661	615	0	0.120411	0	20	20
0.00827847	0.000791479	1157.9	25.8744	1.31779e-14	1.27599	4.29277	1.79536	1.61661	615	0	0.120486	0	20	20
0.00828073	0.000791476	1158.14	25.458	1.13423e-14	1.23211	4.18678	1.79388	1.61661	615	0	0.120552	0	20	20
0.00828299	0.000791473	1158.37	25.0473	9.76244e-15	1.18973	4.08341	1.79242	1.61661	615	0	0.120607	0	20	20
0.00828523	0.00079147	1158.61	24.6423	8.40261e-15	1.14881	3.98259	1.79096	1.61661	615	0	0.120653	0	20	20
0.00828747	0.000791467	1158.84	24.2428	7.2322e-15	1.1093	3.88426	1.78951	1.61661	615	0	0.12069	0	20	20
0.00828969	0.000791464	1159.08	23.8489	6.22481e-15	1.07114	3.78836	1.78807	1.61661	615	0	0.120718	0	20	20
0.0082919	0.000791461	1159.31	23.4604	5.35774e-15	1.0343	3.69482	1.78665	1.61661	615	0	0.120739	0	20	20
0.0082941	0.000791458	1159.54	23.0775	4.61145e-15	0.998726	3.60359	1.78522	1.61661	615	0	0.120751	0	20	20
0.00829628	0.000791454	1159.77	22.6999	3.96911e-15	0.964376	3.51462	1.78381	1.61661	615	0	0.120756	0	20	20
0.00829846	0.00079145	1160	22.3277	3.41625e-15	0.931206	3.42785	1.78241	1.61661	615	0	0.120754	0	20	20
0.00830063	0.000791446	1160.23	21.9608	2.94039e-15	0.899178	3.34321	1.78101	1.61661	615	0	0.120745	0	20	20
0.00830278	0.000791442	1160.46	21.5991	2.53082e-15	0.868251	3.26067	1.77963	1.61661	615	0	0.120729	0	20	20
0.00830493	0.000791437	1160.68	21.2427	2.1783e-15	0.838388	3.18016	1.77825	1.61661	615	0	0.120707	0	20	20
0.00830706	0.000791431	1160.91	20.8914	1.87488e-15	0.809552	3.10164	1.77688	1.61661	615	0	0.12068	0	20	20
0.00830919	0.000791426	1161.13	20.5452	1.61372e-15	0.781708	3.02506	1.77552	1.61661	615	0	0.120646	0	20	20
0.0083113	0.00079142	1161.35	20.204	1.38894e-15	0.754821	2.95037	1.77416	1.61661	615	0	0.120608	0	20	20
0.00831341	0.000791413	1161.57	19.8679	1.19547e-15	0.728859	2.87753	1.77281	1.61661	615	0	0.120564	0	20	20
0.0083155	0.000791406	1161.79	19.5367	1.02895e-15	0.703791	2.80648	1.77147	1.61661	615	0	0.120516	0	20	20
0.00831758	0.000791399	1162.01	19.2104	8.85629e-16	0.679584	2.73719	1.77014	1.61661	615	0	0.120463	0	20	20
0.00831966	0.000791391	1162.23	18.8889	7.62268e-16	0.65621	2.66961	1.76882	1.61661	615	0	0.120405	0	20	20
0.00832172	0.000791382	1162.44	18.5723	6.5609e-16	0.63364	2.6037	1.7675	1.61661	615	0	0.120344	0	20	20
0.00832378	0.000791373	1162.65	18.2604	5.64702e-16	0.611846	2.53941	1.76619	1.61661	615	0	0.120278	0	20	20
0.00832583	0.000791363	1162.87	17.9532	4.86043e-16	0.590802	2.47671	1.76489	1.61661	615	0	0.120209	0	20	20
0.00832786	0.000791352	1163.08	17.6506	4.18342e-16	0.570482	2.41556	1.7636	1.61661	615	0	0.120136	0	20	20
0.00832989	0.000791341	1163.29	17.3526	3.6007e-16	0.55086	2.35592	1.76231	1.61661	615	0	0.12006	0	20	20
0.00833191	0.000791329	1163.49	17.0592	3.09915e-16	0.531914	2.29775	1.76103	1.61661	615	0	0.119981	0	20	20
0.00833392	0.000791317	1163.7	16.7702	2.66746e-16	0.513619	2.24102	1.75975	1.61661	615	0	0.119899	0	20	20
0.00833593	0.000791304	1163.91	16.4856	2.29591e-16	0.495953	2.18569	1.75848	1.61661	615	0	0.119814	0	20	20
0.00833792	0.00079129	1164.11	16.2055	1.97611e-16	0.478895	2.13173	1.75722	1.61661	615	0	0.119727	0	20	20
0.00833991	0.000791276	1164.31	15.9296	1.70085e-16	0.462423	2.07909	1.75597	1.61661	615	0	0.119637	0	20	20
0.00834188	0.00079126	1164.51	15.6581	1.46393e-16	0.446519	2.02776	1.75472	1.61661	615	0	0.119544	0	20	20
0.00834385	0.000791244	1164.71	15.3907	1.26002e-16	0.431161	1.97769	1.75348	1.61661	615	0	0.11945	0	20	20
0.00834581	0.000791228	1164.9	15.1275	1.08451e-16	0.416331	1.92887	1.75224	1.61661	615	0	0.119353	0	20	20
0.00834777	0.00079121	1165.1	14.8685	9.33446e-17	0.402012	1.88124	1.75101	1.61661	615	0	0.119255	0	20	20
0.00834971	0.000791192	1165.29	14.6135	8.03424e-17	0.388185	1.83479	1.74979	1.61661	615	0	0.119154	0	20	20
0.00835165	0.000791173	1165.49	14.3625	6.91514e-17	0.374833	1.78949	1.74857	1.61661	615	0	0.119052	0	20	20
0.00835358	0.000791153	1165.68	14.1155	5.95191e-17	0.361941	1.74531	1.74736	1.61661	615	0	0.118949	0	20	20
0.00835551	0.000791133	1165.86	13.8724	5.12286e-17	0.349492	1.70222	1.74615	1.61661	615	0	0.118843	0	20	20
0.00835742	0.000791111	1166.05	13.6332	4.40929e-17	0.337471	1.66019	1.74495	1.61661	615	0	0.118737	0	20	20
0.00835933	0.000791089	1166.24	13.3977	3.79511e-17	0.325864	1.6192	1.74375	1.61661	615	0	0.118629	0	20	20
0.00836123	0.000791066	1166.42	13.1661	3.26648e-17	0.314656	1.57922	1.74256	1.61661	615	0	0.11852	0	20	20
0.00836313	0.000791042	1166.6	12.9381	2.81149e-17	0.303834	1.54023	1.74138	1.61661	615	0	0.11841	0	20	20
0.00836502	0.000791018	1166.78	12.7138	2.41987e-17	0.293384	1.5022	1.7402	1.61661	615	0	0.118299	0	20	20
0.0083669	0.000790992	1166.96	12.4932	2.0828e-17	0.283293	1.46511	1.73903	1.61661	615	0	0.118187	0	20	20
0.00836878	0.000790966	1167.14	12.2761	1.79268e-17	0.273549	1.42894	1.73786	1.61661	615	0	0.118074	0	20	20
0.00837064	0.000790939	1167.31	12.0625	1.54298e-17	0.26414	1.39366	1.73669	1.61661	615	0	0.11796	0	20	20
0.00837251	0.000790911	1167.49	11.8524	1.32805e-17	0.255055	1.35925	1.73554	1.61661	615	0	0.117846	0	20	20
0.00837436	0.000790883	1167.66	11.6457	1.14306e-17	0.246283	1.32569	1.73438	1.61661	615	0	0.117731	0	20	20
0.00837621	0.000790853	1167.83	11.4423	9.83845e-18	0.237812	1.29296	1.73323	1.61661	615	0	0.117615	0	20	20
0.00837805	0.000790823	1168	11.2423	8.46803e-18	0.229633	1.26103	1.73209	1.61661	615	0	0.117499	0	20	20
0.00837989	0.000790792	1168.17	11.0456	7.2885e-18	0.221735	1.2299	1.73095	1.61661	615	0	0.117383	0	20	20
0.00838172	0.00079076	1168.33	10.8521	6.27327e-18	0.214108	1.19953	1.72982	1.61661	615	0	0.117266	0	20	20
0.00838355	0.000790727	1168.5	10.6619	5.39946e-18	0.206744	1.16992	1.72869	1.61661	615	0	0.117149	0	20	20
0.00838537	0.000790693	1168.66	10.4747	4.64735e-18	0.199633	1.14103	1.72756	1.61661	615	0	0.117031	0	20	20
0.00838718	0.000790659	1168.82	10.2906	4.00001e-18	0.192767	1.11286	1.72644	1.61661	615	0	0.116913	0	20	20
0.00838899	0.000790624	1168.98	10.1096	3.44284e-18	0.186137	1.08538	1.72532	1.61661	615	0	0.116795	0	20	20
0.0083908	0.000790588	1169.14	9.93164	2.96328e-18	0.179735	1.05858	1.72421	1.61661	615	0	0.116677	0	20	20
0.00839259	0.000790551	1169.3	9.75661	2.55052e-18	0.173553	1.03245	1.7231	1.61661	615	0	0.116559	0	20	20
0.00839439	0.000790513	1169.45	9.5845	2.19525e-18	0.167583	1.00696	1.722	1.61661	615	0	0.11644	0	20	20
0.00839617	0.000790475	1169.6	9.41527	1.88947e-18	0.161819	0.982094	1.7209	1.61661	615	0	0.116322	0	20	20
0.00839796	0.000790435	1169.76	9.24887	1.62628e-18	0.156254	0.957846	1.71981	1.61661	615	0	0.116203	0	20	20
0.00839973	0.000790395	1169.91	9.08527	1.39976e-18	0.150879	0.934197	1.71871	1.61661	615	0	0.116085	0	20	20
0.00840151	0.000790354	1170.05	8.92441	1.20478e-18	0.14569	0.911131	1.71763	1.61661	615	0	0.115967	0	20	20
0.00840327	0.000790313	1170.2	8.76627	1.03696e-18	0.140679	0.888636	1.71654	1.61661	615	0	0.115848	0	20	20
0.00840503	0.00079027	1170.35	8.6108	8.92524e-19	0.13584	0.866695	1.71546	1.61661	615	0	0.11573	0	20	20
0.00840679	0.000790227	1170.49	8.45795	7.68203e-19	0.131168	0.845296	1.71439	1.61661	615	0	0.115612	0	20	20
0.00840854	0.000790183	1170.63	8.3077	6.61198e-19	0.126657	0.824426	1.71332	1.61661	615	0	0.115494	0	20	20
0.00841029	0.000790138	1170.78	8.15999	5.69098e-19	0.1223	0.804071	1.71225	1.61661	615	0	0.115377	0	20	20
0.00841204	0.000790092	1170.92	8.0148	4.89828e-19	0.118094	0.784218	1.71118	1.61661	615	0	0.115259	0	20	20
0.00841377	0.000790046	1171.05	7.87207	4.21598e-19	0.114032	0.764856	1.71012	1.61661	615	0	0.115142	0	20	20
0.00841551	0.000789999	1171.19	7.73179	3.62873e-19	0.11011	0.745971	1.70907	1.61661	615	0	0.115025	0	20	20
0.00841724	0.000789951	1171.33	7.59389	3.12328e-19	0.106323	0.727553	1.70801	1.61661	615	0	0.114909	0	20	20
0.00841896	0.000789902	1171.46	7.45836	2.68823e-19	0.102666	0.70959	1.70696	1.61661	615	0	0.114792	0	20	20
0.00842069	0.000789853	1171.59	7.32515	2.31378e-19	0.0991348	0.69207	1.70592	1.61661	615	0	0.114676	0	20	20
0.0084224	0.000789803	1171.72	7.19422	1.99149e-19	0.0957251	0.674983	1.70487	1.61661	615	0	0.114561	0	20	20
0.00842411	0.000789752	1171.85	7.06554	1.71409e-19	0.0924327	0.658317	1.70383	1.61661	615	0	0.114445	0	20	20
0.00842582	0.000789701	1171.98	6.93908	1.47533e-19	0.0892535	0.642063	1.7028	1.61661	615	0	0.11433	0	20	20
0.00842753	0.000789648	1172.11	6.8148	1.26983e-19	0.0861837	0.626211	1.70177	1.61661	615	0	0.114216	0	20	20
0.00842923	0.000789595	1172.23	6.69266	1.09295e-19	0.0832194	0.61075	1.70074	1.61661	615	0	0.114101	0	20	20
