0.00936804	
0.00703619	
0.00543642	
0.00466586	
0.00419827	
0.00386956	
0.00361312	
0.00340233	
0.00323882	
0.00313845	
0.00312321	
0.00322357	
0.00341127	
0.00366647	
0.00398168	
0.0043582	
0.00480317	
0.00532787	
0.00594705	
0.00667882	
0.00754494	
0.00857123	
0.00978813	
0.0112301	
0.012931	
0.0149271	
0.0173286	
0.0203167	
0.0241193	
0.0289441	
0.0365417	
0.0486008	
0.0558606	
0.0564656	
0.0535066	
0.0498172	
0.046387	
0.0434504	
0.0410219	
0.03905	
0.0374663	
0.0362034	
0.035202	
0.0344121	
0.0337928	
0.0333109	
0.0329398	
0.0326579	
0.0324479	
0.032296	
0.0321908	
0.0321234	
0.0320864	
0.032074	
0.0320813	
0.0321046	
0.0321408	
0.0321993	
0.0322916	
0.0324136	
0.0325614	
0.0327314	
0.0329206	
0.0331263	
0.0333458	
0.033577	
0.0338177	
0.0340661	
0.0343204	
0.0345791	
0.0348408	
0.0351041	
0.0353677	
