0.00866572	0.000693067	1111.6	256.922	76.5	0	0	1.56526	1.61661	615	0	0.149389	0	20	20
0.00875109	0.000707075	1143.79	256.922	76.4694	22.112	7.45165	1.5199	1.61661	615	0	-0.135544	0	20	20
0.00887821	0.000736514	1206.4	256.922	76.4339	64.8183	21.9881	1.45554	1.61661	615	0	-0.65202	0	20	20
0.00896291	0.000766586	1265.98	256.922	76.3927	106.057	36.1662	1.41466	1.61661	615	0	-1.09587	0	20	20
0.00901707	0.000796929	1322.93	256.922	76.3448	145.87	49.9915	1.38933	1.61661	615	0	-1.48065	0	20	20
0.00904918	0.00082702	1377.09	256.922	76.2893	184.295	63.4694	1.37459	1.61661	615	0	-1.8157	0	20	20
0.00906572	0.000856526	1428.51	256.922	76.2249	221.373	76.6058	1.36708	1.61661	615	0	-2.10886	0	20	20
0.00907133	0.000885273	1477.35	256.922	76.1502	257.142	89.4065	1.36454	1.61661	615	0	-2.36706	0	20	20
0.00906927	0.000913202	1523.81	256.922	76.0636	291.641	101.878	1.36547	1.61661	615	0	-2.59618	0	20	20
0.00906177	0.000940317	1568.16	256.922	75.9633	324.91	114.026	1.36886	1.61661	615	0	-2.80106	0	20	20
0.00905041	0.000966652	1610.61	256.921	75.847	356.986	125.859	1.37403	1.61661	615	0	-2.98559	0	20	20
0.00903626	0.000992249	1651.37	256.921	75.7124	387.91	137.382	1.38049	1.61661	615	0	-3.15289	0	20	20
0.00902011	0.00101715	1690.59	256.921	75.5566	417.719	148.604	1.38792	1.61661	615	0	-3.30544	0	20	20
0.00900249	0.00104139	1728.4	256.921	75.3764	446.456	159.532	1.39609	1.61661	615	0	-3.44524	0	20	20
0.00898381	0.001065	1764.9	256.921	75.1681	474.16	170.176	1.40481	1.61661	615	0	-3.57394	0	20	20
0.00896436	0.001088	1800.17	256.92	74.9275	500.873	180.544	1.41398	1.61661	615	0	-3.69289	0	20	20
0.00894438	0.00111042	1834.28	256.92	74.6499	526.638	190.646	1.42347	1.61661	615	0	-3.80321	0	20	20
0.00892402	0.00113227	1867.27	256.92	74.33	551.499	200.493	1.43324	1.61661	615	0	-3.90588	0	20	20
0.0089034	0.00115356	1899.2	256.92	73.9617	575.502	210.095	1.44322	1.61661	615	0	-4.00174	0	20	20
0.00888263	0.00117433	1930.11	256.919	73.5383	598.693	219.465	1.45337	1.61661	615	0	-4.09151	0	20	20
0.00886177	0.00119459	1960.05	256.919	73.0526	621.119	228.615	1.46365	1.61661	615	0	-4.17583	0	20	20
0.00884087	0.00121436	1989.07	256.919	72.4961	642.83	237.558	1.47406	1.61661	615	0	-4.25528	0	20	20
0.00881995	0.00123367	2017.21	256.918	71.8602	663.875	246.308	1.48457	1.61661	615	0	-4.33037	0	20	20
0.00879905	0.00125255	2044.51	256.918	71.1353	684.303	254.877	1.49518	1.61661	615	0	-4.40156	0	20	20
0.00877816	0.00127102	2071.03	256.917	70.3111	704.162	263.28	1.50588	1.61661	615	0	-4.46926	0	20	20
0.00875729	0.00128911	2096.8	256.917	69.3773	723.5	271.531	1.51667	1.61661	615	0	-4.53382	0	20	20
0.00873645	0.00130685	2121.87	256.916	68.323	742.36	279.641	1.52755	1.61661	615	0	-4.59559	0	20	20
0.00871562	0.00132425	2146.27	256.916	67.1377	760.781	287.622	1.53853	1.61661	615	0	-4.65482	0	20	20
0.0086948	0.00134134	2170.03	256.915	65.8111	778.797	295.483	1.5496	1.61661	615	0	-4.71177	0	20	20
0.00867401	0.00135813	2193.17	256.914	64.3342	796.428	303.23	1.56077	1.61661	615	0	-4.76662	0	20	20
0.00865326	0.00137462	2215.69	256.913	62.6995	813.689	310.866	1.57203	1.61661	615	0	-4.81953	0	20	20
0.00863257	0.00139079	2237.58	256.913	60.9015	830.577	318.387	1.58336	1.61661	615	0	-4.87057	0	20	20
0.00861199	0.00140663	2258.8	256.912	58.9379	847.074	325.788	1.59474	1.61661	615	0	-4.9198	0	20	20
0.00859157	0.0014221	2279.32	256.911	56.8097	863.144	333.053	1.60614	1.61661	615	0	-4.96722	0	20	20
0.00857139	0.00143713	2299.05	256.909	54.5225	878.731	340.162	1.61751	1.61661	615	0	-5.01276	0	20	20
0.00855156	0.00145165	2317.9	256.908	52.086	893.762	347.089	1.62879	1.61661	615	0	-5.05631	0	20	20
0.00853219	0.00146559	2335.77	256.907	49.5151	908.142	353.801	1.6399	1.61661	615	0	-5.09774	0	20	20
0.00851342	0.00147882	2352.52	256.905	46.8297	921.764	360.257	1.65077	1.61661	615	0	-5.13684	0	20	20
0.0084954	0.00149125	2368.01	256.904	44.0538	934.509	366.415	1.6613	1.61661	615	0	-5.17342	0	20	20
0.00847829	0.00150274	2382.1	256.902	41.2153	946.25	372.23	1.67138	1.61661	615	0	-5.20724	0	20	20
0.00846223	0.00151319	2394.65	256.9	38.3448	956.862	377.657	1.68091	1.61661	615	0	-5.2381	0	20	20
0.00844738	0.00152248	2405.54	256.898	35.4743	966.229	382.651	1.6898	1.61661	615	0	-5.26578	0	20	20
0.00843387	0.00153051	2414.64	256.896	32.6358	974.247	387.174	1.69793	1.61661	615	0	-5.2901	0	20	20
0.00842181	0.0015372	2421.87	256.893	29.8599	980.831	391.194	1.70523	1.61661	615	0	-5.31092	0	20	20
0.0084113	0.00154251	2427.18	256.89	27.1745	985.923	394.685	1.71163	1.61661	615	0	-5.32814	0	20	20
0.00840238	0.00154638	2430.54	256.887	24.6037	989.49	397.634	1.71709	1.61661	615	0	-5.34171	0	20	20
0.00839509	0.00154882	2431.96	256.884	22.1672	991.527	400.033	1.72157	1.61661	615	0	-5.35162	0	20	20
0.00838941	0.00154985	2431.48	256.881	19.8799	992.054	401.885	1.72506	1.61661	615	0	-5.35791	0	20	20
0.00838444	0.00154964	2429.16	256.877	17.7517	991.117	403.202	1.72813	1.61661	615	0	-5.3546	0	20	20
0.00838	0.00154828	2425.12	256.872	15.7881	988.782	404.002	1.73089	1.61661	615	0	-5.3412	0	20	20
0.00837604	0.00154583	2419.45	256.868	13.9901	985.129	404.308	1.73334	1.61661	615	0	-5.31835	0	20	20
0.00837253	0.00154239	2412.28	256.863	12.3554	980.25	404.15	1.73552	1.61661	615	0	-5.28679	0	20	20
0.00836944	0.00153802	2403.74	256.857	10.8785	974.246	403.557	1.73744	1.61661	615	0	-5.24727	0	20	20
0.00836673	0.00153281	2393.95	256.851	9.55195	967.219	402.562	1.73913	1.61661	615	0	-5.20061	0	20	20
0.00836436	0.00152685	2383.04	256.845	8.36659	959.271	401.199	1.74061	1.61661	615	0	-5.14757	0	20	20
0.0083623	0.0015202	2371.14	256.838	7.31231	950.503	399.498	1.7419	1.61661	615	0	-5.08892	0	20	20
0.0083605	0.00151296	2358.36	256.83	6.37848	941.01	397.492	1.74302	1.61661	615	0	-5.02538	0	20	20
0.00835895	0.00150518	2344.79	256.822	5.55436	930.88	395.209	1.74399	1.61661	615	0	-4.95762	0	20	20
0.00835761	0.00149693	2330.55	256.812	4.8294	920.195	392.676	1.74483	1.61661	615	0	-4.88627	0	20	20
0.00835646	0.00148826	2315.72	256.802	4.19349	909.03	389.919	1.74555	1.61661	615	0	-4.81187	0	20	20
0.00835548	0.00147925	2300.38	256.791	3.63707	897.453	386.96	1.74617	1.61661	615	0	-4.73493	0	20	20
0.00835464	0.00146991	2284.6	256.779	3.15127	885.523	383.82	1.74669	1.61661	615	0	-4.65589	0	20	20
0.00835394	0.00146031	2268.45	256.766	2.72794	873.294	380.517	1.74713	1.61661	615	0	-4.57515	0	20	20
0.00835335	0.00145048	2251.97	256.752	2.35965	860.812	377.068	1.74751	1.61661	615	0	-4.49305	0	20	20
0.00835286	0.00144044	2235.22	256.736	2.03971	848.119	373.487	1.74781	1.61661	615	0	-4.40989	0	20	20
0.00835246	0.00143024	2218.24	256.719	1.76213	835.251	369.787	1.74806	1.61661	615	0	-4.32594	0	20	20
0.00835214	0.00141988	2201.06	256.701	1.52155	822.239	365.98	1.74826	1.61661	615	0	-4.24142	0	20	20
0.0083519	0.0014094	2183.72	256.681	1.31324	809.111	362.076	1.74841	1.61661	615	0	-4.15653	0	20	20
0.00835173	0.00139881	2166.26	256.659	1.13301	795.89	358.084	1.74852	1.61661	615	0	-4.07144	0	20	20
0.00835162	0.00138813	2148.68	256.635	0.977206	782.598	354.012	1.74859	1.61661	615	0	-3.9863	0	20	20
0.00835158	0.00137737	2131.02	256.609	0.842585	769.252	349.868	1.74862	1.61661	615	0	-3.90123	0	20	20
0.00835159	0.00136655	2113.3	256.58	0.726331	755.869	345.658	1.74861	1.61661	615	0	-3.81634	0	20	20
0.00835166	0.00135568	2095.52	256.549	0.625985	742.462	341.388	1.74857	1.61661	615	0	-3.73175	0	20	20
0.00835178	0.00134476	2077.72	256.515	0.539403	729.043	337.064	1.74849	1.61661	615	0	-3.64751	0	20	20
0.00835196	0.00133381	2059.89	256.478	0.464724	715.625	332.69	1.74837	1.61661	615	0	-3.56373	0	20	20
0.0083522	0.00132284	2042.07	256.438	0.400329	702.217	328.271	1.74823	1.61661	615	0	-3.48045	0	20	20
0.00835249	0.00131185	2024.24	256.394	0.344818	688.827	323.811	1.74804	1.61661	615	0	-3.39774	0	20	20
0.00835284	0.00130085	2006.44	256.346	0.296973	675.464	319.314	1.74782	1.61661	615	0	-3.31565	0	20	20
0.00835325	0.00128985	1988.67	256.293	0.255745	662.135	314.785	1.74757	1.61661	615	0	-3.23423	0	20	20
0.00835372	0.00127886	1970.93	256.236	0.220224	648.848	310.226	1.74727	1.61661	615	0	-3.15353	0	20	20
0.00835425	0.00126787	1953.24	256.174	0.189625	635.609	305.641	1.74694	1.61661	615	0	-3.07357	0	20	20
0.00835485	0.00125689	1935.61	256.106	0.163268	622.424	301.033	1.74656	1.61661	615	0	-2.9944	0	20	20
0.00835552	0.00124594	1918.04	256.032	0.140567	609.299	296.406	1.74614	1.61661	615	0	-2.91605	0	20	20
0.00835626	0.00123501	1900.55	255.951	0.121018	596.24	291.763	1.74568	1.61661	615	0	-2.83856	0	20	20
0.00835707	0.00122412	1883.14	255.863	0.104184	583.252	287.106	1.74517	1.61661	615	0	-2.76194	0	20	20
0.00835796	0.00121326	1865.82	255.768	0.0896893	570.34	282.439	1.74461	1.61661	615	0	-2.68623	0	20	20
0.00835893	0.00120244	1848.6	255.663	0.0772089	557.511	277.764	1.74401	1.61661	615	0	-2.61145	0	20	20
0.00835998	0.00119166	1831.49	255.549	0.0664636	544.769	273.085	1.74335	1.61661	615	0	-2.53763	0	20	20
0.00836112	0.00118094	1814.49	255.425	0.0572127	532.118	268.404	1.74264	1.61661	615	0	-2.46478	0	20	20
0.00836235	0.00117028	1797.61	255.29	0.0492485	519.565	263.724	1.74187	1.61661	615	0	-2.39294	0	20	20
0.00836367	0.00115967	1780.86	255.142	0.0423924	507.114	259.049	1.74104	1.61661	615	0	-2.32211	0	20	20
0.00836509	0.00114914	1764.25	254.982	0.0364903	494.77	254.379	1.74016	1.61661	615	0	-2.25231	0	20	20
0.0083666	0.00113867	1747.78	254.807	0.0314096	482.537	249.719	1.73921	1.61661	615	0	-2.18357	0	20	20
0.00836822	0.00112828	1731.46	254.616	0.027036	470.421	245.072	1.7382	1.61661	615	0	-2.11589	0	20	20
0.00836994	0.00111797	1715.3	254.409	0.0232712	458.427	240.438	1.73713	1.61661	615	0	-2.0493	0	20	20
0.00837177	0.00110774	1699.31	254.183	0.0200306	446.558	235.823	1.736	1.61661	615	0	-1.9838	0	20	20
0.0083737	0.00109761	1683.49	253.936	0.0172411	434.821	231.227	1.73479	1.61661	615	0	-1.9194	0	20	20
0.00837574	0.00108757	1667.85	253.668	0.01484	423.219	226.654	1.73353	1.61661	615	0	-1.85612	0	20	20
0.0083779	0.00107763	1652.39	253.377	0.0127733	411.756	222.106	1.73219	1.61661	615	0	-1.79396	0	20	20
0.00838016	0.0010678	1637.13	253.059	0.0109943	400.439	217.585	1.73078	1.61661	615	0	-1.73294	0	20	20
0.00838254	0.00105807	1622.06	252.714	0.00946308	389.27	213.095	1.72931	1.61661	615	0	-1.67306	0	20	20
0.00838504	0.00104846	1607.19	252.338	0.00814509	378.255	208.638	1.72777	1.61661	615	0	-1.61432	0	20	20
0.00838764	0.00103896	1592.54	251.929	0.00701065	367.398	204.216	1.72616	1.61661	615	0	-1.55673	0	20	20
0.00839035	0.00102959	1578.09	251.485	0.0060342	356.702	199.831	1.72449	1.61661	615	0	-1.50029	0	20	20
0.00839317	0.00102034	1563.87	251.002	0.00519374	346.174	195.487	1.72275	1.61661	615	0	-1.44501	0	20	20
0.0083961	0.00101122	1549.86	250.478	0.00447034	335.816	191.185	1.72095	1.61661	615	0	-1.39089	0	20	20
0.00839913	0.00100223	1536.09	249.908	0.00384768	325.634	186.928	1.71909	1.61661	615	0	-1.33792	0	20	20
0.00840225	0.000993387	1522.55	249.29	0.00331176	315.63	182.718	1.71717	1.61661	615	0	-1.28611	0	20	20
0.00840547	0.000984682	1509.24	248.618	0.00285047	305.811	178.558	1.7152	1.61661	615	0	-1.23545	0	20	20
0.00840876	0.000976122	1496.17	247.89	0.00245344	296.178	174.45	1.71318	1.61661	615	0	-1.18595	0	20	20
0.00841213	0.000967712	1483.34	247.101	0.0021117	286.738	170.395	1.71113	1.61661	615	0	-1.1376	0	20	20
0.00841556	0.000959455	1470.75	246.245	0.00181757	277.494	166.398	1.70903	1.61661	615	0	-1.09039	0	20	20
0.00841904	0.000951354	1458.41	245.318	0.0015644	268.451	162.459	1.70692	1.61661	615	0	-1.04433	0	20	20
0.00842256	0.000943413	1446.32	244.315	0.00134649	259.613	158.582	1.70478	1.61661	615	0	-0.999422	0	20	20
0.00842609	0.000935637	1434.47	243.231	0.00115894	250.985	154.769	1.70263	1.61661	615	0	-0.955653	0	20	20
0.00842963	0.000928028	1422.88	242.058	0.000997512	242.571	151.022	1.70049	1.61661	615	0	-0.913024	0	20	20
0.00843314	0.000920591	1411.55	240.792	0.000858568	234.377	147.343	1.69837	1.61661	615	0	-0.871538	0	20	20
0.0084366	0.000913331	1400.47	239.426	0.000738977	226.408	143.737	1.69628	1.61661	615	0	-0.831194	0	20	20
0.00843998	0.000906251	1389.64	237.953	0.000636045	218.669	140.204	1.69424	1.61661	615	0	-0.791995	0	20	20
0.00844325	0.000899357	1379.08	236.367	0.000547449	211.167	136.749	1.69227	1.61661	615	0	-0.753945	0	20	20
0.00844638	0.000892654	1368.78	234.661	0.000471194	203.907	133.374	1.69039	1.61661	615	0	-0.717052	0	20	20
0.00844933	0.000886144	1358.73	232.828	0.000405561	196.894	130.081	1.68863	1.61661	615	0	-0.681305	0	20	20
0.00845207	0.000879821	1348.93	230.86	0.00034907	190.122	126.869	1.68698	1.61661	615	0	-0.646659	0	20	20
0.00845459	0.000873676	1339.35	228.751	0.000300448	183.583	123.737	1.68547	1.61661	615	0	-0.613057	0	20	20
0.00845688	0.000867698	1329.99	226.494	0.000258598	177.269	120.682	1.68411	1.61661	615	0	-0.580443	0	20	20
0.00845892	0.00086188	1320.81	224.082	0.000222577	171.172	117.702	1.68289	1.61661	615	0	-0.54877	0	20	20
0.00846069	0.000856211	1311.81	221.509	0.000191574	165.284	114.796	1.68183	1.61661	615	0	-0.517993	0	20	20
0.00846218	0.000850684	1302.97	218.768	0.000164889	159.599	111.962	1.68094	1.61661	615	0	-0.488075	0	20	20
0.00846338	0.00084529	1294.27	215.855	0.000141922	154.11	109.197	1.68023	1.61661	615	0	-0.458981	0	20	20
0.00846429	0.000840021	1285.7	212.764	0.000122153	148.809	106.501	1.67969	1.61661	615	0	-0.430683	0	20	20
0.00846488	0.000834868	1277.25	209.492	0.000105138	143.691	103.872	1.67934	1.61661	615	0	-0.40316	0	20	20
0.00846516	0.000829826	1268.9	206.035	9.04933e-05	138.749	101.307	1.67917	1.61661	615	0	-0.376392	0	20	20
0.00846512	0.000824887	1260.65	202.392	7.78883e-05	133.977	98.8058	1.67919	1.61661	615	0	-0.350369	0	20	20
0.00846477	0.000820044	1252.48	198.562	6.70391e-05	129.369	96.3663	1.6794	1.61661	615	0	-0.325081	0	20	20
0.00846412	0.000815292	1244.39	194.546	5.77011e-05	124.919	93.987	1.67979	1.61661	615	0	-0.300527	0	20	20
0.00846317	0.000810625	1236.36	190.346	4.96638e-05	120.623	91.6664	1.68036	1.61661	615	0	-0.276708	0	20	20
0.00846194	0.000806038	1228.41	185.967	4.2746e-05	116.474	89.4032	1.68109	1.61661	615	0	-0.25363	0	20	20
0.00846045	0.000801526	1220.51	181.413	3.67919e-05	112.468	87.1958	1.68198	1.61661	615	0	-0.231303	0	20	20
0.00845874	0.000797086	1212.68	176.694	3.1667e-05	108.599	85.0429	1.683	1.61661	615	0	-0.209738	0	20	20
0.00845683	0.000792714	1204.91	171.818	2.72561e-05	104.864	82.9432	1.68414	1.61661	615	0	-0.18895	0	20	20
0.00845477	0.000788407	1197.21	166.796	2.34595e-05	101.257	80.8953	1.68537	1.61661	615	0	-0.168955	0	20	20
0.0084526	0.000784163	1189.58	161.643	2.01918e-05	97.7748	78.898	1.68666	1.61661	615	0	-0.149768	0	20	20
0.00845039	0.000779981	1182.02	156.373	1.73792e-05	94.4118	76.95	1.68799	1.61661	615	0	-0.131407	0	20	20
0.00844819	0.000775858	1174.55	151.002	1.49585e-05	91.1646	75.0501	1.68931	1.61661	615	0	-0.113884	0	20	20
0.00844606	0.000771794	1167.18	145.549	1.28749e-05	88.029	73.1971	1.69058	1.61661	615	0	-0.097212	0	20	20
0.00844409	0.000767789	1159.91	140.032	1.10815e-05	85.0013	71.3899	1.69177	1.61661	615	0	-0.081401	0	20	20
0.00844234	0.000763842	1152.76	134.472	9.53793e-06	82.0777	69.6273	1.69282	1.61661	615	0	-0.0664562	0	20	20
0.0084409	0.000759954	1145.75	128.89	8.20938e-06	79.2547	67.9082	1.69369	1.61661	615	0	-0.0523787	0	20	20
0.00843985	0.000756125	1138.87	123.305	7.06588e-06	76.5287	66.2315	1.69432	1.61661	615	0	-0.0391651	0	20	20
0.00843363	0.00075282	1132.16	117.74	6.08166e-06	73.8966	64.5962	1.69807	1.61661	615	0	-0.0243776	0	20	20
0.00842194	0.00075007	1125.64	112.216	5.23453e-06	71.3549	63.0014	1.70515	1.61661	615	0	-0.00845982	0	20	20
0.0084123	0.000747267	1119.3	106.751	4.5054e-06	68.9007	61.4458	1.71103	1.61661	615	0	0.00537997	0	20	20
0.00840495	0.000744396	1113.18	101.367	3.87783e-06	66.5309	59.9287	1.71552	1.61661	615	0	0.0173349	0	20	20
0.00840013	0.000741442	1107.26	96.0801	3.33768e-06	64.2426	58.4491	1.71847	1.61661	615	0	0.0275977	0	20	20
0.00839803	0.000738398	1101.56	90.9079	2.87277e-06	62.033	57.006	1.71976	1.61661	615	0	0.036358	0	20	20
0.00839875	0.000735259	1096.1	85.8656	2.47262e-06	59.8994	55.5985	1.71932	1.61661	615	0	0.0438006	0	20	20
0.00840236	0.000732028	1090.86	80.9665	2.1282e-06	57.8392	54.2258	1.71711	1.61661	615	0	0.0501029	0	20	20
0.0084088	0.000728712	1085.87	76.2224	1.83176e-06	55.8498	52.8869	1.71316	1.61661	615	0	0.0554333	0	20	20
0.00841798	0.000725327	1081.12	71.6431	1.57661e-06	53.9289	51.5811	1.70756	1.61661	615	0	0.0599495	0	20	20
0.00842969	0.000721892	1076.61	67.2365	1.357e-06	52.074	50.3076	1.70045	1.61661	615	0	0.0637967	0	20	20
0.00844368	0.00071843	1072.36	63.0088	1.16798e-06	50.283	49.0655	1.69201	1.61661	615	0	0.0671065	0	20	20
0.00845966	0.000714967	1068.36	58.9643	1.00529e-06	48.5535	47.8541	1.68245	1.61661	615	0	0.0699954	0	20	20
0.00847728	0.000711554	1064.64	55.1056	8.65262e-07	46.8835	46.6726	1.67198	1.61661	615	0	0.0725654	0	20	20
0.00849601	0.00070839	1061.44	51.4339	7.44738e-07	45.271	45.5202	1.66094	1.61661	615	0	0.0749144	0	20	20
0.00851534	0.000705653	1058.99	47.9486	6.41002e-07	43.7139	44.3963	1.64966	1.61661	615	0	0.0771382	0	20	20
0.00853488	0.00070336	1057.27	44.6482	5.51715e-07	42.2104	43.3002	1.63835	1.61661	615	0	0.0793088	0	20	20
0.00855437	0.000701517	1056.25	41.5299	4.74866e-07	40.7586	42.2311	1.62718	1.61661	615	0	0.0814775	0	20	20
0.00857356	0.000700125	1055.91	38.5897	4.08721e-07	39.3567	41.1884	1.61628	1.61661	615	0	0.0836791	0	20	20
0.0085923	0.000699173	1056.22	35.8231	3.51789e-07	38.0031	40.1714	1.60573	1.61661	615	0	0.0859349	0	20	20
0.00861047	0.000698649	1057.16	33.2246	3.02788e-07	36.696	39.1796	1.59559	1.61661	615	0	0.0882561	0	20	20
0.00862799	0.000698536	1058.68	30.7884	2.60612e-07	35.4338	38.2123	1.58588	1.61661	615	0	0.0906466	0	20	20
0.00864482	0.000698814	1060.76	28.5081	2.24311e-07	34.2151	37.2688	1.57664	1.61661	615	0	0.0931053	0	20	20
0.00866095	0.00069946	1063.36	26.3769	1.93066e-07	33.0383	36.3486	1.56785	1.61661	615	0	0.0956276	0	20	20
0.00867636	0.000700453	1066.45	24.3881	1.66173e-07	31.9019	35.4512	1.55951	1.61661	615	0	0.0982072	0	20	20
0.00869106	0.000701771	1069.99	22.5345	1.43027e-07	30.8047	34.5759	1.55161	1.61661	615	0	0.100837	0	20	20
0.00870507	0.000703391	1073.95	20.8092	1.23104e-07	29.7452	33.7222	1.54413	1.61661	615	0	0.103508	0	20	20
0.00871842	0.000705292	1078.3	19.2052	1.05957e-07	28.7221	32.8896	1.53705	1.61661	615	0	0.106213	0	20	20
0.00873111	0.000707454	1083.02	17.7156	9.11979e-08	27.7342	32.0775	1.53035	1.61661	615	0	0.108944	0	20	20
0.00874319	0.000709857	1088.07	16.3335	7.84948e-08	26.7803	31.2855	1.52402	1.61661	615	0	0.111693	0	20	20
0.00875467	0.000712481	1093.43	15.0525	6.75611e-08	25.8592	30.5131	1.51803	1.61661	615	0	0.114455	0	20	20
0.00876558	0.000715309	1099.07	13.8662	5.81504e-08	24.9698	29.7597	1.51237	1.61661	615	0	0.117223	0	20	20
0.00877594	0.000718325	1104.97	12.7684	5.00505e-08	24.111	29.025	1.50702	1.61661	615	0	0.11999	0	20	20
0.00878578	0.000721511	1111.1	11.7534	4.30789e-08	23.2817	28.3083	1.50196	1.61661	615	0	0.122751	0	20	20
0.00879513	0.000724852	1117.44	10.8154	3.70783e-08	22.4809	27.6094	1.49718	1.61661	615	0	0.125502	0	20	20
0.008804	0.000728336	1123.98	9.94928	3.19136e-08	21.7077	26.9277	1.49266	1.61661	615	0	0.128238	0	20	20
0.00881242	0.000731947	1130.68	9.14994	2.74683e-08	20.9611	26.2629	1.48838	1.61661	615	0	0.130955	0	20	20
0.0088204	0.000735674	1137.54	8.41262	2.36422e-08	20.2401	25.6144	1.48434	1.61661	615	0	0.13365	0	20	20
0.00882798	0.000739504	1144.54	7.73287	2.0349e-08	19.544	24.982	1.48053	1.61661	615	0	0.136319	0	20	20
0.00883517	0.000743428	1151.66	7.10647	1.75146e-08	18.8718	24.3652	1.47692	1.61661	615	0	0.138958	0	20	20
0.00884198	0.000747433	1158.88	6.52948	1.50749e-08	18.2227	23.7636	1.4735	1.61661	615	0	0.141567	0	20	20
0.00884844	0.000751511	1166.2	5.99821	1.29751e-08	17.5959	23.1769	1.47028	1.61661	615	0	0.144142	0	20	20
0.00885457	0.000755652	1173.59	5.50922	1.11678e-08	16.9907	22.6047	1.46723	1.61661	615	0	0.14668	0	20	20
0.00886038	0.000759847	1181.04	5.05929	9.61219e-09	16.4063	22.0466	1.46435	1.61661	615	0	0.149182	0	20	20
0.00886588	0.00076409	1188.55	4.64543	8.27329e-09	15.842	21.5022	1.46162	1.61661	615	0	0.151644	0	20	20
0.00887109	0.000768372	1196.1	4.26485	7.12089e-09	15.2971	20.9713	1.45904	1.61661	615	0	0.154065	0	20	20
0.00887604	0.000772686	1203.68	3.91496	6.129e-09	14.771	20.4535	1.45661	1.61661	615	0	0.156445	0	20	20
0.00888072	0.000777026	1211.29	3.59337	5.27528e-09	14.263	19.9485	1.45431	1.61661	615	0	0.158782	0	20	20
0.00888516	0.000781386	1218.91	3.29785	4.54048e-09	13.7724	19.456	1.45213	1.61661	615	0	0.161076	0	20	20
0.00888936	0.000785759	1226.53	3.02635	3.90803e-09	13.2987	18.9756	1.45007	1.61661	615	0	0.163326	0	20	20
0.00889334	0.000790142	1234.16	2.77695	3.36367e-09	12.8413	18.5071	1.44812	1.61661	615	0	0.165532	0	20	20
0.00889712	0.000794529	1241.77	2.5479	2.89514e-09	12.3996	18.0502	1.44628	1.61661	615	0	0.167693	0	20	20
0.00890069	0.000798915	1249.37	2.33757	2.49187e-09	11.9731	17.6045	1.44454	1.61661	615	0	0.169809	0	20	20
0.00890408	0.000803296	1256.94	2.14445	2.14477e-09	11.5613	17.1699	1.44289	1.61661	615	0	0.17188	0	20	20
0.0089073	0.000807668	1264.49	1.96717	1.84602e-09	11.1637	16.7459	1.44133	1.61661	615	0	0.173906	0	20	20
0.00891034	0.000812029	1272	1.80443	1.58888e-09	10.7797	16.3325	1.43985	1.61661	615	0	0.175888	0	20	20
0.00891323	0.000816373	1279.48	1.65508	1.36757e-09	10.409	15.9292	1.43845	1.61661	615	0	0.177825	0	20	20
0.00891596	0.000820699	1286.91	1.51801	1.17707e-09	10.0509	15.5359	1.43713	1.61661	615	0	0.179718	0	20	20
0.00891856	0.000825003	1294.3	1.39223	1.01312e-09	9.70524	15.1524	1.43587	1.61661	615	0	0.181567	0	20	20
0.00892102	0.000829283	1301.64	1.27682	8.71998e-10	9.37144	14.7782	1.43468	1.61661	615	0	0.183373	0	20	20
0.00892336	0.000833537	1308.92	1.17093	7.50536e-10	9.04911	14.4134	1.43356	1.61661	615	0	0.185135	0	20	20
0.00892557	0.000837761	1316.15	1.07379	6.45992e-10	8.73787	14.0575	1.43249	1.61661	615	0	0.186856	0	20	20
0.00892768	0.000841955	1323.32	0.984679	5.56011e-10	8.43733	13.7104	1.43148	1.61661	615	0	0.188535	0	20	20
0.00892968	0.000846116	1330.43	0.902934	4.78563e-10	8.14714	13.3719	1.43052	1.61661	615	0	0.190172	0	20	20
0.00893158	0.000850242	1337.47	0.827954	4.11903e-10	7.86692	13.0418	1.4296	1.61661	615	0	0.191769	0	20	20
0.00893338	0.000854333	1344.45	0.759182	3.54528e-10	7.59634	12.7198	1.42874	1.61661	615	0	0.193327	0	20	20
0.0089351	0.000858386	1351.36	0.696106	3.05145e-10	7.33507	12.4057	1.42791	1.61661	615	0	0.194845	0	20	20
0.00893673	0.000862401	1358.2	0.638258	2.62641e-10	7.08278	12.0994	1.42713	1.61661	615	0	0.196325	0	20	20
0.00893829	0.000866376	1364.97	0.585207	2.26057e-10	6.83917	11.8007	1.42639	1.61661	615	0	0.197767	0	20	20
0.00893977	0.00087031	1371.66	0.536555	1.94569e-10	6.60394	11.5093	1.42568	1.61661	615	0	0.199172	0	20	20
0.00894118	0.000874203	1378.28	0.491941	1.67467e-10	6.3768	11.2251	1.425	1.61661	615	0	0.200541	0	20	20
0.00894253	0.000878053	1384.83	0.45103	1.4414e-10	6.15747	10.948	1.42436	1.61661	615	0	0.201874	0	20	20
0.00894382	0.00088186	1391.3	0.413515	1.24063e-10	5.94569	10.6777	1.42374	1.61661	615	0	0.203173	0	20	20
0.00894505	0.000885624	1397.7	0.379116	1.06782e-10	5.74119	10.4141	1.42316	1.61661	615	0	0.204439	0	20	20
0.00894622	0.000889343	1404.02	0.347575	9.1908e-11	5.54372	10.1569	1.42259	1.61661	615	0	0.20567	0	20	20
0.00894735	0.000893018	1410.26	0.318655	7.91059e-11	5.35305	9.90615	1.42206	1.61661	615	0	0.20687	0	20	20
0.00894843	0.000896648	1416.42	0.292138	6.80871e-11	5.16893	9.66157	1.42154	1.61661	615	0	0.208038	0	20	20
0.00894946	0.000900232	1422.51	0.267826	5.86031e-11	4.99115	9.42303	1.42105	1.61661	615	0	0.209175	0	20	20
0.00895046	0.000903771	1428.52	0.245535	5.04402e-11	4.81948	9.19037	1.42058	1.61661	615	0	0.210283	0	20	20
0.00895141	0.000907265	1434.45	0.225098	4.34142e-11	4.65372	8.96346	1.42012	1.61661	615	0	0.211361	0	20	20
0.00895234	0.000910712	1440.3	0.20636	3.7367e-11	4.49366	8.74215	1.41968	1.61661	615	0	0.21241	0	20	20
0.00895322	0.000914114	1446.08	0.189181	3.21621e-11	4.3391	8.52631	1.41926	1.61661	615	0	0.213431	0	20	20
0.00895408	0.00091747	1451.78	0.173431	2.76821e-11	4.18986	8.31579	1.41885	1.61661	615	0	0.214425	0	20	20
0.00895491	0.000920781	1457.4	0.158992	2.38262e-11	4.04575	8.11047	1.41846	1.61661	615	0	0.215393	0	20	20
0.00895572	0.000924045	1462.94	0.145754	2.05074e-11	3.9066	7.91022	1.41808	1.61661	615	0	0.216335	0	20	20
0.00895649	0.000927264	1468.41	0.133617	1.76509e-11	3.77223	7.71492	1.41771	1.61661	615	0	0.217253	0	20	20
0.00895725	0.000930438	1473.8	0.122491	1.51923e-11	3.64249	7.52444	1.41735	1.61661	615	0	0.218145	0	20	20
0.00895799	0.000933567	1479.11	0.112291	1.30761e-11	3.5172	7.33866	1.417	1.61661	615	0	0.219014	0	20	20
0.0089587	0.000936651	1484.35	0.10294	1.12547e-11	3.39623	7.15747	1.41666	1.61661	615	0	0.21986	0	20	20
0.0089594	0.00093969	1489.52	0.0943671	9.68703e-12	3.27942	6.98075	1.41633	1.61661	615	0	0.220683	0	20	20
0.00896009	0.000942685	1494.61	0.0865081	8.3377e-12	3.16663	6.80839	1.416	1.61661	615	0	0.221485	0	20	20
0.00896076	0.000945636	1499.63	0.0793034	7.17633e-12	3.05771	6.64029	1.41568	1.61661	615	0	0.222265	0	20	20
0.00896141	0.000948543	1504.57	0.0726986	6.17672e-12	2.95254	6.47634	1.41537	1.61661	615	0	0.223025	0	20	20
0.00896206	0.000951407	1509.45	0.0666437	5.31635e-12	2.85099	6.31644	1.41507	1.61661	615	0	0.223765	0	20	20
0.00896269	0.000954228	1514.25	0.061093	4.57583e-12	2.75293	6.16049	1.41477	1.61661	615	0	0.224485	0	20	20
0.00896331	0.000957006	1518.98	0.0560045	3.93845e-12	2.65825	6.00839	1.41447	1.61661	615	0	0.225187	0	20	20
0.00896393	0.000959742	1523.65	0.0513398	3.38986e-12	2.56682	5.86004	1.41418	1.61661	615	0	0.22587	0	20	20
0.00896454	0.000962437	1528.24	0.0470635	2.91768e-12	2.47853	5.71535	1.41389	1.61661	615	0	0.226535	0	20	20
0.00896514	0.000965091	1532.76	0.0431433	2.51127e-12	2.39328	5.57424	1.41361	1.61661	615	0	0.227183	0	20	20
0.00896573	0.000967703	1537.22	0.0395496	2.16147e-12	2.31097	5.43661	1.41333	1.61661	615	0	0.227814	0	20	20
0.00896632	0.000970276	1541.62	0.0362552	1.86039e-12	2.23148	5.30238	1.41305	1.61661	615	0	0.228429	0	20	20
0.00896691	0.000972809	1545.94	0.0332352	1.60125e-12	2.15473	5.17147	1.41277	1.61661	615	0	0.229028	0	20	20
0.00896749	0.000975302	1550.2	0.0304668	1.37821e-12	2.08062	5.04378	1.41249	1.61661	615	0	0.229611	0	20	20
0.00896808	0.000977757	1554.4	0.0279289	1.18624e-12	2.00906	4.91925	1.41222	1.61661	615	0	0.23018	0	20	20
0.00896865	0.000980173	1558.54	0.0256024	1.02101e-12	1.93996	4.79779	1.41195	1.61661	615	0	0.230734	0	20	20
0.00896923	0.000982552	1562.61	0.0234697	8.78787e-13	1.87323	4.67934	1.41167	1.61661	615	0	0.231274	0	20	20
0.00896981	0.000984893	1566.62	0.0215146	7.56379e-13	1.80881	4.5638	1.4114	1.61661	615	0	0.231801	0	20	20
0.00897038	0.000987198	1570.58	0.0197224	6.51022e-13	1.74659	4.45112	1.41113	1.61661	615	0	0.232314	0	20	20
0.00897096	0.000989466	1574.47	0.0180794	5.60339e-13	1.68652	4.34122	1.41086	1.61661	615	0	0.232814	0	20	20
0.00897154	0.000991699	1578.3	0.0165733	4.82289e-13	1.62851	4.23404	1.41059	1.61661	615	0	0.233303	0	20	20
0.00897211	0.000993896	1582.08	0.0151927	4.1511e-13	1.5725	4.1295	1.41031	1.61661	615	0	0.233779	0	20	20
0.00897269	0.000996059	1585.8	0.0139271	3.57288e-13	1.51841	4.02754	1.41004	1.61661	615	0	0.234243	0	20	20
0.00897327	0.000998188	1589.47	0.0127669	3.07521e-13	1.46619	3.9281	1.40977	1.61661	615	0	0.234696	0	20	20
0.00897386	0.00100028	1593.08	0.0117033	2.64686e-13	1.41576	3.83112	1.40949	1.61661	615	0	0.235138	0	20	20
0.00897444	0.00100235	1596.63	0.0107284	2.27817e-13	1.36707	3.73653	1.40922	1.61661	615	0	0.235569	0	20	20
0.00897503	0.00100437	1600.14	0.00983465	1.96084e-13	1.32005	3.64427	1.40894	1.61661	615	0	0.23599	0	20	20
0.00897562	0.00100637	1603.59	0.00901536	1.68771e-13	1.27464	3.55429	1.40866	1.61661	615	0	0.236401	0	20	20
0.00897622	0.00100834	1606.99	0.00826432	1.45263e-13	1.2308	3.46654	1.40838	1.61661	615	0	0.236803	0	20	20
0.00897681	0.00101027	1610.34	0.00757585	1.25029e-13	1.18847	3.38095	1.4081	1.61661	615	0	0.237195	0	20	20
0.00897741	0.00101218	1613.64	0.00694473	1.07613e-13	1.14759	3.29747	1.40782	1.61661	615	0	0.237577	0	20	20
0.00897802	0.00101405	1616.89	0.00636619	9.26235e-14	1.10812	3.21606	1.40753	1.61661	615	0	0.237951	0	20	20
0.00897863	0.0010159	1620.1	0.00583584	7.97218e-14	1.07001	3.13665	1.40725	1.61661	615	0	0.238317	0	20	20
0.00897924	0.00101772	1623.25	0.00534967	6.86172e-14	1.03321	3.05921	1.40696	1.61661	615	0	0.238674	0	20	20
0.00897986	0.0010195	1626.36	0.004904	5.90593e-14	0.997669	2.98368	1.40667	1.61661	615	0	0.239023	0	20	20
0.00898048	0.00102126	1629.43	0.00449546	5.08329e-14	0.963355	2.91001	1.40638	1.61661	615	0	0.239364	0	20	20
0.00898111	0.001023	1632.45	0.00412095	4.37522e-14	0.930221	2.83816	1.40608	1.61661	615	0	0.239698	0	20	20
0.00898174	0.0010247	1635.43	0.00377764	3.76579e-14	0.898226	2.76809	1.40579	1.61661	615	0	0.240025	0	20	20
0.00898237	0.00102638	1638.36	0.00346294	3.24125e-14	0.867332	2.69974	1.40549	1.61661	615	0	0.240344	0	20	20
0.00898301	0.00102804	1641.26	0.00317445	2.78977e-14	0.8375	2.63309	1.40519	1.61661	615	0	0.240656	0	20	20
0.00898365	0.00102966	1644.11	0.00290999	2.40117e-14	0.808695	2.56807	1.40489	1.61661	615	0	0.240962	0	20	20
0.0089843	0.00103127	1646.92	0.00266756	2.06671e-14	0.78088	2.50467	1.40458	1.61661	615	0	0.241262	0	20	20
0.00898496	0.00103285	1649.69	0.00244533	1.77883e-14	0.754022	2.44283	1.40427	1.61661	615	0	0.241555	0	20	20
0.0089856	0.00103441	1652.44	0.00224161	1.53106e-14	0.728088	2.38251	1.40397	1.61661	615	0	0.241842	0	20	20
0.00898623	0.00103598	1655.18	0.00205487	1.31779e-14	0.703046	2.32369	1.40368	1.61661	615	0	0.242125	0	20	20
0.00898682	0.00103755	1657.94	0.00188368	1.13423e-14	0.678865	2.26632	1.4034	1.61661	615	0	0.242403	0	20	20
0.00898738	0.00103913	1660.7	0.00172675	9.76244e-15	0.655515	2.21036	1.40314	1.61661	615	0	0.242676	0	20	20
0.0089879	0.00104072	1663.47	0.0015829	8.40261e-15	0.632969	2.15579	1.40289	1.61661	615	0	0.242945	0	20	20
0.00898841	0.00104231	1666.24	0.00145103	7.2322e-15	0.611198	2.10256	1.40266	1.61661	615	0	0.24321	0	20	20
0.00898888	0.00104391	1669.02	0.00133015	6.22481e-15	0.590177	2.05065	1.40244	1.61661	615	0	0.243471	0	20	20
0.00898932	0.00104551	1671.8	0.00121933	5.35774e-15	0.569878	2.00002	1.40223	1.61661	615	0	0.243727	0	20	20
0.00898974	0.00104712	1674.58	0.00111775	4.61145e-15	0.550277	1.95064	1.40203	1.61661	615	0	0.24398	0	20	20
0.00899013	0.00104873	1677.37	0.00102463	3.96911e-15	0.53135	1.90248	1.40185	1.61661	615	0	0.244229	0	20	20
0.0089905	0.00105034	1680.16	0.000939274	3.41625e-15	0.513075	1.8555	1.40168	1.61661	615	0	0.244474	0	20	20
0.00899084	0.00105196	1682.95	0.000861024	2.94039e-15	0.495428	1.80969	1.40152	1.61661	615	0	0.244716	0	20	20
0.00899116	0.00105358	1685.74	0.000789293	2.53082e-15	0.478388	1.76501	1.40137	1.61661	615	0	0.244954	0	20	20
0.00899146	0.0010552	1688.54	0.000723538	2.1783e-15	0.461934	1.72143	1.40123	1.61661	615	0	0.245188	0	20	20
0.00899174	0.00105683	1691.33	0.000663261	1.87488e-15	0.446046	1.67893	1.4011	1.61661	615	0	0.245419	0	20	20
0.00899199	0.00105845	1694.12	0.000608005	1.61372e-15	0.430704	1.63748	1.40098	1.61661	615	0	0.245647	0	20	20
0.00899222	0.00106008	1696.91	0.000557353	1.38894e-15	0.41589	1.59705	1.40087	1.61661	615	0	0.245872	0	20	20
0.00899243	0.0010617	1699.69	0.00051092	1.19547e-15	0.401586	1.55762	1.40077	1.61661	615	0	0.246093	0	20	20
0.00899263	0.00106333	1702.48	0.000468356	1.02895e-15	0.387774	1.51916	1.40068	1.61661	615	0	0.246312	0	20	20
0.0089928	0.00106496	1705.26	0.000429338	8.85629e-16	0.374436	1.48165	1.4006	1.61661	615	0	0.246527	0	20	20
0.00899296	0.00106658	1708.03	0.00039357	7.62268e-16	0.361558	1.44507	1.40053	1.61661	615	0	0.24674	0	20	20
0.00899309	0.00106821	1710.81	0.000360782	6.5609e-16	0.349122	1.40939	1.40047	1.61661	615	0	0.246949	0	20	20
0.00899321	0.00106983	1713.57	0.000330726	5.64702e-16	0.337114	1.37459	1.40041	1.61661	615	0	0.247156	0	20	20
0.00899332	0.00107145	1716.34	0.000303173	4.86043e-16	0.325519	1.34065	1.40036	1.61661	615	0	0.24736	0	20	20
0.0089934	0.00107307	1719.09	0.000277916	4.18342e-16	0.314323	1.30755	1.40032	1.61661	615	0	0.247561	0	20	20
0.00899347	0.00107469	1721.84	0.000254763	3.6007e-16	0.303512	1.27527	1.40029	1.61661	615	0	0.24776	0	20	20
0.00899353	0.00107631	1724.59	0.000233539	3.09915e-16	0.293073	1.24378	1.40026	1.61661	615	0	0.247956	0	20	20
0.00899357	0.00107792	1727.33	0.000214083	2.66746e-16	0.282993	1.21307	1.40024	1.61661	615	0	0.248149	0	20	20
0.0089936	0.00107953	1730.05	0.000196248	2.29591e-16	0.273259	1.18312	1.40023	1.61661	615	0	0.248341	0	20	20
0.00899361	0.00108113	1732.78	0.000179899	1.97611e-16	0.263861	1.15391	1.40023	1.61661	615	0	0.248529	0	20	20
0.00899361	0.00108273	1735.49	0.000164912	1.70085e-16	0.254785	1.12542	1.40023	1.61661	615	0	0.248715	0	20	20
0.00899359	0.00108433	1738.2	0.000151173	1.46393e-16	0.246022	1.09763	1.40023	1.61661	615	0	0.248899	0	20	20
0.00899357	0.00108593	1740.89	0.000138579	1.26002e-16	0.23756	1.07053	1.40024	1.61661	615	0	0.249081	0	20	20
0.00899353	0.00108752	1743.58	0.000127034	1.08451e-16	0.22939	1.0441	1.40026	1.61661	615	0	0.24926	0	20	20
0.00899348	0.0010891	1746.26	0.000116451	9.33446e-17	0.2215	1.01832	1.40029	1.61661	615	0	0.249438	0	20	20
0.00899342	0.00109068	1748.92	0.00010675	8.03424e-17	0.213881	0.99318	1.40031	1.61661	615	0	0.249613	0	20	20
0.00899335	0.00109226	1751.58	9.78563e-05	6.91514e-17	0.206525	0.968658	1.40035	1.61661	615	0	0.249785	0	20	20
0.00899326	0.00109383	1754.23	8.9704e-05	5.95191e-17	0.199422	0.944742	1.40039	1.61661	615	0	0.249956	0	20	20
0.00899317	0.00109539	1756.86	8.22308e-05	5.12286e-17	0.192563	0.921416	1.40043	1.61661	615	0	0.250125	0	20	20
0.00899307	0.00109695	1759.49	7.53802e-05	4.40929e-17	0.18594	0.898666	1.40048	1.61661	615	0	0.250291	0	20	20
0.00899296	0.0010985	1762.1	6.91004e-05	3.79511e-17	0.179544	0.876478	1.40053	1.61661	615	0	0.250456	0	20	20
0.00899283	0.00110005	1764.7	6.33437e-05	3.26648e-17	0.173369	0.854838	1.40059	1.61661	615	0	0.250619	0	20	20
0.0089927	0.00110159	1767.29	5.80666e-05	2.81149e-17	0.167406	0.833732	1.40065	1.61661	615	0	0.25078	0	20	20
0.00899256	0.00110312	1769.87	5.32291e-05	2.41987e-17	0.161648	0.813147	1.40071	1.61661	615	0	0.250939	0	20	20
0.00899242	0.00110465	1772.43	4.87946e-05	2.0828e-17	0.156088	0.79307	1.40078	1.61661	615	0	0.251096	0	20	20
0.00899226	0.00110617	1774.98	4.47296e-05	1.79268e-17	0.15072	0.773489	1.40086	1.61661	615	0	0.251251	0	20	20
0.0089921	0.00110768	1777.52	4.10032e-05	1.54298e-17	0.145536	0.754392	1.40093	1.61661	615	0	0.251404	0	20	20
0.00899193	0.00110919	1780.05	3.75873e-05	1.32805e-17	0.14053	0.735766	1.40101	1.61661	615	0	0.251556	0	20	20
0.00899175	0.00111069	1782.56	3.44559e-05	1.14306e-17	0.135697	0.717599	1.40109	1.61661	615	0	0.251706	0	20	20
0.00899157	0.00111218	1785.06	3.15854e-05	9.83845e-18	0.131029	0.699882	1.40118	1.61661	615	0	0.251854	0	20	20
0.00899138	0.00111367	1787.55	2.89541e-05	8.46803e-18	0.126523	0.682602	1.40127	1.61661	615	0	0.252	0	20	20
0.00899118	0.00111514	1790.02	2.65419e-05	7.2885e-18	0.122171	0.665748	1.40136	1.61661	615	0	0.252145	0	20	20
0.00899098	0.00111661	1792.48	2.43307e-05	6.27327e-18	0.117969	0.649311	1.40145	1.61661	615	0	0.252288	0	20	20
0.00899077	0.00111807	1794.92	2.23038e-05	5.39946e-18	0.113911	0.633279	1.40155	1.61661	615	0	0.252429	0	20	20
0.00899056	0.00111953	1797.35	2.04457e-05	4.64735e-18	0.109994	0.617644	1.40165	1.61661	615	0	0.252569	0	20	20
0.00899034	0.00112097	1799.76	1.87423e-05	4.00001e-18	0.10621	0.602394	1.40175	1.61661	615	0	0.252707	0	20	20
0.00899012	0.00112241	1802.16	1.71809e-05	3.44284e-18	0.102557	0.587521	1.40186	1.61661	615	0	0.252844	0	20	20
0.00898989	0.00112383	1804.55	1.57496e-05	2.96328e-18	0.0990299	0.573015	1.40197	1.61661	615	0	0.252979	0	20	20
0.00898966	0.00112525	1806.92	1.44375e-05	2.55052e-18	0.0956238	0.558867	1.40207	1.61661	615	0	0.253113	0	20	20
0.00898942	0.00112667	1809.27	1.32347e-05	2.19525e-18	0.0923349	0.545069	1.40219	1.61661	615	0	0.253245	0	20	20
0.00898918	0.00112807	1811.61	1.21322e-05	1.88947e-18	0.089159	0.531611	1.4023	1.61661	615	0	0.253375	0	20	20
0.00898893	0.00112946	1813.94	1.11214e-05	1.62628e-18	0.0860925	0.518485	1.40241	1.61661	615	0	0.253504	0	20	20
0.00898868	0.00113085	1816.25	1.01949e-05	1.39976e-18	0.0831313	0.505684	1.40253	1.61661	615	0	0.253632	0	20	20
0.00898843	0.00113222	1818.54	9.3456e-06	1.20478e-18	0.0802721	0.493198	1.40265	1.61661	615	0	0.253758	0	20	20
0.00898818	0.00113359	1820.82	8.56702e-06	1.03696e-18	0.0775111	0.481021	1.40277	1.61661	615	0	0.253883	0	20	20
0.00898792	0.00113495	1823.08	7.85331e-06	8.92524e-19	0.0748452	0.469145	1.40289	1.61661	615	0	0.254006	0	20	20
0.00898765	0.0011363	1825.32	7.19906e-06	7.68203e-19	0.0722709	0.457562	1.40301	1.61661	615	0	0.254128	0	20	20
0.00898739	0.00113764	1827.56	6.59931e-06	6.61198e-19	0.0697852	0.446264	1.40313	1.61661	615	0	0.254249	0	20	20
0.00898712	0.00113897	1829.77	6.04953e-06	5.69098e-19	0.067385	0.435246	1.40326	1.61661	615	0	0.254368	0	20	20
0.00898685	0.00114029	1831.97	5.54555e-06	4.89828e-19	0.0650673	0.4245	1.40339	1.61661	615	0	0.254486	0	20	20
0.00898658	0.0011416	1834.15	5.08355e-06	4.21598e-19	0.0628293	0.414019	1.40351	1.61661	615	0	0.254603	0	20	20
0.00898631	0.00114291	1836.32	4.66005e-06	3.62873e-19	0.0606683	0.403797	1.40364	1.61661	615	0	0.254718	0	20	20
0.00898603	0.0011442	1838.47	4.27182e-06	3.12328e-19	0.0585817	0.393827	1.40377	1.61661	615	0	0.254832	0	20	20
0.00898575	0.00114549	1840.6	3.91594e-06	2.68823e-19	0.0565668	0.384103	1.4039	1.61661	615	0	0.254945	0	20	20
0.00898547	0.00114676	1842.72	3.58971e-06	2.31378e-19	0.0546212	0.37462	1.40403	1.61661	615	0	0.255056	0	20	20
0.00898519	0.00114803	1844.82	3.29065e-06	1.99149e-19	0.0527425	0.36537	1.40416	1.61661	615	0	0.255166	0	20	20
0.00898491	0.00114928	1846.91	3.01651e-06	1.71409e-19	0.0509285	0.356349	1.4043	1.61661	615	0	0.255275	0	20	20
0.00898463	0.00115053	1848.97	2.76521e-06	1.47533e-19	0.0491768	0.347551	1.40443	1.61661	615	0	0.255383	0	20	20
0.00898434	0.00115177	1851.03	2.53484e-06	1.26983e-19	0.0474854	0.33897	1.40456	1.61661	615	0	0.25549	0	20	20
0.00898406	0.00115299	1853.06	2.32366e-06	1.09295e-19	0.0458521	0.330601	1.4047	1.61661	615	0	0.255595	0	20	20
