0.00661747	
0.00593024	
0.00486424	
0.00427277	
0.00392122	
0.00368986	
0.00352101	
0.00338968	
0.00329536	
0.00325107	
0.0032825	
0.00342666	
0.00365895	
0.00396171	
0.00432846	
0.00476093	
0.00526625	
0.00585524	
0.0065415	
0.00734106	
0.00827229	
0.00935618	
0.010617	
0.0120826	
0.013782	
0.0157536	
0.0181257	
0.0209888	
0.0243796	
0.0283996	
0.0388993	
0.046984	
0.0492345	
0.048376	
0.046613	
0.0447734	
0.043141	
0.0417907	
0.0407128	
0.0398703	
0.0392216	
0.0387295	
0.0383627	
0.0380956	
0.0379085	
0.0378201	
0.0378322	
0.0379252	
0.0380818	
0.038287	
0.0385275	
0.0387918	
0.0390703	
0.0393549	
0.0396388	
0.0399166	
0.0401844	
0.0404389	
0.0406782	
0.0409007	
0.041106	
0.0412937	
0.0414641	
0.0416177	
0.0417554	
0.0418779	
0.0419864	
0.0420818	
0.0421653	
0.0422378	
0.0423003	
0.0423539	
0.0423995	
