0.00863926	0.000695032	1111.6	256.922	76.5	0	0	1.57968	1.61661	615	0	0.148937	0	20	20
0.00872137	0.000705916	1138.42	256.922	76.4694	18.5317	6.2451	1.53549	1.61661	615	0	-0.161761	0	20	20
0.00885999	0.000728484	1191.19	256.922	76.4339	54.3232	18.4279	1.46454	1.61661	615	0	-0.730143	0	20	20
0.0089687	0.000751319	1241.76	256.922	76.3927	88.8849	30.3103	1.41193	1.61661	615	0	-1.22128	0	20	20
0.0090516	0.000774125	1289.84	256.922	76.3448	122.251	41.897	1.37349	1.61661	615	0	-1.64876	0	20	20
0.00911352	0.000796583	1335.25	256.922	76.2893	154.454	53.1926	1.34568	1.61661	615	0	-2.02226	0	20	20
0.00915917	0.00081848	1378.03	256.922	76.2249	185.529	64.202	1.32566	1.61661	615	0	-2.35027	0	20	20
0.00919257	0.00083972	1418.39	256.922	76.1502	215.506	74.9302	1.31126	1.61661	615	0	-2.64035	0	20	20
0.00921688	0.000860296	1456.62	256.922	76.0636	244.42	85.3822	1.30091	1.61661	615	0	-2.89895	0	20	20
0.00923444	0.000880247	1493.01	256.922	75.9633	272.302	95.5636	1.29351	1.61661	615	0	-3.13137	0	20	20
0.00924692	0.000899625	1527.84	256.921	75.847	299.184	105.48	1.28827	1.61661	615	0	-3.34182	0	20	20
0.00925555	0.000918481	1561.33	256.921	75.7124	325.101	115.138	1.28467	1.61661	615	0	-3.53358	0	20	20
0.00926119	0.000936851	1593.61	256.921	75.5566	350.084	124.542	1.28233	1.61661	615	0	-3.70921	0	20	20
0.00926448	0.000954761	1624.81	256.921	75.3764	374.167	133.701	1.28096	1.61661	615	0	-3.87074	0	20	20
0.00926588	0.000972225	1655	256.921	75.1681	397.385	142.622	1.28038	1.61661	615	0	-4.01977	0	20	20
0.00926576	0.000989249	1684.23	256.92	74.9275	419.773	151.311	1.28043	1.61661	615	0	-4.15767	0	20	20
0.00926439	0.00100584	1712.54	256.92	74.6499	441.366	159.777	1.281	1.61661	615	0	-4.28555	0	20	20
0.009262	0.001022	1739.95	256.92	74.33	462.202	168.03	1.28199	1.61661	615	0	-4.40442	0	20	20
0.00925876	0.00103774	1766.5	256.92	73.9617	482.319	176.077	1.28334	1.61661	615	0	-4.51514	0	20	20
0.00925481	0.00105306	1792.2	256.919	73.5383	501.755	183.93	1.28498	1.61661	615	0	-4.61849	0	20	20
0.00925027	0.00106797	1817.1	256.919	73.0526	520.55	191.599	1.28688	1.61661	615	0	-4.71519	0	20	20
0.00924523	0.0010825	1841.22	256.919	72.4961	538.746	199.094	1.28898	1.61661	615	0	-4.80586	0	20	20
0.00923977	0.00109665	1864.59	256.918	71.8602	556.383	206.426	1.29127	1.61661	615	0	-4.89109	0	20	20
0.00923393	0.00111044	1887.26	256.918	71.1353	573.503	213.608	1.29372	1.61661	615	0	-4.97142	0	20	20
0.00922777	0.00112389	1909.25	256.917	70.3111	590.147	220.651	1.29631	1.61661	615	0	-5.04732	0	20	20
0.00922133	0.00113703	1930.59	256.917	69.3773	606.353	227.565	1.29903	1.61661	615	0	-5.11923	0	20	20
0.00921462	0.00114986	1951.33	256.916	68.323	622.16	234.363	1.30187	1.61661	615	0	-5.18752	0	20	20
0.00920768	0.00116242	1971.49	256.916	67.1377	637.598	241.051	1.30482	1.61661	615	0	-5.25254	0	20	20
0.00920052	0.0011747	1991.09	256.915	65.8111	652.697	247.64	1.30787	1.61661	615	0	-5.31456	0	20	20
0.00919316	0.00118673	2010.14	256.914	64.3342	667.474	254.132	1.31101	1.61661	615	0	-5.37383	0	20	20
0.00918562	0.00119849	2028.64	256.913	62.6995	681.94	260.531	1.31424	1.61661	615	0	-5.43051	0	20	20
0.00917795	0.00120998	2046.59	256.913	60.9015	696.093	266.835	1.31754	1.61661	615	0	-5.48473	0	20	20
0.00917016	0.00122119	2063.97	256.912	58.9379	709.919	273.037	1.3209	1.61661	615	0	-5.53655	0	20	20
0.00916231	0.00123209	2080.72	256.911	56.8097	723.387	279.126	1.3243	1.61661	615	0	-5.58596	0	20	20
0.00915445	0.00124263	2096.79	256.909	54.5225	736.45	285.084	1.32771	1.61661	615	0	-5.63289	0	20	20
0.00914666	0.00125276	2112.1	256.908	52.086	749.047	290.89	1.3311	1.61661	615	0	-5.67724	0	20	20
0.00913902	0.00126242	2126.56	256.907	49.5151	761.099	296.514	1.33445	1.61661	615	0	-5.71881	0	20	20
0.00913163	0.00127153	2140.07	256.905	46.8297	772.515	301.925	1.33769	1.61661	615	0	-5.75741	0	20	20
0.00912458	0.00128001	2152.52	256.904	44.0538	783.196	307.087	1.34079	1.61661	615	0	-5.79279	0	20	20
0.00911799	0.00128777	2163.78	256.902	41.2153	793.036	311.96	1.3437	1.61661	615	0	-5.8247	0	20	20
0.00911197	0.00129473	2173.75	256.9	38.3448	801.93	316.508	1.34637	1.61661	615	0	-5.85289	0	20	20
0.00910662	0.00130081	2182.33	256.898	35.4743	809.781	320.693	1.34874	1.61661	615	0	-5.87713	0	20	20
0.00910204	0.00130595	2189.41	256.896	32.6358	816.5	324.484	1.35078	1.61661	615	0	-5.89722	0	20	20
0.0090983	0.00131008	2194.95	256.893	29.8599	822.018	327.853	1.35244	1.61661	615	0	-5.91301	0	20	20
0.00909548	0.00131317	2198.89	256.89	27.1745	826.286	330.779	1.3537	1.61661	615	0	-5.92441	0	20	20
0.00909362	0.0013152	2201.22	256.887	24.6037	829.275	333.25	1.35454	1.61661	615	0	-5.93137	0	20	20
0.00909273	0.00131617	2201.95	256.884	22.1672	830.982	335.261	1.35493	1.61661	615	0	-5.93391	0	20	20
0.00909277	0.00131609	2201.12	256.881	19.8799	831.424	336.813	1.35491	1.61661	615	0	-5.93169	0	20	20
0.00909284	0.00131513	2198.78	256.877	17.7517	830.639	337.917	1.35488	1.61661	615	0	-5.91823	0	20	20
0.00909293	0.00131332	2195.01	256.872	15.7881	828.682	338.587	1.35484	1.61661	615	0	-5.89414	0	20	20
0.00909303	0.00131072	2189.92	256.868	13.9901	825.62	338.844	1.3548	1.61661	615	0	-5.86013	0	20	20
0.00909314	0.00130738	2183.6	256.863	12.3554	821.531	338.711	1.35475	1.61661	615	0	-5.817	0	20	20
0.00909325	0.00130338	2176.16	256.857	10.8785	816.499	338.214	1.3547	1.61661	615	0	-5.7656	0	20	20
0.00909335	0.00129876	2167.7	256.851	9.55195	810.61	337.381	1.35465	1.61661	615	0	-5.70677	0	20	20
0.00909343	0.0012936	2158.32	256.845	8.36659	803.949	336.238	1.35462	1.61661	615	0	-5.64137	0	20	20
0.00909348	0.00128794	2148.13	256.838	7.31231	796.601	334.813	1.3546	1.61661	615	0	-5.57021	0	20	20
0.00909349	0.00128186	2137.22	256.83	6.37848	788.645	333.131	1.35459	1.61661	615	0	-5.49405	0	20	20
0.00909345	0.00127539	2125.68	256.822	5.55436	780.155	331.218	1.35461	1.61661	615	0	-5.41363	0	20	20
0.00909337	0.00126859	2113.58	256.812	4.8294	771.2	329.096	1.35465	1.61661	615	0	-5.32959	0	20	20
0.00909322	0.0012615	2101.01	256.802	4.19349	761.843	326.785	1.35471	1.61661	615	0	-5.24252	0	20	20
0.00909301	0.00125417	2088.02	256.791	3.63707	752.141	324.305	1.3548	1.61661	615	0	-5.15296	0	20	20
0.00909274	0.00124661	2074.68	256.779	3.15127	742.142	321.674	1.35493	1.61661	615	0	-5.06138	0	20	20
0.00909239	0.00123888	2061.03	256.766	2.72794	731.893	318.905	1.35509	1.61661	615	0	-4.96819	0	20	20
0.00909196	0.00123098	2047.12	256.752	2.35965	721.432	316.015	1.35528	1.61661	615	0	-4.87375	0	20	20
0.00909145	0.00122296	2032.99	256.736	2.03971	710.794	313.013	1.3555	1.61661	615	0	-4.77838	0	20	20
0.00909086	0.00121482	2018.68	256.719	1.76213	700.01	309.912	1.35577	1.61661	615	0	-4.68236	0	20	20
0.00909018	0.00120659	2004.21	256.701	1.52155	689.105	306.722	1.35607	1.61661	615	0	-4.58592	0	20	20
0.00908941	0.00119829	1989.62	256.681	1.31324	678.102	303.45	1.35642	1.61661	615	0	-4.48927	0	20	20
0.00908856	0.00118992	1974.92	256.659	1.13301	667.022	300.104	1.3568	1.61661	615	0	-4.39258	0	20	20
0.00908761	0.0011815	1960.14	256.635	0.977206	655.882	296.692	1.35722	1.61661	615	0	-4.29601	0	20	20
0.00908658	0.00117304	1945.29	256.609	0.842585	644.697	293.219	1.35769	1.61661	615	0	-4.19969	0	20	20
0.00908545	0.00116455	1930.4	256.58	0.726331	633.481	289.69	1.35819	1.61661	615	0	-4.10374	0	20	20
0.00908423	0.00115604	1915.47	256.549	0.625985	622.245	286.112	1.35874	1.61661	615	0	-4.00825	0	20	20
0.00908292	0.00114752	1900.52	256.515	0.539403	610.999	282.488	1.35933	1.61661	615	0	-3.91332	0	20	20
0.00908152	0.00113899	1885.56	256.478	0.464724	599.754	278.822	1.35996	1.61661	615	0	-3.81901	0	20	20
0.00908003	0.00113046	1870.6	256.438	0.400329	588.516	275.118	1.36063	1.61661	615	0	-3.7254	0	20	20
0.00907845	0.00112194	1855.66	256.394	0.344818	577.294	271.381	1.36134	1.61661	615	0	-3.63254	0	20	20
0.00907678	0.00111343	1840.73	256.346	0.296973	566.095	267.612	1.36209	1.61661	615	0	-3.5405	0	20	20
0.00907503	0.00110493	1825.83	256.293	0.255745	554.925	263.816	1.36288	1.61661	615	0	-3.44931	0	20	20
0.00907319	0.00109645	1810.98	256.236	0.220224	543.789	259.995	1.3637	1.61661	615	0	-3.35902	0	20	20
0.00907127	0.001088	1796.16	256.174	0.189625	532.693	256.153	1.36457	1.61661	615	0	-3.26968	0	20	20
0.00906927	0.00107958	1781.41	256.106	0.163268	521.643	252.291	1.36548	1.61661	615	0	-3.18131	0	20	20
0.00906719	0.00107119	1766.71	256.032	0.140567	510.643	248.413	1.36641	1.61661	615	0	-3.09394	0	20	20
0.00906503	0.00106284	1752.08	255.951	0.121018	499.699	244.522	1.36739	1.61661	615	0	-3.00762	0	20	20
0.0090628	0.00105453	1737.52	255.863	0.104184	488.814	240.619	1.3684	1.61661	615	0	-2.92237	0	20	20
0.0090605	0.00104627	1723.05	255.768	0.0896893	477.993	236.707	1.36944	1.61661	615	0	-2.83822	0	20	20
0.00905813	0.00103805	1708.67	255.663	0.0772089	467.241	232.79	1.37052	1.61661	615	0	-2.75519	0	20	20
0.0090557	0.00102989	1694.39	255.549	0.0664636	456.562	228.868	1.37162	1.61661	615	0	-2.6733	0	20	20
0.0090532	0.00102179	1680.2	255.425	0.0572127	445.96	224.945	1.37276	1.61661	615	0	-2.59259	0	20	20
0.00905065	0.00101375	1666.13	255.29	0.0492485	435.439	221.023	1.37392	1.61661	615	0	-2.51306	0	20	20
0.00904804	0.00100577	1652.18	255.142	0.0423924	425.004	217.104	1.37511	1.61661	615	0	-2.43474	0	20	20
0.00904538	0.000997863	1638.34	254.982	0.0364903	414.658	213.191	1.37632	1.61661	615	0	-2.35765	0	20	20
0.00904267	0.000990026	1624.64	254.807	0.0314096	404.407	209.286	1.37756	1.61661	615	0	-2.2818	0	20	20
0.00903992	0.000982265	1611.07	254.616	0.027036	394.252	205.39	1.37882	1.61661	615	0	-2.20721	0	20	20
0.00903712	0.000974584	1597.64	254.409	0.0232712	384.2	201.507	1.3801	1.61661	615	0	-2.13389	0	20	20
0.00903429	0.000966985	1584.37	254.183	0.0200306	374.253	197.639	1.3814	1.61661	615	0	-2.06186	0	20	20
0.00903142	0.000959472	1571.24	253.936	0.0172411	364.416	193.787	1.38271	1.61661	615	0	-1.99113	0	20	20
0.00902853	0.00095205	1558.28	253.668	0.01484	354.693	189.955	1.38404	1.61661	615	0	-1.92171	0	20	20
0.0090256	0.00094472	1545.47	253.377	0.0127733	345.086	186.143	1.38539	1.61661	615	0	-1.85361	0	20	20
0.00902265	0.000937487	1532.84	253.059	0.0109943	335.601	182.355	1.38675	1.61661	615	0	-1.78684	0	20	20
0.00901968	0.000930353	1520.39	252.714	0.00946308	326.241	178.592	1.38812	1.61661	615	0	-1.7214	0	20	20
0.0090167	0.000923322	1508.11	252.338	0.00814509	317.009	174.856	1.3895	1.61661	615	0	-1.65729	0	20	20
0.00901369	0.000916396	1496.02	251.929	0.00701065	307.91	171.15	1.39089	1.61661	615	0	-1.59453	0	20	20
0.00901068	0.000909579	1484.12	251.485	0.0060342	298.946	167.475	1.39228	1.61661	615	0	-1.53312	0	20	20
0.00900765	0.000902873	1472.41	251.002	0.00519374	290.123	163.835	1.39369	1.61661	615	0	-1.47305	0	20	20
0.00900462	0.000896281	1460.9	250.478	0.00447034	281.442	160.229	1.3951	1.61661	615	0	-1.41433	0	20	20
0.00900158	0.000889806	1449.58	249.908	0.00384768	272.908	156.661	1.39651	1.61661	615	0	-1.35696	0	20	20
0.00899853	0.000883449	1438.47	249.29	0.00331176	264.525	153.133	1.39793	1.61661	615	0	-1.30093	0	20	20
0.00899547	0.000877213	1427.57	248.618	0.00285047	256.295	149.646	1.39936	1.61661	615	0	-1.24625	0	20	20
0.00899241	0.0008711	1416.87	247.89	0.00245344	248.222	146.203	1.40079	1.61661	615	0	-1.1929	0	20	20
0.00898934	0.000865112	1406.38	247.101	0.0021117	240.311	142.806	1.40222	1.61661	615	0	-1.14088	0	20	20
0.00898625	0.000859252	1396.11	246.245	0.00181757	232.564	139.455	1.40367	1.61661	615	0	-1.09019	0	20	20
0.00898316	0.00085352	1386.04	245.318	0.0015644	224.985	136.154	1.40512	1.61661	615	0	-1.04083	0	20	20
0.00898004	0.000847919	1376.19	244.315	0.00134649	217.577	132.905	1.40658	1.61661	615	0	-0.992785	0	20	20
0.00897689	0.000842451	1366.56	243.231	0.00115894	210.346	129.709	1.40806	1.61661	615	0	-0.946052	0	20	20
0.00897372	0.000837116	1357.14	242.058	0.000997512	203.295	126.569	1.40956	1.61661	615	0	-0.900625	0	20	20
0.0089705	0.000831917	1347.93	240.792	0.000858568	196.427	123.486	1.41108	1.61661	615	0	-0.856502	0	20	20
0.00896723	0.000826856	1338.94	239.426	0.000738977	189.748	120.463	1.41262	1.61661	615	0	-0.813677	0	20	20
0.00896389	0.000821934	1330.16	237.953	0.000636045	183.263	117.503	1.4142	1.61661	615	0	-0.77215	0	20	20
0.00896047	0.000817153	1321.59	236.367	0.000547449	176.975	114.607	1.41582	1.61661	615	0	-0.73192	0	20	20
0.00895696	0.000812516	1313.24	234.661	0.000471194	170.892	111.778	1.41748	1.61661	615	0	-0.692988	0	20	20
0.00895334	0.000808023	1305.11	232.828	0.000405561	165.014	109.019	1.41921	1.61661	615	0	-0.655338	0	20	20
0.00894958	0.000803667	1297.16	230.86	0.00034907	159.338	106.327	1.42099	1.61661	615	0	-0.618913	0	20	20
0.00894569	0.000799439	1289.4	228.751	0.000300448	153.858	103.702	1.42285	1.61661	615	0	-0.583643	0	20	20
0.00894166	0.000795332	1281.81	226.494	0.000258598	148.566	101.141	1.42477	1.61661	615	0	-0.549463	0	20	20
0.00893747	0.000791336	1274.36	224.082	0.000222577	143.456	98.6441	1.42678	1.61661	615	0	-0.516313	0	20	20
0.00893312	0.000787444	1267.04	221.509	0.000191574	138.522	96.2086	1.42886	1.61661	615	0	-0.484139	0	20	20
0.00892859	0.000783647	1259.84	218.768	0.000164889	133.758	93.8332	1.43104	1.61661	615	0	-0.452894	0	20	20
0.0089239	0.000779938	1252.74	215.855	0.000141922	129.157	91.5165	1.4333	1.61661	615	0	-0.422536	0	20	20
0.00891903	0.000776309	1245.74	212.764	0.000122153	124.715	89.2569	1.43565	1.61661	615	0	-0.39303	0	20	20
0.00891399	0.000772753	1238.81	209.492	0.000105138	120.425	87.0531	1.43808	1.61661	615	0	-0.364347	0	20	20
0.00890898	0.000769308	1232.05	206.035	9.04933e-05	116.283	84.9038	1.44051	1.61661	615	0	-0.336712	0	20	20
0.00890443	0.00076606	1225.64	202.392	7.78883e-05	112.284	82.8075	1.44272	1.61661	615	0	-0.310579	0	20	20
0.00890057	0.000763042	1219.68	198.562	6.70391e-05	108.422	80.763	1.4446	1.61661	615	0	-0.28609	0	20	20
0.00889736	0.000760237	1214.13	194.546	5.77011e-05	104.693	78.7689	1.44616	1.61661	615	0	-0.263111	0	20	20
0.00889479	0.00075763	1208.95	190.346	4.96638e-05	101.092	76.8241	1.44741	1.61661	615	0	-0.241522	0	20	20
0.00889286	0.000755208	1204.14	185.967	4.2746e-05	97.6148	74.9273	1.44836	1.61661	615	0	-0.22122	0	20	20
0.00889156	0.00075296	1199.66	181.413	3.67919e-05	94.2574	73.0774	1.44899	1.61661	615	0	-0.202114	0	20	20
0.0088909	0.000750877	1195.51	176.694	3.1667e-05	91.0154	71.2731	1.44932	1.61661	615	0	-0.184126	0	20	20
0.00889089	0.00074895	1191.67	171.818	2.72561e-05	87.885	69.5133	1.44932	1.61661	615	0	-0.167186	0	20	20
0.00889154	0.000747175	1188.14	166.796	2.34595e-05	84.8622	67.7971	1.449	1.61661	615	0	-0.151234	0	20	20
0.00889287	0.000745546	1184.92	161.643	2.01918e-05	81.9434	66.1231	1.44835	1.61661	615	0	-0.136217	0	20	20
0.00889491	0.000744061	1182	156.373	1.73792e-05	79.125	64.4906	1.44736	1.61661	615	0	-0.122086	0	20	20
0.00889768	0.000742719	1179.38	151.002	1.49585e-05	76.4035	62.8983	1.44601	1.61661	615	0	-0.108798	0	20	20
0.00890121	0.000741519	1177.08	145.549	1.28749e-05	73.7757	61.3453	1.44428	1.61661	615	0	-0.0963124	0	20	20
0.00890554	0.000740463	1175.1	140.032	1.10815e-05	71.2382	59.8307	1.44218	1.61661	615	0	-0.0845904	0	20	20
0.00890884	0.000739726	1173.5	134.472	9.53793e-06	68.788	58.3535	1.44058	1.61661	615	0	-0.068021	0	20	20
0.00891196	0.000739304	1172.39	128.89	8.20938e-06	66.422	56.9127	1.43907	1.61661	615	0	-0.0483044	0	20	20
0.00891673	0.000739079	1171.8	123.305	7.06588e-06	64.1375	55.5075	1.43676	1.61661	615	0	-0.0305694	0	20	20
0.00892306	0.000739051	1171.72	117.74	6.08166e-06	61.9315	54.137	1.4337	1.61661	615	0	-0.0145961	0	20	20
0.00893081	0.000739228	1172.16	112.216	5.23453e-06	59.8014	52.8004	1.42997	1.61661	615	0	-0.000182396	0	20	20
0.00893981	0.000739618	1173.12	106.751	4.5054e-06	57.7446	51.4968	1.42566	1.61661	615	0	0.012857	0	20	20
0.00894987	0.000740233	1174.58	101.367	3.87783e-06	55.7585	50.2253	1.42086	1.61661	615	0	0.024691	0	20	20
0.00896075	0.000741085	1176.55	96.0801	3.33768e-06	53.8407	48.9852	1.41568	1.61661	615	0	0.0354727	0	20	20
0.00897223	0.000742189	1179.03	90.9079	2.87277e-06	51.9888	47.7758	1.41026	1.61661	615	0	0.0453384	0	20	20
0.00898404	0.000743554	1182	85.8656	2.47262e-06	50.2007	46.5962	1.40471	1.61661	615	0	0.0544082	0	20	20
0.00899595	0.000745189	1185.45	80.9665	2.1282e-06	48.4741	45.4457	1.39913	1.61661	615	0	0.0627857	0	20	20
0.00900777	0.0007471	1189.36	76.2224	1.83176e-06	46.8068	44.3237	1.39363	1.61661	615	0	0.070559	0	20	20
0.0090193	0.000749286	1193.73	71.6431	1.57661e-06	45.1969	43.2293	1.38829	1.61661	615	0	0.0778018	0	20	20
0.00903043	0.000751744	1198.53	67.2365	1.357e-06	43.6424	42.162	1.38317	1.61661	615	0	0.0845752	0	20	20
0.00904106	0.000754466	1203.74	63.0088	1.16798e-06	42.1413	41.121	1.3783	1.61661	615	0	0.0909302	0	20	20
0.00905114	0.00075744	1209.33	58.9643	1.00529e-06	40.6919	40.1057	1.37369	1.61661	615	0	0.0969095	0	20	20
0.00906067	0.000760653	1215.28	55.1056	8.65262e-07	39.2923	39.1155	1.36936	1.61661	615	0	0.10255	0	20	20
0.00906964	0.000764089	1221.57	51.4339	7.44738e-07	37.9409	38.1497	1.3653	1.61661	615	0	0.107882	0	20	20
0.00907808	0.000767732	1228.17	47.9486	6.41002e-07	36.6359	37.2078	1.3615	1.61661	615	0	0.112936	0	20	20
0.00908602	0.000771566	1235.06	44.6482	5.51715e-07	35.3758	36.2891	1.35794	1.61661	615	0	0.117737	0	20	20
0.00909348	0.000775574	1242.22	41.5299	4.74866e-07	34.1591	35.3932	1.35459	1.61661	615	0	0.122307	0	20	20
0.00910051	0.000779741	1249.63	38.5897	4.08721e-07	32.9842	34.5193	1.35146	1.61661	615	0	0.12667	0	20	20
0.00910714	0.000784052	1257.26	35.8231	3.51789e-07	31.8497	33.667	1.34851	1.61661	615	0	0.130844	0	20	20
0.0091134	0.000788494	1265.1	33.2246	3.02788e-07	30.7543	32.8358	1.34573	1.61661	615	0	0.134848	0	20	20
0.0091193	0.000793053	1273.12	30.7884	2.60612e-07	29.6965	32.0251	1.34312	1.61661	615	0	0.138698	0	20	20
0.00912487	0.000797717	1281.3	28.5081	2.24311e-07	28.6751	31.2344	1.34066	1.61661	615	0	0.142408	0	20	20
0.00913013	0.000802475	1289.64	26.3769	1.93066e-07	27.6888	30.4632	1.33835	1.61661	615	0	0.145991	0	20	20
0.00913509	0.000807315	1298.11	24.3881	1.66173e-07	26.7365	29.711	1.33617	1.61661	615	0	0.149458	0	20	20
0.00913976	0.000812229	1306.69	22.5345	1.43027e-07	25.8169	28.9775	1.33412	1.61661	615	0	0.152819	0	20	20
0.00914416	0.000817205	1315.37	20.8092	1.23104e-07	24.9289	28.262	1.3322	1.61661	615	0	0.156081	0	20	20
0.0091483	0.000822236	1324.13	19.2052	1.05957e-07	24.0715	27.5642	1.33039	1.61661	615	0	0.159251	0	20	20
0.00915219	0.000827312	1332.96	17.7156	9.11979e-08	23.2436	26.8837	1.32869	1.61661	615	0	0.162336	0	20	20
0.00915583	0.000832426	1341.85	16.3335	7.84948e-08	22.4441	26.2199	1.32711	1.61661	615	0	0.16534	0	20	20
0.00915924	0.000837569	1350.78	15.0525	6.75611e-08	21.6722	25.5725	1.32563	1.61661	615	0	0.168267	0	20	20
0.00916242	0.000842735	1359.74	13.8662	5.81504e-08	20.9268	24.9411	1.32425	1.61661	615	0	0.17112	0	20	20
0.00916539	0.000847917	1368.72	12.7684	5.00505e-08	20.207	24.3253	1.32296	1.61661	615	0	0.173903	0	20	20
0.00916815	0.000853108	1377.71	11.7534	4.30789e-08	19.512	23.7247	1.32177	1.61661	615	0	0.176618	0	20	20
0.00917071	0.000858302	1386.7	10.8154	3.70783e-08	18.8409	23.139	1.32066	1.61661	615	0	0.179265	0	20	20
0.00917309	0.000863494	1395.67	9.94928	3.19136e-08	18.1929	22.5677	1.31963	1.61661	615	0	0.181849	0	20	20
0.00917528	0.000868678	1404.62	9.14994	2.74683e-08	17.5671	22.0105	1.31869	1.61661	615	0	0.184368	0	20	20
0.00917731	0.000873849	1413.55	8.41262	2.36422e-08	16.9629	21.467	1.31781	1.61661	615	0	0.186826	0	20	20
0.00917917	0.000879003	1422.43	7.73287	2.0349e-08	16.3795	20.937	1.31701	1.61661	615	0	0.189223	0	20	20
0.00918087	0.000884134	1431.27	7.10647	1.75146e-08	15.8161	20.4201	1.31628	1.61661	615	0	0.19156	0	20	20
0.00918244	0.00088924	1440.06	6.52948	1.50749e-08	15.2721	19.9159	1.31561	1.61661	615	0	0.193838	0	20	20
0.00918386	0.000894316	1448.8	5.99821	1.29751e-08	14.7468	19.4242	1.315	1.61661	615	0	0.196058	0	20	20
0.00918515	0.00089936	1457.47	5.50922	1.11678e-08	14.2396	18.9446	1.31444	1.61661	615	0	0.198222	0	20	20
0.00918632	0.000904366	1466.07	5.05929	9.61219e-09	13.7499	18.4769	1.31394	1.61661	615	0	0.200329	0	20	20
0.00918738	0.000909334	1474.6	4.64543	8.27329e-09	13.2769	18.0207	1.31348	1.61661	615	0	0.202381	0	20	20
0.00918833	0.00091426	1483.05	4.26485	7.12089e-09	12.8203	17.5757	1.31308	1.61661	615	0	0.20438	0	20	20
0.00918917	0.000919142	1491.42	3.91496	6.129e-09	12.3793	17.1418	1.31272	1.61661	615	0	0.206325	0	20	20
0.00918992	0.000923977	1499.71	3.59337	5.27528e-09	11.9536	16.7185	1.31239	1.61661	615	0	0.208218	0	20	20
0.00919059	0.000928764	1507.91	3.29785	4.54048e-09	11.5424	16.3058	1.31211	1.61661	615	0	0.21006	0	20	20
0.00919116	0.0009335	1516.02	3.02635	3.90803e-09	11.1454	15.9032	1.31186	1.61661	615	0	0.211852	0	20	20
0.00919166	0.000938185	1524.04	2.77695	3.36367e-09	10.7621	15.5105	1.31165	1.61661	615	0	0.213594	0	20	20
0.00919209	0.000942816	1531.96	2.5479	2.89514e-09	10.3919	15.1276	1.31147	1.61661	615	0	0.215288	0	20	20
0.00919245	0.000947393	1539.79	2.33757	2.49187e-09	10.0345	14.7541	1.31131	1.61661	615	0	0.216935	0	20	20
0.00919274	0.000951914	1547.51	2.14445	2.14477e-09	9.68937	14.3898	1.31119	1.61661	615	0	0.218536	0	20	20
0.00919298	0.000956378	1555.14	1.96717	1.84602e-09	9.3561	14.0345	1.31108	1.61661	615	0	0.220092	0	20	20
0.00919317	0.000960785	1562.67	1.80443	1.58888e-09	9.0343	13.688	1.31101	1.61661	615	0	0.221603	0	20	20
0.0091933	0.000965134	1570.09	1.65508	1.36757e-09	8.72357	13.35	1.31095	1.61661	615	0	0.223072	0	20	20
0.00919339	0.000969424	1577.41	1.51801	1.17707e-09	8.42353	13.0204	1.31091	1.61661	615	0	0.224498	0	20	20
0.00919343	0.000973654	1584.63	1.39223	1.01312e-09	8.13381	12.6989	1.31089	1.61661	615	0	0.225883	0	20	20
0.00919344	0.000977825	1591.74	1.27682	8.71998e-10	7.85405	12.3854	1.31089	1.61661	615	0	0.227229	0	20	20
0.0091934	0.000981936	1598.75	1.17093	7.50536e-10	7.58391	12.0796	1.3109	1.61661	615	0	0.228535	0	20	20
0.00919334	0.000985986	1605.66	1.07379	6.45992e-10	7.32307	11.7814	1.31093	1.61661	615	0	0.229803	0	20	20
0.00919325	0.000989977	1612.46	0.984679	5.56011e-10	7.07119	11.4905	1.31097	1.61661	615	0	0.231034	0	20	20
0.00919312	0.000993907	1619.16	0.902934	4.78563e-10	6.82798	11.2068	1.31102	1.61661	615	0	0.232228	0	20	20
0.00919298	0.000997777	1625.75	0.827954	4.11903e-10	6.59314	10.9301	1.31109	1.61661	615	0	0.233388	0	20	20
0.00919281	0.00100159	1632.24	0.759182	3.54528e-10	6.36637	10.6602	1.31116	1.61661	615	0	0.234513	0	20	20
0.00919262	0.00100534	1638.62	0.696106	3.05145e-10	6.1474	10.397	1.31124	1.61661	615	0	0.235605	0	20	20
0.00919242	0.00100903	1644.91	0.638258	2.62641e-10	5.93596	10.1403	1.31133	1.61661	615	0	0.236665	0	20	20
0.00919219	0.00101266	1651.09	0.585207	2.26057e-10	5.7318	9.88995	1.31142	1.61661	615	0	0.237693	0	20	20
0.00919196	0.00101623	1657.17	0.536555	1.94569e-10	5.53465	9.64576	1.31152	1.61661	615	0	0.238691	0	20	20
0.00919171	0.00101974	1663.15	0.491941	1.67467e-10	5.34429	9.40761	1.31163	1.61661	615	0	0.239659	0	20	20
0.00919142	0.00102322	1669.07	0.45103	1.4414e-10	5.16048	9.17533	1.31175	1.61661	615	0	0.240599	0	20	20
0.00919103	0.00102671	1674.99	0.413515	1.24063e-10	4.98298	8.94879	1.31192	1.61661	615	0	0.241512	0	20	20
0.00919053	0.00103023	1680.94	0.379116	1.06782e-10	4.8116	8.72785	1.31213	1.61661	615	0	0.242399	0	20	20
0.00918993	0.00103377	1686.91	0.347575	9.1908e-11	4.6461	8.51236	1.31239	1.61661	615	0	0.243262	0	20	20
0.00918922	0.00103733	1692.9	0.318655	7.91059e-11	4.4863	8.30219	1.3127	1.61661	615	0	0.2441	0	20	20
0.00918841	0.0010409	1698.91	0.292138	6.80871e-11	4.332	8.0972	1.31304	1.61661	615	0	0.244914	0	20	20
0.00918751	0.0010445	1704.93	0.267826	5.86031e-11	4.183	7.89728	1.31343	1.61661	615	0	0.245704	0	20	20
0.00918651	0.00104811	1710.96	0.245535	5.04402e-11	4.03913	7.7023	1.31386	1.61661	615	0	0.246472	0	20	20
0.00918543	0.00105172	1716.99	0.225098	4.34142e-11	3.9002	7.51213	1.31432	1.61661	615	0	0.247218	0	20	20
0.00918427	0.00105535	1723.02	0.20636	3.7367e-11	3.76606	7.32665	1.31482	1.61661	615	0	0.247942	0	20	20
0.00918302	0.00105899	1729.06	0.189181	3.21621e-11	3.63653	7.14576	1.31536	1.61661	615	0	0.248645	0	20	20
0.0091817	0.00106263	1735.09	0.173431	2.76821e-11	3.51145	6.96933	1.31592	1.61661	615	0	0.249327	0	20	20
0.0091803	0.00106627	1741.11	0.158992	2.38262e-11	3.39067	6.79725	1.31652	1.61661	615	0	0.249988	0	20	20
0.00917884	0.00106992	1747.13	0.145754	2.05074e-11	3.27405	6.62943	1.31716	1.61661	615	0	0.250631	0	20	20
0.00917731	0.00107356	1753.13	0.133617	1.76509e-11	3.16144	6.46575	1.31782	1.61661	615	0	0.251254	0	20	20
0.00917571	0.00107721	1759.12	0.122491	1.51923e-11	3.05271	6.30611	1.3185	1.61661	615	0	0.251858	0	20	20
0.00917405	0.00108085	1765.09	0.112291	1.30761e-11	2.94771	6.15041	1.31922	1.61661	615	0	0.252444	0	20	20
0.00917234	0.00108448	1771.04	0.10294	1.12547e-11	2.84633	5.99856	1.31996	1.61661	615	0	0.253012	0	20	20
0.00917057	0.00108811	1776.97	0.0943671	9.68703e-12	2.74843	5.85045	1.32072	1.61661	615	0	0.253563	0	20	20
0.00916875	0.00109172	1782.88	0.0865081	8.3377e-12	2.6539	5.706	1.32151	1.61661	615	0	0.254097	0	20	20
0.00916689	0.00109533	1788.76	0.0793034	7.17633e-12	2.56262	5.56512	1.32231	1.61661	615	0	0.254615	0	20	20
0.00916497	0.00109893	1794.61	0.0726986	6.17672e-12	2.47448	5.42772	1.32314	1.61661	615	0	0.255117	0	20	20
0.00916301	0.00110251	1800.42	0.0666437	5.31635e-12	2.38937	5.29371	1.32399	1.61661	615	0	0.255603	0	20	20
0.00916102	0.00110607	1806.21	0.061093	4.57583e-12	2.30719	5.163	1.32486	1.61661	615	0	0.256075	0	20	20
0.00915898	0.00110962	1811.95	0.0560045	3.93845e-12	2.22783	5.03553	1.32574	1.61661	615	0	0.256531	0	20	20
0.00915691	0.00111316	1817.67	0.0513398	3.38986e-12	2.15121	4.9112	1.32664	1.61661	615	0	0.256973	0	20	20
0.0091548	0.00111667	1823.34	0.0470635	2.91768e-12	2.07722	4.78994	1.32756	1.61661	615	0	0.257401	0	20	20
0.00915267	0.00112016	1828.97	0.0431433	2.51127e-12	2.00577	4.67168	1.32849	1.61661	615	0	0.257816	0	20	20
0.0091505	0.00112364	1834.55	0.0395496	2.16147e-12	1.93678	4.55634	1.32943	1.61661	615	0	0.258218	0	20	20
0.00914831	0.00112709	1840.1	0.0362552	1.86039e-12	1.87017	4.44384	1.33039	1.61661	615	0	0.258606	0	20	20
0.00914609	0.00113051	1845.59	0.0332352	1.60125e-12	1.80585	4.33412	1.33135	1.61661	615	0	0.258982	0	20	20
0.00914385	0.00113391	1851.04	0.0304668	1.37821e-12	1.74373	4.22711	1.33233	1.61661	615	0	0.259346	0	20	20
0.0091416	0.00113728	1856.44	0.0279289	1.18624e-12	1.68376	4.12274	1.33332	1.61661	615	0	0.259699	0	20	20
0.00913932	0.00114063	1861.79	0.0256024	1.02101e-12	1.62585	4.02095	1.33431	1.61661	615	0	0.26004	0	20	20
0.00913703	0.00114395	1867.08	0.0234697	8.78787e-13	1.56993	3.92167	1.33532	1.61661	615	0	0.260369	0	20	20
0.00913472	0.00114724	1872.32	0.0215146	7.56379e-13	1.51593	3.82485	1.33633	1.61661	615	0	0.260688	0	20	20
0.0091324	0.0011505	1877.51	0.0197224	6.51022e-13	1.46379	3.73041	1.33735	1.61661	615	0	0.260997	0	20	20
0.00913007	0.00115373	1882.64	0.0180794	5.60339e-13	1.41344	3.63831	1.33837	1.61661	615	0	0.261295	0	20	20
0.00912774	0.00115693	1887.72	0.0165733	4.82289e-13	1.36483	3.54848	1.3394	1.61661	615	0	0.261583	0	20	20
0.00912539	0.00116009	1892.73	0.0151927	4.1511e-13	1.31789	3.46087	1.34043	1.61661	615	0	0.261862	0	20	20
0.00912304	0.00116323	1897.69	0.0139271	3.57288e-13	1.27256	3.37542	1.34147	1.61661	615	0	0.262131	0	20	20
0.00912069	0.00116632	1902.59	0.0127669	3.07521e-13	1.22879	3.29208	1.34251	1.61661	615	0	0.262391	0	20	20
0.00911833	0.00116939	1907.42	0.0117033	2.64686e-13	1.18653	3.2108	1.34355	1.61661	615	0	0.262643	0	20	20
0.00911597	0.00117242	1912.2	0.0107284	2.27817e-13	1.14572	3.13152	1.34459	1.61661	615	0	0.262885	0	20	20
0.00911361	0.00117541	1916.91	0.00983465	1.96084e-13	1.10631	3.0542	1.34564	1.61661	615	0	0.26312	0	20	20
0.00911126	0.00117837	1921.56	0.00901536	1.68771e-13	1.06826	2.97879	1.34668	1.61661	615	0	0.263346	0	20	20
0.0091089	0.00118129	1926.14	0.00826432	1.45263e-13	1.03152	2.90525	1.34773	1.61661	615	0	0.263565	0	20	20
0.00910656	0.00118417	1930.67	0.00757585	1.25029e-13	0.996037	2.83352	1.34877	1.61661	615	0	0.263776	0	20	20
0.00910421	0.00118702	1935.12	0.00694473	1.07613e-13	0.961779	2.76356	1.34981	1.61661	615	0	0.263979	0	20	20
0.00910188	0.00118983	1939.51	0.00636619	9.26235e-14	0.928699	2.69532	1.35085	1.61661	615	0	0.264175	0	20	20
0.00909955	0.0011926	1943.84	0.00583584	7.97218e-14	0.896756	2.62878	1.35189	1.61661	615	0	0.264365	0	20	20
0.00909723	0.00119533	1948.1	0.00534967	6.86172e-14	0.865913	2.56387	1.35292	1.61661	615	0	0.264547	0	20	20
0.00909492	0.00119802	1952.29	0.004904	5.90593e-14	0.83613	2.50057	1.35395	1.61661	615	0	0.264723	0	20	20
0.00909262	0.00120067	1956.42	0.00449546	5.08329e-14	0.807372	2.43883	1.35498	1.61661	615	0	0.264893	0	20	20
0.00909033	0.00120329	1960.48	0.00412095	4.37522e-14	0.779603	2.37862	1.356	1.61661	615	0	0.265057	0	20	20
0.00908806	0.00120586	1964.48	0.00377764	3.76579e-14	0.752788	2.31989	1.35702	1.61661	615	0	0.265214	0	20	20
0.0090858	0.0012084	1968.4	0.00346294	3.24125e-14	0.726897	2.26261	1.35803	1.61661	615	0	0.265366	0	20	20
0.00908356	0.00121089	1972.26	0.00317445	2.78977e-14	0.701895	2.20675	1.35904	1.61661	615	0	0.265512	0	20	20
0.00908133	0.00121335	1976.06	0.00290999	2.40117e-14	0.677754	2.15226	1.36004	1.61661	615	0	0.265652	0	20	20
0.00907911	0.00121576	1979.78	0.00266756	2.06671e-14	0.654443	2.09912	1.36104	1.61661	615	0	0.265787	0	20	20
0.00907691	0.00121814	1983.44	0.00244533	1.77883e-14	0.631934	2.04729	1.36203	1.61661	615	0	0.265917	0	20	20
0.00907473	0.00122047	1987.04	0.00224161	1.53106e-14	0.610198	1.99675	1.36301	1.61661	615	0	0.266042	0	20	20
0.00907257	0.00122276	1990.56	0.00205487	1.31779e-14	0.589211	1.94745	1.36398	1.61661	615	0	0.266163	0	20	20
0.00907043	0.00122502	1994.02	0.00188368	1.13423e-14	0.568945	1.89936	1.36495	1.61661	615	0	0.266278	0	20	20
0.00906831	0.00122723	1997.42	0.00172675	9.76244e-15	0.549377	1.85247	1.36591	1.61661	615	0	0.266389	0	20	20
0.0090662	0.00122941	2000.74	0.0015829	8.40261e-15	0.530481	1.80673	1.36686	1.61661	615	0	0.266495	0	20	20
0.00906412	0.00123154	2004.01	0.00145103	7.2322e-15	0.512235	1.76212	1.3678	1.61661	615	0	0.266598	0	20	20
0.00906205	0.00123364	2007.21	0.00133015	6.22481e-15	0.494617	1.71862	1.36874	1.61661	615	0	0.266696	0	20	20
0.00906001	0.00123569	2010.34	0.00121933	5.35774e-15	0.477605	1.67618	1.36966	1.61661	615	0	0.26679	0	20	20
0.00905799	0.00123771	2013.41	0.00111775	4.61145e-15	0.461178	1.6348	1.37058	1.61661	615	0	0.26688	0	20	20
0.00905599	0.00123968	2016.41	0.00102463	3.96911e-15	0.445316	1.59443	1.37149	1.61661	615	0	0.266966	0	20	20
0.00905401	0.00124162	2019.35	0.000939274	3.41625e-15	0.43	1.55507	1.37239	1.61661	615	0	0.267049	0	20	20
0.00905206	0.00124352	2022.23	0.000861024	2.94039e-15	0.41521	1.51667	1.37328	1.61661	615	0	0.267128	0	20	20
0.00905013	0.00124538	2025.04	0.000789293	2.53082e-15	0.400929	1.47923	1.37416	1.61661	615	0	0.267203	0	20	20
0.00904822	0.0012472	2027.8	0.000723538	2.1783e-15	0.387139	1.4427	1.37503	1.61661	615	0	0.267275	0	20	20
0.00904633	0.00124898	2030.49	0.000663261	1.87488e-15	0.373824	1.40708	1.37589	1.61661	615	0	0.267344	0	20	20
0.00904447	0.00125073	2033.12	0.000608005	1.61372e-15	0.360966	1.37234	1.37674	1.61661	615	0	0.26741	0	20	20
0.00904263	0.00125244	2035.69	0.000557353	1.38894e-15	0.348551	1.33846	1.37758	1.61661	615	0	0.267473	0	20	20
0.00904082	0.00125411	2038.2	0.00051092	1.19547e-15	0.336563	1.30541	1.37841	1.61661	615	0	0.267533	0	20	20
0.00903902	0.00125574	2040.65	0.000468356	1.02895e-15	0.324987	1.27318	1.37923	1.61661	615	0	0.26759	0	20	20
0.00903726	0.00125734	2043.04	0.000429338	8.85629e-16	0.313809	1.24175	1.38004	1.61661	615	0	0.267644	0	20	20
0.00903551	0.0012589	2045.38	0.00039357	7.62268e-16	0.303016	1.21109	1.38083	1.61661	615	0	0.267695	0	20	20
0.00903379	0.00126043	2047.65	0.000360782	6.5609e-16	0.292594	1.18119	1.38162	1.61661	615	0	0.267744	0	20	20
0.0090321	0.00126192	2049.87	0.000330726	5.64702e-16	0.28253	1.15202	1.3824	1.61661	615	0	0.26779	0	20	20
0.00903043	0.00126338	2052.04	0.000303173	4.86043e-16	0.272812	1.12358	1.38317	1.61661	615	0	0.267834	0	20	20
0.00902878	0.0012648	2054.15	0.000277916	4.18342e-16	0.263429	1.09584	1.38393	1.61661	615	0	0.267876	0	20	20
0.00902715	0.00126619	2056.2	0.000254763	3.6007e-16	0.254369	1.06878	1.38467	1.61661	615	0	0.267915	0	20	20
0.00902555	0.00126754	2058.21	0.000233539	3.09915e-16	0.24562	1.04239	1.38541	1.61661	615	0	0.267952	0	20	20
0.00902398	0.00126886	2060.15	0.000214083	2.66746e-16	0.237172	1.01666	1.38614	1.61661	615	0	0.267986	0	20	20
0.00902243	0.00127015	2062.05	0.000196248	2.29591e-16	0.229014	0.991555	1.38685	1.61661	615	0	0.268019	0	20	20
0.0090209	0.0012714	2063.89	0.000179899	1.97611e-16	0.221137	0.967073	1.38756	1.61661	615	0	0.26805	0	20	20
0.0090194	0.00127262	2065.69	0.000164912	1.70085e-16	0.213531	0.943196	1.38825	1.61661	615	0	0.268079	0	20	20
0.00901792	0.00127382	2067.43	0.000151173	1.46393e-16	0.206187	0.919908	1.38893	1.61661	615	0	0.268105	0	20	20
0.00901646	0.00127498	2069.13	0.000138579	1.26002e-16	0.199095	0.897196	1.38961	1.61661	615	0	0.26813	0	20	20
0.00901503	0.0012761	2070.77	0.000127034	1.08451e-16	0.192248	0.875044	1.39027	1.61661	615	0	0.268154	0	20	20
0.00901362	0.0012772	2072.37	0.000116451	9.33446e-17	0.185635	0.853439	1.39092	1.61661	615	0	0.268175	0	20	20
0.00901223	0.00127827	2073.92	0.00010675	8.03424e-17	0.179251	0.832367	1.39157	1.61661	615	0	0.268195	0	20	20
0.00901086	0.00127931	2075.43	9.78563e-05	6.91514e-17	0.173085	0.811816	1.3922	1.61661	615	0	0.268213	0	20	20
0.00900952	0.00128032	2076.88	8.9704e-05	5.95191e-17	0.167132	0.791772	1.39282	1.61661	615	0	0.26823	0	20	20
0.0090082	0.0012813	2078.3	8.22308e-05	5.12286e-17	0.161384	0.772224	1.39343	1.61661	615	0	0.268245	0	20	20
0.00900691	0.00128226	2079.67	7.53802e-05	4.40929e-17	0.155833	0.753157	1.39403	1.61661	615	0	0.268259	0	20	20
0.00900563	0.00128318	2081	6.91004e-05	3.79511e-17	0.150473	0.734562	1.39462	1.61661	615	0	0.268271	0	20	20
0.00900438	0.00128408	2082.28	6.33437e-05	3.26648e-17	0.145298	0.716425	1.39521	1.61661	615	0	0.268282	0	20	20
0.00900315	0.00128495	2083.52	5.80666e-05	2.81149e-17	0.1403	0.698737	1.39578	1.61661	615	0	0.268291	0	20	20
0.00900194	0.0012858	2084.72	5.32291e-05	2.41987e-17	0.135475	0.681485	1.39634	1.61661	615	0	0.2683	0	20	20
0.00900076	0.00128662	2085.89	4.87946e-05	2.0828e-17	0.130815	0.664659	1.39689	1.61661	615	0	0.268307	0	20	20
0.00899959	0.00128741	2087.01	4.47296e-05	1.79268e-17	0.126316	0.648248	1.39744	1.61661	615	0	0.268313	0	20	20
0.00899845	0.00128818	2088.09	4.10032e-05	1.54298e-17	0.121971	0.632243	1.39797	1.61661	615	0	0.268317	0	20	20
0.00899732	0.00128893	2089.14	3.75873e-05	1.32805e-17	0.117776	0.616633	1.39849	1.61661	615	0	0.268321	0	20	20
0.00899622	0.00128965	2090.14	3.44559e-05	1.14306e-17	0.113725	0.601408	1.39901	1.61661	615	0	0.268324	0	20	20
0.00899514	0.00129035	2091.12	3.15854e-05	9.83845e-18	0.109814	0.586559	1.39951	1.61661	615	0	0.268325	0	20	20
0.00899407	0.00129102	2092.05	2.89541e-05	8.46803e-18	0.106037	0.572077	1.40001	1.61661	615	0	0.268326	0	20	20
0.00899303	0.00129167	2092.95	2.65419e-05	7.2885e-18	0.10239	0.557953	1.4005	1.61661	615	0	0.268325	0	20	20
0.00899201	0.0012923	2093.82	2.43307e-05	6.27327e-18	0.0988679	0.544177	1.40097	1.61661	615	0	0.268324	0	20	20
0.008991	0.00129291	2094.65	2.23038e-05	5.39946e-18	0.0954673	0.530741	1.40144	1.61661	615	0	0.268321	0	20	20
0.00899002	0.0012935	2095.45	2.04457e-05	4.64735e-18	0.0921838	0.517637	1.40191	1.61661	615	0	0.268318	0	20	20
0.00898905	0.00129406	2096.22	1.87423e-05	4.00001e-18	0.0890132	0.504856	1.40236	1.61661	615	0	0.268314	0	20	20
0.0089881	0.00129461	2096.95	1.71809e-05	3.44284e-18	0.0859516	0.492391	1.4028	1.61661	615	0	0.268309	0	20	20
0.00898717	0.00129513	2097.65	1.57496e-05	2.96328e-18	0.0829953	0.480234	1.40324	1.61661	615	0	0.268304	0	20	20
0.00898626	0.00129564	2098.33	1.44375e-05	2.55052e-18	0.0801407	0.468377	1.40366	1.61661	615	0	0.268298	0	20	20
0.00898537	0.00129612	2098.97	1.32347e-05	2.19525e-18	0.0773843	0.456813	1.40408	1.61661	615	0	0.268291	0	20	20
0.00898449	0.00129659	2099.59	1.21322e-05	1.88947e-18	0.0747227	0.445534	1.40449	1.61661	615	0	0.268283	0	20	20
0.00898363	0.00129704	2100.17	1.11214e-05	1.62628e-18	0.0721527	0.434534	1.4049	1.61661	615	0	0.268274	0	20	20
0.00898279	0.00129747	2100.73	1.01949e-05	1.39976e-18	0.069671	0.423805	1.40529	1.61661	615	0	0.268265	0	20	20
0.00898196	0.00129788	2101.27	9.3456e-06	1.20478e-18	0.0672747	0.413341	1.40568	1.61661	615	0	0.268256	0	20	20
0.00898115	0.00129827	2101.77	8.56702e-06	1.03696e-18	0.0649608	0.403136	1.40606	1.61661	615	0	0.268245	0	20	20
0.00898036	0.00129865	2102.25	7.85331e-06	8.92524e-19	0.0627265	0.393183	1.40643	1.61661	615	0	0.268234	0	20	20
0.00897958	0.00129901	2102.7	7.19906e-06	7.68203e-19	0.0605691	0.383475	1.4068	1.61661	615	0	0.268223	0	20	20
0.00897882	0.00129936	2103.13	6.59931e-06	6.61198e-19	0.0584858	0.374007	1.40716	1.61661	615	0	0.268211	0	20	20
0.00897808	0.00129968	2103.54	6.04953e-06	5.69098e-19	0.0564742	0.364773	1.40751	1.61661	615	0	0.268199	0	20	20
0.00897735	0.0013	2103.92	5.54555e-06	4.89828e-19	0.0545318	0.355766	1.40785	1.61661	615	0	0.268186	0	20	20
0.00897663	0.0013003	2104.28	5.08355e-06	4.21598e-19	0.0526562	0.346982	1.40819	1.61661	615	0	0.268172	0	20	20
0.00897593	0.00130058	2104.62	4.66005e-06	3.62873e-19	0.0508451	0.338415	1.40852	1.61661	615	0	0.268158	0	20	20
0.00897524	0.00130085	2104.93	4.27182e-06	3.12328e-19	0.0490963	0.33006	1.40884	1.61661	615	0	0.268144	0	20	20
0.00897457	0.0013011	2105.22	3.91594e-06	2.68823e-19	0.0474077	0.321911	1.40916	1.61661	615	0	0.268129	0	20	20
0.00897391	0.00130134	2105.5	3.58971e-06	2.31378e-19	0.0457771	0.313963	1.40947	1.61661	615	0	0.268114	0	20	20
0.00897327	0.00130157	2105.75	3.29065e-06	1.99149e-19	0.0442026	0.306211	1.40977	1.61661	615	0	0.268099	0	20	20
0.00897264	0.00130179	2105.98	3.01651e-06	1.71409e-19	0.0426823	0.298651	1.41007	1.61661	615	0	0.268083	0	20	20
0.00897202	0.00130199	2106.19	2.76521e-06	1.47533e-19	0.0412143	0.291277	1.41036	1.61661	615	0	0.268067	0	20	20
0.00897142	0.00130218	2106.39	2.53484e-06	1.26983e-19	0.0397967	0.284085	1.41064	1.61661	615	0	0.26805	0	20	20
0.00897082	0.00130235	2106.56	2.32366e-06	1.09295e-19	0.0384279	0.277071	1.41092	1.61661	615	0	0.268033	0	20	20
