0.00936804	
0.0071898	
0.00560015	
0.00482143	
0.00434918	
0.00401878	
0.00376239	
0.00355259	
0.00339083	
0.00329326	
0.00328327	
0.0033922	
0.00359097	
0.00385927	
0.00418938	
0.00458253	
0.00504584	
0.00559054	
0.00623129	
0.00698592	
0.00787574	
0.00892592	
0.0101661	
0.01163	
0.0133513	
0.0153676	
0.0177933	
0.0208163	
0.024674	
0.0295832	
0.0382779	
0.0500052	
0.0559196	
0.0552934	
0.0520999	
0.0486328	
0.0455423	
0.0429466	
0.0408238	
0.0391135	
0.0377487	
0.0366676	
0.0358166	
0.0351516	
0.0346365	
0.034242	
0.0339446	
0.0337253	
0.0335689	
0.0334631	
0.0333978	
0.0333651	
0.0333585	
0.0333727	
0.0334081	
0.0334835	
0.0335966	
0.0337418	
0.0339141	
0.0341091	
0.0343228	
0.0345517	
0.0347926	
0.0350427	
0.0352996	
0.0355608	
0.0358246	
0.036089	
0.0363525	
0.0366138	
0.0368717	
0.0371251	
0.0373732	
