0.00866572	0.000693067	1111.6	256.922	76.5	0	0	1.56526	1.61661	615	0	0.149389	0	20	20
0.00874704	0.000706268	1142.03	256.922	76.4694	20.6958	6.97441	1.52201	1.61661	615	0	-0.119941	0	20	20
0.00887005	0.00073386	1201.1	256.922	76.4339	60.667	20.5799	1.45956	1.61661	615	0	-0.608873	0	20	20
0.00895393	0.000761903	1257.17	256.922	76.3927	99.2649	33.85	1.41893	1.61661	615	0	-1.03077	0	20	20
0.00900951	0.000790163	1310.76	256.922	76.3448	136.527	46.7898	1.39282	1.61661	615	0	-1.39839	0	20	20
0.00904425	0.000818173	1361.73	256.922	76.2893	172.492	59.4045	1.37684	1.61661	615	0	-1.72002	0	20	20
0.00906394	0.000845624	1410.09	256.922	76.2249	207.195	71.6996	1.36788	1.61661	615	0	-2.00255	0	20	20
0.00907291	0.000872348	1455.96	256.922	76.1502	240.673	83.6805	1.36383	1.61661	615	0	-2.25217	0	20	20
0.00907423	0.000898282	1499.54	256.922	76.0636	272.963	95.3532	1.36323	1.61661	615	0	-2.47422	0	20	20
0.00907009	0.000923427	1541.08	256.922	75.9633	304.101	106.724	1.3651	1.61661	615	0	-2.67317	0	20	20
0.009062	0.000947816	1580.77	256.921	75.847	334.123	117.798	1.36876	1.61661	615	0	-2.85265	0	20	20
0.00905106	0.000971493	1618.83	256.921	75.7124	363.066	128.583	1.37373	1.61661	615	0	-3.01561	0	20	20
0.00903803	0.0009945	1655.41	256.921	75.5566	390.967	139.086	1.37968	1.61661	615	0	-3.16441	0	20	20
0.00902346	0.00101688	1690.65	256.921	75.3764	417.863	149.315	1.38638	1.61661	615	0	-3.30095	0	20	20
0.00900776	0.00103866	1724.64	256.921	75.1681	443.792	159.277	1.39364	1.61661	615	0	-3.4268	0	20	20
0.00899122	0.00105986	1757.47	256.92	74.9275	468.794	168.981	1.40134	1.61661	615	0	-3.54324	0	20	20
0.00897408	0.00108052	1789.21	256.92	74.6499	492.909	178.436	1.40939	1.61661	615	0	-3.65134	0	20	20
0.00895649	0.00110064	1819.9	256.92	74.33	516.178	187.652	1.41771	1.61661	615	0	-3.75203	0	20	20
0.00893859	0.00112026	1849.61	256.92	73.9617	538.644	196.64	1.42624	1.61661	615	0	-3.84611	0	20	20
0.00892047	0.00113938	1878.37	256.919	73.5383	560.35	205.41	1.43495	1.61661	615	0	-3.93426	0	20	20
0.0089022	0.00115803	1906.23	256.919	73.0526	581.34	213.974	1.4438	1.61661	615	0	-4.01709	0	20	20
0.00888383	0.00117623	1933.23	256.919	72.4961	601.66	222.344	1.45278	1.61661	615	0	-4.09516	0	20	20
0.0088654	0.001194	1959.4	256.918	71.8602	621.357	230.533	1.46186	1.61661	615	0	-4.16894	0	20	20
0.00884692	0.00121136	1984.8	256.918	71.1353	640.477	238.553	1.47104	1.61661	615	0	-4.23889	0	20	20
0.00882842	0.00122835	2009.47	256.917	70.3111	659.064	246.419	1.4803	1.61661	615	0	-4.30538	0	20	20
0.0088099	0.00124498	2033.44	256.917	69.3773	677.164	254.141	1.48966	1.61661	615	0	-4.36878	0	20	20
0.00879136	0.00126127	2056.75	256.916	68.323	694.816	261.731	1.4991	1.61661	615	0	-4.4294	0	20	20
0.0087728	0.00127726	2079.42	256.916	67.1377	712.057	269.201	1.50864	1.61661	615	0	-4.4875	0	20	20
0.00875423	0.00129295	2101.5	256.915	65.8111	728.919	276.559	1.51826	1.61661	615	0	-4.54332	0	20	20
0.00873564	0.00130835	2122.99	256.914	64.3342	745.421	283.81	1.52797	1.61661	615	0	-4.59704	0	20	20
0.00871706	0.00132347	2143.89	256.913	62.6995	761.577	290.956	1.53776	1.61661	615	0	-4.6488	0	20	20
0.00869852	0.0013383	2164.19	256.913	60.9015	777.383	297.996	1.54762	1.61661	615	0	-4.6987	0	20	20
0.00868005	0.0013528	2183.86	256.912	58.9379	792.824	304.923	1.55752	1.61661	615	0	-4.74678	0	20	20
0.0086617	0.00136695	2202.86	256.911	56.8097	807.864	311.722	1.56744	1.61661	615	0	-4.79302	0	20	20
0.00864356	0.0013807	2221.12	256.909	54.5225	822.453	318.377	1.57733	1.61661	615	0	-4.83737	0	20	20
0.00862572	0.00139397	2238.56	256.908	52.086	836.521	324.86	1.58714	1.61661	615	0	-4.87972	0	20	20
0.00860828	0.00140669	2255.06	256.907	49.5151	849.98	331.141	1.5968	1.61661	615	0	-4.91992	0	20	20
0.00859138	0.00141875	2270.51	256.905	46.8297	862.73	337.184	1.60624	1.61661	615	0	-4.95779	0	20	20
0.00857516	0.00143006	2284.78	256.904	44.0538	874.658	342.948	1.61537	1.61661	615	0	-4.99311	0	20	20
0.00855977	0.00144051	2297.74	256.902	41.2153	885.647	348.391	1.62411	1.61661	615	0	-5.02567	0	20	20
0.00854534	0.00144998	2309.25	256.9	38.3448	895.58	353.47	1.63235	1.61661	615	0	-5.05526	0	20	20
0.00853202	0.00145838	2319.21	256.898	35.4743	904.347	358.144	1.64	1.61661	615	0	-5.08166	0	20	20
0.00851994	0.00146562	2327.5	256.896	32.6358	911.851	362.378	1.64699	1.61661	615	0	-5.10469	0	20	20
0.0085092	0.00147162	2334.05	256.893	29.8599	918.014	366.14	1.65323	1.61661	615	0	-5.12423	0	20	20
0.00849988	0.00147633	2338.8	256.89	27.1745	922.78	369.408	1.65868	1.61661	615	0	-5.14017	0	20	20
0.00849204	0.00147973	2341.74	256.887	24.6037	926.118	372.167	1.66328	1.61661	615	0	-5.15246	0	20	20
0.0084857	0.0014818	2342.88	256.884	22.1672	928.025	374.413	1.66701	1.61661	615	0	-5.1611	0	20	20
0.00848086	0.00148257	2342.24	256.881	19.8799	928.518	376.146	1.66986	1.61661	615	0	-5.16613	0	20	20
0.00847657	0.00148222	2339.91	256.877	17.7517	927.641	377.379	1.6724	1.61661	615	0	-5.1615	0	20	20
0.00847272	0.0014808	2335.96	256.872	15.7881	925.455	378.128	1.67468	1.61661	615	0	-5.14728	0	20	20
0.0084693	0.00147839	2330.51	256.868	13.9901	922.036	378.414	1.67671	1.61661	615	0	-5.12409	0	20	20
0.00846626	0.00147505	2323.67	256.863	12.3554	917.47	378.266	1.67851	1.61661	615	0	-5.09264	0	20	20
0.00846358	0.00147087	2315.56	256.857	10.8785	911.85	377.711	1.68011	1.61661	615	0	-5.05365	0	20	20
0.00846123	0.00146592	2306.29	256.851	9.55195	905.273	376.78	1.68151	1.61661	615	0	-5.00788	0	20	20
0.00845917	0.00146027	2295.99	256.845	8.36659	897.835	375.504	1.68274	1.61661	615	0	-4.95608	0	20	20
0.00845737	0.001454	2284.76	256.838	7.31231	889.628	373.912	1.68381	1.61661	615	0	-4.89898	0	20	20
0.0084558	0.00144717	2272.72	256.83	6.37848	880.743	372.035	1.68475	1.61661	615	0	-4.83725	0	20	20
0.00845444	0.00143986	2259.96	256.822	5.55436	871.262	369.898	1.68556	1.61661	615	0	-4.77154	0	20	20
0.00845326	0.00143212	2246.58	256.812	4.8294	861.261	367.527	1.68627	1.61661	615	0	-4.70242	0	20	20
0.00845224	0.001424	2232.65	256.802	4.19349	850.812	364.947	1.68688	1.61661	615	0	-4.63044	0	20	20
0.00845136	0.00141555	2218.24	256.791	3.63707	839.976	362.178	1.68741	1.61661	615	0	-4.55607	0	20	20
0.00845061	0.00140683	2203.44	256.779	3.15127	828.81	359.239	1.68786	1.61661	615	0	-4.47972	0	20	20
0.00844996	0.00139785	2188.29	256.766	2.72794	817.364	356.147	1.68825	1.61661	615	0	-4.40178	0	20	20
0.0084494	0.00138866	2172.84	256.752	2.35965	805.681	352.919	1.68858	1.61661	615	0	-4.32256	0	20	20
0.00844893	0.0013793	2157.14	256.736	2.03971	793.801	349.567	1.68886	1.61661	615	0	-4.24236	0	20	20
0.00844854	0.00136977	2141.23	256.719	1.76213	781.757	346.104	1.6891	1.61661	615	0	-4.16142	0	20	20
0.00844821	0.00136011	2125.14	256.701	1.52155	769.579	342.541	1.6893	1.61661	615	0	-4.07995	0	20	20
0.00844794	0.00135034	2108.91	256.681	1.31324	757.291	338.887	1.68946	1.61661	615	0	-3.99814	0	20	20
0.00844772	0.00134047	2092.56	256.659	1.13301	744.917	335.15	1.68959	1.61661	615	0	-3.91616	0	20	20
0.00844756	0.00133052	2076.11	256.635	0.977206	732.476	331.34	1.68969	1.61661	615	0	-3.83415	0	20	20
0.00844745	0.00132051	2059.58	256.609	0.842585	719.985	327.461	1.68975	1.61661	615	0	-3.75221	0	20	20
0.00844738	0.00131044	2042.99	256.58	0.726331	707.459	323.52	1.6898	1.61661	615	0	-3.67047	0	20	20
0.00844736	0.00130032	2026.37	256.549	0.625985	694.911	319.524	1.68981	1.61661	615	0	-3.589	0	20	20
0.00844738	0.00129017	2009.71	256.515	0.539403	682.352	315.477	1.6898	1.61661	615	0	-3.5079	0	20	20
0.00844744	0.00127999	1993.05	256.478	0.464724	669.793	311.383	1.68976	1.61661	615	0	-3.42724	0	20	20
0.00844756	0.00126979	1976.38	256.438	0.400329	657.243	307.247	1.68969	1.61661	615	0	-3.34706	0	20	20
0.00844771	0.00125958	1959.72	256.394	0.344818	644.711	303.072	1.6896	1.61661	615	0	-3.26744	0	20	20
0.00844792	0.00124936	1943.07	256.346	0.296973	632.204	298.864	1.68947	1.61661	615	0	-3.18842	0	20	20
0.00844817	0.00123915	1926.46	256.293	0.255745	619.729	294.624	1.68932	1.61661	615	0	-3.11004	0	20	20
0.00844847	0.00122894	1909.89	256.236	0.220224	607.293	290.357	1.68914	1.61661	615	0	-3.03235	0	20	20
0.00844883	0.00121874	1893.36	256.174	0.189625	594.901	286.066	1.68893	1.61661	615	0	-2.95538	0	20	20
0.00844924	0.00120856	1876.89	256.106	0.163268	582.561	281.754	1.68868	1.61661	615	0	-2.87918	0	20	20
0.00844971	0.0011984	1860.48	256.032	0.140567	570.276	277.423	1.6884	1.61661	615	0	-2.80376	0	20	20
0.00845024	0.00118827	1844.15	255.951	0.121018	558.054	273.077	1.68808	1.61661	615	0	-2.72915	0	20	20
0.00845083	0.00117817	1827.89	255.863	0.104184	545.897	268.718	1.68773	1.61661	615	0	-2.6554	0	20	20
0.00845149	0.00116811	1811.72	255.768	0.0896893	533.813	264.35	1.68733	1.61661	615	0	-2.58252	0	20	20
0.00845222	0.00115809	1795.65	255.663	0.0772089	521.805	259.975	1.6869	1.61661	615	0	-2.51053	0	20	20
0.00845302	0.00114812	1779.68	255.549	0.0664636	509.879	255.595	1.68641	1.61661	615	0	-2.43946	0	20	20
0.0084539	0.00113819	1763.82	255.425	0.0572127	498.039	251.214	1.68589	1.61661	615	0	-2.36932	0	20	20
0.00845485	0.00112832	1748.07	255.29	0.0492485	486.29	246.834	1.68532	1.61661	615	0	-2.30015	0	20	20
0.00845589	0.00111851	1732.45	255.142	0.0423924	474.636	242.458	1.6847	1.61661	615	0	-2.23195	0	20	20
0.00845702	0.00110877	1716.96	254.982	0.0364903	463.082	238.088	1.68403	1.61661	615	0	-2.16474	0	20	20
0.00845823	0.0010991	1701.61	254.807	0.0314096	451.633	233.726	1.6833	1.61661	615	0	-2.09855	0	20	20
0.00845953	0.00108949	1686.4	254.616	0.027036	440.293	229.376	1.68252	1.61661	615	0	-2.03338	0	20	20
0.00846092	0.00107997	1671.34	254.409	0.0232712	429.067	225.04	1.68169	1.61661	615	0	-1.96924	0	20	20
0.00846241	0.00107053	1656.44	254.183	0.0200306	417.959	220.719	1.68081	1.61661	615	0	-1.90616	0	20	20
0.008464	0.00106118	1641.7	253.936	0.0172411	406.973	216.418	1.67986	1.61661	615	0	-1.84413	0	20	20
0.00846569	0.00105191	1627.13	253.668	0.01484	396.114	212.138	1.67886	1.61661	615	0	-1.78318	0	20	20
0.00846747	0.00104274	1612.74	253.377	0.0127733	385.385	207.881	1.67779	1.61661	615	0	-1.72331	0	20	20
0.00846936	0.00103368	1598.53	253.059	0.0109943	374.793	203.65	1.67667	1.61661	615	0	-1.66452	0	20	20
0.00847135	0.00102471	1584.51	252.714	0.00946308	364.339	199.448	1.67549	1.61661	615	0	-1.60683	0	20	20
0.00847344	0.00101585	1570.68	252.338	0.00814509	354.03	195.276	1.67425	1.61661	615	0	-1.55024	0	20	20
0.00847564	0.00100711	1557.04	251.929	0.00701065	343.868	191.137	1.67295	1.61661	615	0	-1.49475	0	20	20
0.00847793	0.000998477	1543.61	251.485	0.0060342	333.858	187.033	1.67159	1.61661	615	0	-1.44037	0	20	20
0.00848032	0.000989966	1530.39	251.002	0.00519374	324.003	182.967	1.67018	1.61661	615	0	-1.3871	0	20	20
0.00848281	0.000981578	1517.37	250.478	0.00447034	314.309	178.941	1.66871	1.61661	615	0	-1.33494	0	20	20
0.00848538	0.000973316	1504.57	249.908	0.00384768	304.779	174.956	1.66719	1.61661	615	0	-1.28388	0	20	20
0.00848805	0.000965184	1491.99	249.29	0.00331176	295.416	171.016	1.66562	1.61661	615	0	-1.23394	0	20	20
0.00849079	0.000957186	1479.63	248.618	0.00285047	286.225	167.122	1.66401	1.61661	615	0	-1.18511	0	20	20
0.00849361	0.000949324	1467.49	247.89	0.00245344	277.21	163.277	1.66235	1.61661	615	0	-1.13738	0	20	20
0.00849649	0.000941601	1455.57	247.101	0.0021117	268.374	159.482	1.66066	1.61661	615	0	-1.09076	0	20	20
0.00849943	0.000934022	1443.89	246.245	0.00181757	259.722	155.741	1.65894	1.61661	615	0	-1.04525	0	20	20
0.00850241	0.000926589	1432.44	245.318	0.0015644	251.258	152.055	1.6572	1.61661	615	0	-1.00083	0	20	20
0.00850542	0.000919305	1421.21	244.315	0.00134649	242.986	148.426	1.65544	1.61661	615	0	-0.957513	0	20	20
0.00850844	0.000912174	1410.22	243.231	0.00115894	234.911	144.857	1.65368	1.61661	615	0	-0.915292	0	20	20
0.00851145	0.000905199	1399.47	242.058	0.000997512	227.036	141.349	1.65192	1.61661	615	0	-0.874166	0	20	20
0.00851444	0.000898383	1388.95	240.792	0.000858568	219.366	137.907	1.65018	1.61661	615	0	-0.834135	0	20	20
0.00851738	0.00089173	1378.67	239.426	0.000738977	211.907	134.531	1.64847	1.61661	615	0	-0.7952	0	20	20
0.00852025	0.000885244	1368.62	237.953	0.000636045	204.664	131.225	1.64681	1.61661	615	0	-0.757363	0	20	20
0.008523	0.000878929	1358.82	236.367	0.000547449	197.643	127.991	1.64521	1.61661	615	0	-0.720629	0	20	20
0.00852562	0.00087279	1349.25	234.661	0.000471194	190.848	124.832	1.6437	1.61661	615	0	-0.685003	0	20	20
0.00852806	0.000866827	1339.92	232.828	0.000405561	184.284	121.75	1.64229	1.61661	615	0	-0.650475	0	20	20
0.0085303	0.000861036	1330.81	230.86	0.00034907	177.946	118.744	1.64099	1.61661	615	0	-0.617003	0	20	20
0.00853234	0.000855406	1321.91	228.751	0.000300448	171.825	115.812	1.63982	1.61661	615	0	-0.584529	0	20	20
0.00853414	0.000849929	1313.2	226.494	0.000258598	165.916	112.953	1.63878	1.61661	615	0	-0.553001	0	20	20
0.00853571	0.000844597	1304.66	224.082	0.000222577	160.209	110.164	1.63788	1.61661	615	0	-0.522371	0	20	20
0.00853702	0.0008394	1296.27	221.509	0.000191574	154.699	107.444	1.63712	1.61661	615	0	-0.492598	0	20	20
0.00853807	0.000834329	1288.03	218.768	0.000164889	149.378	104.791	1.63652	1.61661	615	0	-0.463644	0	20	20
0.00853884	0.000829378	1279.91	215.855	0.000141922	144.24	102.204	1.63608	1.61661	615	0	-0.435476	0	20	20
0.00853931	0.000824538	1271.91	212.764	0.000122153	139.279	99.6803	1.6358	1.61661	615	0	-0.408067	0	20	20
0.0085395	0.000819802	1264	209.492	0.000105138	134.489	97.2192	1.6357	1.61661	615	0	-0.381396	0	20	20
0.00853938	0.000815163	1256.18	206.035	9.04933e-05	129.863	94.8189	1.63576	1.61661	615	0	-0.355447	0	20	20
0.00853897	0.000810613	1248.44	202.392	7.78883e-05	125.396	92.4778	1.636	1.61661	615	0	-0.330208	0	20	20
0.00853826	0.000806148	1240.76	198.562	6.70391e-05	121.083	90.1945	1.63641	1.61661	615	0	-0.305672	0	20	20
0.00853727	0.00080176	1233.15	194.546	5.77011e-05	116.919	87.9676	1.63698	1.61661	615	0	-0.281838	0	20	20
0.008536	0.000797445	1225.59	190.346	4.96638e-05	112.897	85.7957	1.63771	1.61661	615	0	-0.258709	0	20	20
0.00853448	0.000793198	1218.09	185.967	4.2746e-05	109.014	83.6774	1.63859	1.61661	615	0	-0.236291	0	20	20
0.00853273	0.000789013	1210.63	181.413	3.67919e-05	105.265	81.6114	1.63959	1.61661	615	0	-0.214597	0	20	20
0.00853078	0.000784889	1203.22	176.694	3.1667e-05	101.644	79.5964	1.64072	1.61661	615	0	-0.193638	0	20	20
0.00852867	0.00078082	1195.86	171.818	2.72561e-05	98.1482	77.6311	1.64194	1.61661	615	0	-0.173431	0	20	20
0.00852644	0.000776805	1188.55	166.796	2.34595e-05	94.7725	75.7144	1.64323	1.61661	615	0	-0.153992	0	20	20
0.00852414	0.000772841	1181.3	161.643	2.01918e-05	91.5128	73.845	1.64455	1.61661	615	0	-0.13534	0	20	20
0.00852184	0.000768926	1174.11	156.373	1.73792e-05	88.3652	72.0218	1.64589	1.61661	615	0	-0.11749	0	20	20
0.00851959	0.00076506	1167	151.002	1.49585e-05	85.326	70.2436	1.64719	1.61661	615	0	-0.10046	0	20	20
0.00851748	0.00076124	1159.97	145.549	1.28749e-05	82.3912	68.5092	1.64842	1.61661	615	0	-0.0842617	0	20	20
0.00851556	0.000757467	1153.04	140.032	1.10815e-05	79.5574	66.8177	1.64953	1.61661	615	0	-0.0689067	0	20	20
0.00851392	0.000753742	1146.21	134.472	9.53793e-06	76.8211	65.168	1.65048	1.61661	615	0	-0.0544013	0	20	20
0.00851265	0.000750062	1139.5	128.89	8.20938e-06	74.1788	63.559	1.65122	1.61661	615	0	-0.0407477	0	20	20
0.008509	0.00074666	1132.93	123.305	7.06588e-06	71.6275	61.9897	1.65335	1.61661	615	0	-0.0265333	0	20	20
0.00849871	0.000743888	1126.52	117.74	6.08166e-06	69.1639	60.4592	1.65936	1.61661	615	0	-0.010085	0	20	20
0.00849037	0.000741059	1120.27	112.216	5.23453e-06	66.785	58.9664	1.66426	1.61661	615	0	0.00425959	0	20	20
0.00848425	0.000738158	1114.21	106.751	4.5054e-06	64.488	57.5106	1.66786	1.61661	615	0	0.0166828	0	20	20
0.00848059	0.000735172	1108.35	101.367	3.87783e-06	62.2699	56.0906	1.67002	1.61661	615	0	0.0273701	0	20	20
0.00847958	0.000732093	1102.68	96.0801	3.33768e-06	60.1282	54.7057	1.67062	1.61661	615	0	0.0365066	0	20	20
0.00848135	0.000728915	1097.22	90.9079	2.87277e-06	58.0601	53.355	1.66957	1.61661	615	0	0.044275	0	20	20
0.00848597	0.000725642	1091.98	85.8656	2.47262e-06	56.0632	52.0377	1.66685	1.61661	615	0	0.0508533	0	20	20
0.00849343	0.00072228	1086.96	80.9665	2.1282e-06	54.1349	50.7529	1.66246	1.61661	615	0	0.0564121	0	20	20
0.00850361	0.000718945	1082.33	76.2224	1.83176e-06	52.2729	49.4998	1.6565	1.61661	615	0	0.0610925	0	20	20
0.00851621	0.000715792	1078.29	71.6431	1.57661e-06	50.475	48.2776	1.64915	1.61661	615	0	0.0650473	0	20	20
0.00853084	0.000712885	1074.89	67.2365	1.357e-06	48.739	47.0857	1.64068	1.61661	615	0	0.0684476	0	20	20
0.00854706	0.000710272	1072.15	63.0088	1.16798e-06	47.0626	45.9231	1.63136	1.61661	615	0	0.0714465	0	20	20
0.00856443	0.000707995	1070.08	58.9643	1.00529e-06	45.4439	44.7893	1.62146	1.61661	615	0	0.0741728	0	20	20
0.00858251	0.000706086	1068.68	55.1056	8.65262e-07	43.8809	43.6834	1.61123	1.61661	615	0	0.0767306	0	20	20
0.00860095	0.000704567	1067.96	51.4339	7.44738e-07	42.3716	42.6049	1.60089	1.61661	615	0	0.0792004	0	20	20
0.00861942	0.000703452	1067.89	47.9486	6.41002e-07	40.9143	41.553	1.59062	1.61661	615	0	0.0816414	0	20	20
0.00863767	0.000702744	1068.45	44.6482	5.51715e-07	39.507	40.527	1.58056	1.61661	615	0	0.0840942	0	20	20
0.00865552	0.000702441	1069.63	41.5299	4.74866e-07	38.1482	39.5264	1.5708	1.61661	615	0	0.0865847	0	20	20
0.00867283	0.000702532	1071.38	38.5897	4.08721e-07	36.8361	38.5505	1.56141	1.61661	615	0	0.0891274	0	20	20
0.00868951	0.000703004	1073.69	35.8231	3.51789e-07	35.5692	37.5987	1.55244	1.61661	615	0	0.091728	0	20	20
0.00870552	0.000703839	1076.53	33.2246	3.02788e-07	34.3458	36.6703	1.54389	1.61661	615	0	0.0943867	0	20	20
0.00872083	0.000705018	1079.85	30.7884	2.60612e-07	33.1645	35.765	1.53577	1.61661	615	0	0.0970995	0	20	20
0.00873544	0.000706521	1083.63	28.5081	2.24311e-07	32.0238	34.8819	1.52808	1.61661	615	0	0.0998604	0	20	20
0.00874935	0.000708326	1087.84	26.3769	1.93066e-07	30.9223	34.0207	1.5208	1.61661	615	0	0.102662	0	20	20
0.00876258	0.000710414	1092.45	24.3881	1.66173e-07	29.8588	33.1807	1.51392	1.61661	615	0	0.105496	0	20	20
0.00877516	0.000712763	1097.43	22.5345	1.43027e-07	28.8318	32.3615	1.50742	1.61661	615	0	0.108355	0	20	20
0.0087871	0.000715354	1102.75	20.8092	1.23104e-07	27.8401	31.5625	1.50129	1.61661	615	0	0.111232	0	20	20
0.00879844	0.000718169	1108.38	19.2052	1.05957e-07	26.8826	30.7832	1.49549	1.61661	615	0	0.114119	0	20	20
0.0088092	0.000721188	1114.29	17.7156	9.11979e-08	25.958	30.0231	1.49002	1.61661	615	0	0.117009	0	20	20
0.00881941	0.000724395	1120.47	16.3335	7.84948e-08	25.0652	29.2819	1.48485	1.61661	615	0	0.119897	0	20	20
0.0088291	0.000727774	1126.89	15.0525	6.75611e-08	24.2031	28.5589	1.47996	1.61661	615	0	0.122778	0	20	20
0.00883828	0.000731308	1133.53	13.8662	5.81504e-08	23.3706	27.8538	1.47536	1.61661	615	0	0.125646	0	20	20
0.00884699	0.000734985	1140.36	12.7684	5.00505e-08	22.5668	27.1661	1.471	1.61661	615	0	0.128497	0	20	20
0.00885525	0.00073879	1147.37	11.7534	4.30789e-08	21.7906	26.4953	1.46689	1.61661	615	0	0.131327	0	20	20
0.00886307	0.00074271	1154.53	10.8154	3.70783e-08	21.0411	25.8412	1.46301	1.61661	615	0	0.134132	0	20	20
0.00887049	0.000746733	1161.83	9.94928	3.19136e-08	20.3174	25.2031	1.45934	1.61661	615	0	0.13691	0	20	20
0.00887751	0.000750848	1169.26	9.14994	2.74683e-08	19.6186	24.5809	1.45588	1.61661	615	0	0.139656	0	20	20
0.00888416	0.000755044	1176.79	8.41262	2.36422e-08	18.9438	23.974	1.45262	1.61661	615	0	0.142369	0	20	20
0.00889046	0.000759312	1184.41	7.73287	2.0349e-08	18.2923	23.382	1.44953	1.61661	615	0	0.145046	0	20	20
0.00889642	0.000763641	1192.11	7.10647	1.75146e-08	17.6631	22.8047	1.44662	1.61661	615	0	0.147685	0	20	20
0.00890207	0.000768024	1199.87	6.52948	1.50749e-08	17.0556	22.2417	1.44387	1.61661	615	0	0.150285	0	20	20
0.00890741	0.000772452	1207.68	5.99821	1.29751e-08	16.469	21.6925	1.44127	1.61661	615	0	0.152843	0	20	20
0.00891246	0.000776918	1215.54	5.50922	1.11678e-08	15.9025	21.157	1.43882	1.61661	615	0	0.155359	0	20	20
0.00891725	0.000781414	1223.43	5.05929	9.61219e-09	15.3556	20.6346	1.43651	1.61661	615	0	0.157832	0	20	20
0.00892177	0.000785933	1231.34	4.64543	8.27329e-09	14.8274	20.1251	1.43432	1.61661	615	0	0.160259	0	20	20
0.00892605	0.00079047	1239.25	4.26485	7.12089e-09	14.3174	19.6282	1.43226	1.61661	615	0	0.162642	0	20	20
0.00893009	0.000795019	1247.17	3.91496	6.129e-09	13.825	19.1436	1.43032	1.61661	615	0	0.164978	0	20	20
0.00893391	0.000799574	1255.09	3.59337	5.27528e-09	13.3495	18.6709	1.42848	1.61661	615	0	0.167269	0	20	20
0.00893753	0.000804131	1262.99	3.29785	4.54048e-09	12.8903	18.21	1.42675	1.61661	615	0	0.169512	0	20	20
0.00894095	0.000808685	1270.88	3.02635	3.90803e-09	12.447	17.7604	1.42511	1.61661	615	0	0.171709	0	20	20
0.00894418	0.000813231	1278.74	2.77695	3.36367e-09	12.0189	17.3218	1.42357	1.61661	615	0	0.173858	0	20	20
0.00894723	0.000817765	1286.56	2.5479	2.89514e-09	11.6055	16.8942	1.42211	1.61661	615	0	0.175961	0	20	20
0.00895012	0.000822285	1294.35	2.33757	2.49187e-09	11.2063	16.4771	1.42074	1.61661	615	0	0.178017	0	20	20
0.00895285	0.000826786	1302.1	2.14445	2.14477e-09	10.8209	16.0702	1.41944	1.61661	615	0	0.180027	0	20	20
0.00895543	0.000831265	1309.8	1.96717	1.84602e-09	10.4487	15.6735	1.41821	1.61661	615	0	0.18199	0	20	20
0.00895787	0.00083572	1317.45	1.80443	1.58888e-09	10.0893	15.2865	1.41705	1.61661	615	0	0.183908	0	20	20
0.00896018	0.000840147	1325.04	1.65508	1.36757e-09	9.74231	14.9091	1.41596	1.61661	615	0	0.18578	0	20	20
0.00896236	0.000844545	1332.58	1.51801	1.17707e-09	9.40723	14.5409	1.41493	1.61661	615	0	0.187608	0	20	20
0.00896442	0.000848911	1340.05	1.39223	1.01312e-09	9.08367	14.1819	1.41395	1.61661	615	0	0.189391	0	20	20
0.00896637	0.000853244	1347.46	1.27682	8.71998e-10	8.77125	13.8318	1.41303	1.61661	615	0	0.191131	0	20	20
0.00896821	0.00085754	1354.81	1.17093	7.50536e-10	8.46956	13.4903	1.41215	1.61661	615	0	0.192827	0	20	20
0.00896996	0.000861799	1362.08	1.07379	6.45992e-10	8.17825	13.1572	1.41133	1.61661	615	0	0.194481	0	20	20
0.00897161	0.000866019	1369.29	0.984679	5.56011e-10	7.89697	12.8323	1.41055	1.61661	615	0	0.196094	0	20	20
0.00897318	0.000870199	1376.42	0.902934	4.78563e-10	7.62535	12.5155	1.40981	1.61661	615	0	0.197666	0	20	20
0.00897466	0.000874337	1383.48	0.827954	4.11903e-10	7.36308	12.2065	1.40911	1.61661	615	0	0.199197	0	20	20
0.00897607	0.000878432	1390.45	0.759182	3.54528e-10	7.10983	11.9051	1.40845	1.61661	615	0	0.200689	0	20	20
0.0089774	0.000882484	1397.36	0.696106	3.05145e-10	6.86529	11.6112	1.40782	1.61661	615	0	0.202142	0	20	20
0.00897866	0.000886491	1404.18	0.638258	2.62641e-10	6.62916	11.3245	1.40723	1.61661	615	0	0.203558	0	20	20
0.00897986	0.000890453	1410.92	0.585207	2.26057e-10	6.40116	11.0449	1.40667	1.61661	615	0	0.204936	0	20	20
0.00898101	0.000894369	1417.59	0.536555	1.94569e-10	6.18099	10.7722	1.40613	1.61661	615	0	0.206278	0	20	20
0.00898209	0.000898239	1424.17	0.491941	1.67467e-10	5.9684	10.5062	1.40562	1.61661	615	0	0.207585	0	20	20
0.00898312	0.000902061	1430.67	0.45103	1.4414e-10	5.76312	10.2468	1.40514	1.61661	615	0	0.208857	0	20	20
0.0089841	0.000905836	1437.09	0.413515	1.24063e-10	5.5649	9.99384	1.40467	1.61661	615	0	0.210096	0	20	20
0.00898504	0.000909563	1443.42	0.379116	1.06782e-10	5.3735	9.74709	1.40424	1.61661	615	0	0.211301	0	20	20
0.00898594	0.000913242	1449.68	0.347575	9.1908e-11	5.18868	9.50643	1.40382	1.61661	615	0	0.212474	0	20	20
0.00898679	0.000916873	1455.85	0.318655	7.91059e-11	5.01021	9.27172	1.40342	1.61661	615	0	0.213615	0	20	20
0.00898761	0.000920455	1461.93	0.292138	6.80871e-11	4.83789	9.0428	1.40303	1.61661	615	0	0.214726	0	20	20
0.00898839	0.000923989	1467.94	0.267826	5.86031e-11	4.67149	8.81953	1.40267	1.61661	615	0	0.215807	0	20	20
0.00898914	0.000927475	1473.86	0.245535	5.04402e-11	4.51082	8.60177	1.40232	1.61661	615	0	0.216858	0	20	20
0.00898986	0.000930912	1479.7	0.225098	4.34142e-11	4.35567	8.3894	1.40198	1.61661	615	0	0.217882	0	20	20
0.00899056	0.000934301	1485.46	0.20636	3.7367e-11	4.20586	8.18226	1.40165	1.61661	615	0	0.218877	0	20	20
0.00899122	0.000937642	1491.14	0.189181	3.21621e-11	4.0612	7.98024	1.40134	1.61661	615	0	0.219846	0	20	20
0.00899187	0.000940935	1496.74	0.173431	2.76821e-11	3.92152	7.78321	1.40104	1.61661	615	0	0.220789	0	20	20
0.00899249	0.00094418	1502.25	0.158992	2.38262e-11	3.78664	7.59104	1.40075	1.61661	615	0	0.221706	0	20	20
0.0089931	0.000947378	1507.69	0.145754	2.05074e-11	3.6564	7.40362	1.40046	1.61661	615	0	0.222598	0	20	20
0.00899369	0.000950528	1513.05	0.133617	1.76509e-11	3.53064	7.22082	1.40019	1.61661	615	0	0.223466	0	20	20
0.00899426	0.000953632	1518.33	0.122491	1.51923e-11	3.4092	7.04254	1.39992	1.61661	615	0	0.22431	0	20	20
0.00899481	0.000956688	1523.53	0.112291	1.30761e-11	3.29195	6.86866	1.39966	1.61661	615	0	0.225132	0	20	20
0.00899535	0.000959699	1528.65	0.10294	1.12547e-11	3.17872	6.69907	1.39941	1.61661	615	0	0.225932	0	20	20
0.00899588	0.000962664	1533.7	0.0943671	9.68703e-12	3.06939	6.53367	1.39916	1.61661	615	0	0.22671	0	20	20
0.0089964	0.000965583	1538.67	0.0865081	8.3377e-12	2.96382	6.37235	1.39892	1.61661	615	0	0.227467	0	20	20
0.00899691	0.000968457	1543.56	0.0793034	7.17633e-12	2.86188	6.21502	1.39868	1.61661	615	0	0.228203	0	20	20
0.00899741	0.000971287	1548.39	0.0726986	6.17672e-12	2.76345	6.06157	1.39845	1.61661	615	0	0.22892	0	20	20
0.00899791	0.000974072	1553.13	0.0666437	5.31635e-12	2.6684	5.91191	1.39822	1.61661	615	0	0.229618	0	20	20
0.0089984	0.000976814	1557.81	0.061093	4.57583e-12	2.57662	5.76594	1.39799	1.61661	615	0	0.230297	0	20	20
0.00899888	0.000979513	1562.41	0.0560045	3.93845e-12	2.488	5.62358	1.39777	1.61661	615	0	0.230958	0	20	20
0.00899936	0.000982169	1566.95	0.0513398	3.38986e-12	2.40243	5.48473	1.39755	1.61661	615	0	0.231602	0	20	20
0.00899983	0.000984782	1571.41	0.0470635	2.91768e-12	2.31979	5.34932	1.39732	1.61661	615	0	0.232228	0	20	20
0.0090003	0.000987355	1575.81	0.0431433	2.51127e-12	2.24001	5.21724	1.39711	1.61661	615	0	0.232838	0	20	20
0.00900077	0.000989886	1580.14	0.0395496	2.16147e-12	2.16296	5.08843	1.39689	1.61661	615	0	0.233432	0	20	20
0.00900124	0.000992376	1584.4	0.0362552	1.86039e-12	2.08857	4.96279	1.39667	1.61661	615	0	0.23401	0	20	20
0.0090017	0.000994827	1588.59	0.0332352	1.60125e-12	2.01673	4.84026	1.39645	1.61661	615	0	0.234573	0	20	20
0.00900217	0.000997238	1592.72	0.0304668	1.37821e-12	1.94737	4.72075	1.39624	1.61661	615	0	0.235122	0	20	20
0.00900263	0.00099961	1596.79	0.0279289	1.18624e-12	1.88039	4.6042	1.39602	1.61661	615	0	0.235656	0	20	20
0.0090031	0.00100194	1600.79	0.0256024	1.02101e-12	1.81571	4.49052	1.3958	1.61661	615	0	0.236177	0	20	20
0.00900357	0.00100424	1604.73	0.0234697	8.78787e-13	1.75326	4.37965	1.39559	1.61661	615	0	0.236684	0	20	20
0.00900403	0.0010065	1608.61	0.0215146	7.56379e-13	1.69296	4.27151	1.39537	1.61661	615	0	0.237178	0	20	20
0.00900451	0.00100872	1612.43	0.0197224	6.51022e-13	1.63473	4.16605	1.39515	1.61661	615	0	0.23766	0	20	20
0.00900498	0.00101091	1616.19	0.0180794	5.60339e-13	1.57851	4.06319	1.39493	1.61661	615	0	0.238129	0	20	20
0.00900546	0.00101306	1619.89	0.0165733	4.82289e-13	1.52421	3.96287	1.39471	1.61661	615	0	0.238587	0	20	20
0.00900593	0.00101517	1623.53	0.0151927	4.1511e-13	1.47179	3.86503	1.39448	1.61661	615	0	0.239033	0	20	20
0.00900642	0.00101725	1627.12	0.0139271	3.57288e-13	1.42117	3.7696	1.39426	1.61661	615	0	0.239469	0	20	20
0.0090069	0.0010193	1630.65	0.0127669	3.07521e-13	1.37229	3.67653	1.39403	1.61661	615	0	0.239893	0	20	20
0.00900739	0.00102131	1634.13	0.0117033	2.64686e-13	1.32509	3.58575	1.39381	1.61661	615	0	0.240307	0	20	20
0.00900789	0.00102329	1637.56	0.0107284	2.27817e-13	1.27951	3.49722	1.39358	1.61661	615	0	0.240711	0	20	20
0.00900839	0.00102524	1640.93	0.00983465	1.96084e-13	1.2355	3.41087	1.39335	1.61661	615	0	0.241105	0	20	20
0.00900889	0.00102716	1644.25	0.00901536	1.68771e-13	1.19301	3.32666	1.39311	1.61661	615	0	0.241489	0	20	20
0.0090094	0.00102904	1647.52	0.00826432	1.45263e-13	1.15198	3.24452	1.39288	1.61661	615	0	0.241865	0	20	20
0.00900991	0.0010309	1650.73	0.00757585	1.25029e-13	1.11235	3.16442	1.39264	1.61661	615	0	0.242231	0	20	20
0.00901042	0.00103273	1653.92	0.00694473	1.07613e-13	1.0741	3.08629	1.39241	1.61661	615	0	0.242589	0	20	20
0.00901089	0.00103457	1657.1	0.00636619	9.26235e-14	1.03715	3.01009	1.39218	1.61661	615	0	0.24294	0	20	20
0.00901133	0.00103641	1660.29	0.00583584	7.97218e-14	1.00148	2.93577	1.39198	1.61661	615	0	0.243284	0	20	20
0.00901173	0.00103826	1663.48	0.00534967	6.86172e-14	0.967034	2.86328	1.3918	1.61661	615	0	0.24362	0	20	20
0.00901209	0.00104011	1666.68	0.004904	5.90593e-14	0.933774	2.79259	1.39163	1.61661	615	0	0.243951	0	20	20
0.00901242	0.00104197	1669.88	0.00449546	5.08329e-14	0.901657	2.72364	1.39148	1.61661	615	0	0.244274	0	20	20
0.00901271	0.00104384	1673.08	0.00412095	4.37522e-14	0.870645	2.65639	1.39134	1.61661	615	0	0.244592	0	20	20
0.00901297	0.00104571	1676.29	0.00377764	3.76579e-14	0.840699	2.5908	1.39122	1.61661	615	0	0.244903	0	20	20
0.0090132	0.00104758	1679.5	0.00346294	3.24125e-14	0.811784	2.52684	1.39112	1.61661	615	0	0.245208	0	20	20
0.00901339	0.00104946	1682.71	0.00317445	2.78977e-14	0.783863	2.46445	1.39103	1.61661	615	0	0.245507	0	20	20
0.00901356	0.00105134	1685.92	0.00290999	2.40117e-14	0.756902	2.4036	1.39095	1.61661	615	0	0.245801	0	20	20
0.0090137	0.00105322	1689.13	0.00266756	2.06671e-14	0.730869	2.34426	1.39088	1.61661	615	0	0.246089	0	20	20
0.00901381	0.0010551	1692.33	0.00244533	1.77883e-14	0.705731	2.28638	1.39083	1.61661	615	0	0.246372	0	20	20
0.00901389	0.00105699	1695.53	0.00224161	1.53106e-14	0.681458	2.22993	1.3908	1.61661	615	0	0.24665	0	20	20
0.00901395	0.00105887	1698.73	0.00205487	1.31779e-14	0.658019	2.17487	1.39077	1.61661	615	0	0.246922	0	20	20
0.00901398	0.00106075	1701.93	0.00188368	1.13423e-14	0.635387	2.12117	1.39075	1.61661	615	0	0.247189	0	20	20
0.00901399	0.00106263	1705.11	0.00172675	9.76244e-15	0.613533	2.0688	1.39075	1.61661	615	0	0.247452	0	20	20
0.00901397	0.00106451	1708.3	0.0015829	8.40261e-15	0.592431	2.01772	1.39076	1.61661	615	0	0.247709	0	20	20
0.00901393	0.00106639	1711.47	0.00145103	7.2322e-15	0.572054	1.9679	1.39078	1.61661	615	0	0.247963	0	20	20
0.00901387	0.00106827	1714.64	0.00133015	6.22481e-15	0.552379	1.91932	1.3908	1.61661	615	0	0.248211	0	20	20
0.00901379	0.00107014	1717.81	0.00121933	5.35774e-15	0.53338	1.87193	1.39084	1.61661	615	0	0.248455	0	20	20
0.00901369	0.00107201	1720.96	0.00111775	4.61145e-15	0.515035	1.82571	1.39089	1.61661	615	0	0.248695	0	20	20
0.00901357	0.00107388	1724.1	0.00102463	3.96911e-15	0.49732	1.78063	1.39094	1.61661	615	0	0.24893	0	20	20
0.00901343	0.00107574	1727.24	0.000939274	3.41625e-15	0.480215	1.73667	1.39101	1.61661	615	0	0.249162	0	20	20
0.00901327	0.0010776	1730.36	0.000861024	2.94039e-15	0.463698	1.69379	1.39108	1.61661	615	0	0.249389	0	20	20
0.00901309	0.00107946	1733.48	0.000789293	2.53082e-15	0.44775	1.65197	1.39116	1.61661	615	0	0.249613	0	20	20
0.0090129	0.00108131	1736.58	0.000723538	2.1783e-15	0.432349	1.61118	1.39125	1.61661	615	0	0.249832	0	20	20
0.00901269	0.00108315	1739.67	0.000663261	1.87488e-15	0.417479	1.5714	1.39135	1.61661	615	0	0.250048	0	20	20
0.00901247	0.00108499	1742.75	0.000608005	1.61372e-15	0.40312	1.5326	1.39145	1.61661	615	0	0.25026	0	20	20
0.00901223	0.00108682	1745.81	0.000557353	1.38894e-15	0.389255	1.49476	1.39156	1.61661	615	0	0.250469	0	20	20
0.00901198	0.00108864	1748.86	0.00051092	1.19547e-15	0.375867	1.45786	1.39168	1.61661	615	0	0.250674	0	20	20
0.00901171	0.00109046	1751.9	0.000468356	1.02895e-15	0.362939	1.42186	1.3918	1.61661	615	0	0.250876	0	20	20
0.00901144	0.00109227	1754.93	0.000429338	8.85629e-16	0.350456	1.38676	1.39193	1.61661	615	0	0.251074	0	20	20
0.00901114	0.00109408	1757.94	0.00039357	7.62268e-16	0.338402	1.35252	1.39207	1.61661	615	0	0.251269	0	20	20
0.00901084	0.00109587	1760.93	0.000360782	6.5609e-16	0.326763	1.31912	1.39221	1.61661	615	0	0.251461	0	20	20
0.00901053	0.00109766	1763.91	0.000330726	5.64702e-16	0.315524	1.28656	1.39235	1.61661	615	0	0.251649	0	20	20
0.0090102	0.00109944	1766.87	0.000303173	4.86043e-16	0.304671	1.25479	1.39251	1.61661	615	0	0.251835	0	20	20
0.00900986	0.00110121	1769.82	0.000277916	4.18342e-16	0.294192	1.22381	1.39266	1.61661	615	0	0.252018	0	20	20
0.00900952	0.00110297	1772.75	0.000254763	3.6007e-16	0.284074	1.19359	1.39282	1.61661	615	0	0.252197	0	20	20
0.00900916	0.00110472	1775.67	0.000233539	3.09915e-16	0.274303	1.16412	1.39299	1.61661	615	0	0.252374	0	20	20
0.0090088	0.00110647	1778.56	0.000214083	2.66746e-16	0.264869	1.13538	1.39316	1.61661	615	0	0.252548	0	20	20
0.00900842	0.0011082	1781.44	0.000196248	2.29591e-16	0.255759	1.10735	1.39333	1.61661	615	0	0.252719	0	20	20
0.00900804	0.00110993	1784.3	0.000179899	1.97611e-16	0.246962	1.08001	1.39351	1.61661	615	0	0.252887	0	20	20
0.00900765	0.00111164	1787.15	0.000164912	1.70085e-16	0.238468	1.05334	1.39369	1.61661	615	0	0.253053	0	20	20
0.00900726	0.00111335	1789.97	0.000151173	1.46393e-16	0.230266	1.02734	1.39387	1.61661	615	0	0.253216	0	20	20
0.00900685	0.00111504	1792.78	0.000138579	1.26002e-16	0.222346	1.00197	1.39406	1.61661	615	0	0.253376	0	20	20
0.00900645	0.00111672	1795.57	0.000127034	1.08451e-16	0.214698	0.977232	1.39425	1.61661	615	0	0.253534	0	20	20
0.00900603	0.0011184	1798.34	0.000116451	9.33446e-17	0.207314	0.953104	1.39444	1.61661	615	0	0.25369	0	20	20
0.00900561	0.00112006	1801.09	0.00010675	8.03424e-17	0.200183	0.929572	1.39464	1.61661	615	0	0.253843	0	20	20
0.00900518	0.00112171	1803.82	9.78563e-05	6.91514e-17	0.193298	0.90662	1.39483	1.61661	615	0	0.253994	0	20	20
0.00900475	0.00112335	1806.53	8.9704e-05	5.95191e-17	0.18665	0.884236	1.39504	1.61661	615	0	0.254142	0	20	20
0.00900431	0.00112498	1809.23	8.22308e-05	5.12286e-17	0.18023	0.862404	1.39524	1.61661	615	0	0.254288	0	20	20
0.00900387	0.0011266	1811.9	7.53802e-05	4.40929e-17	0.174031	0.841111	1.39544	1.61661	615	0	0.254432	0	20	20
0.00900343	0.00112821	1814.55	6.91004e-05	3.79511e-17	0.168045	0.820344	1.39565	1.61661	615	0	0.254574	0	20	20
0.00900298	0.0011298	1817.18	6.33437e-05	3.26648e-17	0.162266	0.80009	1.39586	1.61661	615	0	0.254713	0	20	20
0.00900253	0.00113139	1819.79	5.80666e-05	2.81149e-17	0.156684	0.780335	1.39607	1.61661	615	0	0.254851	0	20	20
0.00900207	0.00113296	1822.38	5.32291e-05	2.41987e-17	0.151295	0.761069	1.39628	1.61661	615	0	0.254986	0	20	20
0.00900161	0.00113452	1824.95	4.87946e-05	2.0828e-17	0.146092	0.742278	1.39649	1.61661	615	0	0.255119	0	20	20
0.00900115	0.00113606	1827.5	4.47296e-05	1.79268e-17	0.141067	0.723951	1.39671	1.61661	615	0	0.255251	0	20	20
0.00900069	0.0011376	1830.03	4.10032e-05	1.54298e-17	0.136215	0.706077	1.39692	1.61661	615	0	0.25538	0	20	20
0.00900022	0.00113912	1832.54	3.75873e-05	1.32805e-17	0.13153	0.688644	1.39714	1.61661	615	0	0.255507	0	20	20
0.00899976	0.00114064	1835.03	3.44559e-05	1.14306e-17	0.127006	0.671641	1.39736	1.61661	615	0	0.255633	0	20	20
0.00899929	0.00114213	1837.49	3.15854e-05	9.83845e-18	0.122638	0.655058	1.39758	1.61661	615	0	0.255756	0	20	20
0.00899882	0.00114362	1839.94	2.89541e-05	8.46803e-18	0.11842	0.638885	1.3978	1.61661	615	0	0.255878	0	20	20
0.00899835	0.0011451	1842.36	2.65419e-05	7.2885e-18	0.114347	0.62311	1.39801	1.61661	615	0	0.255998	0	20	20
0.00899788	0.00114656	1844.76	2.43307e-05	6.27327e-18	0.110414	0.607726	1.39823	1.61661	615	0	0.256116	0	20	20
0.0089974	0.00114801	1847.14	2.23038e-05	5.39946e-18	0.106616	0.592721	1.39846	1.61661	615	0	0.256232	0	20	20
0.00899693	0.00114944	1849.5	2.04457e-05	4.64735e-18	0.102949	0.578087	1.39868	1.61661	615	0	0.256347	0	20	20
0.00899646	0.00115087	1851.84	1.87423e-05	4.00001e-18	0.0994081	0.563814	1.3989	1.61661	615	0	0.25646	0	20	20
0.00899598	0.00115228	1854.16	1.71809e-05	3.44284e-18	0.095989	0.549893	1.39912	1.61661	615	0	0.256571	0	20	20
0.00899551	0.00115368	1856.45	1.57496e-05	2.96328e-18	0.0926875	0.536316	1.39934	1.61661	615	0	0.256681	0	20	20
0.00899504	0.00115507	1858.73	1.44375e-05	2.55052e-18	0.0894996	0.523074	1.39956	1.61661	615	0	0.256789	0	20	20
0.00899456	0.00115644	1860.98	1.32347e-05	2.19525e-18	0.0864213	0.51016	1.39978	1.61661	615	0	0.256895	0	20	20
0.00899409	0.0011578	1863.21	1.21322e-05	1.88947e-18	0.0834489	0.497564	1.4	1.61661	615	0	0.257	0	20	20
0.00899362	0.00115915	1865.42	1.11214e-05	1.62628e-18	0.0805787	0.485279	1.40022	1.61661	615	0	0.257103	0	20	20
0.00899315	0.00116049	1867.61	1.01949e-05	1.39976e-18	0.0778072	0.473297	1.40044	1.61661	615	0	0.257205	0	20	20
0.00899268	0.00116181	1869.78	9.3456e-06	1.20478e-18	0.0751311	0.461612	1.40066	1.61661	615	0	0.257306	0	20	20
0.00899221	0.00116312	1871.92	8.56702e-06	1.03696e-18	0.072547	0.450214	1.40088	1.61661	615	0	0.257405	0	20	20
0.00899174	0.00116442	1874.05	7.85331e-06	8.92524e-19	0.0700517	0.439099	1.4011	1.61661	615	0	0.257502	0	20	20
0.00899127	0.0011657	1876.15	7.19906e-06	7.68203e-19	0.0676423	0.428257	1.40132	1.61661	615	0	0.257598	0	20	20
0.00899081	0.00116698	1878.24	6.59931e-06	6.61198e-19	0.0653158	0.417683	1.40153	1.61661	615	0	0.257693	0	20	20
0.00899035	0.00116824	1880.3	6.04953e-06	5.69098e-19	0.0630693	0.407371	1.40175	1.61661	615	0	0.257786	0	20	20
0.00898989	0.00116949	1882.34	5.54555e-06	4.89828e-19	0.0609001	0.397313	1.40197	1.61661	615	0	0.257878	0	20	20
0.00898943	0.00117072	1884.36	5.08355e-06	4.21598e-19	0.0588054	0.387503	1.40218	1.61661	615	0	0.257969	0	20	20
0.00898897	0.00117194	1886.35	4.66005e-06	3.62873e-19	0.0567828	0.377936	1.40239	1.61661	615	0	0.258058	0	20	20
0.00898851	0.00117315	1888.33	4.27182e-06	3.12328e-19	0.0548298	0.368604	1.40261	1.61661	615	0	0.258146	0	20	20
0.00898806	0.00117435	1890.29	3.91594e-06	2.68823e-19	0.052944	0.359503	1.40282	1.61661	615	0	0.258233	0	20	20
0.00898761	0.00117554	1892.23	3.58971e-06	2.31378e-19	0.051123	0.350627	1.40303	1.61661	615	0	0.258318	0	20	20
0.00898716	0.00117671	1894.14	3.29065e-06	1.99149e-19	0.0493646	0.34197	1.40324	1.61661	615	0	0.258403	0	20	20
0.00898672	0.00117787	1896.04	3.01651e-06	1.71409e-19	0.0476667	0.333527	1.40345	1.61661	615	0	0.258486	0	20	20
0.00898627	0.00117902	1897.91	2.76521e-06	1.47533e-19	0.0460273	0.325292	1.40366	1.61661	615	0	0.258568	0	20	20
0.00898583	0.00118016	1899.77	2.53484e-06	1.26983e-19	0.0444442	0.317261	1.40386	1.61661	615	0	0.258648	0	20	20
0.0089854	0.00118128	1901.6	2.32366e-06	1.09295e-19	0.0429155	0.309427	1.40407	1.61661	615	0	0.258728	0	20	20
