0.00936804	
0.00728808	
0.00572465	
0.00495943	
0.0044884	
0.004142	
0.00384796	
0.00358158	
0.00336072	
0.00322441	
0.00319213	
0.00327427	
0.0034746	
0.00376155	
0.00412184	
0.0045554	
0.00507098	
0.00568364	
0.00641364	
0.00728571	
0.00832792	
0.00956922	
0.0110339	
0.012731	
0.0146378	
0.0166945	
0.018862	
0.0211038	
0.0233692	
0.0255924	
0.0276906	
0.0295658	
0.0311115	
0.0322258	
0.0328323	
0.0337222	
0.0342238	
0.033855	
0.0326228	
0.0309435	
0.0292063	
0.0276415	
0.0263369	
0.025295	
0.0244816	
0.023853	
0.0233686	
0.0229944	
0.0227041	
0.0224774	
0.0222994	
0.0221588	
0.0220474	
0.0219589	
0.0218889	
0.0218337	
0.0217907	
0.0217579	
0.0217337	
0.0217168	
0.0217062	
0.021701	
0.0217006	
0.0217044	
0.0217119	
0.0217228	
0.0217368	
0.0217535	
0.0217729	
0.0217947	
0.0218188	
0.0218451	
0.0218735	
