0.00866572	0.000693067	1111.6	256.922	76.5	0	0	1.56526	1.61661	615	0	0.149389	0	20	20
0.00874556	0.000706043	1141.45	256.64	76.4694	20.4492	6.89131	1.52278	1.61661	615	0	-0.11513	0	20	20
0.00886665	0.000733289	1199.68	256.353	76.4339	59.9712	20.3438	1.46124	1.61661	615	0	-0.595491	0	20	20
0.0089487	0.000761034	1254.96	256.061	76.3927	98.1904	33.4833	1.42141	1.61661	615	0	-1.00868	0	20	20
0.00900244	0.000789081	1307.87	255.764	76.3448	135.147	46.3159	1.39611	1.61661	615	0	-1.36751	0	20	20
0.00903515	0.000816977	1358.29	255.461	76.2893	170.88	58.848	1.381	1.61661	615	0	-1.68021	0	20	20
0.00905257	0.00084442	1406.21	255.154	76.2249	205.431	71.0863	1.37304	1.61661	615	0	-1.95361	0	20	20
0.00905898	0.000871248	1451.77	254.842	76.1502	238.838	83.0379	1.37013	1.61661	615	0	-2.19384	0	20	20
0.00905743	0.000897399	1495.18	254.525	76.0636	271.144	94.7103	1.37084	1.61661	615	0	-2.40622	0	20	20
0.0090501	0.000922877	1536.65	254.202	75.9633	302.39	106.112	1.37417	1.61661	615	0	-2.59519	0	20	20
0.0090385	0.000947717	1576.42	253.874	75.847	332.617	117.251	1.37946	1.61661	615	0	-2.76441	0	20	20
0.00902373	0.000971969	1614.67	253.54	75.7124	361.87	128.137	1.38625	1.61661	615	0	-2.91683	0	20	20
0.00900654	0.000995683	1651.59	253.201	75.5566	390.195	138.781	1.39421	1.61661	615	0	-3.05484	0	20	20
0.00898747	0.00101891	1687.31	252.856	75.3764	417.637	149.193	1.4031	1.61661	615	0	-3.18038	0	20	20
0.00896692	0.00104168	1721.96	252.506	75.1681	444.246	159.385	1.41277	1.61661	615	0	-3.29505	0	20	20
0.00894518	0.00106406	1755.62	252.15	74.9275	470.074	169.371	1.42309	1.61661	615	0	-3.40019	0	20	20
0.00892246	0.00108606	1788.4	251.788	74.6499	495.174	179.165	1.43399	1.61661	615	0	-3.49692	0	20	20
0.0088989	0.00110773	1820.36	251.42	74.33	519.604	188.783	1.44541	1.61661	615	0	-3.58621	0	20	20
0.0088746	0.00112911	1851.58	251.046	73.9617	543.422	198.24	1.45732	1.61661	615	0	-3.66891	0	20	20
0.00884964	0.00115024	1882.14	250.666	73.5383	566.691	207.555	1.46968	1.61661	615	0	-3.74575	0	20	20
0.00882407	0.00117116	1912.09	250.28	73.0526	589.476	216.748	1.4825	1.61661	615	0	-3.8174	0	20	20
0.00879789	0.00119192	1941.53	249.888	72.4961	611.845	225.837	1.49577	1.61661	615	0	-3.88445	0	20	20
0.0087711	0.00121256	1970.52	249.49	71.8602	633.866	234.846	1.50952	1.61661	615	0	-3.94743	0	20	20
0.0087437	0.00123315	1999.13	249.085	71.1353	655.61	243.794	1.52375	1.61661	615	0	-4.00683	0	20	20
0.00871566	0.00125372	2027.45	248.674	70.3111	677.147	252.704	1.53851	1.61661	615	0	-4.06306	0	20	20
0.00868694	0.00127435	2055.54	248.256	69.3773	698.544	261.598	1.55382	1.61661	615	0	-4.11652	0	20	20
0.00865751	0.00129507	2083.48	247.832	68.323	719.865	270.496	1.56972	1.61661	615	0	-4.16754	0	20	20
0.00862733	0.00131594	2111.32	247.401	67.1377	741.164	279.415	1.58625	1.61661	615	0	-4.21638	0	20	20
0.00859638	0.00133698	2139.1	246.963	65.8111	762.489	288.371	1.60344	1.61661	615	0	-4.26329	0	20	20
0.00856464	0.00135824	2166.86	246.518	64.3342	783.869	297.372	1.62134	1.61661	615	0	-4.30842	0	20	20
0.00853211	0.00137972	2194.6	246.067	62.6995	805.318	306.424	1.63995	1.61661	615	0	-4.35188	0	20	20
0.00849883	0.0014014	2222.3	245.608	60.9015	826.824	315.521	1.65929	1.61661	615	0	-4.39371	0	20	20
0.00846485	0.00142326	2249.91	245.143	58.9379	848.351	324.652	1.67935	1.61661	615	0	-4.43388	0	20	20
0.00843027	0.00144523	2277.32	244.67	56.8097	869.832	333.792	1.70011	1.61661	615	0	-4.47228	0	20	20
0.00839521	0.00146721	2304.42	244.19	54.5225	891.167	342.907	1.72149	1.61661	615	0	-4.50876	0	20	20
0.00835987	0.00148908	2331.04	243.703	52.086	912.223	351.951	1.74342	1.61661	615	0	-4.54309	0	20	20
0.00832444	0.00151068	2356.96	243.208	49.5151	932.835	360.868	1.76577	1.61661	615	0	-4.57499	0	20	20
0.00828918	0.00153181	2381.94	242.706	46.8297	952.814	369.59	1.7884	1.61661	615	0	-4.60416	0	20	20
0.00825438	0.00155227	2405.73	242.197	44.0538	971.947	378.043	1.81112	1.61661	615	0	-4.63027	0	20	20
0.00822031	0.00157184	2428.05	241.679	41.2153	990.011	386.148	1.83373	1.61661	615	0	-4.65298	0	20	20
0.00818729	0.00159027	2448.62	241.155	38.3448	1006.78	393.826	1.856	1.61661	615	0	-4.67197	0	20	20
0.00815561	0.00160736	2467.18	240.622	35.4743	1022.05	400.999	1.87772	1.61661	615	0	-4.68697	0	20	20
0.00812552	0.00162288	2483.51	240.082	32.6358	1035.61	407.598	1.89866	1.61661	615	0	-4.69773	0	20	20
0.00809727	0.00163667	2497.4	239.533	29.8599	1047.31	413.562	1.9186	1.61661	615	0	-4.70409	0	20	20
0.00807103	0.00164859	2508.72	238.977	27.1745	1057.03	418.842	1.93737	1.61661	615	0	-4.70594	0	20	20
0.00804696	0.00165853	2517.37	238.413	24.6037	1064.68	423.407	1.95481	1.61661	615	0	-4.70323	0	20	20
0.00802513	0.00166645	2523.32	237.84	22.1672	1070.24	427.237	1.9708	1.61661	615	0	-4.696	0	20	20
0.00800558	0.00167232	2526.59	237.26	19.8799	1073.7	430.329	1.98528	1.61661	615	0	-4.68434	0	20	20
0.0079883	0.00167618	2527.25	236.671	17.7517	1075.12	432.694	1.99819	1.61661	615	0	-4.66839	0	20	20
0.00797322	0.0016781	2525.41	236.073	15.7881	1074.59	434.354	2.00955	1.61661	615	0	-4.64834	0	20	20
0.00796027	0.00167816	2521.21	235.468	13.9901	1072.2	435.339	2.01937	1.61661	615	0	-4.6244	0	20	20
0.00794932	0.00167649	2514.81	234.854	12.3554	1068.09	435.69	2.02773	1.61661	615	0	-4.59683	0	20	20
0.00793956	0.00167333	2506.4	234.231	10.8785	1062.4	435.449	2.03521	1.61661	615	0	-4.56179	0	20	20
0.00793059	0.00166887	2496.18	233.6	9.55195	1055.28	434.663	2.04213	1.61661	615	0	-4.51812	0	20	20
0.00792233	0.00166325	2484.33	232.96	8.36659	1046.88	433.38	2.04853	1.61661	615	0	-4.46682	0	20	20
0.00791469	0.0016566	2471.05	232.311	7.31231	1037.35	431.648	2.05446	1.61661	615	0	-4.4089	0	20	20
0.00790761	0.00164902	2456.52	231.654	6.37848	1026.83	429.51	2.05999	1.61661	615	0	-4.3453	0	20	20
0.00790103	0.00164065	2440.9	230.988	5.55436	1015.44	427.011	2.06514	1.61661	615	0	-4.27688	0	20	20
0.00789487	0.00163158	2424.34	230.313	4.8294	1003.31	424.19	2.06997	1.61661	615	0	-4.20446	0	20	20
0.0078891	0.0016219	2406.98	229.629	4.19349	990.557	421.083	2.07452	1.61661	615	0	-4.12874	0	20	20
0.00788366	0.00161171	2388.95	228.936	3.63707	977.268	417.725	2.07881	1.61661	615	0	-4.05038	0	20	20
0.00787852	0.00160107	2370.34	228.234	3.15127	963.535	414.145	2.08289	1.61661	615	0	-3.96993	0	20	20
0.00787362	0.00159006	2351.25	227.523	2.72794	949.436	410.369	2.08678	1.61661	615	0	-3.88791	0	20	20
0.00786895	0.00157873	2331.78	226.803	2.35965	935.04	406.421	2.0905	1.61661	615	0	-3.80474	0	20	20
0.00786448	0.00156713	2311.98	226.073	2.03971	920.405	402.322	2.09407	1.61661	615	0	-3.72078	0	20	20
0.00786017	0.00155531	2291.93	225.335	1.76213	905.582	398.09	2.09751	1.61661	615	0	-3.63637	0	20	20
0.00785602	0.0015433	2271.68	224.587	1.52155	890.614	393.742	2.10083	1.61661	615	0	-3.55176	0	20	20
0.00785201	0.00153114	2251.27	223.83	1.31324	875.541	389.29	2.10405	1.61661	615	0	-3.46719	0	20	20
0.00784813	0.00151886	2230.74	223.063	1.13301	860.394	384.747	2.10718	1.61661	615	0	-3.38285	0	20	20
0.00784436	0.00150647	2210.13	222.288	0.977206	845.2	380.125	2.11022	1.61661	615	0	-3.29891	0	20	20
0.0078407	0.001494	2189.47	221.502	0.842585	829.983	375.431	2.11318	1.61661	615	0	-3.2155	0	20	20
0.00783714	0.00148147	2168.79	220.708	0.726331	814.763	370.676	2.11606	1.61661	615	0	-3.13273	0	20	20
0.00783368	0.0014689	2148.09	219.904	0.625985	799.556	365.864	2.11886	1.61661	615	0	-3.05072	0	20	20
0.00783032	0.00145628	2127.41	219.09	0.539403	784.378	361.005	2.12159	1.61661	615	0	-2.96953	0	20	20
0.00782706	0.00144365	2106.76	218.267	0.464724	769.24	356.102	2.12425	1.61661	615	0	-2.88924	0	20	20
0.00782389	0.00143099	2086.16	217.435	0.400329	754.153	351.161	2.12682	1.61661	615	0	-2.80989	0	20	20
0.00782083	0.00141834	2065.61	216.593	0.344818	739.127	346.187	2.12932	1.61661	615	0	-2.73155	0	20	20
0.00781787	0.00140568	2045.13	215.741	0.296973	724.17	341.184	2.13174	1.61661	615	0	-2.65425	0	20	20
0.00781503	0.00139304	2024.73	214.88	0.255745	709.288	336.156	2.13407	1.61661	615	0	-2.57803	0	20	20
0.00781229	0.0013804	2004.41	214.01	0.220224	694.489	331.106	2.13631	1.61661	615	0	-2.50291	0	20	20
0.00780968	0.00136779	1984.2	213.13	0.189625	679.777	326.038	2.13846	1.61661	615	0	-2.42891	0	20	20
0.00780719	0.00135521	1964.09	212.24	0.163268	665.158	320.956	2.1405	1.61661	615	0	-2.35607	0	20	20
0.00780483	0.00134265	1944.1	211.341	0.140567	650.637	315.862	2.14244	1.61661	615	0	-2.2844	0	20	20
0.00780262	0.00133013	1924.22	210.433	0.121018	636.218	310.759	2.14427	1.61661	615	0	-2.21392	0	20	20
0.00780055	0.00131765	1904.48	209.515	0.104184	621.906	305.651	2.14598	1.61661	615	0	-2.14464	0	20	20
0.00779863	0.00130522	1884.87	208.587	0.0896893	607.705	300.539	2.14756	1.61661	615	0	-2.07657	0	20	20
0.00779688	0.00129283	1865.41	207.65	0.0772089	593.62	295.428	2.149	1.61661	615	0	-2.00973	0	20	20
0.0077953	0.0012805	1846.09	206.704	0.0664636	579.654	290.319	2.15031	1.61661	615	0	-1.94412	0	20	20
0.00779391	0.00126823	1826.94	205.748	0.0572127	565.811	285.215	2.15147	1.61661	615	0	-1.87976	0	20	20
0.0077927	0.00125602	1807.95	204.783	0.0492485	552.095	280.119	2.15247	1.61661	615	0	-1.81665	0	20	20
0.00779169	0.00124387	1789.14	203.809	0.0423924	538.511	275.033	2.1533	1.61661	615	0	-1.7548	0	20	20
0.00779089	0.0012318	1770.51	202.826	0.0364903	525.063	269.961	2.15397	1.61661	615	0	-1.69422	0	20	20
0.00779031	0.00121981	1752.06	201.833	0.0314096	511.755	264.905	2.15445	1.61661	615	0	-1.63491	0	20	20
0.00778995	0.0012079	1733.81	200.831	0.027036	498.59	259.868	2.15474	1.61661	615	0	-1.57687	0	20	20
0.00778983	0.00119608	1715.77	199.82	0.0232712	485.574	254.851	2.15484	1.61661	615	0	-1.52012	0	20	20
0.00778996	0.00118434	1697.93	198.8	0.0200306	472.71	249.859	2.15474	1.61661	615	0	-1.46464	0	20	20
0.00779034	0.00117271	1680.31	197.771	0.0172411	460.003	244.893	2.15443	1.61661	615	0	-1.41046	0	20	20
0.00779098	0.00116118	1662.93	196.733	0.01484	447.457	239.956	2.15389	1.61661	615	0	-1.35756	0	20	20
0.00779189	0.00114976	1645.77	195.687	0.0127733	435.078	235.051	2.15314	1.61661	615	0	-1.30595	0	20	20
0.00779308	0.00113845	1628.86	194.631	0.0109943	422.868	230.181	2.15215	1.61661	615	0	-1.25563	0	20	20
0.00779455	0.00112726	1612.19	193.567	0.00946308	410.834	225.348	2.15093	1.61661	615	0	-1.20659	0	20	20
0.00779632	0.0011162	1595.79	192.495	0.00814509	398.978	220.555	2.14947	1.61661	615	0	-1.15884	0	20	20
0.00779839	0.00110527	1579.65	191.414	0.00701065	387.307	215.804	2.14776	1.61661	615	0	-1.11237	0	20	20
0.00780077	0.00109448	1563.78	190.325	0.0060342	375.825	211.099	2.1458	1.61661	615	0	-1.06719	0	20	20
0.00780345	0.00108383	1548.19	189.227	0.00519374	364.535	206.441	2.14358	1.61661	615	0	-1.02327	0	20	20
0.00780644	0.00107333	1532.89	188.121	0.00447034	353.443	201.834	2.14112	1.61661	615	0	-0.980626	0	20	20
0.00780975	0.00106298	1517.88	187.007	0.00384768	342.554	197.28	2.1384	1.61661	615	0	-0.939243	0	20	20
0.00781338	0.0010528	1503.18	185.885	0.00331176	331.872	192.782	2.13542	1.61661	615	0	-0.899117	0	20	20
0.00781733	0.00104278	1488.78	184.756	0.00285047	321.4	188.342	2.13219	1.61661	615	0	-0.860239	0	20	20
0.00782159	0.00103294	1474.7	183.619	0.00245344	311.145	183.962	2.12871	1.61661	615	0	-0.822601	0	20	20
0.00782616	0.00102327	1460.95	182.474	0.0021117	301.11	179.646	2.12498	1.61661	615	0	-0.786193	0	20	20
0.00783104	0.0010138	1447.52	181.321	0.00181757	291.299	175.395	2.12101	1.61661	615	0	-0.751006	0	20	20
0.00783621	0.00100451	1434.43	180.162	0.0015644	281.717	171.213	2.11681	1.61661	615	0	-0.717029	0	20	20
0.00784168	0.000995426	1421.68	178.995	0.00134649	272.368	167.101	2.11238	1.61661	615	0	-0.684251	0	20	20
0.00784743	0.000986545	1409.27	177.822	0.00115894	263.256	163.062	2.10774	1.61661	615	0	-0.652659	0	20	20
0.00785344	0.000977875	1397.22	176.641	0.000997512	254.385	159.098	2.10291	1.61661	615	0	-0.622242	0	20	20
0.0078597	0.000969422	1385.52	175.454	0.000858568	245.759	155.212	2.09789	1.61661	615	0	-0.592987	0	20	20
0.00786618	0.000961193	1374.18	174.26	0.000738977	237.381	151.405	2.09271	1.61661	615	0	-0.564881	0	20	20
0.00787287	0.000953194	1363.22	173.06	0.000636045	229.256	147.68	2.08738	1.61661	615	0	-0.53791	0	20	20
0.00787973	0.000945431	1352.62	171.854	0.000547449	221.385	144.039	2.08193	1.61661	615	0	-0.512061	0	20	20
0.00788674	0.00093791	1342.39	170.642	0.000471194	213.774	140.484	2.07638	1.61661	615	0	-0.48732	0	20	20
0.00789388	0.000930634	1332.54	169.424	0.000405561	206.421	137.015	2.07076	1.61661	615	0	-0.463662	0	20	20
0.00790113	0.000923598	1323.05	168.2	0.00034907	199.321	133.632	2.06506	1.61661	615	0	-0.441043	0	20	20
0.0079085	0.000916793	1313.92	166.97	0.000300448	192.466	130.333	2.05929	1.61661	615	0	-0.419412	0	20	20
0.00791598	0.000910212	1305.12	165.736	0.000258598	185.846	127.115	2.05346	1.61661	615	0	-0.398721	0	20	20
0.00792359	0.000903847	1296.66	164.496	0.000222577	179.454	123.977	2.04755	1.61661	615	0	-0.378921	0	20	20
0.00793132	0.00089769	1288.51	163.252	0.000191574	173.282	120.916	2.04157	1.61661	615	0	-0.35997	0	20	20
0.00793917	0.000891734	1280.67	162.002	0.000164889	167.322	117.93	2.03552	1.61661	615	0	-0.341826	0	20	20
0.00794714	0.000885972	1273.12	160.749	0.000141922	161.567	115.018	2.0294	1.61661	615	0	-0.324448	0	20	20
0.00795524	0.000880396	1265.86	159.491	0.000122153	156.01	112.179	2.02321	1.61661	615	0	-0.307799	0	20	20
0.00796345	0.000875002	1258.87	158.229	0.000105138	150.644	109.409	2.01695	1.61661	615	0	-0.291844	0	20	20
0.00797179	0.000869781	1252.15	156.963	9.04933e-05	145.463	106.708	2.01063	1.61661	615	0	-0.276549	0	20	20
0.00798025	0.000864729	1245.69	155.693	7.78883e-05	140.459	104.073	2.00424	1.61661	615	0	-0.261881	0	20	20
0.00798883	0.000859839	1239.47	154.42	6.70391e-05	135.628	101.503	1.99779	1.61661	615	0	-0.247811	0	20	20
0.00799753	0.000855105	1233.49	153.143	5.77011e-05	130.964	98.9973	1.99128	1.61661	615	0	-0.234308	0	20	20
0.00800636	0.000850521	1227.75	151.864	4.96638e-05	126.459	96.553	1.9847	1.61661	615	0	-0.221347	0	20	20
0.00801529	0.000846084	1222.23	150.582	4.2746e-05	122.11	94.1691	1.97807	1.61661	615	0	-0.208899	0	20	20
0.00802435	0.000841786	1216.92	149.297	3.67919e-05	117.91	91.8441	1.97138	1.61661	615	0	-0.196942	0	20	20
0.00803352	0.000837624	1211.82	148.01	3.1667e-05	113.854	89.5764	1.96464	1.61661	615	0	-0.18545	0	20	20
0.0080428	0.000833593	1206.92	146.721	2.72561e-05	109.938	87.3648	1.95784	1.61661	615	0	-0.174402	0	20	20
0.0080522	0.000829687	1202.22	145.429	2.34595e-05	106.157	85.2077	1.951	1.61661	615	0	-0.163777	0	20	20
0.0080617	0.000825903	1197.7	144.137	2.01918e-05	102.506	83.104	1.9441	1.61661	615	0	-0.153553	0	20	20
0.00807132	0.000822236	1193.36	142.842	1.73792e-05	98.9801	81.0521	1.93717	1.61661	615	0	-0.143713	0	20	20
0.00808103	0.000818681	1189.2	141.547	1.49585e-05	95.5757	79.0509	1.93019	1.61661	615	0	-0.134238	0	20	20
0.00809085	0.000815236	1185.2	140.251	1.28749e-05	92.2885	77.0992	1.92317	1.61661	615	0	-0.125111	0	20	20
0.00810077	0.000811896	1181.36	138.954	1.10815e-05	89.1142	75.1956	1.91612	1.61661	615	0	-0.116314	0	20	20
0.00811078	0.000808658	1177.68	137.656	9.53793e-06	86.0492	73.339	1.90903	1.61661	615	0	-0.107833	0	20	20
0.00812089	0.000805517	1174.15	136.358	8.20938e-06	83.0896	71.5282	1.90191	1.61661	615	0	-0.0996524	0	20	20
0.00813108	0.000802471	1170.77	135.06	7.06588e-06	80.2317	69.7622	1.89476	1.61661	615	0	-0.0917585	0	20	20
0.00814137	0.000799516	1167.52	133.763	6.08166e-06	77.4722	68.0398	1.88759	1.61661	615	0	-0.0841377	0	20	20
0.00815173	0.00079665	1164.42	132.466	5.23453e-06	74.8076	66.3599	1.8804	1.61661	615	0	-0.0767772	0	20	20
0.00816218	0.000793868	1161.44	131.169	4.5054e-06	72.2346	64.7214	1.87319	1.61661	615	0	-0.069665	0	20	20
0.0081727	0.000791169	1158.58	129.874	3.87783e-06	69.7501	63.1234	1.86596	1.61661	615	0	-0.0627897	0	20	20
0.00818329	0.000788548	1155.85	128.579	3.33768e-06	67.3511	61.5649	1.85873	1.61661	615	0	-0.0561402	0	20	20
0.00819395	0.000786005	1153.23	127.286	2.87277e-06	65.0346	60.0449	1.85148	1.61661	615	0	-0.0497062	0	20	20
0.00820468	0.000783536	1150.73	125.995	2.47262e-06	62.7977	58.5624	1.84423	1.61661	615	0	-0.043478	0	20	20
0.00821546	0.000781138	1148.33	124.705	2.1282e-06	60.6378	57.1165	1.83698	1.61661	615	0	-0.0374462	0	20	20
0.0082263	0.00077881	1146.04	123.418	1.83176e-06	58.5522	55.7062	1.82973	1.61661	615	0	-0.0316019	0	20	20
0.00823719	0.000776549	1143.85	122.133	1.57661e-06	56.5383	54.3309	1.82248	1.61661	615	0	-0.0259367	0	20	20
0.00824812	0.000774352	1141.76	120.85	1.357e-06	54.5937	52.9894	1.81524	1.61661	615	0	-0.0204428	0	20	20
0.0082591	0.000772219	1139.76	119.57	1.16798e-06	52.716	51.6811	1.80802	1.61661	615	0	-0.0151125	0	20	20
0.00827011	0.000770146	1137.86	118.293	1.00529e-06	50.9029	50.4051	1.80081	1.61661	615	0	-0.00993867	0	20	20
0.00828115	0.000768133	1136.04	117.02	8.65262e-07	49.1521	49.1606	1.79361	1.61661	615	0	-0.00491463	0	20	20
0.00829222	0.000766177	1134.3	115.749	7.44738e-07	47.4615	47.9468	1.78644	1.61661	615	0	-3.39353e-05	0	20	20
0.00830331	0.000764276	1132.65	114.483	6.41002e-07	45.8291	46.763	1.77929	1.61661	615	0	0.00470945	0	20	20
0.00831441	0.000762429	1131.07	113.22	5.51715e-07	44.2528	45.6084	1.77217	1.61661	615	0	0.00932123	0	20	20
0.00832553	0.000760634	1129.57	111.961	4.74866e-07	42.7308	44.4823	1.76508	1.61661	615	0	0.0138068	0	20	20
0.00833665	0.000758891	1128.14	110.707	4.08721e-07	41.2611	43.3841	1.75803	1.61661	615	0	0.0181713	0	20	20
0.00834777	0.000757196	1126.78	109.457	3.51789e-07	39.8419	42.3129	1.75101	1.61661	615	0	0.0224194	0	20	20
0.00835888	0.00075555	1125.49	108.212	3.02788e-07	38.4716	41.2682	1.74404	1.61661	615	0	0.0265557	0	20	20
0.00836998	0.00075395	1124.27	106.971	2.60612e-07	37.1483	40.2493	1.73711	1.61661	615	0	0.0305843	0	20	20
0.00838107	0.000752396	1123.1	105.736	2.24311e-07	35.8706	39.2555	1.73022	1.61661	615	0	0.0345094	0	20	20
0.00839109	0.000750972	1122	104.506	1.93066e-07	34.6369	38.2863	1.72403	1.61661	615	0	0.0386393	0	20	20
0.00839958	0.000749715	1120.96	103.281	1.66173e-07	33.4456	37.341	1.71881	1.61661	615	0	0.0431033	0	20	20
0.00840822	0.000748484	1119.98	102.062	1.43027e-07	32.2952	36.4191	1.71351	1.61661	615	0	0.047408	0	20	20
0.00841702	0.00074728	1119.05	100.849	1.23104e-07	31.1844	35.5199	1.70814	1.61661	615	0	0.0515618	0	20	20
0.00842597	0.0007461	1118.18	99.6419	1.05957e-07	30.1119	34.6429	1.70271	1.61661	615	0	0.0555728	0	20	20
0.00843505	0.000744944	1117.36	98.4408	9.11979e-08	29.0762	33.7875	1.69721	1.61661	615	0	0.0594485	0	20	20
0.00844427	0.000743811	1116.59	97.2461	7.84948e-08	28.0761	32.9533	1.69166	1.61661	615	0	0.0631958	0	20	20
0.00845361	0.000742701	1115.87	96.0579	6.75611e-08	27.1104	32.1397	1.68606	1.61661	615	0	0.0668213	0	20	20
0.00846306	0.000741613	1115.19	94.8764	5.81504e-08	26.178	31.3462	1.68042	1.61661	615	0	0.0703312	0	20	20
0.00847261	0.000740546	1114.56	93.7017	5.00505e-08	25.2776	30.5722	1.67474	1.61661	615	0	0.0737311	0	20	20
0.00848226	0.000739501	1113.97	92.5339	4.30789e-08	24.4082	29.8174	1.66904	1.61661	615	0	0.0770262	0	20	20
0.00849201	0.000738558	1113.55	91.3733	3.70783e-08	23.5687	29.0812	1.66329	1.61661	615	0	0.0801904	0	20	20
0.00850186	0.000737807	1113.44	90.2199	3.19136e-08	22.7581	28.3632	1.65752	1.61661	615	0	0.0832013	0	20	20
0.00851177	0.000737255	1113.64	89.0739	2.74683e-08	21.9753	27.6629	1.65173	1.61661	615	0	0.0860718	0	20	20
0.00852171	0.000736897	1114.14	87.9355	2.36422e-08	21.2195	26.9799	1.64596	1.61661	615	0	0.0888178	0	20	20
0.00853163	0.000736728	1114.95	86.8047	2.0349e-08	20.4896	26.3138	1.64023	1.61661	615	0	0.0914536	0	20	20
0.0085415	0.000736743	1116.03	85.6817	1.75146e-08	19.7849	25.6641	1.63455	1.61661	615	0	0.0939922	0	20	20
0.00855129	0.000736938	1117.38	84.5667	1.50749e-08	19.1044	25.0304	1.62894	1.61661	615	0	0.0964453	0	20	20
0.00856096	0.000737307	1118.99	83.4596	1.29751e-08	18.4473	24.4124	1.62343	1.61661	615	0	0.0988232	0	20	20
0.00857047	0.000737844	1120.85	82.3607	1.11678e-08	17.8128	23.8097	1.61803	1.61661	615	0	0.101135	0	20	20
0.00857981	0.000738544	1122.95	81.2701	9.61219e-09	17.2002	23.2218	1.61275	1.61661	615	0	0.103389	0	20	20
0.00858895	0.0007394	1125.27	80.1878	8.27329e-09	16.6086	22.6485	1.60761	1.61661	615	0	0.105592	0	20	20
0.00859787	0.000740406	1127.8	79.1139	7.12089e-09	16.0373	22.0893	1.60261	1.61661	615	0	0.10775	0	20	20
0.00860654	0.000741556	1130.53	78.0486	6.129e-09	15.4857	21.5439	1.59777	1.61661	615	0	0.109868	0	20	20
0.00861496	0.000742841	1133.44	76.992	5.27528e-09	14.9531	21.012	1.59309	1.61661	615	0	0.11195	0	20	20
0.00862312	0.000744257	1136.54	75.944	4.54048e-09	14.4388	20.4932	1.58857	1.61661	615	0	0.114	0	20	20
0.00863099	0.000745795	1139.8	74.9049	3.90803e-09	13.9422	19.9872	1.58423	1.61661	615	0	0.11602	0	20	20
0.00863858	0.00074745	1143.21	73.8746	3.36367e-09	13.4626	19.4937	1.58006	1.61661	615	0	0.118013	0	20	20
0.00864589	0.000749213	1146.76	72.8532	2.89514e-09	12.9996	19.0124	1.57605	1.61661	615	0	0.11998	0	20	20
0.00865291	0.000751079	1150.45	71.8409	2.49187e-09	12.5525	18.543	1.57222	1.61661	615	0	0.121923	0	20	20
0.00865965	0.000753041	1154.25	70.8377	2.14477e-09	12.1208	18.0852	1.56856	1.61661	615	0	0.123843	0	20	20
0.0086661	0.000755091	1158.17	69.8436	1.84602e-09	11.7039	17.6386	1.56506	1.61661	615	0	0.125741	0	20	20
0.00867227	0.000757223	1162.19	68.8587	1.58888e-09	11.3013	17.2031	1.56172	1.61661	615	0	0.127616	0	20	20
0.00867817	0.000759432	1166.3	67.883	1.36757e-09	10.9126	16.7784	1.55853	1.61661	615	0	0.12947	0	20	20
0.0086838	0.000761711	1170.5	66.9166	1.17707e-09	10.5373	16.3641	1.5555	1.61661	615	0	0.131302	0	20	20
0.00868917	0.000764054	1174.77	65.9595	1.01312e-09	10.1749	15.9601	1.55262	1.61661	615	0	0.133111	0	20	20
0.0086943	0.000766455	1179.11	65.0118	8.71998e-10	9.82489	15.5661	1.54987	1.61661	615	0	0.134899	0	20	20
0.00869918	0.000768909	1183.5	64.0735	7.50536e-10	9.48697	15.1817	1.54727	1.61661	615	0	0.136665	0	20	20
0.00870383	0.000771411	1187.95	63.1446	6.45992e-10	9.16067	14.8069	1.54479	1.61661	615	0	0.138408	0	20	20
0.00870826	0.000773956	1192.45	62.2251	5.56011e-10	8.84559	14.4413	1.54243	1.61661	615	0	0.140128	0	20	20
0.00871248	0.000776538	1196.98	61.3151	4.78563e-10	8.54135	14.0847	1.54019	1.61661	615	0	0.141824	0	20	20
0.00871649	0.000779154	1201.55	60.4146	4.11903e-10	8.24757	13.737	1.53807	1.61661	615	0	0.143496	0	20	20
0.00872031	0.000781799	1206.14	59.5236	3.54528e-10	7.9639	13.3978	1.53605	1.61661	615	0	0.145145	0	20	20
0.00872395	0.000784469	1210.76	58.6421	3.05145e-10	7.68999	13.067	1.53413	1.61661	615	0	0.146768	0	20	20
0.00872741	0.000787161	1215.39	57.7701	2.62641e-10	7.42549	12.7444	1.5323	1.61661	615	0	0.148367	0	20	20
0.0087307	0.00078987	1220.04	56.9077	2.26057e-10	7.1701	12.4297	1.53057	1.61661	615	0	0.14994	0	20	20
0.00873384	0.000792594	1224.69	56.0547	1.94569e-10	6.92348	12.1229	1.52892	1.61661	615	0	0.151488	0	20	20
0.00873683	0.000795328	1229.35	55.2113	1.67467e-10	6.68535	11.8235	1.52735	1.61661	615	0	0.153009	0	20	20
0.00873969	0.000798071	1234.01	54.3773	1.4414e-10	6.45541	11.5316	1.52585	1.61661	615	0	0.154505	0	20	20
0.00874241	0.000800819	1238.66	53.5529	1.24063e-10	6.23338	11.2469	1.52443	1.61661	615	0	0.155974	0	20	20
0.00874501	0.00080357	1243.3	52.7379	1.06782e-10	6.01899	10.9692	1.52307	1.61661	615	0	0.157416	0	20	20
0.00874749	0.000806321	1247.94	51.9324	9.1908e-11	5.81197	10.6984	1.52177	1.61661	615	0	0.158832	0	20	20
0.00874986	0.00080907	1252.56	51.1364	7.91059e-11	5.61207	10.4342	1.52054	1.61661	615	0	0.160221	0	20	20
0.00875213	0.000811815	1257.17	50.3497	6.80871e-11	5.41904	10.1766	1.51936	1.61661	615	0	0.161583	0	20	20
0.0087543	0.000814553	1261.75	49.5724	5.86031e-11	5.23266	9.92535	1.51823	1.61661	615	0	0.162918	0	20	20
0.00875638	0.000817284	1266.32	48.8046	5.04402e-11	5.05268	9.68029	1.51714	1.61661	615	0	0.164226	0	20	20
0.00875838	0.000820005	1270.86	48.046	4.34142e-11	4.8789	9.44129	1.51611	1.61661	615	0	0.165508	0	20	20
0.00876029	0.000822715	1275.38	47.2967	3.7367e-11	4.71109	9.20818	1.51511	1.61661	615	0	0.166763	0	20	20
0.00876213	0.000825413	1279.88	46.5567	3.21621e-11	4.54905	8.98083	1.51415	1.61661	615	0	0.167992	0	20	20
0.00876391	0.000828096	1284.34	45.8259	2.76821e-11	4.39259	8.75909	1.51324	1.61661	615	0	0.169194	0	20	20
0.00876562	0.000830764	1288.78	45.1043	2.38262e-11	4.24151	8.54283	1.51235	1.61661	615	0	0.170371	0	20	20
0.00876726	0.000833416	1293.18	44.3919	2.05074e-11	4.09562	8.33191	1.5115	1.61661	615	0	0.171521	0	20	20
0.00876885	0.000836051	1297.56	43.6885	1.76509e-11	3.95476	8.12619	1.51068	1.61661	615	0	0.172646	0	20	20
0.00877039	0.000838667	1301.9	42.9942	1.51923e-11	3.81873	7.92555	1.50988	1.61661	615	0	0.173746	0	20	20
0.00877188	0.000841264	1306.2	42.3088	1.30761e-11	3.68739	7.72987	1.50911	1.61661	615	0	0.17482	0	20	20
0.00877332	0.000843842	1310.47	41.6324	1.12547e-11	3.56056	7.53902	1.50837	1.61661	615	0	0.17587	0	20	20
0.00877472	0.000846398	1314.71	40.9649	9.68703e-12	3.4381	7.35288	1.50765	1.61661	615	0	0.176896	0	20	20
0.00877609	0.000848934	1318.91	40.3063	8.3377e-12	3.31985	7.17134	1.50695	1.61661	615	0	0.177898	0	20	20
0.00877741	0.000851448	1323.07	39.6564	7.17633e-12	3.20566	6.99428	1.50626	1.61661	615	0	0.178877	0	20	20
0.0087787	0.000853939	1327.2	39.0152	6.17672e-12	3.09541	6.82159	1.5056	1.61661	615	0	0.179832	0	20	20
0.00877996	0.000856408	1331.28	38.3827	5.31635e-12	2.98894	6.65316	1.50495	1.61661	615	0	0.180765	0	20	20
0.00878119	0.000858854	1335.33	37.7588	4.57583e-12	2.88614	6.4889	1.50432	1.61661	615	0	0.181675	0	20	20
0.00878239	0.000861276	1339.34	37.1434	3.93845e-12	2.78687	6.32868	1.5037	1.61661	615	0	0.182564	0	20	20
0.00878356	0.000863675	1343.31	36.5365	3.38986e-12	2.69102	6.17243	1.5031	1.61661	615	0	0.183431	0	20	20
0.00878472	0.000866049	1347.24	35.938	2.91768e-12	2.59846	6.02003	1.50251	1.61661	615	0	0.184277	0	20	20
0.00878585	0.0008684	1351.14	35.3478	2.51127e-12	2.50909	5.8714	1.50193	1.61661	615	0	0.185103	0	20	20
0.00878696	0.000870726	1354.99	34.7659	2.16147e-12	2.42279	5.72643	1.50136	1.61661	615	0	0.185909	0	20	20
0.00878805	0.000873028	1358.8	34.1922	1.86039e-12	2.33946	5.58504	1.5008	1.61661	615	0	0.186695	0	20	20
0.00878913	0.000875305	1362.58	33.6266	1.60125e-12	2.25899	5.44715	1.50025	1.61661	615	0	0.187462	0	20	20
0.00879019	0.000877558	1366.31	33.0691	1.37821e-12	2.1813	5.31266	1.4997	1.61661	615	0	0.18821	0	20	20
0.00879124	0.000879786	1370.01	32.5195	1.18624e-12	2.10627	5.18149	1.49917	1.61661	615	0	0.188941	0	20	20
0.00879227	0.00088199	1373.67	31.9779	1.02101e-12	2.03383	5.05356	1.49864	1.61661	615	0	0.189653	0	20	20
0.00879329	0.000884169	1377.28	31.4441	8.78787e-13	1.96387	4.92878	1.49812	1.61661	615	0	0.190348	0	20	20
0.00879431	0.000886323	1380.86	30.9181	7.56379e-13	1.89633	4.80709	1.4976	1.61661	615	0	0.191026	0	20	20
0.00879531	0.000888454	1384.4	30.3997	6.51022e-13	1.8311	4.6884	1.49709	1.61661	615	0	0.191688	0	20	20
0.0087963	0.000890559	1387.91	29.889	5.60339e-13	1.76812	4.57265	1.49658	1.61661	615	0	0.192333	0	20	20
0.00879728	0.000892641	1391.37	29.3858	4.82289e-13	1.70731	4.45975	1.49608	1.61661	615	0	0.192963	0	20	20
0.00879826	0.000894698	1394.8	28.8901	4.1511e-13	1.64859	4.34964	1.49558	1.61661	615	0	0.193578	0	20	20
0.00879923	0.000896732	1398.19	28.4018	3.57288e-13	1.59189	4.24224	1.49508	1.61661	615	0	0.194178	0	20	20
0.0088002	0.000898742	1401.54	27.9208	3.07521e-13	1.53713	4.1375	1.49459	1.61661	615	0	0.194764	0	20	20
0.00880116	0.000900728	1404.85	27.447	2.64686e-13	1.48426	4.03535	1.4941	1.61661	615	0	0.195336	0	20	20
0.00880211	0.00090269	1408.13	26.9803	2.27817e-13	1.43321	3.93571	1.49362	1.61661	615	0	0.195894	0	20	20
0.00880306	0.00090463	1411.37	26.5208	1.96084e-13	1.38392	3.83854	1.49313	1.61661	615	0	0.19644	0	20	20
0.00880401	0.000906546	1414.58	26.0682	1.68771e-13	1.33632	3.74377	1.49265	1.61661	615	0	0.196972	0	20	20
0.00880495	0.000908439	1417.75	25.6225	1.45263e-13	1.29036	3.65133	1.49217	1.61661	615	0	0.197492	0	20	20
0.00880589	0.00091031	1420.88	25.1837	1.25029e-13	1.24598	3.56118	1.4917	1.61661	615	0	0.198	0	20	20
0.00880683	0.000912159	1423.98	24.7517	1.07613e-13	1.20312	3.47326	1.49122	1.61661	615	0	0.198497	0	20	20
0.00880777	0.000913985	1427.05	24.3263	9.26235e-14	1.16174	3.3875	1.49074	1.61661	615	0	0.198982	0	20	20
0.0088087	0.00091579	1430.08	23.9076	7.97218e-14	1.12178	3.30386	1.49027	1.61661	615	0	0.199456	0	20	20
0.00880964	0.000917572	1433.08	23.4953	6.86172e-14	1.0832	3.22229	1.48979	1.61661	615	0	0.199919	0	20	20
0.00881057	0.000919334	1436.04	23.0895	5.90593e-14	1.04594	3.14273	1.48932	1.61661	615	0	0.200372	0	20	20
0.0088115	0.000921074	1438.98	22.6901	5.08329e-14	1.00997	3.06514	1.48885	1.61661	615	0	0.200815	0	20	20
0.00881243	0.000922794	1441.88	22.297	4.37522e-14	0.975231	2.98946	1.48838	1.61661	615	0	0.201249	0	20	20
0.00881336	0.000924492	1444.74	21.9101	3.76579e-14	0.941688	2.91565	1.4879	1.61661	615	0	0.201673	0	20	20
0.00881429	0.000926171	1447.58	21.5293	3.24125e-14	0.909299	2.84366	1.48743	1.61661	615	0	0.202088	0	20	20
0.00881523	0.000927829	1450.39	21.1546	2.78977e-14	0.878024	2.77345	1.48696	1.61661	615	0	0.202494	0	20	20
0.00881616	0.000929468	1453.16	20.7859	2.40117e-14	0.847825	2.70497	1.48649	1.61661	615	0	0.202892	0	20	20
0.00881709	0.000931087	1455.91	20.423	2.06671e-14	0.818665	2.63819	1.48602	1.61661	615	0	0.203281	0	20	20
0.00881802	0.000932687	1458.63	20.066	1.77883e-14	0.790507	2.57305	1.48555	1.61661	615	0	0.203663	0	20	20
0.00881896	0.000934268	1461.31	19.7148	1.53106e-14	0.763318	2.50952	1.48508	1.61661	615	0	0.204036	0	20	20
0.00881989	0.00093583	1463.97	19.3692	1.31779e-14	0.737064	2.44756	1.4846	1.61661	615	0	0.204403	0	20	20
0.00882082	0.000937374	1466.6	19.0292	1.13423e-14	0.711713	2.38713	1.48413	1.61661	615	0	0.204762	0	20	20
0.00882176	0.0009389	1469.2	18.6948	9.76244e-15	0.687234	2.32819	1.48366	1.61661	615	0	0.205113	0	20	20
0.0088227	0.000940407	1471.78	18.3658	8.40261e-15	0.663597	2.27071	1.48319	1.61661	615	0	0.205459	0	20	20
0.00882364	0.000941898	1474.32	18.0422	7.2322e-15	0.640772	2.21465	1.48271	1.61661	615	0	0.205797	0	20	20
0.00882458	0.00094337	1476.84	17.7239	6.22481e-15	0.618733	2.15997	1.48224	1.61661	615	0	0.20613	0	20	20
0.00882552	0.000944826	1479.34	17.4108	5.35774e-15	0.597452	2.10664	1.48176	1.61661	615	0	0.206456	0	20	20
0.00882646	0.000946265	1481.81	17.1029	4.61145e-15	0.576903	2.05462	1.48129	1.61661	615	0	0.206776	0	20	20
0.00882741	0.000947688	1484.25	16.8001	3.96911e-15	0.557061	2.00389	1.48081	1.61661	615	0	0.20709	0	20	20
0.00882835	0.000949094	1486.67	16.5023	3.41625e-15	0.537901	1.95442	1.48034	1.61661	615	0	0.207399	0	20	20
0.0088293	0.000950484	1489.06	16.2094	2.94039e-15	0.5194	1.90616	1.47986	1.61661	615	0	0.207703	0	20	20
0.00883025	0.000951859	1491.43	15.9214	2.53082e-15	0.501535	1.8591	1.47938	1.61661	615	0	0.208001	0	20	20
0.0088312	0.000953218	1493.78	15.6382	2.1783e-15	0.484285	1.8132	1.47891	1.61661	615	0	0.208295	0	20	20
0.00883216	0.000954561	1496.1	15.3597	1.87488e-15	0.467629	1.76843	1.47843	1.61661	615	0	0.208583	0	20	20
0.00883311	0.00095589	1498.4	15.0859	1.61372e-15	0.451545	1.72477	1.47795	1.61661	615	0	0.208867	0	20	20
0.00883407	0.000957204	1500.68	14.8168	1.38894e-15	0.436014	1.68218	1.47747	1.61661	615	0	0.209146	0	20	20
0.00883502	0.000958504	1502.93	14.5521	1.19547e-15	0.421017	1.64065	1.47699	1.61661	615	0	0.209421	0	20	20
0.00883598	0.000959789	1505.16	14.2919	1.02895e-15	0.406537	1.60014	1.47651	1.61661	615	0	0.209692	0	20	20
0.00883694	0.000961061	1507.38	14.0361	8.85629e-16	0.392554	1.56063	1.47603	1.61661	615	0	0.209958	0	20	20
0.00883791	0.000962318	1509.57	13.7847	7.62268e-16	0.379052	1.5221	1.47554	1.61661	615	0	0.210221	0	20	20
0.00883887	0.000963563	1511.74	13.5375	6.5609e-16	0.366015	1.48452	1.47506	1.61661	615	0	0.21048	0	20	20
0.00883984	0.000964793	1513.89	13.2945	5.64702e-16	0.353426	1.44787	1.47458	1.61661	615	0	0.210735	0	20	20
0.0088408	0.000966011	1516.02	13.0556	4.86043e-16	0.34127	1.41212	1.47409	1.61661	615	0	0.210987	0	20	20
0.00884177	0.000967216	1518.13	12.8209	4.18342e-16	0.329532	1.37725	1.47361	1.61661	615	0	0.211235	0	20	20
0.00884274	0.000968409	1520.22	12.5901	3.6007e-16	0.318198	1.34325	1.47312	1.61661	615	0	0.211479	0	20	20
0.00884372	0.000969589	1522.29	12.3633	3.09915e-16	0.307254	1.31009	1.47264	1.61661	615	0	0.211721	0	20	20
0.00884469	0.000970757	1524.34	12.1404	2.66746e-16	0.296686	1.27774	1.47215	1.61661	615	0	0.211959	0	20	20
0.00884566	0.000971913	1526.38	11.9214	2.29591e-16	0.286482	1.24619	1.47166	1.61661	615	0	0.212195	0	20	20
0.00884664	0.000973058	1528.39	11.7061	1.97611e-16	0.276628	1.21542	1.47118	1.61661	615	0	0.212427	0	20	20
0.00884762	0.000974191	1530.39	11.4945	1.70085e-16	0.267114	1.18541	1.47069	1.61661	615	0	0.212657	0	20	20
0.0088486	0.000975312	1532.38	11.2866	1.46393e-16	0.257926	1.15615	1.4702	1.61661	615	0	0.212884	0	20	20
0.00884958	0.000976423	1534.34	11.0823	1.26002e-16	0.249055	1.1276	1.46971	1.61661	615	0	0.213108	0	20	20
0.00885056	0.000977522	1536.29	10.8815	1.08451e-16	0.240489	1.09976	1.46922	1.61661	615	0	0.21333	0	20	20
0.00885155	0.000978611	1538.22	10.6842	9.33446e-17	0.232217	1.07261	1.46873	1.61661	615	0	0.21355	0	20	20
0.00885253	0.00097969	1540.14	10.4904	8.03424e-17	0.22423	1.04612	1.46824	1.61661	615	0	0.213767	0	20	20
0.00885352	0.000980758	1542.04	10.2999	6.91514e-17	0.216518	1.0203	1.46775	1.61661	615	0	0.213981	0	20	20
0.00885451	0.000981816	1543.92	10.1128	5.95191e-17	0.209071	0.995104	1.46726	1.61661	615	0	0.214194	0	20	20
0.00885549	0.000982864	1545.79	9.92889	5.12286e-17	0.20188	0.970535	1.46677	1.61661	615	0	0.214404	0	20	20
0.00885648	0.000983903	1547.65	9.74823	4.40929e-17	0.194937	0.946573	1.46628	1.61661	615	0	0.214613	0	20	20
0.00885748	0.000984931	1549.49	9.57075	3.79511e-17	0.188232	0.923202	1.46578	1.61661	615	0	0.214819	0	20	20
0.00885847	0.000985951	1551.31	9.39638	3.26648e-17	0.181758	0.900408	1.46529	1.61661	615	0	0.215023	0	20	20
0.00885946	0.000986961	1553.12	9.22507	2.81149e-17	0.175506	0.878177	1.4648	1.61661	615	0	0.215226	0	20	20
0.00886046	0.000987962	1554.92	9.05678	2.41987e-17	0.16947	0.856494	1.46431	1.61661	615	0	0.215427	0	20	20
0.00886145	0.000988954	1556.71	8.89146	2.0828e-17	0.163641	0.835347	1.46381	1.61661	615	0	0.215626	0	20	20
0.00886245	0.000989938	1558.48	8.72906	1.79268e-17	0.158013	0.814723	1.46332	1.61661	615	0	0.215823	0	20	20
0.00886344	0.000990913	1560.23	8.56952	1.54298e-17	0.152578	0.794607	1.46283	1.61661	615	0	0.216019	0	20	20
0.00886444	0.000991879	1561.98	8.41281	1.32805e-17	0.14733	0.774988	1.46233	1.61661	615	0	0.216213	0	20	20
0.00886544	0.000992838	1563.71	8.25887	1.14306e-17	0.142263	0.755854	1.46184	1.61661	615	0	0.216406	0	20	20
0.00886644	0.000993788	1565.43	8.10767	9.83845e-18	0.137369	0.737191	1.46134	1.61661	615	0	0.216597	0	20	20
0.00886744	0.00099473	1567.14	7.95914	8.46803e-18	0.132645	0.71899	1.46085	1.61661	615	0	0.216787	0	20	20
0.00886844	0.000995664	1568.83	7.81326	7.2885e-18	0.128082	0.701238	1.46035	1.61661	615	0	0.216975	0	20	20
0.00886944	0.000996591	1570.52	7.66998	6.27327e-18	0.123677	0.683925	1.45986	1.61661	615	0	0.217162	0	20	20
0.00887045	0.000997511	1572.19	7.52925	5.39946e-18	0.119423	0.667038	1.45936	1.61661	615	0	0.217348	0	20	20
0.00887145	0.000998422	1573.85	7.39103	4.64735e-18	0.115316	0.650569	1.45887	1.61661	615	0	0.217532	0	20	20
0.00887245	0.000999327	1575.5	7.25527	4.00001e-18	0.11135	0.634507	1.45838	1.61661	615	0	0.217716	0	20	20
0.00887346	0.00100022	1577.14	7.12195	3.44284e-18	0.10752	0.618841	1.45788	1.61661	615	0	0.217898	0	20	20
0.00887446	0.00100112	1578.77	6.99101	2.96328e-18	0.103822	0.603561	1.45739	1.61661	615	0	0.218079	0	20	20
0.00887546	0.001002	1580.38	6.86241	2.55052e-18	0.100251	0.588659	1.45689	1.61661	615	0	0.218259	0	20	20
0.00887647	0.00100288	1581.99	6.73612	2.19525e-18	0.0968027	0.574125	1.4564	1.61661	615	0	0.218438	0	20	20
0.00887748	0.00100375	1583.59	6.61209	1.88947e-18	0.0934732	0.55995	1.4559	1.61661	615	0	0.218616	0	20	20
0.00887848	0.00100461	1585.18	6.4903	1.62628e-18	0.0902582	0.546125	1.45541	1.61661	615	0	0.218793	0	20	20
0.00887949	0.00100547	1586.75	6.37069	1.39976e-18	0.0871538	0.532641	1.45491	1.61661	615	0	0.218969	0	20	20
0.0088805	0.00100632	1588.32	6.25324	1.20478e-18	0.0841562	0.51949	1.45442	1.61661	615	0	0.219144	0	20	20
0.0088815	0.00100716	1589.88	6.1379	1.03696e-18	0.0812617	0.506664	1.45392	1.61661	615	0	0.219319	0	20	20
0.00888251	0.001008	1591.43	6.02464	8.92524e-19	0.0784667	0.494154	1.45343	1.61661	615	0	0.219492	0	20	20
0.00888352	0.00100884	1592.97	5.91342	7.68203e-19	0.0757679	0.481953	1.45293	1.61661	615	0	0.219665	0	20	20
0.00888452	0.00100966	1594.5	5.80421	6.61198e-19	0.0731619	0.470054	1.45244	1.61661	615	0	0.219836	0	20	20
0.00888553	0.00101049	1596.02	5.69698	5.69098e-19	0.0706455	0.458448	1.45194	1.61661	615	0	0.220007	0	20	20
0.00888654	0.0010113	1597.54	5.59168	4.89828e-19	0.0682157	0.447129	1.45145	1.61661	615	0	0.220178	0	20	20
0.00888755	0.00101211	1599.04	5.4883	4.21598e-19	0.0658694	0.43609	1.45096	1.61661	615	0	0.220347	0	20	20
0.00888856	0.00101292	1600.54	5.38678	3.62873e-19	0.0636039	0.425322	1.45046	1.61661	615	0	0.220516	0	20	20
0.00888956	0.00101372	1602.03	5.28711	3.12328e-19	0.0614162	0.414821	1.44997	1.61661	615	0	0.220684	0	20	20
0.00889057	0.00101451	1603.51	5.18924	2.68823e-19	0.0593039	0.404579	1.44948	1.61661	615	0	0.220852	0	20	20
0.00889158	0.0010153	1604.98	5.09315	2.31378e-19	0.0572641	0.39459	1.44898	1.61661	615	0	0.221019	0	20	20
0.00889259	0.00101609	1606.44	4.99881	1.99149e-19	0.0552946	0.384848	1.44849	1.61661	615	0	0.221185	0	20	20
0.00889359	0.00101687	1607.9	4.90618	1.71409e-19	0.0533927	0.375346	1.448	1.61661	615	0	0.221351	0	20	20
0.0088946	0.00101764	1609.35	4.81524	1.47533e-19	0.0515563	0.366078	1.44751	1.61661	615	0	0.221516	0	20	20
0.00889561	0.00101841	1610.79	4.72595	1.26983e-19	0.049783	0.35704	1.44702	1.61661	615	0	0.221681	0	20	20
0.00889661	0.00101918	1612.23	4.63829	1.09295e-19	0.0480708	0.348225	1.44652	1.61661	615	0	0.221845	0	20	20
