0.00890634	
0.00696088	
0.00545149	
0.00470824	
0.00424663	
0.00390216	
0.00360483	
0.00333269	
0.00310609	
0.0029643	
0.00292572	
0.00302407	
0.0032413	
0.00354479	
0.00392001	
0.00436508	
0.00488653	
0.00549674	
0.00621255	
0.00705424	
0.00804418	
0.00920432	
0.0105512	
0.012087	
0.0137865	
0.0155939	
0.0174738	
0.0193956	
0.0213211	
0.023204	
0.0249891	
0.0266124	
0.0280041	
0.0290943	
0.0296277	
0.0291841	
0.0278529	
0.025881	
0.0235879	
0.0213941	
0.0204551	
0.0197209	
0.0192375	
0.0189938	
0.0189545	
0.0190783	
0.0193258	
0.0196614	
0.0200546	
0.0204802	
0.0209176	
0.0213513	
0.0217699	
0.0221662	
0.0225359	
0.0228775	
0.0231913	
0.0234789	
0.0237432	
0.0240037	
0.0242727	
0.0245519	
0.0248423	
0.0251447	
0.0254593	
0.0257862	
0.026125	
0.0264752	
0.0268362	
0.0272071	
0.0275871	
0.0279749	
0.0283696	
