0.00866132	0.000693393	1101	184.5	76.5	0	0	1.56764	1.61661	615	0	0.149314	0	20	20
0.00874483	0.000706594	1131.67	184.391	76.4694	21.1339	7.12203	1.52316	1.61661	615	0	-0.132723	0	20	20
0.00887276	0.000734328	1191.56	184.281	76.4339	61.9749	21.0235	1.45823	1.61661	615	0	-0.645096	0	20	20
0.00896083	0.000762638	1248.61	184.168	76.3927	101.462	34.599	1.41565	1.61661	615	0	-1.08569	0	20	20
0.00901938	0.000791233	1303.18	184.054	76.3448	139.638	47.8554	1.38826	1.61661	615	0	-1.46797	0	20	20
0.00905602	0.000819645	1355.12	183.937	76.2893	176.547	60.7998	1.37147	1.61661	615	0	-1.80097	0	20	20
0.00907681	0.000847568	1404.46	183.818	76.2249	212.232	73.4399	1.36207	1.61661	615	0	-2.09228	0	20	20
0.00908624	0.000874846	1451.38	183.698	76.1502	246.735	85.7838	1.35784	1.61661	615	0	-2.34867	0	20	20
0.00908751	0.000901428	1496.1	183.575	76.0636	280.104	97.8402	1.35727	1.61661	615	0	-2.57593	0	20	20
0.00908289	0.00092733	1538.88	183.45	75.9633	312.382	109.619	1.35934	1.61661	615	0	-2.77886	0	20	20
0.00907394	0.000952595	1579.96	183.323	75.847	343.618	121.129	1.36337	1.61661	615	0	-2.96136	0	20	20
0.00906176	0.000977278	1619.55	183.193	75.7124	373.859	132.382	1.36887	1.61661	615	0	-3.12656	0	20	20
0.00904714	0.00100143	1657.84	183.061	75.5566	403.158	143.391	1.37552	1.61661	615	0	-3.27696	0	20	20
0.00903062	0.00102511	1694.96	182.927	75.3764	431.567	154.167	1.38308	1.61661	615	0	-3.41462	0	20	20
0.00901261	0.00104836	1731.04	182.791	75.1681	459.141	164.726	1.39139	1.61661	615	0	-3.54121	0	20	20
0.00899339	0.00107121	1766.18	182.652	74.9275	485.94	175.082	1.40033	1.61661	615	0	-3.65811	0	20	20
0.00897317	0.00109372	1800.48	182.511	74.6499	512.025	185.254	1.40982	1.61661	615	0	-3.76651	0	20	20
0.0089521	0.00111592	1834.01	182.368	74.33	537.462	195.258	1.4198	1.61661	615	0	-3.86744	0	20	20
0.00893027	0.00113785	1866.85	182.222	73.9617	562.319	205.115	1.43023	1.61661	615	0	-3.9618	0	20	20
0.00890776	0.00115956	1899.09	182.073	73.5383	586.669	214.847	1.4411	1.61661	615	0	-4.05036	0	20	20
0.0088846	0.0011811	1930.82	181.922	73.0526	610.587	224.476	1.4524	1.61661	615	0	-4.13385	0	20	20
0.0088608	0.00120253	1962.11	181.768	72.4961	634.153	234.026	1.46413	1.61661	615	0	-4.2129	0	20	20
0.00883636	0.0012239	1993.05	181.612	71.8602	657.447	243.523	1.47632	1.61661	615	0	-4.28809	0	20	20
0.00881125	0.00124529	2023.75	181.453	71.1353	680.552	252.992	1.48898	1.61661	615	0	-4.35995	0	20	20
0.00878543	0.00126674	2054.28	181.291	70.3111	703.548	262.46	1.50214	1.61661	615	0	-4.42893	0	20	20
0.00875888	0.00128833	2084.74	181.127	69.3773	726.515	271.952	1.51585	1.61661	615	0	-4.49546	0	20	20
0.00873153	0.00131013	2115.21	180.959	68.323	749.526	281.492	1.53013	1.61661	615	0	-4.55988	0	20	20
0.00870336	0.00133217	2145.75	180.789	67.1377	772.646	291.102	1.54504	1.61661	615	0	-4.6225	0	20	20
0.00867432	0.00135451	2176.43	180.616	65.8111	795.927	300.798	1.56061	1.61661	615	0	-4.68355	0	20	20
0.0086444	0.00137718	2207.28	180.44	64.3342	819.403	310.592	1.57687	1.61661	615	0	-4.74318	0	20	20
0.00861361	0.00140019	2238.3	180.261	62.6995	843.086	320.487	1.59384	1.61661	615	0	-4.8015	0	20	20
0.00858196	0.00142353	2269.46	180.079	60.9015	866.96	330.479	1.61154	1.61661	615	0	-4.85852	0	20	20
0.00854954	0.00144714	2300.7	179.894	58.9379	890.976	340.55	1.62994	1.61661	615	0	-4.91415	0	20	20
0.00851646	0.00147096	2331.9	179.706	56.8097	915.048	350.672	1.64901	1.61661	615	0	-4.96826	0	20	20
0.00848286	0.00149487	2362.9	179.514	54.5225	939.052	360.801	1.66868	1.61661	615	0	-5.0206	0	20	20
0.00844895	0.0015187	2393.47	179.32	52.086	962.822	370.88	1.68885	1.61661	615	0	-5.07088	0	20	20
0.00841499	0.00154227	2423.37	179.122	49.5151	986.155	380.84	1.70939	1.61661	615	0	-5.11872	0	20	20
0.00838124	0.00156535	2452.29	178.921	46.8297	1008.82	390.598	1.73011	1.61661	615	0	-5.16373	0	20	20
0.00834805	0.00158768	2479.91	178.717	44.0538	1030.54	400.063	1.75083	1.61661	615	0	-5.20548	0	20	20
0.00831574	0.00160898	2505.88	178.509	41.2153	1051.06	409.14	1.77132	1.61661	615	0	-5.24354	0	20	20
0.00828466	0.00162899	2529.85	178.297	38.3448	1070.1	417.729	1.79134	1.61661	615	0	-5.2775	0	20	20
0.00825513	0.00164744	2551.51	178.083	35.4743	1087.4	425.738	1.81062	1.61661	615	0	-5.30698	0	20	20
0.00822746	0.00166407	2570.55	177.864	32.6358	1102.71	433.08	1.82895	1.61661	615	0	-5.33167	0	20	20
0.00820192	0.00167868	2586.75	177.643	29.8599	1115.85	439.681	1.84609	1.61661	615	0	-5.35135	0	20	20
0.00817871	0.00169109	2599.91	177.417	27.1745	1126.65	445.485	1.86185	1.61661	615	0	-5.36584	0	20	20
0.00815799	0.00170121	2609.93	177.188	24.6037	1135.04	450.451	1.87608	1.61661	615	0	-5.37507	0	20	20
0.00813984	0.00170895	2616.76	176.955	22.1672	1140.96	454.557	1.88866	1.61661	615	0	-5.37905	0	20	20
0.0081243	0.00171432	2620.42	176.718	19.8799	1144.43	457.8	1.89952	1.61661	615	0	-5.37785	0	20	20
0.00811133	0.00171735	2621	176.478	17.7517	1145.5	460.192	1.90864	1.61661	615	0	-5.37163	0	20	20
0.00810088	0.00171814	2618.62	176.233	15.7881	1144.28	461.762	1.91603	1.61661	615	0	-5.36057	0	20	20
0.00809237	0.00171687	2613.47	175.985	13.9901	1140.9	462.548	1.92209	1.61661	615	0	-5.34174	0	20	20
0.00808479	0.00171385	2605.76	175.733	12.3554	1135.53	462.599	1.9275	1.61661	615	0	-5.30965	0	20	20
0.00807806	0.00170923	2595.73	175.476	10.8785	1128.33	461.968	1.93232	1.61661	615	0	-5.26558	0	20	20
0.0080721	0.00170318	2583.6	175.216	9.55195	1119.49	460.713	1.93661	1.61661	615	0	-5.21085	0	20	20
0.00806682	0.00169583	2569.61	174.951	8.36659	1109.19	458.892	1.94041	1.61661	615	0	-5.14679	0	20	20
0.00806215	0.00168735	2554.01	174.683	7.31231	1097.62	456.562	1.94378	1.61661	615	0	-5.07468	0	20	20
0.00805801	0.00167788	2536.99	174.41	6.37848	1084.93	453.779	1.94678	1.61661	615	0	-4.99574	0	20	20
0.00805435	0.00166755	2518.77	174.132	5.55436	1071.3	450.596	1.94943	1.61661	615	0	-4.91113	0	20	20
0.00805109	0.00165649	2499.53	173.851	4.8294	1056.86	447.062	1.9518	1.61661	615	0	-4.82186	0	20	20
0.00804819	0.0016448	2479.43	173.565	4.19349	1041.76	443.22	1.95391	1.61661	615	0	-4.72889	0	20	20
0.00804559	0.0016326	2458.62	173.274	3.63707	1026.1	439.111	1.95581	1.61661	615	0	-4.63304	0	20	20
0.00804325	0.00161996	2437.24	172.979	3.15127	1010.01	434.772	1.95752	1.61661	615	0	-4.53503	0	20	20
0.00804113	0.00160697	2415.4	172.68	2.72794	993.563	430.233	1.95906	1.61661	615	0	-4.4355	0	20	20
0.00803921	0.00159369	2393.21	172.376	2.35965	976.851	425.525	1.96047	1.61661	615	0	-4.335	0	20	20
0.00803745	0.00158019	2370.74	172.067	2.03971	959.94	420.671	1.96176	1.61661	615	0	-4.23399	0	20	20
0.00803583	0.00156651	2348.09	171.753	1.76213	942.891	415.693	1.96295	1.61661	615	0	-4.13286	0	20	20
0.00803432	0.0015527	2325.3	171.435	1.52155	925.756	410.609	1.96405	1.61661	615	0	-4.03194	0	20	20
0.00803293	0.0015388	2302.43	171.112	1.31324	908.577	405.438	1.96507	1.61661	615	0	-3.93151	0	20	20
0.00803162	0.00152483	2279.54	170.784	1.13301	891.393	400.191	1.96603	1.61661	615	0	-3.8318	0	20	20
0.0080304	0.00151083	2256.65	170.451	0.977206	874.233	394.883	1.96693	1.61661	615	0	-3.73298	0	20	20
0.00802925	0.00149681	2233.81	170.114	0.842585	857.124	389.522	1.96777	1.61661	615	0	-3.63522	0	20	20
0.00802817	0.00148281	2211.04	169.771	0.726331	840.088	384.12	1.96857	1.61661	615	0	-3.53864	0	20	20
0.00802715	0.00146882	2188.36	169.423	0.625985	823.141	378.683	1.96932	1.61661	615	0	-3.44333	0	20	20
0.0080262	0.00145487	2165.8	169.07	0.539403	806.3	373.218	1.97002	1.61661	615	0	-3.34938	0	20	20
0.0080253	0.00144097	2143.36	168.712	0.464724	789.577	367.732	1.97068	1.61661	615	0	-3.25684	0	20	20
0.00802448	0.00142712	2121.08	168.348	0.400329	772.981	362.229	1.97129	1.61661	615	0	-3.16577	0	20	20
0.00802371	0.00141334	2098.94	167.98	0.344818	756.521	356.716	1.97185	1.61661	615	0	-3.07619	0	20	20
0.00802302	0.00139964	2076.98	167.606	0.296973	740.204	351.195	1.97236	1.61661	615	0	-2.98813	0	20	20
0.00802239	0.001386	2055.19	167.226	0.255745	724.036	345.671	1.97282	1.61661	615	0	-2.90161	0	20	20
0.00802185	0.00137246	2033.58	166.841	0.220224	708.02	340.146	1.97323	1.61661	615	0	-2.81665	0	20	20
0.00802138	0.00135899	2012.17	166.451	0.189625	692.163	334.625	1.97357	1.61661	615	0	-2.73324	0	20	20
0.008021	0.00134562	1990.94	166.055	0.163268	676.465	329.11	1.97385	1.61661	615	0	-2.6514	0	20	20
0.00802072	0.00133235	1969.92	165.654	0.140567	660.931	323.603	1.97406	1.61661	615	0	-2.57112	0	20	20
0.00802054	0.00131917	1949.11	165.247	0.121018	645.563	318.107	1.97419	1.61661	615	0	-2.4924	0	20	20
0.00802046	0.00130609	1928.51	164.835	0.104184	630.363	312.626	1.97425	1.61661	615	0	-2.41524	0	20	20
0.0080205	0.00129311	1908.12	164.416	0.0896893	615.333	307.16	1.97422	1.61661	615	0	-2.33963	0	20	20
0.00802066	0.00128024	1887.96	163.992	0.0772089	600.476	301.712	1.9741	1.61661	615	0	-2.26557	0	20	20
0.00802095	0.00126748	1868.02	163.562	0.0664636	585.792	296.284	1.97389	1.61661	615	0	-2.19304	0	20	20
0.00802138	0.00125484	1848.3	163.127	0.0572127	571.284	290.879	1.97357	1.61661	615	0	-2.12204	0	20	20
0.00802196	0.0012423	1828.83	162.685	0.0492485	556.953	285.499	1.97314	1.61661	615	0	-2.05257	0	20	20
0.00802269	0.00122989	1809.59	162.238	0.0423924	542.802	280.145	1.9726	1.61661	615	0	-1.9846	0	20	20
0.00802359	0.00121759	1790.59	161.785	0.0364903	528.833	274.82	1.97194	1.61661	615	0	-1.91814	0	20	20
0.00802466	0.00120542	1771.84	161.325	0.0314096	515.046	269.526	1.97115	1.61661	615	0	-1.85318	0	20	20
0.00802591	0.00119337	1753.34	160.86	0.027036	501.445	264.265	1.97023	1.61661	615	0	-1.7897	0	20	20
0.00802735	0.00118145	1735.1	160.389	0.0232712	488.031	259.039	1.96917	1.61661	615	0	-1.7277	0	20	20
0.00802899	0.00116967	1717.12	159.911	0.0200306	474.806	253.849	1.96797	1.61661	615	0	-1.66716	0	20	20
0.00803083	0.00115802	1699.41	159.428	0.0172411	461.773	248.699	1.96661	1.61661	615	0	-1.60808	0	20	20
0.00803289	0.00114651	1681.97	158.938	0.01484	448.935	243.589	1.9651	1.61661	615	0	-1.55045	0	20	20
0.00803517	0.00113515	1664.8	158.442	0.0127733	436.293	238.523	1.96343	1.61661	615	0	-1.49426	0	20	20
0.00803768	0.00112393	1647.92	157.94	0.0109943	423.85	233.502	1.96159	1.61661	615	0	-1.4395	0	20	20
0.00804043	0.00111286	1631.32	157.431	0.00946308	411.609	228.529	1.95958	1.61661	615	0	-1.38616	0	20	20
0.00804342	0.00110195	1615.02	156.917	0.00814509	399.572	223.605	1.95739	1.61661	615	0	-1.33423	0	20	20
0.00804666	0.0010912	1599.01	156.396	0.00701065	387.742	218.732	1.95503	1.61661	615	0	-1.2837	0	20	20
0.00805015	0.0010806	1583.31	155.868	0.0060342	376.122	213.913	1.95249	1.61661	615	0	-1.23456	0	20	20
0.0080539	0.00107018	1567.91	155.335	0.00519374	364.715	209.149	1.94976	1.61661	615	0	-1.18679	0	20	20
0.00805792	0.00105993	1552.83	154.795	0.00447034	353.524	204.444	1.94684	1.61661	615	0	-1.14039	0	20	20
0.0080622	0.00104985	1538.07	154.249	0.00384768	342.551	199.798	1.94374	1.61661	615	0	-1.09535	0	20	20
0.00806675	0.00103995	1523.63	153.696	0.00331176	331.799	195.214	1.94046	1.61661	615	0	-1.05166	0	20	20
0.00807157	0.00103023	1509.52	153.137	0.00285047	321.272	190.694	1.93698	1.61661	615	0	-1.0093	0	20	20
0.00807666	0.00102071	1495.74	152.571	0.00245344	310.973	186.24	1.93332	1.61661	615	0	-0.968257	0	20	20
0.00808202	0.00101137	1482.3	151.999	0.0021117	300.904	181.854	1.92948	1.61661	615	0	-0.928527	0	20	20
0.00808764	0.00100224	1469.2	151.421	0.00181757	291.069	177.538	1.92546	1.61661	615	0	-0.890096	0	20	20
0.00809352	0.000993304	1456.45	150.836	0.0015644	281.47	173.295	1.92127	1.61661	615	0	-0.852949	0	20	20
0.00809965	0.000984576	1444.06	150.245	0.00134649	272.11	169.125	1.91691	1.61661	615	0	-0.817075	0	20	20
0.00810602	0.00097606	1432.02	149.647	0.00115894	262.993	165.031	1.91239	1.61661	615	0	-0.782461	0	20	20
0.00811262	0.000967759	1420.33	149.043	0.000997512	254.122	161.016	1.90773	1.61661	615	0	-0.749094	0	20	20
0.00811945	0.000959679	1409.02	148.432	0.000858568	245.498	157.08	1.90292	1.61661	615	0	-0.716961	0	20	20
0.00812648	0.000951823	1398.07	147.815	0.000738977	237.126	153.226	1.89799	1.61661	615	0	-0.686049	0	20	20
0.00813369	0.000944198	1387.49	147.192	0.000636045	229.007	149.455	1.89294	1.61661	615	0	-0.656345	0	20	20
0.00814107	0.000936807	1377.28	146.562	0.000547449	221.144	145.77	1.8878	1.61661	615	0	-0.627837	0	20	20
0.00814859	0.000929654	1367.46	145.926	0.000471194	213.541	142.172	1.88258	1.61661	615	0	-0.600511	0	20	20
0.00815623	0.000922742	1358	145.283	0.000405561	206.196	138.661	1.87729	1.61661	615	0	-0.574343	0	20	20
0.008164	0.000916066	1348.92	144.634	0.00034907	199.104	135.238	1.87194	1.61661	615	0	-0.549289	0	20	20
0.00817187	0.000909616	1340.18	143.979	0.000300448	192.256	131.899	1.86653	1.61661	615	0	-0.525295	0	20	20
0.00817987	0.000903386	1331.79	143.317	0.000258598	185.644	128.642	1.86106	1.61661	615	0	-0.502308	0	20	20
0.00818799	0.000897368	1323.73	142.649	0.000222577	179.259	125.466	1.85553	1.61661	615	0	-0.480281	0	20	20
0.00819622	0.000891554	1315.99	141.975	0.000191574	173.093	122.368	1.84995	1.61661	615	0	-0.459167	0	20	20
0.00820457	0.000885938	1308.56	141.295	0.000164889	167.14	119.347	1.8443	1.61661	615	0	-0.438923	0	20	20
0.00821305	0.000880512	1301.42	140.608	0.000141922	161.391	116.4	1.8386	1.61661	615	0	-0.419507	0	20	20
0.00822164	0.000875269	1294.58	139.915	0.000122153	155.84	113.526	1.83284	1.61661	615	0	-0.40088	0	20	20
0.00823035	0.000870204	1288	139.216	0.000105138	150.48	110.723	1.82703	1.61661	615	0	-0.383003	0	20	20
0.00823917	0.000865311	1281.7	138.511	9.04933e-05	145.304	107.99	1.82117	1.61661	615	0	-0.365842	0	20	20
0.00824811	0.000860582	1275.65	137.8	7.78883e-05	140.306	105.323	1.81525	1.61661	615	0	-0.349362	0	20	20
0.00825717	0.000856012	1269.86	137.083	6.70391e-05	135.481	102.723	1.80928	1.61661	615	0	-0.33353	0	20	20
0.00826633	0.000851597	1264.3	136.36	5.77011e-05	130.821	100.187	1.80327	1.61661	615	0	-0.318318	0	20	20
0.00827561	0.000847329	1258.97	135.631	4.96638e-05	126.321	97.7131	1.79721	1.61661	615	0	-0.303694	0	20	20
0.008285	0.000843204	1253.87	134.896	4.2746e-05	121.977	95.3005	1.79111	1.61661	615	0	-0.289632	0	20	20
0.00829449	0.000839217	1248.99	134.156	3.67919e-05	117.781	92.9475	1.78497	1.61661	615	0	-0.276105	0	20	20
0.00830409	0.000835363	1244.31	133.41	3.1667e-05	113.73	90.6526	1.77879	1.61661	615	0	-0.263088	0	20	20
0.00831379	0.000831638	1239.83	132.658	2.72561e-05	109.818	88.4144	1.77257	1.61661	615	0	-0.250558	0	20	20
0.00832359	0.000828036	1235.55	131.9	2.34595e-05	106.041	86.2315	1.76631	1.61661	615	0	-0.23849	0	20	20
0.00833349	0.000824553	1231.45	131.137	2.01918e-05	102.394	84.1024	1.76003	1.61661	615	0	-0.226865	0	20	20
0.00834348	0.000821185	1227.54	130.369	1.73792e-05	98.8723	82.0259	1.75372	1.61661	615	0	-0.215661	0	20	20
0.00835355	0.000817928	1223.79	129.596	1.49585e-05	95.4716	80.0007	1.74738	1.61661	615	0	-0.204859	0	20	20
0.00836372	0.000814778	1220.21	128.817	1.28749e-05	92.1879	78.0255	1.74101	1.61661	615	0	-0.194441	0	20	20
0.00837397	0.000811731	1216.8	128.033	1.10815e-05	89.0171	76.099	1.73463	1.61661	615	0	-0.184388	0	20	20
0.0083843	0.000808784	1213.54	127.243	9.53793e-06	85.9554	74.2201	1.72822	1.61661	615	0	-0.174684	0	20	20
0.0083947	0.000805932	1210.42	126.449	8.20938e-06	82.999	72.3876	1.72181	1.61661	615	0	-0.165312	0	20	20
0.00840518	0.000803173	1207.45	125.65	7.06588e-06	80.1443	70.6004	1.71538	1.61661	615	0	-0.156259	0	20	20
0.00841573	0.000800503	1204.62	124.847	6.08166e-06	77.3878	68.8572	1.70893	1.61661	615	0	-0.147509	0	20	20
0.00842634	0.00079792	1201.93	124.038	5.23453e-06	74.7261	67.1571	1.70249	1.61661	615	0	-0.139048	0	20	20
0.00843701	0.000795419	1199.36	123.225	4.5054e-06	72.1559	65.499	1.69603	1.61661	615	0	-0.130864	0	20	20
0.00844774	0.000792998	1196.91	122.407	3.87783e-06	69.6741	63.8818	1.68958	1.61661	615	0	-0.122944	0	20	20
0.00845852	0.000790655	1194.58	121.585	3.33768e-06	67.2777	62.3046	1.68313	1.61661	615	0	-0.115276	0	20	20
0.00846935	0.000788386	1192.37	120.759	2.87277e-06	64.9637	60.7663	1.67668	1.61661	615	0	-0.107849	0	20	20
0.00848022	0.000786189	1190.27	119.928	2.47262e-06	62.7293	59.266	1.67024	1.61661	615	0	-0.100652	0	20	20
0.00849113	0.000784062	1188.27	119.094	2.1282e-06	60.5718	57.8027	1.66381	1.61661	615	0	-0.0936758	0	20	20
0.00850208	0.000782002	1186.38	118.255	1.83176e-06	58.4884	56.3755	1.65739	1.61661	615	0	-0.08691	0	20	20
0.00851305	0.000780007	1184.58	117.413	1.57661e-06	56.4767	54.9836	1.65099	1.61661	615	0	-0.0803457	0	20	20
0.00852406	0.000778074	1182.87	116.567	1.357e-06	54.5342	53.6261	1.6446	1.61661	615	0	-0.0739742	0	20	20
0.00853508	0.000776202	1181.26	115.718	1.16798e-06	52.6586	52.302	1.63824	1.61661	615	0	-0.0677873	0	20	20
0.00854613	0.000774388	1179.74	114.865	1.00529e-06	50.8474	51.0107	1.6319	1.61661	615	0	-0.0617771	0	20	20
0.00855718	0.000772631	1178.29	114.009	8.65262e-07	49.0985	49.7512	1.62558	1.61661	615	0	-0.0559362	0	20	20
0.00856824	0.000770928	1176.93	113.149	7.44738e-07	47.4098	48.5229	1.61929	1.61661	615	0	-0.0502577	0	20	20
0.00857931	0.000769279	1175.65	112.287	6.41002e-07	45.7792	47.3248	1.61303	1.61661	615	0	-0.0447348	0	20	20
0.00859038	0.00076768	1174.43	111.421	5.51715e-07	44.2046	46.1564	1.60681	1.61661	615	0	-0.0393613	0	20	20
0.00860144	0.000766134	1173.3	110.553	4.74866e-07	42.6842	45.0168	1.60061	1.61661	615	0	-0.0341365	0	20	20
0.00861269	0.000764735	1172.42	109.682	4.08721e-07	41.2161	43.9053	1.59435	1.61661	615	0	-0.0291924	0	20	20
0.00862428	0.000763566	1171.94	108.809	3.51789e-07	39.7985	42.8213	1.58793	1.61661	615	0	-0.0246403	0	20	20
0.00863619	0.000762623	1171.84	107.933	3.02788e-07	38.4296	41.764	1.58137	1.61661	615	0	-0.0204537	0	20	20
0.00864839	0.000761897	1172.13	107.056	2.60612e-07	37.1079	40.7329	1.57469	1.61661	615	0	-0.0166079	0	20	20
0.00866086	0.000761383	1172.79	106.176	2.24311e-07	35.8316	39.7272	1.5679	1.61661	615	0	-0.0130793	0	20	20
0.00867357	0.000761074	1173.79	105.294	1.93066e-07	34.5991	38.7463	1.56101	1.61661	615	0	-0.00984598	0	20	20
0.00868649	0.000760964	1175.14	104.411	1.66173e-07	33.4091	37.7896	1.55406	1.61661	615	0	-0.00688699	0	20	20
0.0086996	0.000761048	1176.82	103.526	1.43027e-07	32.26	36.8566	1.54704	1.61661	615	0	-0.00418279	0	20	20
0.00871286	0.000761319	1178.82	102.639	1.23104e-07	31.1505	35.9466	1.53999	1.61661	615	0	-0.00171501	0	20	20
0.00872624	0.000761772	1181.13	101.751	1.05957e-07	30.0791	35.0591	1.53292	1.61661	615	0	0.000533584	0	20	20
0.00873972	0.0007624	1183.73	100.862	9.11979e-08	29.0445	34.1935	1.52583	1.61661	615	0	0.00257911	0	20	20
0.00875327	0.000763199	1186.61	99.9722	7.84948e-08	28.0455	33.3492	1.51876	1.61661	615	0	0.0044366	0	20	20
0.00876684	0.000764163	1189.77	99.0814	6.75611e-08	27.0809	32.5258	1.51172	1.61661	615	0	0.00612002	0	20	20
0.00878042	0.000765285	1193.18	98.1899	5.81504e-08	26.1495	31.7228	1.50472	1.61661	615	0	0.00764233	0	20	20
0.00879397	0.000766561	1196.84	97.2979	5.00505e-08	25.2501	30.9395	1.49777	1.61661	615	0	0.0090155	0	20	20
0.00880746	0.000767984	1200.74	96.4055	4.30789e-08	24.3816	30.1756	1.4909	1.61661	615	0	0.0102506	0	20	20
0.00882087	0.000769549	1204.87	95.5129	3.70783e-08	23.543	29.4306	1.48411	1.61661	615	0	0.0113576	0	20	20
0.00883417	0.00077125	1209.2	94.6203	3.19136e-08	22.7333	28.704	1.47742	1.61661	615	0	0.0123459	0	20	20
0.00884732	0.000773081	1213.74	93.7278	2.74683e-08	21.9514	27.9953	1.47084	1.61661	615	0	0.0132239	0	20	20
0.00886032	0.000775036	1218.46	92.8355	2.36422e-08	21.1963	27.3041	1.46438	1.61661	615	0	0.0139994	0	20	20
0.00887312	0.00077711	1223.36	91.9436	2.0349e-08	20.4673	26.6299	1.45804	1.61661	615	0	0.0146794	0	20	20
0.00888572	0.000779295	1228.43	91.0524	1.75146e-08	19.7633	25.9724	1.45185	1.61661	615	0	0.0152703	0	20	20
0.00889809	0.000781588	1233.65	90.1618	1.50749e-08	19.0836	25.3312	1.4458	1.61661	615	0	0.0157779	0	20	20
0.00891022	0.00078398	1239.01	89.2721	1.29751e-08	18.4272	24.7057	1.43991	1.61661	615	0	0.0162079	0	20	20
0.00892208	0.000786467	1244.5	88.3835	1.11678e-08	17.7934	24.0957	1.43417	1.61661	615	0	0.016565	0	20	20
0.00893367	0.000789043	1250.11	87.4961	9.61219e-09	17.1814	23.5008	1.4286	1.61661	615	0	0.0168542	0	20	20
0.00894498	0.000791701	1255.83	86.61	8.27329e-09	16.5905	22.9206	1.42319	1.61661	615	0	0.0170798	0	20	20
0.00895599	0.000794435	1261.65	85.7254	7.12089e-09	16.0199	22.3547	1.41795	1.61661	615	0	0.017246	0	20	20
0.00896516	0.000797369	1267.56	84.8425	6.129e-09	15.4689	21.8027	1.4136	1.61661	615	0	0.0190572	0	20	20
0.00897239	0.000800516	1273.57	83.9614	5.27528e-09	14.9368	21.2644	1.41019	1.61661	615	0	0.0226522	0	20	20
0.00897925	0.000803746	1279.68	83.0822	4.54048e-09	14.4231	20.7394	1.40695	1.61661	615	0	0.0262631	0	20	20
0.00898576	0.000807052	1285.87	82.2051	3.90803e-09	13.927	20.2273	1.4039	1.61661	615	0	0.0298901	0	20	20
0.00899191	0.00081043	1292.14	81.3303	3.36367e-09	13.448	19.7279	1.40102	1.61661	615	0	0.0335324	0	20	20
0.00899771	0.000813874	1298.48	80.4579	2.89514e-09	12.9854	19.2408	1.39831	1.61661	615	0	0.0371892	0	20	20
0.00900316	0.000817378	1304.88	79.588	2.49187e-09	12.5388	18.7658	1.39577	1.61661	615	0	0.0408589	0	20	20
0.00900827	0.000820939	1311.34	78.7207	2.14477e-09	12.1075	18.3025	1.3934	1.61661	615	0	0.0445398	0	20	20
0.00901304	0.000824549	1317.84	77.8563	1.84602e-09	11.6911	17.8506	1.39119	1.61661	615	0	0.0482298	0	20	20
0.0090175	0.000828206	1324.39	76.9948	1.58888e-09	11.289	17.4098	1.38913	1.61661	615	0	0.0519266	0	20	20
0.00902164	0.000831903	1330.96	76.1364	1.36757e-09	10.9007	16.98	1.38722	1.61661	615	0	0.0556276	0	20	20
0.00902547	0.000835636	1337.56	75.2813	1.17707e-09	10.5258	16.5607	1.38545	1.61661	615	0	0.05933	0	20	20
0.00902902	0.0008394	1344.17	74.4294	1.01312e-09	10.1638	16.1519	1.38382	1.61661	615	0	0.0630311	0	20	20
0.00903228	0.000843192	1350.8	73.5811	8.71998e-10	9.81419	15.7531	1.38232	1.61661	615	0	0.0667277	0	20	20
0.00903528	0.000847006	1357.44	72.7364	7.50536e-10	9.47663	15.3641	1.38094	1.61661	615	0	0.070417	0	20	20
0.00903803	0.000850838	1364.08	71.8953	6.45992e-10	9.15069	14.9848	1.37968	1.61661	615	0	0.0740958	0	20	20
0.00904053	0.000854686	1370.71	71.0582	5.56011e-10	8.83595	14.6148	1.37854	1.61661	615	0	0.0777609	0	20	20
0.00904279	0.000858544	1377.34	70.225	4.78563e-10	8.53204	14.254	1.3775	1.61661	615	0	0.0814092	0	20	20
0.00904484	0.00086241	1383.95	69.3959	4.11903e-10	8.23859	13.902	1.37657	1.61661	615	0	0.0850377	0	20	20
0.00904668	0.00086628	1390.54	68.571	3.54528e-10	7.95522	13.5588	1.37573	1.61661	615	0	0.0886432	0	20	20
0.00904833	0.000870151	1397.12	67.7505	3.05145e-10	7.68161	13.224	1.37498	1.61661	615	0	0.0922229	0	20	20
0.00904978	0.00087402	1403.66	66.9343	2.62641e-10	7.4174	12.8975	1.37431	1.61661	615	0	0.0957738	0	20	20
0.00905107	0.000877883	1410.18	66.1227	2.26057e-10	7.16228	12.5791	1.37373	1.61661	615	0	0.099293	0	20	20
0.00905218	0.000881739	1416.66	65.3158	1.94569e-10	6.91594	12.2685	1.37322	1.61661	615	0	0.102778	0	20	20
0.00905315	0.000885584	1423.11	64.5135	1.67467e-10	6.67807	11.9656	1.37278	1.61661	615	0	0.106226	0	20	20
0.00905396	0.000889415	1429.52	63.7161	1.4414e-10	6.44838	11.6702	1.37241	1.61661	615	0	0.109635	0	20	20
0.00905464	0.000893231	1435.89	62.9236	1.24063e-10	6.22659	11.382	1.3721	1.61661	615	0	0.113002	0	20	20
0.0090552	0.00089703	1442.21	62.1362	1.06782e-10	6.01243	11.101	1.37185	1.61661	615	0	0.116325	0	20	20
0.00905563	0.000900809	1448.48	61.3539	9.1908e-11	5.80563	10.8269	1.37165	1.61661	615	0	0.119603	0	20	20
0.00905596	0.000904566	1454.71	60.5767	7.91059e-11	5.60595	10.5596	1.3715	1.61661	615	0	0.122833	0	20	20
0.00905618	0.000908299	1460.88	59.8049	6.80871e-11	5.41314	10.2989	1.3714	1.61661	615	0	0.126014	0	20	20
0.00905631	0.000912007	1467	59.0384	5.86031e-11	5.22696	10.0446	1.37134	1.61661	615	0	0.129143	0	20	20
0.00905635	0.000915688	1473.06	58.2773	5.04402e-11	5.04718	9.7966	1.37132	1.61661	615	0	0.132221	0	20	20
0.00905631	0.000919341	1479.07	57.5218	4.34142e-11	4.87358	9.55472	1.37134	1.61661	615	0	0.135245	0	20	20
0.0090562	0.000922963	1485.02	56.7719	3.7367e-11	4.70596	9.31881	1.37139	1.61661	615	0	0.138214	0	20	20
0.00905602	0.000926555	1490.91	56.0276	3.21621e-11	4.5441	9.08873	1.37147	1.61661	615	0	0.141128	0	20	20
0.00905578	0.000930113	1496.74	55.289	2.76821e-11	4.3878	8.86433	1.37158	1.61661	615	0	0.143985	0	20	20
0.00905548	0.000933639	1502.5	54.5562	2.38262e-11	4.23689	8.64547	1.37172	1.61661	615	0	0.146785	0	20	20
0.00905514	0.000937129	1508.2	53.8293	2.05074e-11	4.09116	8.43201	1.37188	1.61661	615	0	0.149528	0	20	20
0.00905474	0.000940584	1513.84	53.1082	1.76509e-11	3.95045	8.22382	1.37205	1.61661	615	0	0.152213	0	20	20
0.00905431	0.000944002	1519.41	52.3932	1.51923e-11	3.81457	8.02078	1.37225	1.61661	615	0	0.15484	0	20	20
0.00905385	0.000947383	1524.92	51.6841	1.30761e-11	3.68337	7.82274	1.37246	1.61661	615	0	0.157408	0	20	20
0.00905335	0.000950726	1530.36	50.981	1.12547e-11	3.55668	7.6296	1.37269	1.61661	615	0	0.159918	0	20	20
0.00905283	0.00095403	1535.73	50.2841	9.68703e-12	3.43435	7.44122	1.37293	1.61661	615	0	0.16237	0	20	20
0.00905228	0.000957295	1541.03	49.5933	8.3377e-12	3.31623	7.2575	1.37318	1.61661	615	0	0.164764	0	20	20
0.00905172	0.000960521	1546.27	48.9087	7.17633e-12	3.20217	7.07831	1.37343	1.61661	615	0	0.1671	0	20	20
0.00905114	0.000963706	1551.44	48.2303	6.17672e-12	3.09203	6.90355	1.3737	1.61661	615	0	0.169378	0	20	20
0.00905055	0.00096685	1556.54	47.5582	5.31635e-12	2.98568	6.7331	1.37396	1.61661	615	0	0.1716	0	20	20
0.00904995	0.000969954	1561.57	46.8923	4.57583e-12	2.88299	6.56686	1.37424	1.61661	615	0	0.173765	0	20	20
0.00904935	0.000973017	1566.53	46.2327	3.93845e-12	2.78383	6.40472	1.37451	1.61661	615	0	0.175875	0	20	20
0.00904874	0.000976038	1571.43	45.5795	3.38986e-12	2.68808	6.24659	1.37479	1.61661	615	0	0.177929	0	20	20
0.00904814	0.000979018	1576.26	44.9326	2.91768e-12	2.59563	6.09236	1.37506	1.61661	615	0	0.179929	0	20	20
0.00904753	0.000981956	1581.02	44.2921	2.51127e-12	2.50635	5.94194	1.37534	1.61661	615	0	0.181875	0	20	20
0.00904694	0.000984853	1585.71	43.658	2.16147e-12	2.42015	5.79523	1.37561	1.61661	615	0	0.183768	0	20	20
0.00904635	0.000987708	1590.34	43.0302	1.86039e-12	2.33691	5.65215	1.37588	1.61661	615	0	0.18561	0	20	20
0.00904577	0.000990522	1594.9	42.409	1.60125e-12	2.25653	5.51259	1.37614	1.61661	615	0	0.1874	0	20	20
0.0090452	0.000993294	1599.39	41.7941	1.37821e-12	2.17892	5.37649	1.3764	1.61661	615	0	0.18914	0	20	20
0.00904464	0.000996025	1603.82	41.1856	1.18624e-12	2.10398	5.24374	1.37666	1.61661	615	0	0.190831	0	20	20
0.0090441	0.000998715	1608.18	40.5837	1.02101e-12	2.03161	5.11427	1.37691	1.61661	615	0	0.192474	0	20	20
0.00904357	0.00100136	1612.48	39.9881	8.78787e-13	1.96173	4.988	1.37715	1.61661	615	0	0.19407	0	20	20
0.00904306	0.00100397	1616.71	39.399	7.56379e-13	1.89426	4.86485	1.37738	1.61661	615	0	0.19562	0	20	20
0.00904257	0.00100654	1620.88	38.8163	6.51022e-13	1.82911	4.74473	1.3776	1.61661	615	0	0.197125	0	20	20
0.0090421	0.00100907	1624.98	38.2401	5.60339e-13	1.7662	4.62759	1.37782	1.61661	615	0	0.198585	0	20	20
0.00904165	0.00101156	1629.03	37.6703	4.82289e-13	1.70545	4.51333	1.37803	1.61661	615	0	0.200003	0	20	20
0.00904121	0.00101401	1633.01	37.1069	4.1511e-13	1.64679	4.4019	1.37822	1.61661	615	0	0.201379	0	20	20
0.00904081	0.00101641	1636.93	36.5499	3.57288e-13	1.59015	4.29321	1.37841	1.61661	615	0	0.202714	0	20	20
0.00904042	0.00101879	1640.8	35.9993	3.07521e-13	1.53546	4.18721	1.37859	1.61661	615	0	0.20401	0	20	20
0.00904006	0.00102112	1644.6	35.4551	2.64686e-13	1.48265	4.08383	1.37875	1.61661	615	0	0.205266	0	20	20
0.00903972	0.00102341	1648.35	34.9173	2.27817e-13	1.43165	3.983	1.37891	1.61661	615	0	0.206486	0	20	20
0.0090394	0.00102567	1652.03	34.3858	1.96084e-13	1.38241	3.88466	1.37905	1.61661	615	0	0.207668	0	20	20
0.00903911	0.00102789	1655.66	33.8607	1.68771e-13	1.33486	3.78875	1.37919	1.61661	615	0	0.208815	0	20	20
0.00903884	0.00103008	1659.24	33.3418	1.45263e-13	1.28895	3.6952	1.37931	1.61661	615	0	0.209928	0	20	20
0.0090386	0.00103223	1662.76	32.8292	1.25029e-13	1.24462	3.60397	1.37942	1.61661	615	0	0.211007	0	20	20
0.00903838	0.00103434	1666.23	32.3229	1.07613e-13	1.20181	3.51498	1.37952	1.61661	615	0	0.212053	0	20	20
0.00903819	0.00103642	1669.64	31.8229	9.26235e-14	1.16047	3.4282	1.37961	1.61661	615	0	0.213068	0	20	20
0.00903802	0.00103846	1673	31.329	7.97218e-14	1.12056	3.34356	1.37969	1.61661	615	0	0.214053	0	20	20
0.00903788	0.00104047	1676.31	30.8413	6.86172e-14	1.08202	3.261	1.37975	1.61661	615	0	0.215007	0	20	20
0.00903776	0.00104245	1679.57	30.3597	5.90593e-14	1.0448	3.18049	1.37981	1.61661	615	0	0.215933	0	20	20
0.00903767	0.0010444	1682.78	29.8843	5.08329e-14	1.00887	3.10196	1.37985	1.61661	615	0	0.216832	0	20	20
0.0090376	0.00104631	1685.94	29.4149	4.37522e-14	0.974168	3.02538	1.37988	1.61661	615	0	0.217703	0	20	20
0.00903755	0.00104819	1689.06	28.9516	3.76579e-14	0.940662	2.95068	1.3799	1.61661	615	0	0.218549	0	20	20
0.00903753	0.00105004	1692.12	28.4943	3.24125e-14	0.908309	2.87783	1.37991	1.61661	615	0	0.219369	0	20	20
0.00903753	0.00105186	1695.14	28.0429	2.78977e-14	0.877068	2.80677	1.37991	1.61661	615	0	0.220165	0	20	20
0.00903756	0.00105365	1698.12	27.5975	2.40117e-14	0.846901	2.73747	1.3799	1.61661	615	0	0.220938	0	20	20
0.0090376	0.00105541	1701.05	27.158	2.06671e-14	0.817773	2.66988	1.37988	1.61661	615	0	0.221688	0	20	20
0.00903767	0.00105714	1703.94	26.7243	1.77883e-14	0.789646	2.60396	1.37984	1.61661	615	0	0.222415	0	20	20
0.00903777	0.00105884	1706.78	26.2965	1.53106e-14	0.762486	2.53967	1.3798	1.61661	615	0	0.223122	0	20	20
0.00903788	0.00106052	1709.58	25.8744	1.31779e-14	0.736261	2.47697	1.37975	1.61661	615	0	0.223808	0	20	20
0.00903802	0.00106217	1712.34	25.458	1.13423e-14	0.710937	2.41581	1.37969	1.61661	615	0	0.224475	0	20	20
0.00903818	0.00106379	1715.06	25.0473	9.76244e-15	0.686485	2.35616	1.37961	1.61661	615	0	0.225122	0	20	20
0.00903835	0.00106539	1717.75	24.6423	8.40261e-15	0.662874	2.29799	1.37953	1.61661	615	0	0.225751	0	20	20
0.00903855	0.00106696	1720.39	24.2428	7.2322e-15	0.640074	2.24125	1.37944	1.61661	615	0	0.226362	0	20	20
0.00903877	0.0010685	1723	23.8489	6.22481e-15	0.618059	2.18592	1.37934	1.61661	615	0	0.226957	0	20	20
0.00903901	0.00107002	1725.56	23.4604	5.35774e-15	0.596801	2.13195	1.37923	1.61661	615	0	0.227534	0	20	20
0.00903926	0.00107152	1728.1	23.0775	4.61145e-15	0.576275	2.07931	1.37912	1.61661	615	0	0.228096	0	20	20
0.00903952	0.001073	1730.61	22.6999	3.96911e-15	0.556454	2.02797	1.379	1.61661	615	0	0.228644	0	20	20
0.00903977	0.00107449	1733.14	22.3277	3.41625e-15	0.537315	1.9779	1.37888	1.61661	615	0	0.229179	0	20	20
0.00904001	0.00107599	1735.68	21.9608	2.94039e-15	0.518834	1.92906	1.37878	1.61661	615	0	0.229703	0	20	20
0.00904022	0.0010775	1738.23	21.5991	2.53082e-15	0.500989	1.88144	1.37868	1.61661	615	0	0.230216	0	20	20
0.00904042	0.00107902	1740.79	21.2427	2.1783e-15	0.483758	1.83498	1.37859	1.61661	615	0	0.230719	0	20	20
0.00904061	0.00108054	1743.37	20.8914	1.87488e-15	0.467119	1.78968	1.3785	1.61661	615	0	0.231212	0	20	20
0.00904078	0.00108208	1745.96	20.5452	1.61372e-15	0.451053	1.74549	1.37842	1.61661	615	0	0.231695	0	20	20
0.00904093	0.00108362	1748.57	20.204	1.38894e-15	0.435539	1.70239	1.37835	1.61661	615	0	0.232169	0	20	20
0.00904107	0.00108517	1751.18	19.8679	1.19547e-15	0.420559	1.66036	1.37829	1.61661	615	0	0.232634	0	20	20
0.00904119	0.00108672	1753.8	19.5367	1.02895e-15	0.406094	1.61937	1.37823	1.61661	615	0	0.23309	0	20	20
0.0090413	0.00108829	1756.43	19.2104	8.85629e-16	0.392126	1.57938	1.37818	1.61661	615	0	0.233538	0	20	20
0.00904139	0.00108985	1759.07	18.8889	7.62268e-16	0.378639	1.54039	1.37814	1.61661	615	0	0.233977	0	20	20
0.00904147	0.00109143	1761.72	18.5723	6.5609e-16	0.365616	1.50236	1.37811	1.61661	615	0	0.234409	0	20	20
0.00904154	0.00109301	1764.38	18.2604	5.64702e-16	0.353041	1.46526	1.37808	1.61661	615	0	0.234834	0	20	20
0.00904159	0.00109459	1767.04	17.9532	4.86043e-16	0.340898	1.42909	1.37805	1.61661	615	0	0.235251	0	20	20
0.00904162	0.00109618	1769.71	17.6506	4.18342e-16	0.329173	1.3938	1.37804	1.61661	615	0	0.235661	0	20	20
0.00904164	0.00109777	1772.38	17.3526	3.6007e-16	0.317851	1.35939	1.37803	1.61661	615	0	0.236064	0	20	20
0.00904165	0.00109937	1775.06	17.0592	3.09915e-16	0.306919	1.32583	1.37803	1.61661	615	0	0.236461	0	20	20
0.00904164	0.00110096	1777.74	16.7702	2.66746e-16	0.296363	1.29309	1.37803	1.61661	615	0	0.236852	0	20	20
0.00904162	0.00110257	1780.43	16.4856	2.29591e-16	0.286169	1.26116	1.37804	1.61661	615	0	0.237236	0	20	20
0.00904159	0.00110417	1783.12	16.2055	1.97611e-16	0.276327	1.23003	1.37805	1.61661	615	0	0.237614	0	20	20
0.00904154	0.00110578	1785.81	15.9296	1.70085e-16	0.266823	1.19966	1.37807	1.61661	615	0	0.237987	0	20	20
0.00904148	0.00110739	1788.5	15.6581	1.46393e-16	0.257645	1.17004	1.3781	1.61661	615	0	0.238354	0	20	20
0.00904141	0.001109	1791.2	15.3907	1.26002e-16	0.248784	1.14115	1.37813	1.61661	615	0	0.238716	0	20	20
0.00904132	0.00111061	1793.89	15.1275	1.08451e-16	0.240227	1.11297	1.37817	1.61661	615	0	0.239072	0	20	20
0.00904123	0.00111222	1796.59	14.8685	9.33446e-17	0.231964	1.08549	1.37822	1.61661	615	0	0.239423	0	20	20
0.00904112	0.00111384	1799.29	14.6135	8.03424e-17	0.223986	1.05869	1.37827	1.61661	615	0	0.23977	0	20	20
0.009041	0.00111545	1801.98	14.3625	6.91514e-17	0.216282	1.03255	1.37832	1.61661	615	0	0.240111	0	20	20
0.00904087	0.00111706	1804.68	14.1155	5.95191e-17	0.208843	1.00706	1.37838	1.61661	615	0	0.240448	0	20	20
0.00904072	0.00111868	1807.37	13.8724	5.12286e-17	0.20166	0.982196	1.37845	1.61661	615	0	0.24078	0	20	20
0.00904057	0.00112029	1810.06	13.6332	4.40929e-17	0.194724	0.957945	1.37852	1.61661	615	0	0.241108	0	20	20
0.0090404	0.0011219	1812.75	13.3977	3.79511e-17	0.188027	0.934293	1.3786	1.61661	615	0	0.241432	0	20	20
0.00904022	0.00112352	1815.44	13.1661	3.26648e-17	0.18156	0.911226	1.37868	1.61661	615	0	0.241751	0	20	20
0.00904003	0.00112513	1818.12	12.9381	2.81149e-17	0.175315	0.888727	1.37876	1.61661	615	0	0.242066	0	20	20
0.00903984	0.00112673	1820.8	12.7138	2.41987e-17	0.169285	0.866785	1.37885	1.61661	615	0	0.242378	0	20	20
0.00903963	0.00112834	1823.47	12.4932	2.0828e-17	0.163463	0.845384	1.37895	1.61661	615	0	0.242685	0	20	20
0.00903941	0.00112995	1826.14	12.2761	1.79268e-17	0.15784	0.824511	1.37905	1.61661	615	0	0.242988	0	20	20
0.00903918	0.00113155	1828.81	12.0625	1.54298e-17	0.152412	0.804154	1.37915	1.61661	615	0	0.243288	0	20	20
0.00903894	0.00113315	1831.47	11.8524	1.32805e-17	0.147169	0.784299	1.37926	1.61661	615	0	0.243584	0	20	20
0.0090387	0.00113474	1834.12	11.6457	1.14306e-17	0.142108	0.764935	1.37938	1.61661	615	0	0.243877	0	20	20
0.00903844	0.00113634	1836.77	11.4423	9.83845e-18	0.13722	0.746048	1.37949	1.61661	615	0	0.244166	0	20	20
0.00903818	0.00113793	1839.41	11.2423	8.46803e-18	0.1325	0.727628	1.37961	1.61661	615	0	0.244451	0	20	20
0.0090379	0.00113951	1842.04	11.0456	7.2885e-18	0.127943	0.709663	1.37974	1.61661	615	0	0.244733	0	20	20
0.00903762	0.0011411	1844.66	10.8521	6.27327e-18	0.123542	0.692142	1.37987	1.61661	615	0	0.245012	0	20	20
0.00903733	0.00114267	1847.28	10.6619	5.39946e-18	0.119293	0.675052	1.38	1.61661	615	0	0.245288	0	20	20
0.00903703	0.00114425	1849.89	10.4747	4.64735e-18	0.11519	0.658385	1.38014	1.61661	615	0	0.24556	0	20	20
0.00903672	0.00114582	1852.49	10.2906	4.00001e-18	0.111228	0.64213	1.38028	1.61661	615	0	0.245829	0	20	20
0.00903641	0.00114738	1855.08	10.1096	3.44284e-18	0.107403	0.626276	1.38042	1.61661	615	0	0.246096	0	20	20
0.00903609	0.00114894	1857.67	9.93164	2.96328e-18	0.103709	0.610813	1.38057	1.61661	615	0	0.246359	0	20	20
0.00903576	0.0011505	1860.24	9.75661	2.55052e-18	0.100142	0.595732	1.38072	1.61661	615	0	0.246619	0	20	20
0.00903542	0.00115205	1862.8	9.5845	2.19525e-18	0.0966972	0.581023	1.38088	1.61661	615	0	0.246876	0	20	20
0.00903508	0.00115359	1865.35	9.41527	1.88947e-18	0.0933713	0.566678	1.38103	1.61661	615	0	0.24713	0	20	20
0.00903473	0.00115513	1867.9	9.24887	1.62628e-18	0.0901598	0.552686	1.38119	1.61661	615	0	0.247381	0	20	20
0.00903438	0.00115666	1870.43	9.08527	1.39976e-18	0.0870588	0.53904	1.38136	1.61661	615	0	0.24763	0	20	20
0.00903402	0.00115819	1872.95	8.92441	1.20478e-18	0.0840645	0.525731	1.38152	1.61661	615	0	0.247875	0	20	20
0.00903365	0.00115971	1875.46	8.76627	1.03696e-18	0.0811731	0.512751	1.38169	1.61661	615	0	0.248118	0	20	20
0.00903327	0.00116122	1877.96	8.6108	8.92524e-19	0.0783812	0.500091	1.38186	1.61661	615	0	0.248358	0	20	20
0.00903289	0.00116273	1880.44	8.45795	7.68203e-19	0.0756853	0.487744	1.38204	1.61661	615	0	0.248596	0	20	20
0.00903251	0.00116423	1882.92	8.3077	6.61198e-19	0.0730822	0.475701	1.38221	1.61661	615	0	0.248831	0	20	20
0.00903212	0.00116572	1885.38	8.15999	5.69098e-19	0.0705685	0.463956	1.38239	1.61661	615	0	0.249063	0	20	20
0.00903172	0.00116721	1887.83	8.0148	4.89828e-19	0.0681413	0.452501	1.38257	1.61661	615	0	0.249292	0	20	20
0.00903132	0.00116868	1890.26	7.87207	4.21598e-19	0.0657977	0.441329	1.38276	1.61661	615	0	0.249519	0	20	20
0.00903092	0.00117016	1892.68	7.73179	3.62873e-19	0.0635346	0.430432	1.38294	1.61661	615	0	0.249744	0	20	20
0.00903051	0.00117162	1895.09	7.59389	3.12328e-19	0.0613493	0.419805	1.38313	1.61661	615	0	0.249966	0	20	20
0.0090301	0.00117308	1897.49	7.45836	2.68823e-19	0.0592392	0.40944	1.38332	1.61661	615	0	0.250185	0	20	20
0.00902968	0.00117452	1899.87	7.32515	2.31378e-19	0.0572017	0.399331	1.38351	1.61661	615	0	0.250402	0	20	20
0.00902926	0.00117596	1902.24	7.19422	1.99149e-19	0.0552343	0.389471	1.38371	1.61661	615	0	0.250616	0	20	20
0.00902883	0.0011774	1904.59	7.06554	1.71409e-19	0.0533345	0.379855	1.3839	1.61661	615	0	0.250828	0	20	20
0.0090284	0.00117882	1906.93	6.93908	1.47533e-19	0.0515001	0.370477	1.3841	1.61661	615	0	0.251038	0	20	20
0.00902797	0.00118024	1909.26	6.8148	1.26983e-19	0.0497288	0.36133	1.3843	1.61661	615	0	0.251245	0	20	20
0.00902754	0.00118164	1911.57	6.69266	1.09295e-19	0.0480184	0.352408	1.3845	1.61661	615	0	0.25145	0	20	20
