0.0358956	
0.00804488	
0.00453097	
0.00318432	
0.0024347	
0.00183273	
0.0013812	
0.00102811	
0.000753276	
0.000585823	
0.000503184	
0.000483344	
0.000506595	
0.000550675	
0.000614272	
0.000703348	
0.000805582	
0.000932341	
0.00109279	
0.00129804	
0.00154346	
0.00186311	
0.00226349	
0.0027573	
0.00333625	
0.00399497	
0.00474131	
0.00558075	
0.00648633	
0.00748696	
0.00855744	
0.00970059	
0.0108991	
0.0121438	
0.0133873	
0.0146082	
0.0157456	
0.0167201	
0.0174873	
0.0179712	
0.0181625	
0.0180798	
0.0177897	
0.0173652	
0.0168893	
0.0164144	
0.0159808	
0.0156126	
0.0153171	
0.0150954	
0.014944	
0.0148578	
0.0162932	
0.0179603	
0.0195914	
0.0211479	
0.0225982	
0.0239199	
0.0251005	
0.0261367	
0.0270331	
0.0277996	
0.0284496	
0.0289975	
0.0294578	
0.0298439	
0.0301679	
0.0304398	
0.0306683	
0.03086	
0.0310206	
0.0311543	
0.0312644	
