0.00889269	0.000676643	1101	184.5	76.5	0	0	1.44844	1.61661	615	0	0.153221	0	20	20
0.00879921	0.000726786	1170.43	184.391	76.4694	49.8132	16.7868	1.4951	1.61661	615	0	-0.139734	0	20	20
0.00858532	0.000828911	1305.01	184.281	76.4339	146.077	49.553	1.60964	1.61661	615	0	-0.605731	0	20	20
0.00835912	0.000932358	1434.14	184.168	76.3927	239.149	81.5509	1.74389	1.61661	615	0	-0.962631	0	20	20
0.00813833	0.00103626	1558.85	184.054	76.3448	329.132	112.796	1.88971	1.61661	615	0	-1.24543	0	20	20
0.0079277	0.00113991	1679.21	183.937	76.2893	416.127	143.307	2.04436	1.61661	615	0	-1.47702	0	20	20
0.00772797	0.00124295	1795.39	183.818	76.2249	500.236	173.1	2.20701	1.61661	615	0	-1.67175	0	20	20
0.0075387	0.00134517	1907.58	183.698	76.1502	581.563	202.195	2.37745	1.61661	615	0	-1.83921	0	20	20
0.00735907	0.00144645	2015.98	183.575	76.0636	660.213	230.612	2.55583	1.61661	615	0	-1.98598	0	20	20
0.00718818	0.00154672	2120.77	183.45	75.9633	736.294	258.374	2.74248	1.61661	615	0	-2.1167	0	20	20
0.00702517	0.00164596	2222.16	183.323	75.847	809.917	285.504	2.93784	1.61661	615	0	-2.23474	0	20	20
0.00686923	0.00174416	2320.33	183.193	75.7124	881.198	312.029	3.1425	1.61661	615	0	-2.3426	0	20	20
0.00671963	0.00184135	2415.48	183.061	75.5566	950.255	337.976	3.3571	1.61661	615	0	-2.44217	0	20	20
0.00657305	0.00193818	2507.78	182.927	75.3764	1017.22	363.376	3.58674	1.61661	615	0	-2.53729	0	20	20
0.00643022	0.0020345	2597.43	182.791	75.1681	1082.21	388.263	3.83109	1.61661	615	0	-2.62804	0	20	20
0.0062913	0.00213026	2684.62	182.652	74.9275	1145.37	412.674	4.09053	1.61661	615	0	-2.71474	0	20	20
0.00615462	0.0022259	2769.55	182.511	74.6499	1206.86	436.648	4.36914	1.61661	615	0	-2.79932	0	20	20
0.00602127	0.0023212	2852.41	182.368	74.33	1266.81	460.228	4.66591	1.61661	615	0	-2.88097	0	20	20
0.00589043	0.00241643	2933.44	182.222	73.9617	1325.4	483.462	4.98379	1.61661	615	0	-2.96062	0	20	20
0.00576143	0.00251187	3012.85	182.073	73.5383	1382.8	506.4	5.32609	1.61661	615	0	-3.03904	0	20	20
0.00563464	0.00260751	3090.89	181.922	73.0526	1439.17	529.096	5.6938	1.61661	615	0	-3.11586	0	20	20
0.00550919	0.00270374	3167.78	181.768	72.4961	1494.72	551.606	6.09167	1.61661	615	0	-3.19196	0	20	20
0.00538476	0.00280081	3243.78	181.612	71.8602	1549.62	573.99	6.5238	1.61661	615	0	-3.26766	0	20	20
0.00526138	0.00289886	3319.14	181.453	71.1353	1604.08	596.31	6.99359	1.61661	615	0	-3.34282	0	20	20
0.00513861	0.00299822	3394.11	181.291	70.3111	1658.28	618.626	7.50693	1.61661	615	0	-3.41783	0	20	20
0.00501571	0.00309934	3468.93	181.127	69.3773	1712.42	640.999	8.07238	1.61661	615	0	-3.49346	0	20	20
0.00489285	0.00320233	3543.81	180.959	68.323	1766.65	663.485	8.69591	1.61661	615	0	-3.56938	0	20	20
0.00476973	0.00330746	3618.97	180.789	67.1377	1821.15	686.135	9.38682	1.61661	615	0	-3.64582	0	20	20
0.00464613	0.00341499	3694.55	180.616	65.8111	1876.02	708.989	10.1561	1.61661	615	0	-3.72297	0	20	20
0.00452194	0.00352507	3770.65	180.44	64.3342	1931.36	732.073	11.0161	1.61661	615	0	-3.80093	0	20	20
0.00439687	0.00363789	3847.31	180.261	62.6995	1987.18	755.398	11.9831	1.61661	615	0	-3.88002	0	20	20
0.00427119	0.00375333	3924.47	180.079	60.9015	2043.45	778.948	13.0724	1.61661	615	0	-3.95996	0	20	20
0.00414504	0.00387126	4001.98	179.894	58.9379	2100.06	802.687	14.3026	1.61661	615	0	-4.04068	0	20	20
0.00401872	0.00399135	4079.57	179.706	56.8097	2156.8	826.543	15.6942	1.61661	615	0	-4.12199	0	20	20
0.00389261	0.00411312	4156.84	179.514	54.5225	2213.37	850.418	17.2694	1.61661	615	0	-4.20366	0	20	20
0.00376727	0.00423589	4233.29	179.32	52.086	2269.4	874.175	19.0511	1.61661	615	0	-4.28537	0	20	20
0.00364336	0.0043588	4308.29	179.122	49.5151	2324.4	897.651	21.0618	1.61661	615	0	-4.36669	0	20	20
0.00352164	0.00448081	4381.11	178.921	46.8297	2377.81	920.651	23.3219	1.61661	615	0	-4.44715	0	20	20
0.00340299	0.00460071	4450.94	178.717	44.0538	2429.02	942.961	25.8476	1.61661	615	0	-4.5262	0	20	20
0.0032883	0.00471719	4516.94	178.509	41.2153	2477.39	964.354	28.6474	1.61661	615	0	-4.60327	0	20	20
0.0031785	0.0048289	4578.26	178.297	38.3448	2522.26	984.6	31.7201	1.61661	615	0	-4.67776	0	20	20
0.00307429	0.00493459	4634.09	178.083	35.4743	2563.03	1003.48	35.0562	1.61661	615	0	-4.74937	0	20	20
0.00297663	0.00503289	4683.7	177.864	32.6358	2599.12	1020.78	38.6213	1.61661	615	0	-4.81733	0	20	20
0.00288621	0.00512266	4726.49	177.643	29.8599	2630.08	1036.34	42.3657	1.61661	615	0	-4.88114	0	20	20
0.00280363	0.00520293	4761.98	177.417	27.1745	2655.56	1050.02	46.2208	1.61661	615	0	-4.94032	0	20	20
0.00272904	0.0052731	4789.89	177.188	24.6037	2675.32	1061.73	50.1153	1.61661	615	0	-4.99492	0	20	20
0.00266274	0.00533266	4810.08	176.955	22.1672	2689.28	1071.4	53.9527	1.61661	615	0	-5.04457	0	20	20
0.00260495	0.00538128	4822.58	176.718	19.8799	2697.45	1079.05	57.6241	1.61661	615	0	-5.08887	0	20	20
0.00255509	0.00541926	4827.58	176.478	17.7517	2699.97	1084.69	61.0633	1.61661	615	0	-5.12854	0	20	20
0.00251344	0.00544651	4825.38	176.233	15.7881	2697.1	1088.39	64.1498	1.61661	615	0	-5.16275	0	20	20
0.00247872	0.00546406	4816.4	175.985	13.9901	2689.15	1090.24	66.8834	1.61661	615	0	-5.18925	0	20	20
0.00244988	0.00547291	4801.13	175.733	12.3554	2676.48	1090.36	69.2734	1.61661	615	0	-5.19795	0	20	20
0.00242609	0.00547395	4780.13	175.476	10.8785	2659.51	1088.87	71.3315	1.61661	615	0	-5.1908	0	20	20
0.00240705	0.00546775	4753.95	175.216	9.55195	2638.68	1085.91	73.0374	1.61661	615	0	-5.16894	0	20	20
0.00239232	0.00545501	4723.18	174.951	8.36659	2614.4	1081.62	74.395	1.61661	615	0	-5.13386	0	20	20
0.00238118	0.00543659	4688.36	174.683	7.31231	2587.11	1076.13	75.4438	1.61661	615	0	-5.08758	0	20	20
0.00237351	0.00541295	4650.02	174.41	6.37848	2557.21	1069.57	76.178	1.61661	615	0	-5.03106	0	20	20
0.00236877	0.0053848	4608.66	174.132	5.55436	2525.07	1062.07	76.6357	1.61661	615	0	-4.96595	0	20	20
0.0023665	0.0053528	4564.72	173.851	4.8294	2491.05	1053.74	76.8566	1.61661	615	0	-4.89379	0	20	20
0.00236657	0.00531734	4518.63	173.565	4.19349	2455.45	1044.68	76.8495	1.61661	615	0	-4.8154	0	20	20
0.00236862	0.00527893	4470.74	173.274	3.63707	2418.55	1035	76.6508	1.61661	615	0	-4.73202	0	20	20
0.00237221	0.00523812	4421.38	172.979	3.15127	2380.62	1024.77	76.3029	1.61661	615	0	-4.64487	0	20	20
0.00237735	0.00519512	4370.83	172.68	2.72794	2341.86	1014.07	75.8094	1.61661	615	0	-4.55443	0	20	20
0.00238382	0.00515027	4319.35	172.376	2.35965	2302.47	1002.97	75.1936	1.61661	615	0	-4.46146	0	20	20
0.0023912	0.00510402	4267.15	172.067	2.03971	2262.61	991.533	74.4994	1.61661	615	0	-4.367	0	20	20
0.00239957	0.00505648	4214.42	171.753	1.76213	2222.42	979.799	73.7227	1.61661	615	0	-4.27123	0	20	20
0.00240881	0.00500783	4161.3	171.435	1.52155	2182.03	967.818	72.8773	1.61661	615	0	-4.17458	0	20	20
0.0024187	0.00495835	4107.95	171.112	1.31324	2141.54	955.628	71.9868	1.61661	615	0	-4.07763	0	20	20
0.00242913	0.0049082	4054.46	170.784	1.13301	2101.04	943.262	71.0641	1.61661	615	0	-3.98075	0	20	20
0.00244014	0.00485743	4000.94	170.451	0.977206	2060.59	930.75	70.1064	1.61661	615	0	-3.88401	0	20	20
0.00245167	0.00480614	3947.48	170.114	0.842585	2020.27	918.116	69.122	1.61661	615	0	-3.78764	0	20	20
0.00246347	0.00475457	3894.13	169.771	0.726331	1980.11	905.381	68.1335	1.61661	615	0	-3.69212	0	20	20
0.00247564	0.0047027	3840.95	169.423	0.625985	1940.17	892.566	67.1329	1.61661	615	0	-3.59738	0	20	20
0.0024882	0.00465056	3788	169.07	0.539403	1900.47	879.685	66.1217	1.61661	615	0	-3.5035	0	20	20
0.00250107	0.00459823	3735.31	168.712	0.464724	1861.06	866.754	65.1059	1.61661	615	0	-3.41062	0	20	20
0.00251408	0.00454587	3682.92	168.348	0.400329	1821.94	853.785	64.1008	1.61661	615	0	-3.31906	0	20	20
0.00252738	0.0044934	3630.85	167.98	0.344818	1783.14	840.789	63.0938	1.61661	615	0	-3.22863	0	20	20
0.00254097	0.00444085	3579.13	167.606	0.296973	1744.68	827.777	62.0873	1.61661	615	0	-3.13939	0	20	20
0.00255476	0.00438829	3527.79	167.226	0.255745	1706.57	814.755	61.0875	1.61661	615	0	-3.05147	0	20	20
0.00256866	0.00433581	3476.83	166.841	0.220224	1668.82	801.734	60.1005	1.61661	615	0	-2.96501	0	20	20
0.00258282	0.00428332	3426.27	166.451	0.189625	1631.45	788.721	59.1177	1.61661	615	0	-2.87986	0	20	20
0.00259722	0.00423087	3376.13	166.055	0.163268	1594.45	775.721	58.14	1.61661	615	0	-2.79606	0	20	20
0.00261177	0.00417851	3326.42	165.654	0.140567	1557.83	762.741	57.1733	1.61661	615	0	-2.71371	0	20	20
0.00262646	0.00412628	3277.15	165.247	0.121018	1521.61	749.788	56.2198	1.61661	615	0	-2.63287	0	20	20
0.00264137	0.00407413	3228.33	164.835	0.104184	1485.78	736.868	55.273	1.61661	615	0	-2.55342	0	20	20
0.00265651	0.00402208	3179.97	164.416	0.0896893	1450.36	723.984	54.3335	1.61661	615	0	-2.47539	0	20	20
0.00267181	0.00397019	3132.08	163.992	0.0772089	1415.34	711.144	53.4054	1.61661	615	0	-2.39885	0	20	20
0.00268723	0.00391848	3084.66	163.562	0.0664636	1380.73	698.351	52.4912	1.61661	615	0	-2.32386	0	20	20
0.00270287	0.00386693	3037.74	163.127	0.0572127	1346.53	685.611	51.585	1.61661	615	0	-2.25031	0	20	20
0.00271874	0.00381553	2991.31	162.685	0.0492485	1312.76	672.93	50.6872	1.61661	615	0	-2.1782	0	20	20
0.0027348	0.00376433	2945.38	162.238	0.0423924	1279.4	660.311	49.7991	1.61661	615	0	-2.10758	0	20	20
0.00275096	0.00371339	2899.97	161.785	0.0364903	1246.47	647.76	48.9266	1.61661	615	0	-2.03854	0	20	20
0.00276734	0.00366267	2855.08	161.325	0.0314096	1213.98	635.281	48.063	1.61661	615	0	-1.97096	0	20	20
0.00278394	0.00361218	2810.73	160.86	0.027036	1181.92	622.88	47.2087	1.61661	615	0	-1.90486	0	20	20
0.00280074	0.00356195	2766.92	160.389	0.0232712	1150.3	610.561	46.364	1.61661	615	0	-1.84024	0	20	20
0.0028177	0.00351201	2723.66	159.911	0.0200306	1119.13	598.33	45.5319	1.61661	615	0	-1.77715	0	20	20
0.00283481	0.0034624	2680.97	159.428	0.0172411	1088.41	586.19	44.7125	1.61661	615	0	-1.71559	0	20	20
0.00285212	0.0034131	2638.84	158.938	0.01484	1058.15	574.147	43.9031	1.61661	615	0	-1.65551	0	20	20
0.00286964	0.00336414	2597.31	158.442	0.0127733	1028.36	562.206	43.1042	1.61661	615	0	-1.59692	0	20	20
0.00288734	0.00331553	2556.36	157.94	0.0109943	999.027	550.372	42.316	1.61661	615	0	-1.53981	0	20	20
0.00290523	0.00326731	2516.03	157.431	0.00946308	970.174	538.649	41.5393	1.61661	615	0	-1.48421	0	20	20
0.00292323	0.00321953	2476.31	156.917	0.00814509	941.803	527.042	40.7768	1.61661	615	0	-1.43014	0	20	20
0.0029414	0.00317218	2437.21	156.396	0.00701065	913.92	515.557	40.0256	1.61661	615	0	-1.37754	0	20	20
0.00295974	0.00312528	2398.76	155.868	0.0060342	886.531	504.199	39.2861	1.61661	615	0	-1.32643	0	20	20
0.00297824	0.00307886	2360.96	155.335	0.00519374	859.644	492.971	38.5585	1.61661	615	0	-1.27679	0	20	20
0.00299689	0.00303296	2323.82	154.795	0.00447034	833.266	481.88	37.8433	1.61661	615	0	-1.22861	0	20	20
0.00301567	0.00298758	2287.35	154.249	0.00384768	807.402	470.929	37.1407	1.61661	615	0	-1.18191	0	20	20
0.00303456	0.00294278	2251.57	153.696	0.00331176	782.061	460.125	36.4512	1.61661	615	0	-1.13666	0	20	20
0.00305354	0.00289858	2216.48	153.137	0.00285047	757.249	449.471	35.7757	1.61661	615	0	-1.09287	0	20	20
0.00307259	0.00285501	2182.11	152.571	0.00245344	732.973	438.973	35.1145	1.61661	615	0	-1.05054	0	20	20
0.0030917	0.0028121	2148.45	151.999	0.0021117	709.24	428.636	34.4673	1.61661	615	0	-1.00963	0	20	20
0.00311086	0.00276987	2115.53	151.421	0.00181757	686.058	418.463	33.8344	1.61661	615	0	-0.970142	0	20	20
0.00313004	0.00272836	2083.35	150.836	0.0015644	663.433	408.461	33.2163	1.61661	615	0	-0.932062	0	20	20
0.0031492	0.0026876	2051.92	150.245	0.00134649	641.372	398.633	32.6136	1.61661	615	0	-0.895379	0	20	20
0.00316832	0.00264763	2021.26	149.647	0.00115894	619.883	388.984	32.0266	1.61661	615	0	-0.860079	0	20	20
0.00318737	0.00260848	1991.37	149.043	0.000997512	598.972	379.518	31.456	1.61661	615	0	-0.82615	0	20	20
0.00320629	0.00257019	1962.27	148.432	0.000858568	578.646	370.242	30.9023	1.61661	615	0	-0.793577	0	20	20
0.00322505	0.00253278	1933.97	147.815	0.000738977	558.912	361.157	30.3661	1.61661	615	0	-0.762348	0	20	20
0.0032436	0.00249631	1906.47	147.192	0.000636045	539.776	352.27	29.8481	1.61661	615	0	-0.732446	0	20	20
0.00326189	0.0024608	1879.79	146.562	0.000547449	521.244	343.584	29.349	1.61661	615	0	-0.703858	0	20	20
0.00327985	0.0024263	1853.93	145.926	0.000471194	503.322	335.103	28.8695	1.61661	615	0	-0.676568	0	20	20
0.00329744	0.00239283	1828.9	145.283	0.000405561	486.011	326.829	28.4099	1.61661	615	0	-0.650548	0	20	20
0.00331466	0.00236037	1804.67	144.634	0.00034907	469.295	318.76	27.9695	1.61661	615	0	-0.625742	0	20	20
0.00333152	0.00232888	1781.22	143.979	0.000300448	453.154	310.889	27.5469	1.61661	615	0	-0.602086	0	20	20
0.00334804	0.00229834	1758.53	143.317	0.000258598	437.567	303.213	27.1412	1.61661	615	0	-0.579518	0	20	20
0.00336423	0.00226872	1736.56	142.649	0.000222577	422.518	295.727	26.7512	1.61661	615	0	-0.557982	0	20	20
0.00338011	0.00223999	1715.3	141.975	0.000191574	407.985	288.426	26.376	1.61661	615	0	-0.537423	0	20	20
0.00339568	0.00221212	1694.73	141.295	0.000164889	393.953	281.304	26.0148	1.61661	615	0	-0.517788	0	20	20
0.00341097	0.00218507	1674.81	140.608	0.000141922	380.403	274.359	25.6666	1.61661	615	0	-0.49903	0	20	20
0.00342596	0.00215884	1655.53	139.915	0.000122153	367.319	267.585	25.331	1.61661	615	0	-0.481108	0	20	20
0.00344068	0.00213338	1636.86	139.216	0.000105138	354.685	260.978	25.0072	1.61661	615	0	-0.463976	0	20	20
0.00345515	0.00210869	1618.8	138.511	9.04933e-05	342.486	254.535	24.6944	1.61661	615	0	-0.44759	0	20	20
0.00346937	0.00208472	1601.31	137.8	7.78883e-05	330.706	248.25	24.392	1.61661	615	0	-0.431913	0	20	20
0.00348336	0.00206145	1584.37	137.083	6.70391e-05	319.332	242.121	24.0993	1.61661	615	0	-0.416907	0	20	20
0.00349713	0.00203887	1567.98	136.36	5.77011e-05	308.349	236.143	23.8158	1.61661	615	0	-0.402538	0	20	20
0.00351068	0.00201695	1552.11	135.631	4.96638e-05	297.743	230.313	23.541	1.61661	615	0	-0.388773	0	20	20
0.00352403	0.00199567	1536.74	134.896	4.2746e-05	287.502	224.626	23.2745	1.61661	615	0	-0.375582	0	20	20
0.00353719	0.00197501	1521.87	134.156	3.67919e-05	277.614	219.08	23.0158	1.61661	615	0	-0.362935	0	20	20
0.00355016	0.00195494	1507.46	133.41	3.1667e-05	268.065	213.671	22.7645	1.61661	615	0	-0.350805	0	20	20
0.00356295	0.00193546	1493.51	132.658	2.72561e-05	258.845	208.395	22.5202	1.61661	615	0	-0.339166	0	20	20
0.00357556	0.00191653	1480.01	131.9	2.34595e-05	249.943	203.25	22.2826	1.61661	615	0	-0.327993	0	20	20
0.00358802	0.00189815	1466.93	131.137	2.01918e-05	241.346	198.232	22.0514	1.61661	615	0	-0.317263	0	20	20
0.00360031	0.0018803	1454.26	130.369	1.73792e-05	233.045	193.337	21.8263	1.61661	615	0	-0.306956	0	20	20
0.00361243	0.00186297	1442	129.596	1.49585e-05	225.029	188.564	21.6074	1.61661	615	0	-0.297055	0	20	20
0.0036244	0.00184613	1430.12	128.817	1.28749e-05	217.29	183.908	21.394	1.61661	615	0	-0.287535	0	20	20
0.00363624	0.00182976	1418.62	128.033	1.10815e-05	209.816	179.368	21.1857	1.61661	615	0	-0.278376	0	20	20
0.00364794	0.00181385	1407.48	127.243	9.53793e-06	202.599	174.939	20.9824	1.61661	615	0	-0.269561	0	20	20
0.00365952	0.00179839	1396.69	126.449	8.20938e-06	195.631	170.62	20.7839	1.61661	615	0	-0.261072	0	20	20
0.00367098	0.00178337	1386.24	125.65	7.06588e-06	188.902	166.407	20.5899	1.61661	615	0	-0.252895	0	20	20
0.00368233	0.00176876	1376.12	124.847	6.08166e-06	182.405	162.298	20.4001	1.61661	615	0	-0.245014	0	20	20
0.00369356	0.00175455	1366.31	124.038	5.23453e-06	176.132	158.291	20.2146	1.61661	615	0	-0.237416	0	20	20
0.00370469	0.00174074	1356.82	123.225	4.5054e-06	170.074	154.383	20.0329	1.61661	615	0	-0.230085	0	20	20
0.0037157	0.00172731	1347.62	122.407	3.87783e-06	164.224	150.571	19.8554	1.61661	615	0	-0.223015	0	20	20
0.00372659	0.00171425	1338.7	121.585	3.33768e-06	158.576	146.854	19.6818	1.61661	615	0	-0.216193	0	20	20
0.00373739	0.00170155	1330.07	120.759	2.87277e-06	153.121	143.228	19.5117	1.61661	615	0	-0.209603	0	20	20
0.00374809	0.0016892	1321.7	119.928	2.47262e-06	147.855	139.692	19.345	1.61661	615	0	-0.203234	0	20	20
0.00375871	0.00167718	1313.6	119.094	2.1282e-06	142.769	136.243	19.1815	1.61661	615	0	-0.197077	0	20	20
0.00376925	0.00166548	1305.75	118.255	1.83176e-06	137.859	132.879	19.0211	1.61661	615	0	-0.191121	0	20	20
0.0037797	0.00165409	1298.14	117.413	1.57661e-06	133.117	129.598	18.8638	1.61661	615	0	-0.185358	0	20	20
0.00379007	0.00164301	1290.77	116.567	1.357e-06	128.539	126.398	18.7093	1.61661	615	0	-0.179778	0	20	20
0.00380037	0.00163222	1283.62	115.718	1.16798e-06	124.118	123.277	18.5576	1.61661	615	0	-0.174374	0	20	20
0.00381056	0.00162172	1276.7	114.865	1.00529e-06	119.849	120.234	18.4091	1.61661	615	0	-0.169142	0	20	20
0.00382067	0.00161151	1269.99	114.009	8.65262e-07	115.727	117.265	18.2633	1.61661	615	0	-0.164073	0	20	20
0.00383071	0.00160156	1263.49	113.149	7.44738e-07	111.746	114.37	18.1201	1.61661	615	0	-0.159157	0	20	20
0.00384068	0.00159186	1257.19	112.287	6.41002e-07	107.903	111.546	17.9794	1.61661	615	0	-0.154387	0	20	20
0.00385059	0.00158242	1251.09	111.421	5.51715e-07	104.192	108.792	17.841	1.61661	615	0	-0.149757	0	20	20
0.00386042	0.00157323	1245.17	110.553	4.74866e-07	100.608	106.106	17.705	1.61661	615	0	-0.145261	0	20	20
0.00387019	0.00156427	1239.43	109.682	4.08721e-07	97.1475	103.486	17.5713	1.61661	615	0	-0.140894	0	20	20
0.00387989	0.00155554	1233.87	108.809	3.51789e-07	93.8062	100.931	17.4398	1.61661	615	0	-0.13665	0	20	20
0.00388952	0.00154704	1228.48	107.933	3.02788e-07	90.5798	98.439	17.3107	1.61661	615	0	-0.132527	0	20	20
0.00389905	0.00153875	1223.26	107.056	2.60612e-07	87.4643	96.0085	17.1839	1.61661	615	0	-0.12852	0	20	20
0.00390853	0.00153068	1218.2	106.176	2.24311e-07	84.456	93.6381	17.0593	1.61661	615	0	-0.124622	0	20	20
0.00391794	0.00152281	1213.29	105.294	1.93066e-07	81.5512	91.3261	16.9366	1.61661	615	0	-0.120829	0	20	20
0.00392729	0.00151514	1208.53	104.411	1.66173e-07	78.7463	89.0713	16.816	1.61661	615	0	-0.117135	0	20	20
0.00393657	0.00150767	1203.91	103.526	1.43027e-07	76.0378	86.8721	16.6973	1.61661	615	0	-0.113538	0	20	20
0.00394579	0.00150038	1199.44	102.639	1.23104e-07	73.4225	84.7272	16.5806	1.61661	615	0	-0.110034	0	20	20
0.00395494	0.00149327	1195.1	101.751	1.05957e-07	70.8972	82.6353	16.4657	1.61661	615	0	-0.106618	0	20	20
0.00396402	0.00148634	1190.9	100.862	9.11979e-08	68.4587	80.595	16.3529	1.61661	615	0	-0.103291	0	20	20
0.003973	0.00147958	1186.82	99.9722	7.84948e-08	66.1041	78.6051	16.2421	1.61661	615	0	-0.100049	0	20	20
0.00398193	0.001473	1182.87	99.0814	6.75611e-08	63.8305	76.6644	16.1332	1.61661	615	0	-0.0968874	0	20	20
0.00399078	0.00146658	1179.03	98.1899	5.81504e-08	61.6351	74.7715	16.0261	1.61661	615	0	-0.0938026	0	20	20
0.00399956	0.00146031	1175.32	97.2979	5.00505e-08	59.5152	72.9254	15.9207	1.61661	615	0	-0.0907922	0	20	20
0.00400828	0.0014542	1171.71	96.4055	4.30789e-08	57.4682	71.1249	15.8171	1.61661	615	0	-0.0878536	0	20	20
0.00401692	0.00144824	1168.21	95.5129	3.70783e-08	55.4916	69.3688	15.7153	1.61661	615	0	-0.0849845	0	20	20
0.00402548	0.00144243	1164.82	94.6203	3.19136e-08	53.583	67.6561	15.6151	1.61661	615	0	-0.0821827	0	20	20
0.00403397	0.00143676	1161.54	93.7278	2.74683e-08	51.74	65.9856	15.5168	1.61661	615	0	-0.0794461	0	20	20
0.00404236	0.00143124	1158.35	92.8355	2.36422e-08	49.9604	64.3564	15.4203	1.61661	615	0	-0.0767761	0	20	20
0.00405067	0.00142585	1155.25	91.9436	2.0349e-08	48.242	62.7675	15.3256	1.61661	615	0	-0.0741674	0	20	20
0.0040589	0.00142059	1152.25	91.0524	1.75146e-08	46.5828	61.2177	15.2326	1.61661	615	0	-0.071618	0	20	20
0.00406705	0.00141547	1149.34	90.1618	1.50749e-08	44.9806	59.7063	15.1413	1.61661	615	0	-0.0691262	0	20	20
0.00407511	0.00141047	1146.52	89.2721	1.29751e-08	43.4335	58.2321	15.0516	1.61661	615	0	-0.0666904	0	20	20
0.00408309	0.0014056	1143.78	88.3835	1.11678e-08	41.9396	56.7944	14.9636	1.61661	615	0	-0.0643091	0	20	20
0.00409097	0.00140085	1141.13	87.4961	9.61219e-09	40.4971	55.3921	14.8772	1.61661	615	0	-0.0619807	0	20	20
0.00409877	0.00139621	1138.55	86.61	8.27329e-09	39.1042	54.0245	14.7925	1.61661	615	0	-0.059704	0	20	20
0.00410647	0.00139169	1136.05	85.7254	7.12089e-09	37.7593	52.6906	14.7094	1.61661	615	0	-0.0574779	0	20	20
0.00411405	0.00138729	1133.62	84.8425	6.129e-09	36.4606	51.3897	14.6282	1.61661	615	0	-0.055303	0	20	20
0.00412155	0.001383	1131.27	83.9614	5.27528e-09	35.2065	50.1209	14.5485	1.61661	615	0	-0.0531757	0	20	20
0.00412894	0.00137882	1128.99	83.0822	4.54048e-09	33.9956	48.8834	14.4705	1.61661	615	0	-0.0510949	0	20	20
0.00413623	0.00137475	1126.78	82.2051	3.90803e-09	32.8263	47.6764	14.3941	1.61661	615	0	-0.0490596	0	20	20
0.00414342	0.00137078	1124.63	81.3303	3.36367e-09	31.6973	46.4993	14.3193	1.61661	615	0	-0.0470686	0	20	20
0.0041505	0.00136691	1122.54	80.4579	2.89514e-09	30.6071	45.3512	14.2461	1.61661	615	0	-0.0451209	0	20	20
0.00415748	0.00136314	1120.52	79.588	2.49187e-09	29.5543	44.2315	14.1745	1.61661	615	0	-0.0432156	0	20	20
0.00416435	0.00135947	1118.56	78.7207	2.14477e-09	28.5378	43.1394	14.1045	1.61661	615	0	-0.0413516	0	20	20
0.00417111	0.0013559	1116.65	77.8563	1.84602e-09	27.5563	42.0743	14.036	1.61661	615	0	-0.0395282	0	20	20
0.00417776	0.00135242	1114.81	76.9948	1.58888e-09	26.6085	41.0355	13.9692	1.61661	615	0	-0.0377447	0	20	20
0.00418428	0.00134903	1113.01	76.1364	1.36757e-09	25.6933	40.0223	13.9039	1.61661	615	0	-0.0360009	0	20	20
0.00419069	0.00134574	1111.27	75.2813	1.17707e-09	24.8096	39.0342	13.8402	1.61661	615	0	-0.0342947	0	20	20
0.00419699	0.00134253	1109.59	74.4294	1.01312e-09	23.9563	38.0704	13.778	1.61661	615	0	-0.0326253	0	20	20
0.00420317	0.00133941	1107.95	73.5811	8.71998e-10	23.1323	37.1304	13.7173	1.61661	615	0	-0.0309918	0	20	20
0.00420924	0.00133637	1106.36	72.7364	7.50536e-10	22.3367	36.2137	13.6581	1.61661	615	0	-0.0293935	0	20	20
0.00421519	0.00133341	1104.82	71.8953	6.45992e-10	21.5684	35.3196	13.6003	1.61661	615	0	-0.0278296	0	20	20
0.00422103	0.00133054	1103.32	71.0582	5.56011e-10	20.8266	34.4475	13.544	1.61661	615	0	-0.0262992	0	20	20
0.00422674	0.00132774	1101.86	70.225	4.78563e-10	20.1103	33.597	13.4891	1.61661	615	0	-0.0248015	0	20	20
0.00423235	0.00132503	1100.45	69.3959	4.11903e-10	19.4186	32.7675	13.4356	1.61661	615	0	-0.0233358	0	20	20
0.00423783	0.00132238	1099.08	68.571	3.54528e-10	18.7507	31.9585	13.3835	1.61661	615	0	-0.0219013	0	20	20
0.00424321	0.00131982	1097.76	67.7505	3.05145e-10	18.1058	31.1694	13.3327	1.61661	615	0	-0.0204972	0	20	20
0.00424846	0.00131732	1096.47	66.9343	2.62641e-10	17.483	30.3998	13.2833	1.61661	615	0	-0.0191232	0	20	20
0.00425359	0.00131489	1095.21	66.1227	2.26057e-10	16.8817	29.6493	13.2352	1.61661	615	0	-0.0177783	0	20	20
0.00425862	0.00131254	1094	65.3158	1.94569e-10	16.3011	28.9172	13.1884	1.61661	615	0	-0.0164616	0	20	20
0.00426353	0.00131025	1092.82	64.5135	1.67467e-10	15.7404	28.2032	13.1429	1.61661	615	0	-0.0151721	0	20	20
0.00426834	0.00130802	1091.68	63.7161	1.4414e-10	15.199	27.5069	13.0986	1.61661	615	0	-0.0139094	0	20	20
0.00427303	0.00130586	1090.56	62.9236	1.24063e-10	14.6763	26.8278	13.0555	1.61661	615	0	-0.0126726	0	20	20
0.00427762	0.00130376	1089.49	62.1362	1.06782e-10	14.1715	26.1654	13.0135	1.61661	615	0	-0.011461	0	20	20
0.0042821	0.00130172	1088.44	61.3539	9.1908e-11	13.6841	25.5194	12.9727	1.61661	615	0	-0.010274	0	20	20
0.00428648	0.00129974	1087.42	60.5767	7.91059e-11	13.2134	24.8893	12.933	1.61661	615	0	-0.00911092	0	20	20
0.00429075	0.00129782	1086.44	59.8049	6.80871e-11	12.7589	24.2748	12.8944	1.61661	615	0	-0.00797105	0	20	20
0.00429493	0.00129595	1085.48	59.0384	5.86031e-11	12.3201	23.6754	12.8568	1.61661	615	0	-0.00685377	0	20	20
0.004299	0.00129414	1084.55	58.2773	5.04402e-11	11.8963	23.0909	12.8203	1.61661	615	0	-0.00575846	0	20	20
0.00430298	0.00129237	1083.65	57.5218	4.34142e-11	11.4872	22.5208	12.7847	1.61661	615	0	-0.00468449	0	20	20
0.00430687	0.00129066	1082.77	56.7719	3.7367e-11	11.0921	21.9647	12.7501	1.61661	615	0	-0.00363126	0	20	20
0.00431066	0.001289	1081.92	56.0276	3.21621e-11	10.7106	21.4224	12.7165	1.61661	615	0	-0.00259819	0	20	20
0.00431437	0.00128739	1081.1	55.289	2.76821e-11	10.3422	20.8935	12.6838	1.61661	615	0	-0.00158474	0	20	20
0.00431798	0.00128582	1080.3	54.5562	2.38262e-11	9.98647	20.3776	12.652	1.61661	615	0	-0.000590539	0	20	20
0.00432151	0.0012843	1079.52	53.8293	2.05074e-11	9.64299	19.8745	12.621	1.61661	615	0	0.000385192	0	20	20
0.00432495	0.00128283	1078.77	53.1082	1.76509e-11	9.31132	19.3838	12.5909	1.61661	615	0	0.00134297	0	20	20
0.00432831	0.0012814	1078.04	52.3932	1.51923e-11	8.99106	18.9052	12.5616	1.61661	615	0	0.00228329	0	20	20
0.00433159	0.00128	1077.33	51.6841	1.30761e-11	8.68182	18.4384	12.533	1.61661	615	0	0.00320664	0	20	20
0.0043348	0.00127865	1076.64	50.981	1.12547e-11	8.38321	17.9832	12.5053	1.61661	615	0	0.0041135	0	20	20
0.00433793	0.00127734	1075.97	50.2841	9.68703e-12	8.09487	17.5392	12.4782	1.61661	615	0	0.00500431	0	20	20
0.00434099	0.00127607	1075.32	49.5933	8.3377e-12	7.81645	17.1061	12.4519	1.61661	615	0	0.00587951	0	20	20
0.00434397	0.00127483	1074.69	48.9087	7.17633e-12	7.54761	16.6838	12.4262	1.61661	615	0	0.00673953	0	20	20
0.00434689	0.00127363	1074.09	48.2303	6.17672e-12	7.28801	16.2719	12.4012	1.61661	615	0	0.00758477	0	20	20
0.00434973	0.00127246	1073.49	47.5582	5.31635e-12	7.03734	15.8701	12.3769	1.61661	615	0	0.00841562	0	20	20
0.00435252	0.00127133	1072.92	46.8923	4.57583e-12	6.7953	15.4783	12.3532	1.61661	615	0	0.00923247	0	20	20
0.00435523	0.00127023	1072.37	46.2327	3.93845e-12	6.56158	15.0961	12.3301	1.61661	615	0	0.0100357	0	20	20
0.00435789	0.00126916	1071.83	45.5795	3.38986e-12	6.33589	14.7234	12.3075	1.61661	615	0	0.0108256	0	20	20
0.00436049	0.00126813	1071.3	44.9326	2.91768e-12	6.11797	14.3599	12.2856	1.61661	615	0	0.0116025	0	20	20
0.00436303	0.00126712	1070.8	44.2921	2.51127e-12	5.90755	14.0053	12.2641	1.61661	615	0	0.0123669	0	20	20
0.00436551	0.00126614	1070.31	43.658	2.16147e-12	5.70436	13.6595	12.2432	1.61661	615	0	0.0131189	0	20	20
0.00436793	0.00126519	1069.83	43.0302	1.86039e-12	5.50816	13.3223	12.2228	1.61661	615	0	0.0138588	0	20	20
0.00437031	0.00126427	1069.37	42.409	1.60125e-12	5.31871	12.9933	12.2029	1.61661	615	0	0.0145871	0	20	20
0.00437263	0.00126337	1068.93	41.7941	1.37821e-12	5.13578	12.6725	12.1835	1.61661	615	0	0.0153039	0	20	20
0.0043749	0.0012625	1068.5	41.1856	1.18624e-12	4.95913	12.3597	12.1645	1.61661	615	0	0.0160095	0	20	20
0.00437712	0.00126166	1068.08	40.5837	1.02101e-12	4.78857	12.0545	12.146	1.61661	615	0	0.0167041	0	20	20
0.0043793	0.00126083	1067.67	39.9881	8.78787e-13	4.62386	11.7569	12.1279	1.61661	615	0	0.0173881	0	20	20
0.00438143	0.00126004	1067.28	39.399	7.56379e-13	4.46483	11.4666	12.1103	1.61661	615	0	0.0180616	0	20	20
0.00438247	0.00125949	1066.9	38.8163	6.51022e-13	4.31126	11.1835	12.1016	1.61661	615	0	0.0190989	0	20	20
0.00438144	0.00125944	1066.54	38.2401	5.60339e-13	4.16298	10.9074	12.1102	1.61661	615	0	0.020831	0	20	20
0.0043804	0.0012594	1066.21	37.6703	4.82289e-13	4.0198	10.638	12.1187	1.61661	615	0	0.022493	0	20	20
0.00437938	0.00125938	1065.89	37.1069	4.1511e-13	3.88154	10.3754	12.1273	1.61661	615	0	0.0240876	0	20	20
0.00437836	0.00125938	1065.59	36.5499	3.57288e-13	3.74803	10.1192	12.1357	1.61661	615	0	0.0256172	0	20	20
0.00437735	0.00125939	1065.31	35.9993	3.07521e-13	3.61912	9.86938	12.1441	1.61661	615	0	0.0270843	0	20	20
0.00437636	0.00125942	1065.04	35.4551	2.64686e-13	3.49464	9.62571	12.1524	1.61661	615	0	0.0284913	0	20	20
0.00437538	0.00125946	1064.79	34.9173	2.27817e-13	3.37445	9.38805	12.1606	1.61661	615	0	0.0298405	0	20	20
0.00437441	0.00125951	1064.56	34.3858	1.96084e-13	3.25838	9.15625	12.1686	1.61661	615	0	0.0311341	0	20	20
0.00437347	0.00125957	1064.34	33.8607	1.68771e-13	3.14631	8.93019	12.1765	1.61661	615	0	0.0323743	0	20	20
0.00437254	0.00125964	1064.14	33.3418	1.45263e-13	3.0381	8.7097	12.1843	1.61661	615	0	0.0335632	0	20	20
0.00437164	0.00125972	1063.95	32.8292	1.25029e-13	2.9336	8.49466	12.1918	1.61661	615	0	0.0347028	0	20	20
0.00437075	0.0012598	1063.77	32.3229	1.07613e-13	2.8327	8.28492	12.1992	1.61661	615	0	0.035795	0	20	20
0.0043699	0.0012599	1063.6	31.8229	9.26235e-14	2.73527	8.08037	12.2064	1.61661	615	0	0.0368417	0	20	20
0.00436907	0.00125999	1063.44	31.329	7.97218e-14	2.64119	7.88086	12.2133	1.61661	615	0	0.0378448	0	20	20
0.00436827	0.00126009	1063.3	30.8413	6.86172e-14	2.55035	7.68628	12.22	1.61661	615	0	0.0388059	0	20	20
0.0043675	0.0012602	1063.16	30.3597	5.90593e-14	2.46263	7.49651	12.2265	1.61661	615	0	0.0397269	0	20	20
0.00436675	0.0012603	1063.03	29.8843	5.08329e-14	2.37793	7.31142	12.2327	1.61661	615	0	0.0406094	0	20	20
0.00436604	0.00126041	1062.92	29.4149	4.37522e-14	2.29614	7.1309	12.2387	1.61661	615	0	0.0414549	0	20	20
0.00436537	0.00126052	1062.81	28.9516	3.76579e-14	2.21717	6.95484	12.2444	1.61661	615	0	0.0422649	0	20	20
0.00436472	0.00126063	1062.71	28.4943	3.24125e-14	2.14091	6.78312	12.2498	1.61661	615	0	0.043041	0	20	20
0.00436411	0.00126074	1062.62	28.0429	2.78977e-14	2.06727	6.61564	12.255	1.61661	615	0	0.0437845	0	20	20
0.00436354	0.00126085	1062.53	27.5975	2.40117e-14	1.99617	6.4523	12.2598	1.61661	615	0	0.0444968	0	20	20
0.004363	0.00126095	1062.45	27.158	2.06671e-14	1.92751	6.293	12.2643	1.61661	615	0	0.0451793	0	20	20
0.0043625	0.00126106	1062.38	26.7243	1.77883e-14	1.86122	6.13762	12.2686	1.61661	615	0	0.0458332	0	20	20
0.00436203	0.00126116	1062.31	26.2965	1.53106e-14	1.7972	5.98608	12.2725	1.61661	615	0	0.0464596	0	20	20
0.00436161	0.00126125	1062.25	25.8744	1.31779e-14	1.73539	5.83829	12.2761	1.61661	615	0	0.0470598	0	20	20
0.00436121	0.00126135	1062.2	25.458	1.13423e-14	1.6757	5.69414	12.2794	1.61661	615	0	0.047635	0	20	20
0.00436086	0.00126144	1062.15	25.0473	9.76244e-15	1.61806	5.55355	12.2824	1.61661	615	0	0.0481861	0	20	20
0.00436055	0.00126153	1062.11	24.6423	8.40261e-15	1.56241	5.41643	12.2851	1.61661	615	0	0.0487142	0	20	20
0.00436027	0.00126161	1062.07	24.2428	7.2322e-15	1.50867	5.2827	12.2874	1.61661	615	0	0.0492204	0	20	20
0.00436003	0.00126169	1062.03	23.8489	6.22481e-15	1.45678	5.15227	12.2894	1.61661	615	0	0.0497055	0	20	20
0.00435983	0.00126176	1062	23.4604	5.35774e-15	1.40668	5.02506	12.2912	1.61661	615	0	0.0501705	0	20	20
0.00435966	0.00126183	1061.98	23.0775	4.61145e-15	1.3583	4.90099	12.2925	1.61661	615	0	0.0506163	0	20	20
0.00435953	0.00126189	1061.95	22.6999	3.96911e-15	1.31158	4.77998	12.2936	1.61661	615	0	0.0510437	0	20	20
0.00435944	0.00126195	1061.94	22.3277	3.41625e-15	1.26647	4.66197	12.2944	1.61661	615	0	0.0514535	0	20	20
0.00435939	0.001262	1061.92	21.9608	2.94039e-15	1.22291	4.54686	12.2949	1.61661	615	0	0.0518465	0	20	20
0.00435937	0.00126205	1061.91	21.5991	2.53082e-15	1.18085	4.4346	12.295	1.61661	615	0	0.0522235	0	20	20
0.00435939	0.00126209	1061.9	21.2427	2.1783e-15	1.14023	4.32511	12.2949	1.61661	615	0	0.0525851	0	20	20
0.00435944	0.00126213	1061.89	20.8914	1.87488e-15	1.10101	4.21832	12.2944	1.61661	615	0	0.052932	0	20	20
0.00435953	0.00126216	1061.89	20.5452	1.61372e-15	1.06314	4.11417	12.2937	1.61661	615	0	0.053265	0	20	20
0.00435965	0.00126218	1061.88	20.204	1.38894e-15	1.02658	4.01259	12.2927	1.61661	615	0	0.0535845	0	20	20
0.0043598	0.0012622	1061.89	19.8679	1.19547e-15	0.991269	3.91352	12.2914	1.61661	615	0	0.0538913	0	20	20
0.00435999	0.00126221	1061.89	19.5367	1.02895e-15	0.957175	3.81689	12.2898	1.61661	615	0	0.0541858	0	20	20
0.0043602	0.00126222	1061.89	19.2104	8.85629e-16	0.924253	3.72266	12.2879	1.61661	615	0	0.0544687	0	20	20
0.00436045	0.00126222	1061.9	18.8889	7.62268e-16	0.892464	3.63074	12.2858	1.61661	615	0	0.0547404	0	20	20
0.00436073	0.00126222	1061.91	18.5723	6.5609e-16	0.861768	3.5411	12.2835	1.61661	615	0	0.0550014	0	20	20
0.00436104	0.00126221	1061.92	18.2604	5.64702e-16	0.832128	3.45367	12.2809	1.61661	615	0	0.0552523	0	20	20
0.00436138	0.00126219	1061.93	17.9532	4.86043e-16	0.803507	3.3684	12.278	1.61661	615	0	0.0554935	0	20	20
0.00436175	0.00126217	1061.95	17.6506	4.18342e-16	0.775871	3.28523	12.2749	1.61661	615	0	0.0557254	0	20	20
0.00436214	0.00126215	1061.96	17.3526	3.6007e-16	0.749185	3.20412	12.2716	1.61661	615	0	0.0559484	0	20	20
0.00436256	0.00126212	1061.98	17.0592	3.09915e-16	0.723417	3.12501	12.2681	1.61661	615	0	0.056163	0	20	20
0.004363	0.00126208	1062	16.7702	2.66746e-16	0.698536	3.04785	12.2643	1.61661	615	0	0.0563695	0	20	20
0.00436347	0.00126204	1062.02	16.4856	2.29591e-16	0.67451	2.9726	12.2603	1.61661	615	0	0.0565682	0	20	20
0.00436397	0.00126199	1062.04	16.2055	1.97611e-16	0.65131	2.89921	12.2562	1.61661	615	0	0.0567596	0	20	20
0.00436449	0.00126194	1062.06	15.9296	1.70085e-16	0.628909	2.82763	12.2518	1.61661	615	0	0.056944	0	20	20
0.00436503	0.00126189	1062.09	15.6581	1.46393e-16	0.607278	2.75781	12.2473	1.61661	615	0	0.0571216	0	20	20
0.00436559	0.00126183	1062.11	15.3907	1.26002e-16	0.586391	2.68972	12.2425	1.61661	615	0	0.0572928	0	20	20
0.00436617	0.00126177	1062.13	15.1275	1.08451e-16	0.566222	2.62331	12.2376	1.61661	615	0	0.0574579	0	20	20
0.00436678	0.0012617	1062.16	14.8685	9.33446e-17	0.546747	2.55854	12.2325	1.61661	615	0	0.0576171	0	20	20
0.0043674	0.00126163	1062.19	14.6135	8.03424e-17	0.527942	2.49537	12.2273	1.61661	615	0	0.0577707	0	20	20
0.00436804	0.00126155	1062.21	14.3625	6.91514e-17	0.509784	2.43376	12.2219	1.61661	615	0	0.057919	0	20	20
0.00436871	0.00126147	1062.24	14.1155	5.95191e-17	0.49225	2.37367	12.2164	1.61661	615	0	0.0580621	0	20	20
0.00436938	0.00126138	1062.27	13.8724	5.12286e-17	0.475319	2.31506	12.2107	1.61661	615	0	0.0582004	0	20	20
0.00437008	0.0012613	1062.3	13.6332	4.40929e-17	0.458971	2.2579	12.2048	1.61661	615	0	0.058334	0	20	20
0.00437079	0.00126121	1062.33	13.3977	3.79511e-17	0.443185	2.20216	12.1989	1.61661	615	0	0.0584632	0	20	20
0.00437152	0.00126111	1062.36	13.1661	3.26648e-17	0.427941	2.14779	12.1928	1.61661	615	0	0.0585881	0	20	20
0.00437226	0.00126101	1062.39	12.9381	2.81149e-17	0.413223	2.09476	12.1866	1.61661	615	0	0.0587089	0	20	20
0.00437302	0.00126091	1062.42	12.7138	2.41987e-17	0.39901	2.04304	12.1802	1.61661	615	0	0.0588259	0	20	20
0.00437379	0.0012608	1062.46	12.4932	2.0828e-17	0.385286	1.99259	12.1738	1.61661	615	0	0.0589391	0	20	20
0.00437458	0.0012607	1062.49	12.2761	1.79268e-17	0.372034	1.9434	12.1672	1.61661	615	0	0.0590488	0	20	20
0.00437538	0.00126059	1062.52	12.0625	1.54298e-17	0.359238	1.89541	12.1605	1.61661	615	0	0.0591551	0	20	20
0.00437619	0.00126047	1062.55	11.8524	1.32805e-17	0.346883	1.84862	12.1538	1.61661	615	0	0.0592581	0	20	20
0.00437701	0.00126035	1062.59	11.6457	1.14306e-17	0.334952	1.80297	12.1469	1.61661	615	0	0.059358	0	20	20
0.00437785	0.00126023	1062.62	11.4423	9.83845e-18	0.323431	1.75846	12.14	1.61661	615	0	0.059455	0	20	20
0.00437869	0.00126011	1062.65	11.2423	8.46803e-18	0.312307	1.71504	12.1329	1.61661	615	0	0.0595491	0	20	20
0.00437955	0.00125999	1062.69	11.0456	7.2885e-18	0.301565	1.6727	12.1258	1.61661	615	0	0.0596405	0	20	20
0.00438042	0.00125986	1062.72	10.8521	6.27327e-18	0.291193	1.6314	12.1186	1.61661	615	0	0.0597293	0	20	20
0.0043813	0.00125973	1062.76	10.6619	5.39946e-18	0.281178	1.59112	12.1113	1.61661	615	0	0.0598156	0	20	20
0.00438218	0.0012596	1062.79	10.4747	4.64735e-18	0.271507	1.55183	12.104	1.61661	615	0	0.0598995	0	20	20
0.00438308	0.00125946	1062.83	10.2906	4.00001e-18	0.262168	1.51352	12.0966	1.61661	615	0	0.0599811	0	20	20
0.00438398	0.00125933	1062.86	10.1096	3.44284e-18	0.253151	1.47615	12.0891	1.61661	615	0	0.0600606	0	20	20
0.0043849	0.00125919	1062.9	9.93164	2.96328e-18	0.244444	1.4397	12.0815	1.61661	615	0	0.060138	0	20	20
0.00438582	0.00125905	1062.93	9.75661	2.55052e-18	0.236036	1.40416	12.0739	1.61661	615	0	0.0602134	0	20	20
0.00438675	0.0012589	1062.97	9.5845	2.19525e-18	0.227918	1.36949	12.0663	1.61661	615	0	0.0602868	0	20	20
0.00438768	0.00125876	1063.01	9.41527	1.88947e-18	0.220079	1.33568	12.0585	1.61661	615	0	0.0603585	0	20	20
0.00438863	0.00125861	1063.04	9.24887	1.62628e-18	0.212509	1.3027	12.0508	1.61661	615	0	0.0604283	0	20	20
0.00438958	0.00125846	1063.08	9.08527	1.39976e-18	0.2052	1.27053	12.0429	1.61661	615	0	0.0604965	0	20	20
0.00439054	0.00125831	1063.11	8.92441	1.20478e-18	0.198142	1.23916	12.035	1.61661	615	0	0.0605631	0	20	20
0.0043915	0.00125816	1063.15	8.76627	1.03696e-18	0.191327	1.20857	12.0271	1.61661	615	0	0.0606281	0	20	20
0.00439247	0.00125801	1063.19	8.6108	8.92524e-19	0.184747	1.17873	12.0191	1.61661	615	0	0.0606916	0	20	20
0.00439345	0.00125785	1063.22	8.45795	7.68203e-19	0.178393	1.14963	12.0111	1.61661	615	0	0.0607537	0	20	20
0.00439443	0.00125769	1063.26	8.3077	6.61198e-19	0.172257	1.12124	12.0031	1.61661	615	0	0.0608145	0	20	20
0.00439542	0.00125753	1063.3	8.15999	5.69098e-19	0.166332	1.09356	11.995	1.61661	615	0	0.0608739	0	20	20
0.00439642	0.00125737	1063.33	8.0148	4.89828e-19	0.160611	1.06656	11.9868	1.61661	615	0	0.0609321	0	20	20
0.00439742	0.00125721	1063.37	7.87207	4.21598e-19	0.155087	1.04023	11.9786	1.61661	615	0	0.0609891	0	20	20
0.00439842	0.00125705	1063.4	7.73179	3.62873e-19	0.149753	1.01454	11.9704	1.61661	615	0	0.0610449	0	20	20
0.00439943	0.00125688	1063.44	7.59389	3.12328e-19	0.144602	0.989493	11.9622	1.61661	615	0	0.0610996	0	20	20
0.00440045	0.00125672	1063.48	7.45836	2.68823e-19	0.139629	0.965062	11.9539	1.61661	615	0	0.0611532	0	20	20
0.00440147	0.00125655	1063.51	7.32515	2.31378e-19	0.134826	0.941235	11.9456	1.61661	615	0	0.0612058	0	20	20
0.00440249	0.00125638	1063.55	7.19422	1.99149e-19	0.130189	0.917995	11.9373	1.61661	615	0	0.0612574	0	20	20
0.00440352	0.00125621	1063.59	7.06554	1.71409e-19	0.125711	0.89533	11.9289	1.61661	615	0	0.0613081	0	20	20
0.00440456	0.00125604	1063.62	6.93908	1.47533e-19	0.121387	0.873224	11.9205	1.61661	615	0	0.0613578	0	20	20
0.00440559	0.00125586	1063.66	6.8148	1.26983e-19	0.117212	0.851664	11.9121	1.61661	615	0	0.0614067	0	20	20
0.00440664	0.00125569	1063.7	6.69266	1.09295e-19	0.113181	0.830637	11.9036	1.61661	615	0	0.0614547	0	20	20
