0.00633136	
0.00565617	
0.0046002	
0.00403105	
0.00370099	
0.00348807	
0.0033354	
0.0032186	
0.00313578	
0.00309754	
0.00312717	
0.00326002	
0.00347454	
0.00375556	
0.0040982	
0.00450515	
0.0049842	
0.00554683	
0.00620755	
0.00698368	
0.00789549	
0.00896651	
0.0102241	
0.0116996	
0.013425	
0.0154395	
0.0178731	
0.020866	
0.024441	
0.0287243	
0.0384092	
0.0474421	
0.0499921	
0.0489632	
0.0470339	
0.0450951	
0.0433986	
0.0420006	
0.0408853	
0.040013	
0.0393407	
0.03883	
0.0384486	
0.0381702	
0.0379734	
0.0378661	
0.0378618	
0.0379412	
0.0380865	
0.0382823	
0.0385152	
0.0387735	
0.0390473	
0.0393283	
0.0396096	
0.0398858	
0.0401527	
0.040407	
0.0406465	
0.0408698	
0.0410762	
0.0412653	
0.0414373	
0.0415928	
0.0417325	
0.0418571	
0.0419678	
0.0420654	
0.0421511	
0.0422258	
0.0422905	
0.0423463	
0.0423939	
