0.00863647	0.00069524	1116.55	290.747	76.5	0	0	1.58121	1.61661	615	0	0.148889	0	20	20
0.00872533	0.000706841	1145.31	290.747	76.4694	20.0207	6.74688	1.53339	1.61661	615	0	-0.195483	0	20	20
0.00887429	0.000730941	1201.86	290.747	76.4339	58.6863	19.908	1.45747	1.61661	615	0	-0.821517	0	20	20
0.00898997	0.000755405	1256.09	290.747	76.3927	96.0201	32.7435	1.40193	1.61661	615	0	-1.35837	0	20	20
0.00907694	0.000779857	1307.58	290.747	76.3448	132.058	45.2582	1.36201	1.61661	615	0	-1.82236	0	20	20
0.00914095	0.000803945	1356.18	290.747	76.2893	166.836	57.457	1.3336	1.61661	615	0	-2.22535	0	20	20
0.00918749	0.000827452	1401.98	290.747	76.2249	200.39	69.3449	1.31344	1.61661	615	0	-2.5777	0	20	20
0.00922109	0.000850291	1445.25	290.747	76.1502	232.753	80.9271	1.29913	1.61661	615	0	-2.88835	0	20	20
0.0092452	0.000872469	1486.35	290.747	76.0636	263.961	92.2089	1.28899	1.61661	615	0	-3.1647	0	20	20
0.00926233	0.000894029	1525.6	290.746	75.9633	294.047	103.196	1.28186	1.61661	615	0	-3.41266	0	20	20
0.00927422	0.000915023	1563.28	290.746	75.847	323.045	113.894	1.27693	1.61661	615	0	-3.63679	0	20	20
0.00928213	0.000935491	1599.57	290.746	75.7124	350.991	124.309	1.27367	1.61661	615	0	-3.84061	0	20	20
0.00928695	0.000955458	1634.63	290.746	75.5566	377.918	134.447	1.27169	1.61661	615	0	-4.02685	0	20	20
0.00928933	0.000974935	1668.53	290.746	75.3764	403.862	144.316	1.27071	1.61661	615	0	-4.19764	0	20	20
0.00928977	0.000993926	1701.33	290.745	75.1681	428.858	153.922	1.27053	1.61661	615	0	-4.35475	0	20	20
0.00928863	0.00101243	1733.08	290.745	74.9275	452.942	163.273	1.271	1.61661	615	0	-4.49964	0	20	20
0.00928622	0.00103044	1763.8	290.745	74.6499	476.151	172.378	1.27199	1.61661	615	0	-4.63357	0	20	20
0.00928278	0.00104797	1793.51	290.745	74.33	498.523	181.245	1.2734	1.61661	615	0	-4.75762	0	20	20
0.00927849	0.001065	1822.23	290.744	73.9617	520.096	189.883	1.27517	1.61661	615	0	-4.87278	0	20	20
0.00927351	0.00108156	1850.01	290.744	73.5383	540.911	198.301	1.27723	1.61661	615	0	-4.97992	0	20	20
0.00926795	0.00109765	1876.86	290.744	73.0526	561.007	206.512	1.27952	1.61661	615	0	-5.07981	0	20	20
0.00926194	0.00111328	1902.82	290.743	72.4961	580.425	214.524	1.28202	1.61661	615	0	-5.17316	0	20	20
0.00925553	0.00112847	1927.92	290.743	71.8602	599.208	222.349	1.28468	1.61661	615	0	-5.26062	0	20	20
0.00924879	0.00114325	1952.2	290.742	71.1353	617.397	229.998	1.28749	1.61661	615	0	-5.34275	0	20	20
0.00924178	0.00115762	1975.7	290.742	70.3111	635.032	237.483	1.29043	1.61661	615	0	-5.42008	0	20	20
0.00923453	0.0011716	1998.45	290.741	69.3773	652.153	244.815	1.29347	1.61661	615	0	-5.49306	0	20	20
0.00922708	0.00118523	2020.48	290.74	68.323	668.798	252.004	1.2966	1.61661	615	0	-5.56211	0	20	20
0.00921944	0.0011985	2041.83	290.74	67.1377	684.999	259.058	1.29983	1.61661	615	0	-5.62759	0	20	20
0.00921165	0.00121145	2062.51	290.739	65.8111	700.784	265.987	1.30313	1.61661	615	0	-5.6898	0	20	20
0.00920372	0.00122407	2082.54	290.738	64.3342	716.173	272.794	1.3065	1.61661	615	0	-5.749	0	20	20
0.00919567	0.00123637	2101.92	290.737	62.6995	731.177	279.482	1.30993	1.61661	615	0	-5.80539	0	20	20
0.00918755	0.00124833	2120.65	290.736	60.9015	745.798	286.049	1.31341	1.61661	615	0	-5.8591	0	20	20
0.00917937	0.00125996	2138.7	290.735	58.9379	760.021	292.491	1.31693	1.61661	615	0	-5.91023	0	20	20
0.0091712	0.00127121	2156.04	290.734	56.8097	773.82	298.795	1.32045	1.61661	615	0	-5.95878	0	20	20
0.00916308	0.00128205	2172.61	290.733	54.5225	787.152	304.946	1.32396	1.61661	615	0	-6.00473	0	20	20
0.00915508	0.00129243	2188.35	290.731	52.086	799.959	310.923	1.32744	1.61661	615	0	-6.04799	0	20	20
0.00914728	0.00130229	2203.16	290.73	49.5151	812.168	316.699	1.33083	1.61661	615	0	-6.08841	0	20	20
0.00913978	0.00131155	2216.95	290.728	46.8297	823.694	322.244	1.33411	1.61661	615	0	-6.12582	0	20	20
0.00913268	0.00132015	2229.62	290.726	44.0538	834.444	327.523	1.33723	1.61661	615	0	-6.16001	0	20	20
0.00912606	0.00132801	2241.05	290.724	41.2153	844.318	332.5	1.34014	1.61661	615	0	-6.19076	0	20	20
0.00912005	0.00133503	2251.15	290.722	38.3448	853.217	337.14	1.34279	1.61661	615	0	-6.21785	0	20	20
0.00911473	0.00134116	2259.82	290.72	35.4743	861.051	341.408	1.34515	1.61661	615	0	-6.24109	0	20	20
0.00911019	0.00134632	2266.98	290.717	32.6358	867.737	345.273	1.34715	1.61661	615	0	-6.26028	0	20	20
0.00910652	0.00135047	2272.57	290.714	29.8599	873.211	348.711	1.34879	1.61661	615	0	-6.27531	0	20	20
0.00910377	0.00135357	2276.55	290.711	27.1745	877.426	351.701	1.35001	1.61661	615	0	-6.28609	0	20	20
0.00910197	0.0013556	2278.91	290.708	24.6037	880.359	354.232	1.35081	1.61661	615	0	-6.29258	0	20	20
0.00910116	0.00135657	2279.66	290.704	22.1672	882.006	356.299	1.35117	1.61661	615	0	-6.2948	0	20	20
0.00910129	0.00135649	2278.84	290.7	19.8799	882.388	357.906	1.35111	1.61661	615	0	-6.29249	0	20	20
0.00910146	0.00135552	2276.51	290.696	17.7517	881.541	359.061	1.35103	1.61661	615	0	-6.27885	0	20	20
0.00910167	0.00135371	2272.75	290.691	15.7881	879.52	359.781	1.35094	1.61661	615	0	-6.2545	0	20	20
0.0091019	0.0013511	2267.65	290.686	13.9901	876.391	360.084	1.35084	1.61661	615	0	-6.22015	0	20	20
0.00910216	0.00134776	2261.32	290.68	12.3554	872.23	359.993	1.35073	1.61661	615	0	-6.17657	0	20	20
0.00910242	0.00134373	2253.84	290.674	10.8785	867.118	359.535	1.35061	1.61661	615	0	-6.12458	0	20	20
0.00910267	0.00133909	2245.34	290.667	9.55195	861.14	358.734	1.3505	1.61661	615	0	-6.06503	0	20	20
0.00910292	0.00133389	2235.89	290.66	8.36659	854.379	357.619	1.35039	1.61661	615	0	-5.99874	0	20	20
0.00910315	0.00132819	2225.62	290.652	7.31231	846.917	356.215	1.35029	1.61661	615	0	-5.92651	0	20	20
0.00910334	0.00132205	2214.59	290.643	6.37848	838.831	354.547	1.3502	1.61661	615	0	-5.8491	0	20	20
0.0091035	0.00131551	2202.91	290.633	5.55436	830.193	352.639	1.35013	1.61661	615	0	-5.7672	0	20	20
0.00910361	0.00130862	2190.64	290.623	4.8294	821.072	350.514	1.35008	1.61661	615	0	-5.68147	0	20	20
0.00910366	0.00130143	2177.87	290.611	4.19349	811.527	348.192	1.35006	1.61661	615	0	-5.59249	0	20	20
0.00910366	0.00129396	2164.64	290.599	3.63707	801.615	345.692	1.35006	1.61661	615	0	-5.50078	0	20	20
0.00910359	0.00128627	2151.03	290.585	3.15127	791.385	343.03	1.35009	1.61661	615	0	-5.40681	0	20	20
0.00910345	0.00127837	2137.08	290.571	2.72794	780.88	340.222	1.35015	1.61661	615	0	-5.311	0	20	20
0.00910323	0.0012703	2122.83	290.555	2.35965	770.14	337.281	1.35025	1.61661	615	0	-5.21371	0	20	20
0.00910294	0.00126207	2108.32	290.537	2.03971	759.199	334.219	1.35038	1.61661	615	0	-5.11525	0	20	20
0.00910256	0.00125372	2093.6	290.518	1.76213	748.088	331.048	1.35054	1.61661	615	0	-5.01592	0	20	20
0.0091021	0.00124525	2078.69	290.497	1.52155	736.832	327.776	1.35075	1.61661	615	0	-4.91595	0	20	20
0.00910155	0.00123668	2063.61	290.474	1.31324	725.455	324.414	1.35099	1.61661	615	0	-4.81555	0	20	20
0.00910091	0.00122803	2048.39	290.449	1.13301	713.977	320.967	1.35128	1.61661	615	0	-4.71491	0	20	20
0.00910018	0.00121931	2033.06	290.422	0.977206	702.416	317.444	1.3516	1.61661	615	0	-4.61419	0	20	20
0.00909936	0.00121054	2017.63	290.392	0.842585	690.788	313.851	1.35197	1.61661	615	0	-4.51354	0	20	20
0.00909845	0.00120171	2002.11	290.36	0.726331	679.107	310.193	1.35238	1.61661	615	0	-4.41308	0	20	20
0.00909744	0.00119285	1986.53	290.325	0.625985	667.386	306.475	1.35283	1.61661	615	0	-4.31291	0	20	20
0.00909634	0.00118396	1970.9	290.286	0.539403	655.634	302.703	1.35332	1.61661	615	0	-4.21315	0	20	20
0.00909514	0.00117504	1955.23	290.245	0.464724	643.864	298.88	1.35385	1.61661	615	0	-4.11386	0	20	20
0.00909385	0.0011661	1939.53	290.199	0.400329	632.083	295.011	1.35443	1.61661	615	0	-4.01514	0	20	20
0.00909247	0.00115716	1923.82	290.149	0.344818	620.3	291.1	1.35505	1.61661	615	0	-3.91705	0	20	20
0.009091	0.00114821	1908.09	290.095	0.296973	608.523	287.149	1.3557	1.61661	615	0	-3.81966	0	20	20
0.00908944	0.00113926	1892.38	290.035	0.255745	596.759	283.164	1.3564	1.61661	615	0	-3.72302	0	20	20
0.00908779	0.00113031	1876.67	289.971	0.220224	585.015	279.147	1.35714	1.61661	615	0	-3.62719	0	20	20
0.00908604	0.00112138	1860.99	289.9	0.189625	573.297	275.101	1.35792	1.61661	615	0	-3.53222	0	20	20
0.00908422	0.00111247	1845.34	289.824	0.163268	561.611	271.029	1.35874	1.61661	615	0	-3.43816	0	20	20
0.00908231	0.00110358	1829.73	289.74	0.140567	549.963	266.935	1.3596	1.61661	615	0	-3.34504	0	20	20
0.00908031	0.00109471	1814.17	289.649	0.121018	538.36	262.821	1.3605	1.61661	615	0	-3.25292	0	20	20
0.00907823	0.00108588	1798.67	289.549	0.104184	526.805	258.69	1.36143	1.61661	615	0	-3.16182	0	20	20
0.00907608	0.00107708	1783.23	289.441	0.0896893	515.306	254.545	1.3624	1.61661	615	0	-3.07178	0	20	20
0.00907385	0.00106832	1767.86	289.322	0.0772089	503.867	250.389	1.36341	1.61661	615	0	-2.98284	0	20	20
0.00907155	0.0010596	1752.58	289.193	0.0664636	492.493	246.224	1.36445	1.61661	615	0	-2.89503	0	20	20
0.00906917	0.00105094	1737.38	289.053	0.0572127	481.19	242.054	1.36552	1.61661	615	0	-2.80838	0	20	20
0.00906673	0.00104233	1722.28	288.9	0.0492485	469.963	237.881	1.36662	1.61661	615	0	-2.72291	0	20	20
0.00906422	0.00103377	1707.29	288.733	0.0423924	458.816	233.707	1.36776	1.61661	615	0	-2.63867	0	20	20
0.00906164	0.00102528	1692.41	288.551	0.0364903	447.756	229.535	1.36892	1.61661	615	0	-2.55566	0	20	20
0.00905901	0.00101685	1677.65	288.353	0.0314096	436.785	225.369	1.37012	1.61661	615	0	-2.47391	0	20	20
0.00905632	0.0010085	1663.01	288.138	0.027036	425.91	221.209	1.37134	1.61661	615	0	-2.39346	0	20	20
0.00905358	0.00100022	1648.51	287.903	0.0232712	415.136	217.06	1.37259	1.61661	615	0	-2.3143	0	20	20
0.00905078	0.000992017	1634.15	287.647	0.0200306	404.467	212.923	1.37386	1.61661	615	0	-2.23648	0	20	20
0.00904794	0.000983899	1619.94	287.368	0.0172411	393.907	208.802	1.37515	1.61661	615	0	-2.16	0	20	20
0.00904505	0.000975869	1605.88	287.065	0.01484	383.462	204.697	1.37647	1.61661	615	0	-2.08487	0	20	20
0.00904212	0.00096793	1591.99	286.735	0.0127733	373.137	200.613	1.37781	1.61661	615	0	-2.01112	0	20	20
0.00903915	0.000960086	1578.26	286.376	0.0109943	362.935	196.552	1.37917	1.61661	615	0	-1.93876	0	20	20
0.00903614	0.00095234	1564.71	285.985	0.00946308	352.861	192.515	1.38055	1.61661	615	0	-1.86779	0	20	20
0.00903309	0.000944698	1551.33	285.56	0.00814509	342.921	188.506	1.38195	1.61661	615	0	-1.79823	0	20	20
0.00903001	0.000937161	1538.14	285.097	0.00701065	333.117	184.526	1.38336	1.61661	615	0	-1.73008	0	20	20
0.0090269	0.000929734	1525.14	284.594	0.0060342	323.455	180.578	1.38479	1.61661	615	0	-1.66336	0	20	20
0.00902376	0.000922419	1512.34	284.048	0.00519374	313.939	176.665	1.38624	1.61661	615	0	-1.59806	0	20	20
0.00902059	0.000915221	1499.73	283.454	0.00447034	304.573	172.788	1.3877	1.61661	615	0	-1.53419	0	20	20
0.00901739	0.000908142	1487.33	282.81	0.00384768	295.362	168.95	1.38918	1.61661	615	0	-1.47175	0	20	20
0.00901415	0.000901184	1475.13	282.11	0.00331176	286.309	165.153	1.39067	1.61661	615	0	-1.41074	0	20	20
0.00901089	0.000894352	1463.15	281.35	0.00285047	277.419	161.4	1.39218	1.61661	615	0	-1.35117	0	20	20
0.0090076	0.000887646	1451.37	280.526	0.00245344	268.695	157.692	1.39371	1.61661	615	0	-1.29302	0	20	20
0.00900427	0.000881071	1439.81	279.632	0.0021117	260.143	154.033	1.39526	1.61661	615	0	-1.2363	0	20	20
0.0090009	0.000874628	1428.47	278.664	0.00181757	251.767	150.423	1.39683	1.61661	615	0	-1.18101	0	20	20
0.00899748	0.00086832	1417.35	277.616	0.0015644	243.57	146.866	1.39842	1.61661	615	0	-1.12714	0	20	20
0.00899402	0.000862148	1406.45	276.481	0.00134649	235.557	143.363	1.40003	1.61661	615	0	-1.07469	0	20	20
0.0089905	0.000856116	1395.77	275.253	0.00115894	227.733	139.918	1.40168	1.61661	615	0	-1.02365	0	20	20
0.00898691	0.000850225	1385.32	273.926	0.000997512	220.102	136.531	1.40336	1.61661	615	0	-0.974024	0	20	20
0.00898325	0.000844477	1375.09	272.494	0.000858568	212.669	133.207	1.40507	1.61661	615	0	-0.925806	0	20	20
0.0089795	0.000838874	1365.08	270.948	0.000738977	205.439	129.947	1.40684	1.61661	615	0	-0.878994	0	20	20
0.00897565	0.00083342	1355.29	269.281	0.000636045	198.418	126.754	1.40865	1.61661	615	0	-0.833588	0	20	20
0.00897167	0.000828116	1345.73	267.486	0.000547449	191.611	123.63	1.41052	1.61661	615	0	-0.78959	0	20	20
0.00896756	0.000822965	1336.4	265.555	0.000471194	185.024	120.579	1.41246	1.61661	615	0	-0.747002	0	20	20
0.00896328	0.000817967	1327.29	263.48	0.000405561	178.66	117.602	1.41449	1.61661	615	0	-0.705809	0	20	20
0.00895884	0.000813116	1318.38	261.254	0.00034907	172.515	114.698	1.41659	1.61661	615	0	-0.665951	0	20	20
0.0089542	0.000808402	1309.66	258.867	0.000300448	166.581	111.866	1.41879	1.61661	615	0	-0.627353	0	20	20
0.00894937	0.000803817	1301.11	256.313	0.000258598	160.852	109.104	1.42109	1.61661	615	0	-0.589945	0	20	20
0.00894434	0.00079935	1292.71	253.583	0.000222577	155.319	106.41	1.42349	1.61661	615	0	-0.553665	0	20	20
0.00893909	0.000794994	1284.45	250.672	0.000191574	149.977	103.783	1.426	1.61661	615	0	-0.518456	0	20	20
0.00893361	0.000790739	1276.3	247.57	0.000164889	144.819	101.221	1.42863	1.61661	615	0	-0.484268	0	20	20
0.00892791	0.000786577	1268.27	244.273	0.000141922	139.838	98.7215	1.43137	1.61661	615	0	-0.451058	0	20	20
0.00892198	0.0007825	1260.32	240.776	0.000122153	135.028	96.2841	1.43422	1.61661	615	0	-0.41879	0	20	20
0.00891581	0.0007785	1252.44	237.073	0.000105138	130.384	93.9068	1.4372	1.61661	615	0	-0.387435	0	20	20
0.00890942	0.00077457	1244.64	233.161	9.04933e-05	125.9	91.5883	1.4403	1.61661	615	0	-0.356971	0	20	20
0.00890307	0.000770763	1237.01	229.038	7.78883e-05	121.569	89.3269	1.44338	1.61661	615	0	-0.327697	0	20	20
0.00889719	0.000767164	1229.77	224.704	6.70391e-05	117.388	87.1214	1.44624	1.61661	615	0	-0.300053	0	20	20
0.00889193	0.000763794	1222.96	220.159	5.77011e-05	113.35	84.9704	1.44881	1.61661	615	0	-0.274107	0	20	20
0.00888729	0.000760636	1216.54	215.406	4.96638e-05	109.452	82.8725	1.45108	1.61661	615	0	-0.24973	0	20	20
0.00888325	0.000757674	1210.5	210.45	4.2746e-05	105.687	80.8264	1.45307	1.61661	615	0	-0.226811	0	20	20
0.0088798	0.000754896	1204.8	205.297	3.67919e-05	102.052	78.8307	1.45476	1.61661	615	0	-0.205252	0	20	20
0.00887697	0.000752289	1199.44	199.956	3.1667e-05	98.5421	76.8844	1.45615	1.61661	615	0	-0.18497	0	20	20
0.00887476	0.000749846	1194.4	194.438	2.72561e-05	95.1528	74.9861	1.45724	1.61661	615	0	-0.165891	0	20	20
0.0088732	0.000747559	1189.67	188.756	2.34595e-05	91.8801	73.1347	1.45801	1.61661	615	0	-0.147952	0	20	20
0.0088723	0.000745421	1185.25	182.924	2.01918e-05	88.7199	71.329	1.45845	1.61661	615	0	-0.131098	0	20	20
0.0088721	0.000743429	1181.13	176.96	1.73792e-05	85.6684	69.5679	1.45855	1.61661	615	0	-0.11528	0	20	20
0.00887263	0.00074158	1177.32	170.882	1.49585e-05	82.7219	67.8503	1.45829	1.61661	615	0	-0.100452	0	20	20
0.00887394	0.000739874	1173.82	164.711	1.28749e-05	79.8767	66.175	1.45764	1.61661	615	0	-0.0865731	0	20	20
0.00887605	0.000738311	1170.65	158.468	1.10815e-05	77.1294	64.5412	1.4566	1.61661	615	0	-0.0736038	0	20	20
0.00887901	0.000736893	1167.8	152.176	9.53793e-06	74.4765	62.9476	1.45514	1.61661	615	0	-0.0615049	0	20	20
0.00888126	0.000735773	1165.34	145.858	8.20938e-06	71.9149	61.3934	1.45404	1.61661	615	0	-0.0453641	0	20	20
0.00888374	0.000734933	1163.37	139.539	7.06588e-06	69.4415	59.8776	1.45282	1.61661	615	0	-0.0268473	0	20	20
0.00888814	0.000734265	1161.91	133.241	6.08166e-06	67.053	58.3993	1.45067	1.61661	615	0	-0.0104218	0	20	20
0.00889437	0.000733775	1160.97	126.989	5.23453e-06	64.7468	56.9574	1.44762	1.61661	615	0	0.00416194	0	20	20
0.00890231	0.000733472	1160.56	120.806	4.5054e-06	62.5198	55.5511	1.44375	1.61661	615	0	0.0171356	0	20	20
0.0089118	0.00073337	1160.67	114.712	3.87783e-06	60.3695	54.1795	1.43914	1.61661	615	0	0.0287137	0	20	20
0.0089226	0.000733487	1161.31	108.729	3.33768e-06	58.2931	52.8418	1.43393	1.61661	615	0	0.0390929	0	20	20
0.00893445	0.000733841	1162.49	102.876	2.87277e-06	56.2882	51.5372	1.42822	1.61661	615	0	0.0484518	0	20	20
0.00894707	0.000734453	1164.21	97.1702	2.47262e-06	54.3521	50.2647	1.42219	1.61661	615	0	0.0569493	0	20	20
0.00896016	0.000735339	1166.46	91.6261	2.1282e-06	52.4827	49.0237	1.41597	1.61661	615	0	0.0647242	0	20	20
0.00897341	0.000736515	1169.23	86.2574	1.83176e-06	50.6776	47.8133	1.4097	1.61661	615	0	0.0718941	0	20	20
0.00898658	0.000737989	1172.51	81.0752	1.57661e-06	48.9346	46.6328	1.40352	1.61661	615	0	0.0785566	0	20	20
0.00899943	0.000739766	1176.29	76.0885	1.357e-06	47.2515	45.4814	1.39751	1.61661	615	0	0.0847904	0	20	20
0.00901181	0.000741845	1180.53	71.3042	1.16798e-06	45.6263	44.3584	1.39176	1.61661	615	0	0.0906578	0	20	20
0.0090236	0.000744217	1185.23	66.7272	1.00529e-06	44.057	43.2632	1.38631	1.61661	615	0	0.0962075	0	20	20
0.00903474	0.000746872	1190.35	62.3605	8.65262e-07	42.5417	42.1951	1.38119	1.61661	615	0	0.101477	0	20	20
0.0090452	0.000749795	1195.87	58.2054	7.44738e-07	41.0785	41.1533	1.3764	1.61661	615	0	0.106498	0	20	20
0.00905499	0.00075297	1201.76	54.2613	6.41002e-07	39.6656	40.1372	1.37194	1.61661	615	0	0.111292	0	20	20
0.00906414	0.000756378	1207.99	50.5264	5.51715e-07	38.3013	39.1462	1.36779	1.61661	615	0	0.115882	0	20	20
0.00907267	0.000760002	1214.55	46.9975	4.74866e-07	36.984	38.1797	1.36394	1.61661	615	0	0.120284	0	20	20
0.00908064	0.000763822	1221.4	43.6702	4.08721e-07	35.7119	37.237	1.36035	1.61661	615	0	0.124515	0	20	20
0.00908809	0.000767822	1228.53	40.5394	3.51789e-07	34.4836	36.3176	1.35701	1.61661	615	0	0.128587	0	20	20
0.00909505	0.000771984	1235.9	37.5988	3.02788e-07	33.2976	35.4209	1.3539	1.61661	615	0	0.132514	0	20	20
0.00910156	0.000776293	1243.49	34.8419	2.60612e-07	32.1523	34.5464	1.35099	1.61661	615	0	0.136309	0	20	20
0.00910767	0.000780735	1251.29	32.2613	2.24311e-07	31.0464	33.6934	1.34828	1.61661	615	0	0.13998	0	20	20
0.00911339	0.000785294	1259.28	29.8496	1.93066e-07	29.9786	32.8615	1.34574	1.61661	615	0	0.143538	0	20	20
0.00911875	0.000789958	1267.42	27.5989	1.66173e-07	28.9475	32.0502	1.34336	1.61661	615	0	0.146991	0	20	20
0.00912378	0.000794716	1275.71	25.5013	1.43027e-07	27.9519	31.2589	1.34114	1.61661	615	0	0.150346	0	20	20
0.00912849	0.000799554	1284.13	23.5489	1.23104e-07	26.9905	30.4871	1.33907	1.61661	615	0	0.15361	0	20	20
0.00913291	0.000804464	1292.66	21.7337	1.05957e-07	26.0622	29.7344	1.33713	1.61661	615	0	0.156788	0	20	20
0.00913704	0.000809435	1301.28	20.0479	9.11979e-08	25.1658	29.0002	1.33532	1.61661	615	0	0.159885	0	20	20
0.0091409	0.000814456	1309.98	18.4839	7.84948e-08	24.3002	28.2842	1.33362	1.61661	615	0	0.162905	0	20	20
0.0091445	0.000819521	1318.74	17.0343	6.75611e-08	23.4644	27.5859	1.33205	1.61661	615	0	0.165851	0	20	20
0.00914786	0.000824619	1327.55	15.6917	5.81504e-08	22.6573	26.9048	1.33058	1.61661	615	0	0.168726	0	20	20
0.00915098	0.000829744	1336.4	14.4494	5.00505e-08	21.8781	26.2405	1.32922	1.61661	615	0	0.171532	0	20	20
0.00915388	0.000834888	1345.27	13.3007	4.30789e-08	21.1256	25.5926	1.32796	1.61661	615	0	0.174271	0	20	20
0.00915658	0.000840043	1354.15	12.2393	3.70783e-08	20.399	24.9607	1.32679	1.61661	615	0	0.176944	0	20	20
0.00915907	0.000845205	1363.04	11.2592	3.19136e-08	19.6973	24.3444	1.3257	1.61661	615	0	0.179554	0	20	20
0.00916136	0.000850366	1371.92	10.3546	2.74683e-08	19.0199	23.7434	1.32471	1.61661	615	0	0.182101	0	20	20
0.00916348	0.00085552	1380.78	9.52018	2.36422e-08	18.3657	23.1571	1.32379	1.61661	615	0	0.184587	0	20	20
0.00916543	0.000860664	1389.61	8.75093	2.0349e-08	17.734	22.5854	1.32295	1.61661	615	0	0.187012	0	20	20
0.00916721	0.000865791	1398.41	8.04207	1.75146e-08	17.1241	22.0278	1.32217	1.61661	615	0	0.189377	0	20	20
0.00916884	0.000870897	1407.17	7.38912	1.50749e-08	16.5351	21.4839	1.32147	1.61661	615	0	0.191684	0	20	20
0.00917033	0.000875979	1415.88	6.78791	1.29751e-08	15.9664	20.9534	1.32083	1.61661	615	0	0.193932	0	20	20
0.00917168	0.000881032	1424.53	6.23454	1.11678e-08	15.4172	20.4361	1.32024	1.61661	615	0	0.196124	0	20	20
0.0091729	0.000886052	1433.13	5.72537	9.61219e-09	14.8869	19.9315	1.31972	1.61661	615	0	0.19826	0	20	20
0.00917399	0.000891036	1441.65	5.25702	8.27329e-09	14.3749	19.4394	1.31924	1.61661	615	0	0.20034	0	20	20
0.00917498	0.000895982	1450.11	4.82633	7.12089e-09	13.8805	18.9595	1.31882	1.61661	615	0	0.202367	0	20	20
0.00917586	0.000900886	1458.49	4.43038	6.129e-09	13.4031	18.4914	1.31844	1.61661	615	0	0.204339	0	20	20
0.00917664	0.000905747	1466.79	4.06645	5.27528e-09	12.9421	18.0348	1.3181	1.61661	615	0	0.206259	0	20	20
0.00917732	0.000910561	1475.01	3.73203	4.54048e-09	12.4969	17.5895	1.31781	1.61661	615	0	0.208128	0	20	20
0.00917792	0.000915327	1483.14	3.42478	3.90803e-09	12.0671	17.1552	1.31755	1.61661	615	0	0.209946	0	20	20
0.00917843	0.000920043	1491.18	3.14255	3.36367e-09	11.6521	16.7317	1.31733	1.61661	615	0	0.211714	0	20	20
0.00917887	0.000924707	1499.13	2.88334	2.89514e-09	11.2513	16.3186	1.31714	1.61661	615	0	0.213434	0	20	20
0.00917924	0.000929318	1506.99	2.64532	2.49187e-09	10.8643	15.9157	1.31698	1.61661	615	0	0.215106	0	20	20
0.00917954	0.000933874	1514.74	2.42678	2.14477e-09	10.4906	15.5227	1.31685	1.61661	615	0	0.216731	0	20	20
0.00917979	0.000938375	1522.41	2.22615	1.84602e-09	10.1298	15.1394	1.31675	1.61661	615	0	0.21831	0	20	20
0.00917997	0.000942819	1529.97	2.042	1.58888e-09	9.78141	14.7656	1.31667	1.61661	615	0	0.219845	0	20	20
0.0091801	0.000947206	1537.43	1.87297	1.36757e-09	9.44499	14.4011	1.31661	1.61661	615	0	0.221336	0	20	20
0.00918018	0.000951534	1544.79	1.71786	1.17707e-09	9.12013	14.0455	1.31658	1.61661	615	0	0.222784	0	20	20
0.00918022	0.000955804	1552.05	1.57552	1.01312e-09	8.80645	13.6987	1.31656	1.61661	615	0	0.224191	0	20	20
0.00918022	0.000960014	1559.21	1.44492	8.71998e-10	8.50355	13.3605	1.31656	1.61661	615	0	0.225557	0	20	20
0.00918018	0.000964165	1566.26	1.32509	7.50536e-10	8.21108	13.0306	1.31658	1.61661	615	0	0.226884	0	20	20
0.0091801	0.000968255	1573.21	1.21516	6.45992e-10	7.92866	12.7089	1.31661	1.61661	615	0	0.228172	0	20	20
0.00918	0.000972286	1580.05	1.11432	5.56011e-10	7.65596	12.3951	1.31666	1.61661	615	0	0.229422	0	20	20
0.00917986	0.000976256	1586.8	1.02181	4.78563e-10	7.39263	12.0891	1.31672	1.61661	615	0	0.230636	0	20	20
0.0091797	0.000980166	1593.43	0.936958	4.11903e-10	7.13837	11.7906	1.31679	1.61661	615	0	0.231814	0	20	20
0.00917951	0.000984015	1599.97	0.859131	3.54528e-10	6.89285	11.4995	1.31687	1.61661	615	0	0.232957	0	20	20
0.00917931	0.000987804	1606.4	0.787752	3.05145e-10	6.65577	11.2156	1.31695	1.61661	615	0	0.234066	0	20	20
0.00917908	0.000991533	1612.72	0.722288	2.62641e-10	6.42685	10.9387	1.31705	1.61661	615	0	0.235142	0	20	20
0.00917884	0.000995203	1618.95	0.662252	2.26057e-10	6.2058	10.6686	1.31716	1.61661	615	0	0.236187	0	20	20
0.00917858	0.000998813	1625.07	0.607195	1.94569e-10	5.99235	10.4052	1.31727	1.61661	615	0	0.2372	0	20	20
0.00917831	0.00100236	1631.1	0.556707	1.67467e-10	5.78625	10.1483	1.31738	1.61661	615	0	0.238183	0	20	20
0.00917803	0.00100585	1637.02	0.51041	1.4414e-10	5.58723	9.89771	1.3175	1.61661	615	0	0.239137	0	20	20
0.00917771	0.00100931	1642.88	0.467956	1.24063e-10	5.39506	9.65333	1.31764	1.61661	615	0	0.240063	0	20	20
0.00917731	0.00101277	1648.73	0.429029	1.06782e-10	5.2095	9.41499	1.31781	1.61661	615	0	0.240962	0	20	20
0.00917679	0.00101626	1654.61	0.393335	9.1908e-11	5.03032	9.18253	1.31804	1.61661	615	0	0.241836	0	20	20
0.00917617	0.00101977	1660.51	0.360607	7.91059e-11	4.85731	8.95582	1.3183	1.61661	615	0	0.242686	0	20	20
0.00917545	0.00102329	1666.43	0.3306	6.80871e-11	4.69024	8.7347	1.31861	1.61661	615	0	0.243511	0	20	20
0.00917463	0.00102684	1672.36	0.303086	5.86031e-11	4.52892	8.51904	1.31897	1.61661	615	0	0.244313	0	20	20
0.00917372	0.0010304	1678.31	0.277861	5.04402e-11	4.37315	8.3087	1.31936	1.61661	615	0	0.245092	0	20	20
0.00917272	0.00103397	1684.26	0.254733	4.34142e-11	4.22274	8.10356	1.31979	1.61661	615	0	0.245848	0	20	20
0.00917163	0.00103755	1690.22	0.233528	3.7367e-11	4.0775	7.90348	1.32026	1.61661	615	0	0.246583	0	20	20
0.00917046	0.00104115	1696.17	0.214087	3.21621e-11	3.93726	7.70834	1.32077	1.61661	615	0	0.247296	0	20	20
0.00916922	0.00104475	1702.13	0.196264	2.76821e-11	3.80184	7.51802	1.32131	1.61661	615	0	0.247988	0	20	20
0.00916789	0.00104835	1708.08	0.179924	2.38262e-11	3.67107	7.3324	1.32188	1.61661	615	0	0.24866	0	20	20
0.0091665	0.00105195	1714.03	0.164943	2.05074e-11	3.54481	7.15136	1.32248	1.61661	615	0	0.249312	0	20	20
0.00916504	0.00105556	1719.97	0.151209	1.76509e-11	3.42289	6.9748	1.32311	1.61661	615	0	0.249944	0	20	20
0.00916351	0.00105917	1725.89	0.138618	1.51923e-11	3.30516	6.80259	1.32378	1.61661	615	0	0.250558	0	20	20
0.00916192	0.00106277	1731.8	0.127075	1.30761e-11	3.19148	6.63463	1.32446	1.61661	615	0	0.251153	0	20	20
0.00916028	0.00106637	1737.68	0.116492	1.12547e-11	3.08171	6.47082	1.32518	1.61661	615	0	0.25173	0	20	20
0.00915857	0.00106996	1743.55	0.106791	9.68703e-12	2.97571	6.31106	1.32592	1.61661	615	0	0.25229	0	20	20
0.00915682	0.00107355	1749.4	0.0978973	8.3377e-12	2.87337	6.15524	1.32668	1.61661	615	0	0.252833	0	20	20
0.00915501	0.00107712	1755.22	0.0897441	7.17633e-12	2.77454	6.00326	1.32747	1.61661	615	0	0.253359	0	20	20
0.00915316	0.00108068	1761.01	0.0822697	6.17672e-12	2.67911	5.85504	1.32827	1.61661	615	0	0.253869	0	20	20
0.00915126	0.00108424	1766.78	0.0754177	5.31635e-12	2.58696	5.71048	1.3291	1.61661	615	0	0.254363	0	20	20
0.00914932	0.00108777	1772.51	0.0691362	4.57583e-12	2.49798	5.56949	1.32994	1.61661	615	0	0.254842	0	20	20
0.00914735	0.00109129	1778.21	0.0633778	3.93845e-12	2.41207	5.43198	1.33081	1.61661	615	0	0.255306	0	20	20
0.00914533	0.0010948	1783.87	0.0580989	3.38986e-12	2.32911	5.29786	1.33169	1.61661	615	0	0.255756	0	20	20
0.00914328	0.00109829	1789.49	0.0532596	2.91768e-12	2.249	5.16706	1.33258	1.61661	615	0	0.256192	0	20	20
0.0091412	0.00110175	1795.08	0.0488233	2.51127e-12	2.17164	5.03948	1.33349	1.61661	615	0	0.256613	0	20	20
0.00913909	0.0011052	1800.62	0.0447565	2.16147e-12	2.09695	4.91506	1.33442	1.61661	615	0	0.257022	0	20	20
0.00913695	0.00110862	1806.12	0.0410284	1.86039e-12	2.02483	4.7937	1.33535	1.61661	615	0	0.257418	0	20	20
0.00913479	0.00111202	1811.57	0.0376108	1.60125e-12	1.95518	4.67535	1.3363	1.61661	615	0	0.2578	0	20	20
0.0091326	0.0011154	1816.98	0.0344779	1.37821e-12	1.88794	4.55991	1.33726	1.61661	615	0	0.258171	0	20	20
0.0091304	0.00111875	1822.34	0.0316059	1.18624e-12	1.823	4.44733	1.33823	1.61661	615	0	0.25853	0	20	20
0.00912817	0.00112208	1827.65	0.0289731	1.02101e-12	1.7603	4.33752	1.33921	1.61661	615	0	0.258877	0	20	20
0.00912593	0.00112538	1832.91	0.0265596	8.78787e-13	1.69975	4.23043	1.3402	1.61661	615	0	0.259213	0	20	20
0.00912367	0.00112865	1838.12	0.0243471	7.56379e-13	1.64129	4.12598	1.34119	1.61661	615	0	0.259538	0	20	20
0.0091214	0.00113189	1843.27	0.0223189	6.51022e-13	1.58484	4.02411	1.34219	1.61661	615	0	0.259852	0	20	20
0.00911912	0.0011351	1848.37	0.0204597	5.60339e-13	1.53033	3.92475	1.3432	1.61661	615	0	0.260156	0	20	20
0.00911683	0.00113828	1853.41	0.0187553	4.82289e-13	1.4777	3.82785	1.34421	1.61661	615	0	0.26045	0	20	20
0.00911453	0.00114142	1858.4	0.0171929	4.1511e-13	1.42687	3.73334	1.34523	1.61661	615	0	0.260734	0	20	20
0.00911223	0.00114454	1863.32	0.0157607	3.57288e-13	1.37779	3.64116	1.34625	1.61661	615	0	0.261009	0	20	20
0.00910992	0.00114762	1868.19	0.0144477	3.07521e-13	1.33041	3.55126	1.34728	1.61661	615	0	0.261275	0	20	20
0.00910761	0.00115067	1873	0.0132441	2.64686e-13	1.28465	3.46358	1.3483	1.61661	615	0	0.261531	0	20	20
0.00910529	0.00115368	1877.75	0.0121408	2.27817e-13	1.24046	3.37807	1.34933	1.61661	615	0	0.261779	0	20	20
0.00910298	0.00115666	1882.44	0.0111294	1.96084e-13	1.1978	3.29466	1.35036	1.61661	615	0	0.262019	0	20	20
0.00910067	0.0011596	1887.07	0.0102023	1.68771e-13	1.1566	3.21331	1.35139	1.61661	615	0	0.26225	0	20	20
0.00909836	0.00116251	1891.63	0.00935236	1.45263e-13	1.11682	3.13398	1.35242	1.61661	615	0	0.262473	0	20	20
0.00909605	0.00116538	1896.13	0.00857325	1.25029e-13	1.07841	3.0566	1.35345	1.61661	615	0	0.262689	0	20	20
0.00909375	0.00116822	1900.57	0.00785904	1.07613e-13	1.04131	2.98113	1.35447	1.61661	615	0	0.262897	0	20	20
0.00909146	0.00117101	1904.94	0.00720432	9.26235e-14	1.0055	2.90753	1.3555	1.61661	615	0	0.263098	0	20	20
0.00908917	0.00117377	1909.25	0.00660415	7.97218e-14	0.970915	2.83574	1.35652	1.61661	615	0	0.263292	0	20	20
0.00908689	0.00117649	1913.49	0.00605398	6.86172e-14	0.937521	2.76573	1.35755	1.61661	615	0	0.263479	0	20	20
0.00908462	0.00117917	1917.67	0.00554963	5.90593e-14	0.905276	2.69744	1.35856	1.61661	615	0	0.263659	0	20	20
0.00908236	0.00118182	1921.78	0.00508731	5.08329e-14	0.874139	2.63084	1.35958	1.61661	615	0	0.263833	0	20	20
0.00908011	0.00118442	1925.83	0.00466349	4.37522e-14	0.844073	2.56588	1.36059	1.61661	615	0	0.264	0	20	20
0.00907788	0.00118699	1929.81	0.00427499	3.76579e-14	0.815042	2.50253	1.36159	1.61661	615	0	0.264162	0	20	20
0.00907566	0.00118951	1933.73	0.00391885	3.24125e-14	0.787009	2.44074	1.36259	1.61661	615	0	0.264318	0	20	20
0.00907345	0.001192	1937.58	0.00359238	2.78977e-14	0.75994	2.38048	1.36359	1.61661	615	0	0.264467	0	20	20
0.00907125	0.00119445	1941.36	0.0032931	2.40117e-14	0.733802	2.32171	1.36458	1.61661	615	0	0.264612	0	20	20
0.00906908	0.00119686	1945.08	0.00301876	2.06671e-14	0.708563	2.26438	1.36556	1.61661	615	0	0.264751	0	20	20
0.00906692	0.00119922	1948.73	0.00276727	1.77883e-14	0.684193	2.20848	1.36654	1.61661	615	0	0.264884	0	20	20
0.00906477	0.00120155	1952.31	0.00253673	1.53106e-14	0.66066	2.15395	1.36751	1.61661	615	0	0.265013	0	20	20
0.00906264	0.00120384	1955.83	0.0023254	1.31779e-14	0.637937	2.10077	1.36847	1.61661	615	0	0.265137	0	20	20
0.00906054	0.00120609	1959.29	0.00213168	1.13423e-14	0.615995	2.0489	1.36943	1.61661	615	0	0.265256	0	20	20
0.00905845	0.0012083	1962.68	0.00195409	9.76244e-15	0.594808	1.99831	1.37037	1.61661	615	0	0.26537	0	20	20
0.00905638	0.00121047	1966	0.0017913	8.40261e-15	0.57435	1.94897	1.37131	1.61661	615	0	0.26548	0	20	20
0.00905432	0.0012126	1969.26	0.00164207	7.2322e-15	0.554596	1.90085	1.37225	1.61661	615	0	0.265586	0	20	20
0.00905229	0.00121469	1972.46	0.00150527	6.22481e-15	0.535521	1.85392	1.37317	1.61661	615	0	0.265687	0	20	20
0.00905028	0.00121675	1975.59	0.00137987	5.35774e-15	0.517102	1.80815	1.37408	1.61661	615	0	0.265784	0	20	20
0.00904829	0.00121876	1978.66	0.00126491	4.61145e-15	0.499316	1.7635	1.37499	1.61661	615	0	0.265878	0	20	20
0.00904633	0.00122073	1981.66	0.00115953	3.96911e-15	0.482142	1.71996	1.37589	1.61661	615	0	0.265967	0	20	20
0.00904438	0.00122267	1984.6	0.00106293	3.41625e-15	0.465559	1.6775	1.37678	1.61661	615	0	0.266053	0	20	20
0.00904246	0.00122457	1987.48	0.000974381	2.94039e-15	0.449547	1.63608	1.37766	1.61661	615	0	0.266135	0	20	20
0.00904056	0.00122643	1990.3	0.000893207	2.53082e-15	0.434085	1.59568	1.37853	1.61661	615	0	0.266213	0	20	20
0.00903868	0.00122825	1993.06	0.000818795	2.1783e-15	0.419154	1.55629	1.37939	1.61661	615	0	0.266289	0	20	20
0.00903682	0.00123003	1995.75	0.000750582	1.87488e-15	0.404738	1.51786	1.38024	1.61661	615	0	0.266361	0	20	20
0.00903499	0.00123178	1998.39	0.000688052	1.61372e-15	0.390817	1.48039	1.38108	1.61661	615	0	0.266429	0	20	20
0.00903318	0.00123349	2000.96	0.000630731	1.38894e-15	0.377375	1.44384	1.38191	1.61661	615	0	0.266495	0	20	20
0.00903139	0.00123516	2003.48	0.000578185	1.19547e-15	0.364395	1.40819	1.38273	1.61661	615	0	0.266557	0	20	20
0.00902962	0.0012368	2005.94	0.000530017	1.02895e-15	0.351862	1.37342	1.38354	1.61661	615	0	0.266617	0	20	20
0.00902788	0.0012384	2008.34	0.000485862	8.85629e-16	0.33976	1.33951	1.38434	1.61661	615	0	0.266674	0	20	20
0.00902617	0.00123996	2010.68	0.000445385	7.62268e-16	0.328074	1.30644	1.38513	1.61661	615	0	0.266728	0	20	20
0.00902447	0.00124149	2012.97	0.000408281	6.5609e-16	0.31679	1.27418	1.38591	1.61661	615	0	0.26678	0	20	20
0.0090228	0.00124299	2015.2	0.000374267	5.64702e-16	0.305894	1.24272	1.38668	1.61661	615	0	0.266829	0	20	20
0.00902116	0.00124445	2017.37	0.000343087	4.86043e-16	0.295373	1.21204	1.38744	1.61661	615	0	0.266875	0	20	20
0.00901954	0.00124587	2019.49	0.000314505	4.18342e-16	0.285214	1.18211	1.38819	1.61661	615	0	0.266919	0	20	20
0.00901794	0.00124726	2021.56	0.000288304	3.6007e-16	0.275404	1.15293	1.38892	1.61661	615	0	0.266961	0	20	20
0.00901636	0.00124862	2023.57	0.000264286	3.09915e-16	0.265932	1.12446	1.38965	1.61661	615	0	0.267	0	20	20
0.00901481	0.00124995	2025.53	0.000242268	2.66746e-16	0.256785	1.0967	1.39037	1.61661	615	0	0.267038	0	20	20
0.00901328	0.00125124	2027.44	0.000222085	2.29591e-16	0.247953	1.06962	1.39108	1.61661	615	0	0.267073	0	20	20
0.00901178	0.0012525	2029.3	0.000203583	1.97611e-16	0.239425	1.04321	1.39177	1.61661	615	0	0.267106	0	20	20
0.0090103	0.00125373	2031.1	0.000186623	1.70085e-16	0.23119	1.01745	1.39246	1.61661	615	0	0.267137	0	20	20
0.00900884	0.00125492	2032.86	0.000171076	1.46393e-16	0.223238	0.992333	1.39314	1.61661	615	0	0.267166	0	20	20
0.00900741	0.00125609	2034.57	0.000156823	1.26002e-16	0.21556	0.967832	1.3938	1.61661	615	0	0.267194	0	20	20
0.00900599	0.00125722	2036.23	0.000143759	1.08451e-16	0.208146	0.943936	1.39446	1.61661	615	0	0.267219	0	20	20
0.00900461	0.00125833	2037.85	0.000131782	9.33446e-17	0.200987	0.92063	1.3951	1.61661	615	0	0.267243	0	20	20
0.00900324	0.00125941	2039.41	0.000120804	8.03424e-17	0.194074	0.8979	1.39574	1.61661	615	0	0.267265	0	20	20
0.0090019	0.00126045	2040.93	0.00011074	6.91514e-17	0.187399	0.87573	1.39636	1.61661	615	0	0.267286	0	20	20
0.00900058	0.00126147	2042.41	0.000101514	5.95191e-17	0.180953	0.854109	1.39698	1.61661	615	0	0.267305	0	20	20
0.00899928	0.00126246	2043.84	9.30569e-05	5.12286e-17	0.17473	0.833021	1.39758	1.61661	615	0	0.267322	0	20	20
0.008998	0.00126342	2045.23	8.53044e-05	4.40929e-17	0.16872	0.812453	1.39818	1.61661	615	0	0.267338	0	20	20
0.00899675	0.00126436	2046.58	7.81978e-05	3.79511e-17	0.162917	0.792394	1.39876	1.61661	615	0	0.267352	0	20	20
0.00899551	0.00126526	2047.88	7.16832e-05	3.26648e-17	0.157313	0.772829	1.39934	1.61661	615	0	0.267365	0	20	20
0.0089943	0.00126614	2049.14	6.57113e-05	2.81149e-17	0.151903	0.753748	1.3999	1.61661	615	0	0.267377	0	20	20
0.00899311	0.001267	2050.36	6.0237e-05	2.41987e-17	0.146678	0.735138	1.40046	1.61661	615	0	0.267388	0	20	20
0.00899194	0.00126783	2051.54	5.52187e-05	2.0828e-17	0.141633	0.716987	1.401	1.61661	615	0	0.267397	0	20	20
0.0089908	0.00126863	2052.69	5.06184e-05	1.79268e-17	0.136762	0.699285	1.40154	1.61661	615	0	0.267405	0	20	20
0.00898967	0.00126941	2053.79	4.64015e-05	1.54298e-17	0.132058	0.68202	1.40207	1.61661	615	0	0.267411	0	20	20
0.00898856	0.00127017	2054.86	4.25358e-05	1.32805e-17	0.127516	0.66518	1.40259	1.61661	615	0	0.267417	0	20	20
0.00898747	0.0012709	2055.88	3.89922e-05	1.14306e-17	0.12313	0.648757	1.4031	1.61661	615	0	0.267422	0	20	20
0.00898641	0.00127161	2056.88	3.57438e-05	9.83845e-18	0.118895	0.632739	1.4036	1.61661	615	0	0.267425	0	20	20
0.00898536	0.00127229	2057.83	3.2766e-05	8.46803e-18	0.114805	0.617117	1.40409	1.61661	615	0	0.267428	0	20	20
0.00898433	0.00127296	2058.76	3.00363e-05	7.2885e-18	0.110857	0.60188	1.40457	1.61661	615	0	0.267429	0	20	20
0.00898332	0.0012736	2059.65	2.7534e-05	6.27327e-18	0.107044	0.58702	1.40504	1.61661	615	0	0.26743	0	20	20
0.00898233	0.00127421	2060.5	2.52402e-05	5.39946e-18	0.103362	0.572526	1.40551	1.61661	615	0	0.26743	0	20	20
0.00898136	0.00127481	2061.32	2.31374e-05	4.64735e-18	0.0998071	0.55839	1.40596	1.61661	615	0	0.267428	0	20	20
0.00898041	0.00127539	2062.11	2.12099e-05	4.00001e-18	0.0963743	0.544604	1.40641	1.61661	615	0	0.267426	0	20	20
0.00897948	0.00127594	2062.87	1.94429e-05	3.44284e-18	0.0930595	0.531157	1.40685	1.61661	615	0	0.267423	0	20	20
0.00897856	0.00127648	2063.6	1.78231e-05	2.96328e-18	0.0898588	0.518043	1.40728	1.61661	615	0	0.26742	0	20	20
0.00897766	0.001277	2064.3	1.63383e-05	2.55052e-18	0.0867681	0.505253	1.4077	1.61661	615	0	0.267415	0	20	20
0.00897678	0.00127749	2064.97	1.49772e-05	2.19525e-18	0.0837838	0.492778	1.40812	1.61661	615	0	0.26741	0	20	20
0.00897592	0.00127797	2065.6	1.37294e-05	1.88947e-18	0.0809021	0.480611	1.40852	1.61661	615	0	0.267404	0	20	20
0.00897507	0.00127843	2066.22	1.25856e-05	1.62628e-18	0.0781195	0.468745	1.40892	1.61661	615	0	0.267397	0	20	20
0.00897424	0.00127888	2066.8	1.15371e-05	1.39976e-18	0.0754326	0.457171	1.40931	1.61661	615	0	0.26739	0	20	20
0.00897343	0.0012793	2067.36	1.0576e-05	1.20478e-18	0.0728381	0.445884	1.40969	1.61661	615	0	0.267382	0	20	20
0.00897263	0.00127971	2067.89	9.69491e-06	1.03696e-18	0.0703329	0.434875	1.41007	1.61661	615	0	0.267374	0	20	20
0.00897185	0.0012801	2068.39	8.88724e-06	8.92524e-19	0.0679138	0.424138	1.41044	1.61661	615	0	0.267365	0	20	20
0.00897108	0.00128047	2068.87	8.14685e-06	7.68203e-19	0.0655779	0.413666	1.4108	1.61661	615	0	0.267355	0	20	20
0.00897033	0.00128083	2069.33	7.46814e-06	6.61198e-19	0.0633224	0.403452	1.41115	1.61661	615	0	0.267345	0	20	20
0.0089696	0.00128117	2069.76	6.84598e-06	5.69098e-19	0.0611445	0.393491	1.4115	1.61661	615	0	0.267334	0	20	20
0.00896888	0.0012815	2070.17	6.27564e-06	4.89828e-19	0.0590414	0.383776	1.41184	1.61661	615	0	0.267323	0	20	20
0.00896817	0.00128181	2070.55	5.75283e-06	4.21598e-19	0.0570107	0.3743	1.41217	1.61661	615	0	0.267311	0	20	20
0.00896748	0.00128211	2070.91	5.27356e-06	3.62873e-19	0.0550499	0.365059	1.4125	1.61661	615	0	0.267299	0	20	20
0.00896681	0.00128239	2071.25	4.83423e-06	3.12328e-19	0.0531564	0.356045	1.41282	1.61661	615	0	0.267286	0	20	20
0.00896614	0.00128266	2071.57	4.43149e-06	2.68823e-19	0.0513282	0.347255	1.41313	1.61661	615	0	0.267273	0	20	20
0.00896549	0.00128291	2071.87	4.06231e-06	2.31378e-19	0.0495627	0.338681	1.41344	1.61661	615	0	0.26726	0	20	20
0.00896486	0.00128315	2072.15	3.72388e-06	1.99149e-19	0.0478581	0.330319	1.41374	1.61661	615	0	0.267246	0	20	20
0.00896424	0.00128338	2072.41	3.41365e-06	1.71409e-19	0.046212	0.322163	1.41403	1.61661	615	0	0.267232	0	20	20
0.00896363	0.0012836	2072.65	3.12926e-06	1.47533e-19	0.0446226	0.314209	1.41432	1.61661	615	0	0.267217	0	20	20
0.00896303	0.0012838	2072.87	2.86856e-06	1.26983e-19	0.0430878	0.306451	1.41461	1.61661	615	0	0.267202	0	20	20
0.00896245	0.00128399	2073.07	2.62959e-06	1.09295e-19	0.0416058	0.298885	1.41488	1.61661	615	0	0.267187	0	20	20
