0.00890634	
0.00502256	
0.00362601	
0.00295275	
0.00249796	
0.00214098	
0.00183277	
0.00156059	
0.00134162	
0.00119907	
0.001153	
0.00118202	
0.00126978	
0.00140464	
0.00157332	
0.00177969	
0.00202937	
0.00232409	
0.00268337	
0.00311525	
0.00363882	
0.004274	
0.00504257	
0.00595644	
0.00701458	
0.00818673	
0.00946596	
0.0108371	
0.0122849	
0.0137837	
0.0153055	
0.0168053	
0.0182308	
0.0195064	
0.020549	
0.0212559	
0.021525	
0.0212962	
0.0205957	
0.0195288	
0.0182558	
0.0169315	
0.0156737	
0.0145502	
0.0135856	
0.0127779	
0.0121119	
0.0115681	
0.0111268	
0.0107708	
0.0104849	
0.0102567	
0.010076	
0.00993425	
0.0098244	
0.00974065	
0.00967816	
0.00963286	
0.0096013	
0.0095806	
0.0095683	
0.00956233	
0.00956093	
0.00968764	
0.00988979	
0.0100484	
0.0101674	
0.0102513	
0.0103051	
0.0103335	
0.0103411	
0.0103318	
0.0103091	
