0.00866132	0.000693393	1101	184.5	76.5	0	0	1.56764	1.61661	615	0	0.149314	0	20	20
0.00882931	0.00072274	1167.62	184.468	76.4694	48.4455	16.3259	1.47986	1.61661	615	0	-0.443043	0	20	20
0.00900727	0.000788719	1297.51	184.436	76.4339	142.064	48.1918	1.39386	1.61661	615	0	-1.45116	0	20	20
0.00906961	0.000858842	1422.38	184.403	76.3927	232.576	79.3094	1.36532	1.61661	615	0	-2.23494	0	20	20
0.00907053	0.000930189	1542.01	184.369	76.3448	320.082	109.695	1.36491	1.61661	615	0	-2.85582	0	20	20
0.00903873	0.00100136	1656.72	184.334	76.2893	404.685	139.366	1.37936	1.61661	615	0	-3.35801	0	20	20
0.00898879	0.00107182	1767.03	184.299	76.2249	486.485	168.342	1.40248	1.61661	615	0	-3.77306	0	20	20
0.00892839	0.00114137	1873.44	184.264	76.1502	565.588	196.641	1.43113	1.61661	615	0	-4.12295	0	20	20
0.00886185	0.00120994	1976.35	184.228	76.0636	642.098	224.285	1.46361	1.61661	615	0	-4.42303	0	20	20
0.00879171	0.00127752	2076.06	184.191	75.9633	716.126	251.296	1.49892	1.61661	615	0	-4.68425	0	20	20
0.00871954	0.00134411	2172.79	184.153	75.847	787.784	277.701	1.53645	1.61661	615	0	-4.91462	0	20	20
0.00864633	0.0014097	2266.72	184.115	75.7124	857.189	303.525	1.57581	1.61661	615	0	-5.12014	0	20	20
0.00857271	0.00147433	2358.03	184.076	75.5566	924.463	328.798	1.61676	1.61661	615	0	-5.30537	0	20	20
0.0084991	0.00153804	2446.86	184.036	75.3764	989.735	353.553	1.65914	1.61661	615	0	-5.47391	0	20	20
0.00842574	0.00160086	2533.39	183.995	75.1681	1053.14	377.824	1.70285	1.61661	615	0	-5.62863	0	20	20
0.00835279	0.00166288	2617.77	183.954	74.9275	1114.82	401.651	1.74786	1.61661	615	0	-5.77181	0	20	20
0.00828029	0.00172418	2700.19	183.912	74.6499	1174.93	425.075	1.79417	1.61661	615	0	-5.90534	0	20	20
0.00820825	0.00178486	2780.83	183.869	74.33	1233.62	448.141	1.84182	1.61661	615	0	-6.03077	0	20	20
0.00813662	0.00184505	2859.91	183.826	73.9617	1291.06	470.9	1.8909	1.61661	615	0	-6.14942	0	20	20
0.00806531	0.00190489	2937.64	183.781	73.5383	1347.44	493.404	1.9415	1.61661	615	0	-6.26241	0	20	20
0.0079942	0.00196453	3014.26	183.736	73.0526	1402.94	515.711	1.99377	1.61661	615	0	-6.37071	0	20	20
0.00792316	0.00202414	3090	183.69	72.4961	1457.75	537.881	2.04788	1.61661	615	0	-6.47517	0	20	20
0.00785203	0.00208391	3165.11	183.643	71.8602	1512.08	559.977	2.10404	1.61661	615	0	-6.57652	0	20	20
0.00778064	0.00214402	3239.86	183.596	71.1353	1566.12	582.063	2.16249	1.61661	615	0	-6.67541	0	20	20
0.00770883	0.00220469	3314.5	183.547	70.3111	1620.07	604.205	2.22349	1.61661	615	0	-6.77244	0	20	20
0.00763641	0.0022661	3389.27	183.497	69.3773	1674.14	626.467	2.28735	1.61661	615	0	-6.86809	0	20	20
0.00756323	0.00232845	3464.41	183.447	68.323	1728.51	648.909	2.35438	1.61661	615	0	-6.9628	0	20	20
0.00748916	0.00239191	3540.12	183.396	67.1377	1783.32	671.584	2.42494	1.61661	615	0	-7.05694	0	20	20
0.00741408	0.00245664	3616.55	183.343	65.8111	1838.73	694.535	2.49936	1.61661	615	0	-7.15079	0	20	20
0.00733792	0.00252273	3693.82	183.29	64.3342	1894.8	717.791	2.57799	1.61661	615	0	-7.24456	0	20	20
0.00726069	0.00259023	3771.95	183.236	62.6995	1951.56	741.361	2.66113	1.61661	615	0	-7.33836	0	20	20
0.00718245	0.00265912	3850.88	183.181	60.9015	2008.98	765.232	2.74904	1.61661	615	0	-7.4322	0	20	20
0.00710335	0.00272928	3930.44	183.124	58.9379	2066.93	789.362	2.84191	1.61661	615	0	-7.52601	0	20	20
0.00702362	0.00280048	4010.35	183.067	56.8097	2125.19	813.677	2.93979	1.61661	615	0	-7.6196	0	20	20
0.0069436	0.00287239	4090.18	183.009	54.5225	2183.45	838.071	3.0426	1.61661	615	0	-7.71266	0	20	20
0.00686373	0.00294455	4169.39	182.95	52.086	2241.29	862.4	3.15006	1.61661	615	0	-7.8048	0	20	20
0.00678453	0.0030164	4247.3	182.889	49.5151	2298.21	886.49	3.26168	1.61661	615	0	-7.89554	0	20	20
0.0067066	0.00308723	4323.14	182.828	46.8297	2353.61	910.134	3.3767	1.61661	615	0	-7.98432	0	20	20
0.00663062	0.00315629	4396.04	182.765	44.0538	2406.84	933.103	3.49412	1.61661	615	0	-8.07054	0	20	20
0.00655726	0.00322274	4465.09	182.701	41.2153	2457.2	955.157	3.6127	1.61661	615	0	-8.15355	0	20	20
0.00648724	0.00328573	4529.39	182.636	38.3448	2504.01	976.049	3.73097	1.61661	615	0	-8.23274	0	20	20
0.0064212	0.00334442	4588.07	182.57	35.4743	2546.6	995.542	3.84727	1.61661	615	0	-8.3075	0	20	20
0.00635975	0.00339805	4640.35	182.502	32.6358	2584.37	1013.42	3.95987	1.61661	615	0	-8.37731	0	20	20
0.00630339	0.00344594	4685.57	182.434	29.8599	2616.84	1029.5	4.06703	1.61661	615	0	-8.4417	0	20	20
0.00625253	0.00348754	4723.23	182.364	27.1745	2643.62	1043.64	4.16709	1.61661	615	0	-8.50033	0	20	20
0.00620743	0.00352247	4753	182.293	24.6037	2664.46	1055.73	4.25857	1.61661	615	0	-8.55295	0	20	20
0.00616821	0.00355051	4774.74	182.221	22.1672	2679.26	1065.71	4.34033	1.61661	615	0	-8.59947	0	20	20
0.00613473	0.00357164	4788.48	182.147	19.8799	2688.03	1073.58	4.41178	1.61661	615	0	-8.64027	0	20	20
0.00610698	0.00358592	4794.39	182.072	17.7517	2690.92	1079.37	4.47219	1.61661	615	0	-8.67517	0	20	20
0.00608487	0.00359353	4792.8	181.995	15.7881	2688.19	1083.15	4.52112	1.61661	615	0	-8.70411	0	20	20
0.00606649	0.00359539	4784.15	181.918	13.9901	2680.17	1085	4.56234	1.61661	615	0	-8.70748	0	20	20
0.00605129	0.00359202	4768.97	181.838	12.3554	2667.24	1085.06	4.5968	1.61661	615	0	-8.68392	0	20	20
0.00603899	0.00358383	4747.82	181.758	10.8785	2649.83	1083.44	4.62494	1.61661	615	0	-8.63575	0	20	20
0.00602927	0.00357131	4721.31	181.676	9.55195	2628.41	1080.31	4.64735	1.61661	615	0	-8.5656	0	20	20
0.0060219	0.00355487	4690.02	181.592	8.36659	2603.43	1075.79	4.66443	1.61661	615	0	-8.47591	0	20	20
0.0060166	0.00353499	4654.54	181.507	7.31231	2575.32	1070.04	4.67678	1.61661	615	0	-8.36928	0	20	20
0.00601312	0.00351207	4615.43	181.421	6.37848	2544.52	1063.19	4.6849	1.61661	615	0	-8.24816	0	20	20
0.00601124	0.00348652	4573.2	181.333	5.55436	2511.42	1055.37	4.6893	1.61661	615	0	-8.11485	0	20	20
0.00601072	0.00345871	4528.32	181.243	4.8294	2476.38	1046.71	4.69052	1.61661	615	0	-7.97152	0	20	20
0.0060114	0.00342897	4481.23	181.152	4.19349	2439.75	1037.3	4.68892	1.61661	615	0	-7.82001	0	20	20
0.00601308	0.00339761	4432.31	181.059	3.63707	2401.81	1027.26	4.68499	1.61661	615	0	-7.66216	0	20	20
0.00601563	0.00336488	4381.91	180.964	3.15127	2362.83	1016.68	4.67903	1.61661	615	0	-7.49939	0	20	20
0.00601892	0.00333103	4330.32	180.868	2.72794	2323.03	1005.62	4.67138	1.61661	615	0	-7.33305	0	20	20
0.0060228	0.00329627	4277.8	180.77	2.35965	2282.63	994.17	4.66234	1.61661	615	0	-7.16431	0	20	20
0.00602721	0.00326076	4224.59	180.67	2.03971	2241.78	982.382	4.65211	1.61661	615	0	-6.99409	0	20	20
0.00603202	0.00322468	4170.87	180.568	1.76213	2200.65	970.311	4.64101	1.61661	615	0	-6.82332	0	20	20
0.00603718	0.00318816	4116.82	180.465	1.52155	2159.36	958.004	4.62912	1.61661	615	0	-6.65261	0	20	20
0.00604265	0.00315129	4062.58	180.36	1.31324	2118.01	945.501	4.61655	1.61661	615	0	-6.48251	0	20	20
0.00604834	0.00311419	4008.26	180.253	1.13301	2076.7	932.838	4.60354	1.61661	615	0	-6.31359	0	20	20
0.00605424	0.00307693	3953.97	180.144	0.977206	2035.49	920.043	4.59009	1.61661	615	0	-6.14614	0	20	20
0.00606031	0.00303957	3899.79	180.033	0.842585	1994.47	907.143	4.57631	1.61661	615	0	-5.98052	0	20	20
0.00606651	0.00300219	3845.79	179.92	0.726331	1953.67	894.161	4.5623	1.61661	615	0	-5.81702	0	20	20
0.00607283	0.00296482	3792.04	179.806	0.625985	1913.14	881.116	4.54806	1.61661	615	0	-5.65579	0	20	20
0.00607925	0.0029275	3738.58	179.689	0.539403	1872.91	868.024	4.53368	1.61661	615	0	-5.49702	0	20	20
0.00608574	0.00289028	3685.46	179.57	0.464724	1833.02	854.9	4.51919	1.61661	615	0	-5.34085	0	20	20
0.00609232	0.00285318	3632.71	179.449	0.400329	1793.49	841.757	4.50457	1.61661	615	0	-5.18733	0	20	20
0.00609895	0.00281622	3580.35	179.326	0.344818	1754.34	828.605	4.48989	1.61661	615	0	-5.03658	0	20	20
0.00610564	0.00277943	3528.41	179.201	0.296973	1715.57	815.455	4.47513	1.61661	615	0	-4.88862	0	20	20
0.00611241	0.00274281	3476.92	179.073	0.255745	1677.22	802.315	4.46028	1.61661	615	0	-4.74347	0	20	20
0.00611923	0.00270638	3425.88	178.944	0.220224	1639.27	789.193	4.4454	1.61661	615	0	-4.6012	0	20	20
0.0061261	0.00267017	3375.32	178.812	0.189625	1601.75	776.097	4.43044	1.61661	615	0	-4.46179	0	20	20
0.00613306	0.00263416	3325.24	178.677	0.163268	1564.66	763.032	4.41538	1.61661	615	0	-4.32523	0	20	20
0.00614007	0.00259838	3275.65	178.541	0.140567	1528.01	750.004	4.40027	1.61661	615	0	-4.19154	0	20	20
0.00614716	0.00256284	3226.57	178.402	0.121018	1491.79	737.02	4.38507	1.61661	615	0	-4.0607	0	20	20
0.00615434	0.00252754	3178.01	178.261	0.104184	1456.01	724.084	4.36975	1.61661	615	0	-3.93268	0	20	20
0.0061616	0.00249248	3129.97	178.117	0.0896893	1420.68	711.202	4.35432	1.61661	615	0	-3.80748	0	20	20
0.00616894	0.00245768	3082.45	177.971	0.0772089	1385.8	698.378	4.33879	1.61661	615	0	-3.6851	0	20	20
0.00617639	0.00242314	3035.47	177.822	0.0664636	1351.37	685.616	4.3231	1.61661	615	0	-3.56548	0	20	20
0.00618396	0.00238887	2989.04	177.671	0.0572127	1317.39	672.922	4.30724	1.61661	615	0	-3.4486	0	20	20
0.00619163	0.00235487	2943.16	177.517	0.0492485	1283.86	660.3	4.29126	1.61661	615	0	-3.33449	0	20	20
0.00619943	0.00232116	2897.83	177.36	0.0423924	1250.8	647.753	4.27508	1.61661	615	0	-3.22307	0	20	20
0.00620737	0.00228773	2853.07	177.201	0.0364903	1218.19	635.287	4.2587	1.61661	615	0	-3.11433	0	20	20
0.00621546	0.00225459	2808.87	177.039	0.0314096	1186.04	622.906	4.2421	1.61661	615	0	-3.00825	0	20	20
0.00622367	0.00222176	2765.26	176.874	0.027036	1154.36	610.613	4.22532	1.61661	615	0	-2.90482	0	20	20
0.00623205	0.00218923	2722.23	176.707	0.0232712	1123.15	598.414	4.2083	1.61661	615	0	-2.80401	0	20	20
0.0062406	0.00215703	2679.8	176.536	0.0200306	1092.41	586.312	4.19103	1.61661	615	0	-2.70577	0	20	20
0.00624933	0.00212514	2637.97	176.363	0.0172411	1062.15	574.311	4.17348	1.61661	615	0	-2.61009	0	20	20
0.00625824	0.00209359	2596.75	176.187	0.01484	1032.36	562.416	4.15569	1.61661	615	0	-2.51696	0	20	20
0.00626732	0.00206239	2556.15	176.008	0.0127733	1003.06	550.632	4.13765	1.61661	615	0	-2.42636	0	20	20
0.00627661	0.00203154	2516.17	175.825	0.0109943	974.239	538.961	4.11932	1.61661	615	0	-2.33824	0	20	20
0.00628609	0.00200106	2476.83	175.64	0.00946308	945.912	527.409	4.1007	1.61661	615	0	-2.25258	0	20	20
0.00629579	0.00197094	2438.14	175.452	0.00814509	918.079	515.98	4.08178	1.61661	615	0	-2.16937	0	20	20
0.0063057	0.00194121	2400.1	175.26	0.00701065	890.746	504.678	4.06257	1.61661	615	0	-2.08857	0	20	20
0.00631582	0.00191187	2362.72	175.066	0.0060342	863.918	493.508	4.04307	1.61661	615	0	-2.01016	0	20	20
0.00632615	0.00188294	2326.02	174.868	0.00519374	837.598	482.473	4.0233	1.61661	615	0	-1.93413	0	20	20
0.00633669	0.00185442	2289.99	174.666	0.00447034	811.792	471.578	4.00324	1.61661	615	0	-1.86044	0	20	20
0.00634746	0.00182634	2254.66	174.462	0.00384768	786.505	460.827	3.9829	1.61661	615	0	-1.78907	0	20	20
0.00635845	0.00179869	2220.03	174.254	0.00331176	761.743	450.225	3.96229	1.61661	615	0	-1.71998	0	20	20
0.00636965	0.0017715	2186.12	174.043	0.00285047	737.51	439.775	3.94142	1.61661	615	0	-1.65315	0	20	20
0.00638107	0.00174478	2152.92	173.828	0.00245344	713.813	429.482	3.92031	1.61661	615	0	-1.58857	0	20	20
0.00639268	0.00171853	2120.45	173.609	0.0021117	690.656	419.351	3.89897	1.61661	615	0	-1.52619	0	20	20
0.0064045	0.00169278	2088.73	173.387	0.00181757	668.046	409.385	3.87744	1.61661	615	0	-1.46599	0	20	20
0.00641649	0.00166754	2057.75	173.162	0.0015644	645.986	399.588	3.85573	1.61661	615	0	-1.40794	0	20	20
0.00642866	0.00164282	2027.53	172.933	0.00134649	624.485	389.965	3.83389	1.61661	615	0	-1.35202	0	20	20
0.00644097	0.00161864	1998.08	172.7	0.00115894	603.545	380.52	3.81194	1.61661	615	0	-1.29821	0	20	20
0.00645342	0.001595	1969.41	172.463	0.000997512	583.175	371.256	3.78992	1.61661	615	0	-1.24646	0	20	20
0.00646597	0.00157193	1941.53	172.223	0.000858568	563.377	362.178	3.76789	1.61661	615	0	-1.19675	0	20	20
0.00647861	0.00154944	1914.43	171.978	0.000738977	544.159	353.29	3.74589	1.61661	615	0	-1.14906	0	20	20
0.00649129	0.00152755	1888.15	171.73	0.000636045	525.526	344.595	3.72398	1.61661	615	0	-1.10335	0	20	20
0.00650398	0.00150627	1862.67	171.478	0.000547449	507.483	336.098	3.70223	1.61661	615	0	-1.0596	0	20	20
0.00651664	0.00148561	1838.02	171.221	0.000471194	490.034	327.802	3.68069	1.61661	615	0	-1.01779	0	20	20
0.00652924	0.00146559	1814.18	170.961	0.000405561	473.18	319.708	3.65943	1.61661	615	0	-0.977855	0	20	20
0.00654177	0.00144619	1791.15	170.697	0.00034907	456.905	311.815	3.63844	1.61661	615	0	-0.939731	0	20	20
0.00655424	0.00142739	1768.89	170.428	0.000300448	441.19	304.116	3.6177	1.61661	615	0	-0.903321	0	20	20
0.00656667	0.00140917	1747.38	170.155	0.000258598	426.015	296.607	3.5972	1.61661	615	0	-0.868536	0	20	20
0.00657905	0.00139152	1726.59	169.878	0.000222577	411.363	289.284	3.57694	1.61661	615	0	-0.835296	0	20	20
0.00659139	0.00137442	1706.51	169.597	0.000191574	397.214	282.142	3.55689	1.61661	615	0	-0.803522	0	20	20
0.0066037	0.00135784	1687.11	169.311	0.000164889	383.552	275.176	3.53702	1.61661	615	0	-0.773137	0	20	20
0.006616	0.00134178	1668.36	169.021	0.000141922	370.36	268.381	3.51734	1.61661	615	0	-0.74407	0	20	20
0.00662828	0.00132621	1650.26	168.726	0.000122153	357.622	261.755	3.49782	1.61661	615	0	-0.716254	0	20	20
0.00664056	0.00131113	1632.76	168.427	0.000105138	345.321	255.292	3.47845	1.61661	615	0	-0.689627	0	20	20
0.00665284	0.0012965	1615.87	168.123	9.04933e-05	333.444	248.989	3.45922	1.61661	615	0	-0.664129	0	20	20
0.00666513	0.00128233	1599.54	167.815	7.78883e-05	321.975	242.842	3.44012	1.61661	615	0	-0.639703	0	20	20
0.00667742	0.00126859	1583.78	167.502	6.70391e-05	310.901	236.846	3.42116	1.61661	615	0	-0.6163	0	20	20
0.00668973	0.00125527	1568.56	167.184	5.77011e-05	300.208	230.998	3.40232	1.61661	615	0	-0.593867	0	20	20
0.00670205	0.00124236	1553.86	166.862	4.96638e-05	289.882	225.295	3.38358	1.61661	615	0	-0.572354	0	20	20
0.00671441	0.00122985	1539.66	166.534	4.2746e-05	279.912	219.732	3.36494	1.61661	615	0	-0.551714	0	20	20
0.00672679	0.00121772	1525.96	166.202	3.67919e-05	270.285	214.307	3.34638	1.61661	615	0	-0.531906	0	20	20
0.00673922	0.00120595	1512.73	165.865	3.1667e-05	260.988	209.016	3.32791	1.61661	615	0	-0.512888	0	20	20
0.00675166	0.00119454	1499.95	165.523	2.72561e-05	252.012	203.855	3.30955	1.61661	615	0	-0.494627	0	20	20
0.00676414	0.00118349	1487.62	165.175	2.34595e-05	243.344	198.822	3.29126	1.61661	615	0	-0.477081	0	20	20
0.00677667	0.00117276	1475.72	164.823	2.01918e-05	234.974	193.913	3.27304	1.61661	615	0	-0.460215	0	20	20
0.00678925	0.00116236	1464.24	164.466	1.73792e-05	226.892	189.125	3.25488	1.61661	615	0	-0.443995	0	20	20
0.00680187	0.00115227	1453.15	164.103	1.49585e-05	219.088	184.456	3.23679	1.61661	615	0	-0.428391	0	20	20
0.00681453	0.00114249	1442.45	163.735	1.28749e-05	211.553	179.901	3.21879	1.61661	615	0	-0.413378	0	20	20
0.00682724	0.001133	1432.13	163.362	1.10815e-05	204.277	175.46	3.20084	1.61661	615	0	-0.398922	0	20	20
0.00684001	0.00112379	1422.18	162.984	9.53793e-06	197.251	171.128	3.18295	1.61661	615	0	-0.384997	0	20	20
0.00685283	0.00111486	1412.57	162.6	8.20938e-06	190.466	166.902	3.16511	1.61661	615	0	-0.371576	0	20	20
0.0068657	0.00110619	1403.31	162.211	7.06588e-06	183.915	162.782	3.14736	1.61661	615	0	-0.358641	0	20	20
0.00687862	0.00109779	1394.38	161.816	6.08166e-06	177.59	158.763	3.12966	1.61661	615	0	-0.346165	0	20	20
0.00689159	0.00108963	1385.76	161.416	5.23453e-06	171.481	154.843	3.11201	1.61661	615	0	-0.334125	0	20	20
0.00690462	0.00108171	1377.45	161.011	4.5054e-06	165.583	151.02	3.09443	1.61661	615	0	-0.3225	0	20	20
0.00691769	0.00107403	1369.44	160.599	3.87783e-06	159.888	147.291	3.07692	1.61661	615	0	-0.311277	0	20	20
0.00693082	0.00106657	1361.72	160.183	3.33768e-06	154.389	143.654	3.05947	1.61661	615	0	-0.30043	0	20	20
0.006944	0.00105933	1354.28	159.76	2.87277e-06	149.079	140.107	3.04209	1.61661	615	0	-0.289944	0	20	20
0.00695722	0.00105231	1347.11	159.332	2.47262e-06	143.951	136.648	3.02477	1.61661	615	0	-0.279802	0	20	20
0.00697049	0.00104549	1340.2	158.898	2.1282e-06	139	133.274	3.00754	1.61661	615	0	-0.26999	0	20	20
0.0069838	0.00103886	1333.54	158.458	1.83176e-06	134.219	129.984	2.99037	1.61661	615	0	-0.26049	0	20	20
0.00699716	0.00103243	1327.12	158.013	1.57661e-06	129.603	126.774	2.97327	1.61661	615	0	-0.251288	0	20	20
0.00701055	0.00102619	1320.95	157.561	1.357e-06	125.145	123.644	2.95626	1.61661	615	0	-0.242374	0	20	20
0.00702398	0.00102013	1315	157.104	1.16798e-06	120.841	120.592	2.93934	1.61661	615	0	-0.233731	0	20	20
0.00703745	0.00101424	1309.27	156.64	1.00529e-06	116.685	117.614	2.9225	1.61661	615	0	-0.225348	0	20	20
0.00705094	0.00100853	1303.75	156.171	8.65262e-07	112.671	114.71	2.90575	1.61661	615	0	-0.217214	0	20	20
0.00706446	0.00100297	1298.44	155.696	7.44738e-07	108.796	111.878	2.8891	1.61661	615	0	-0.209319	0	20	20
0.00707801	0.000997581	1293.33	155.215	6.41002e-07	105.054	109.116	2.87255	1.61661	615	0	-0.20165	0	20	20
0.00709157	0.000992342	1288.41	154.727	5.51715e-07	101.441	106.422	2.8561	1.61661	615	0	-0.194198	0	20	20
0.00710514	0.000987255	1283.68	154.234	4.74866e-07	97.9518	103.794	2.83976	1.61661	615	0	-0.186957	0	20	20
0.00711872	0.000982313	1279.13	153.734	4.08721e-07	94.5828	101.231	2.82354	1.61661	615	0	-0.179913	0	20	20
0.00713231	0.000977512	1274.75	153.229	3.51789e-07	91.3296	98.732	2.80743	1.61661	615	0	-0.173061	0	20	20
0.00714589	0.000972849	1270.54	152.717	3.02788e-07	88.1884	96.2943	2.79146	1.61661	615	0	-0.166393	0	20	20
0.00715947	0.000968319	1266.5	152.199	2.60612e-07	85.1552	93.9168	2.77561	1.61661	615	0	-0.159901	0	20	20
0.00717303	0.000963919	1262.61	151.674	2.24311e-07	82.2263	91.598	2.75989	1.61661	615	0	-0.153578	0	20	20
0.00718657	0.000959646	1258.87	151.144	1.93066e-07	79.3982	89.3364	2.74432	1.61661	615	0	-0.147421	0	20	20
0.00720008	0.000955495	1255.28	150.607	1.66173e-07	76.6673	87.1307	2.7289	1.61661	615	0	-0.141421	0	20	20
0.00721356	0.000951463	1251.83	150.064	1.43027e-07	74.0304	84.9794	2.71363	1.61661	615	0	-0.135571	0	20	20
0.007227	0.000947548	1248.52	149.515	1.23104e-07	71.4841	82.8813	2.69853	1.61661	615	0	-0.129869	0	20	20
0.00724039	0.000943745	1245.34	148.96	1.05957e-07	69.0254	80.8349	2.68358	1.61661	615	0	-0.124307	0	20	20
0.00725373	0.000940052	1242.28	148.398	9.11979e-08	66.6513	78.8391	2.6688	1.61661	615	0	-0.118882	0	20	20
0.007267	0.000936467	1239.35	147.83	7.84948e-08	64.3589	76.8926	2.65421	1.61661	615	0	-0.11359	0	20	20
0.00728021	0.000932987	1236.54	147.256	6.75611e-08	62.1453	74.9941	2.63979	1.61661	615	0	-0.108428	0	20	20
0.00729334	0.000929607	1233.84	146.675	5.81504e-08	60.0078	73.1425	2.62556	1.61661	615	0	-0.10339	0	20	20
0.00730637	0.000926328	1231.25	146.088	5.00505e-08	57.9439	71.3366	2.61153	1.61661	615	0	-0.0984754	0	20	20
0.00731932	0.000923146	1228.77	145.495	4.30789e-08	55.9509	69.5753	2.59769	1.61661	615	0	-0.0936802	0	20	20
0.00733217	0.000920058	1226.39	144.895	3.70783e-08	54.0265	67.8575	2.58406	1.61661	615	0	-0.0890014	0	20	20
0.0073449	0.000917063	1224.11	144.289	3.19136e-08	52.1683	66.1821	2.57065	1.61661	615	0	-0.0844387	0	20	20
0.00735751	0.000914159	1221.93	143.677	2.74683e-08	50.374	64.548	2.55745	1.61661	615	0	-0.0799881	0	20	20
0.00737	0.000911343	1219.84	143.059	2.36422e-08	48.6414	62.9543	2.54447	1.61661	615	0	-0.075648	0	20	20
0.00738234	0.000908614	1217.83	142.434	2.0349e-08	46.9684	61.4	2.53173	1.61661	615	0	-0.0714184	0	20	20
0.00739454	0.00090597	1215.91	141.803	1.75146e-08	45.353	59.884	2.51922	1.61661	615	0	-0.0672973	0	20	20
0.00740659	0.000903408	1214.08	141.166	1.50749e-08	43.7931	58.4055	2.50695	1.61661	615	0	-0.0632824	0	20	20
0.00741847	0.000900928	1212.32	140.523	1.29751e-08	42.2868	56.9634	2.49492	1.61661	615	0	-0.0593738	0	20	20
0.00743018	0.000898526	1210.63	139.874	1.11678e-08	40.8324	55.557	2.48314	1.61661	615	0	-0.0555693	0	20	20
0.00744172	0.000896202	1209.02	139.218	9.61219e-09	39.428	54.1853	2.47161	1.61661	615	0	-0.0518681	0	20	20
0.00745307	0.000893954	1207.48	138.556	8.27329e-09	38.0719	52.8474	2.46033	1.61661	615	0	-0.0482703	0	20	20
0.00746424	0.000891779	1206.01	137.889	7.12089e-09	36.7624	51.5426	2.44931	1.61661	615	0	-0.0447739	0	20	20
0.0074752	0.000889677	1204.59	137.215	6.129e-09	35.498	50.27	2.43855	1.61661	615	0	-0.0413791	0	20	20
0.00748597	0.000887646	1203.24	136.535	5.27528e-09	34.277	49.0289	2.42804	1.61661	615	0	-0.0380851	0	20	20
0.00749652	0.000885683	1201.95	135.849	4.54048e-09	33.0981	47.8183	2.4178	1.61661	615	0	-0.0348903	0	20	20
0.00750687	0.000883788	1200.72	135.157	3.90803e-09	31.9597	46.6377	2.40782	1.61661	615	0	-0.0317942	0	20	20
0.007517	0.000881958	1199.54	134.46	3.36367e-09	30.8604	45.4862	2.3981	1.61661	615	0	-0.0287962	0	20	20
0.00752691	0.000880192	1198.41	133.756	2.89514e-09	29.799	44.3632	2.38863	1.61661	615	0	-0.025894	0	20	20
0.00753661	0.000878487	1197.33	133.047	2.49187e-09	28.7741	43.2678	2.37943	1.61661	615	0	-0.0230863	0	20	20
0.00754609	0.000876843	1196.3	132.332	2.14477e-09	27.7844	42.1995	2.37047	1.61661	615	0	-0.0203719	0	20	20
0.00755534	0.000875257	1195.31	131.611	1.84602e-09	26.8288	41.1576	2.36177	1.61661	615	0	-0.0177491	0	20	20
0.00756438	0.000873728	1194.36	130.885	1.58888e-09	25.906	40.1414	2.35331	1.61661	615	0	-0.0152166	0	20	20
0.0075732	0.000872253	1193.45	130.153	1.36757e-09	25.015	39.1504	2.3451	1.61661	615	0	-0.0127724	0	20	20
0.0075818	0.000870832	1192.59	129.416	1.17707e-09	24.1546	38.1837	2.33713	1.61661	615	0	-0.0104149	0	20	20
0.00759018	0.000869462	1191.76	128.673	1.01312e-09	23.3238	37.241	2.3294	1.61661	615	0	-0.00814197	0	20	20
0.00759835	0.000868141	1190.96	127.925	8.71998e-10	22.5216	36.3215	2.32189	1.61661	615	0	-0.00595157	0	20	20
0.00760631	0.000866868	1190.2	127.172	7.50536e-10	21.747	35.4247	2.31461	1.61661	615	0	-0.0038415	0	20	20
0.00761406	0.000865641	1189.47	126.413	6.45992e-10	20.999	34.5501	2.30755	1.61661	615	0	-0.00180948	0	20	20
0.0076216	0.000864459	1188.77	125.65	5.56011e-10	20.2768	33.697	2.30071	1.61661	615	0	0.000146855	0	20	20
0.00762894	0.000863319	1188.1	124.881	4.78563e-10	19.5793	32.865	2.29407	1.61661	615	0	0.00202993	0	20	20
0.00763609	0.00086222	1187.45	124.107	4.11903e-10	18.9059	32.0536	2.28764	1.61661	615	0	0.00384221	0	20	20
0.00764305	0.000861161	1186.83	123.329	3.54528e-10	18.2557	31.2622	2.2814	1.61661	615	0	0.00558623	0	20	20
0.00764981	0.000860139	1186.23	122.546	3.05145e-10	17.6278	30.4903	2.27535	1.61661	615	0	0.00726452	0	20	20
0.0076564	0.000859154	1185.66	121.758	2.62641e-10	17.0215	29.7375	2.26948	1.61661	615	0	0.00887961	0	20	20
0.00766281	0.000858203	1185.11	120.966	2.26057e-10	16.436	29.0033	2.26379	1.61661	615	0	0.0104341	0	20	20
0.00766904	0.000857285	1184.57	120.169	1.94569e-10	15.8707	28.2872	2.25827	1.61661	615	0	0.0119304	0	20	20
0.00767511	0.000856399	1184.06	119.368	1.67467e-10	15.3248	27.5888	2.25292	1.61661	615	0	0.0133711	0	20	20
0.00768102	0.000855543	1183.56	118.562	1.4414e-10	14.7978	26.9076	2.24772	1.61661	615	0	0.0147587	0	20	20
0.00768677	0.000854716	1183.09	117.753	1.24063e-10	14.2888	26.2433	2.24268	1.61661	615	0	0.0160955	0	20	20
0.00769237	0.000853916	1182.62	116.939	1.06782e-10	13.7973	25.5953	2.23779	1.61661	615	0	0.017384	0	20	20
0.00769783	0.000853143	1182.17	116.121	9.1908e-11	13.3228	24.9634	2.23303	1.61661	615	0	0.0186265	0	20	20
0.00770314	0.000852395	1181.74	115.3	7.91059e-11	12.8645	24.347	2.22842	1.61661	615	0	0.0198252	0	20	20
0.00770832	0.000851671	1181.32	114.475	6.80871e-11	12.4221	23.7459	2.22393	1.61661	615	0	0.0209823	0	20	20
0.00771336	0.000850969	1180.91	113.646	5.86031e-11	11.9948	23.1596	2.21957	1.61661	615	0	0.0220999	0	20	20
0.00771828	0.00085029	1180.51	112.814	5.04402e-11	11.5823	22.5878	2.21533	1.61661	615	0	0.0231801	0	20	20
0.00772307	0.00084963	1180.13	111.979	4.34142e-11	11.1839	22.0301	2.21121	1.61661	615	0	0.0242248	0	20	20
0.00772775	0.000848991	1179.75	111.141	3.7367e-11	10.7992	21.4862	2.2072	1.61661	615	0	0.025236	0	20	20
0.00773231	0.00084837	1179.38	110.299	3.21621e-11	10.4278	20.9557	2.20329	1.61661	615	0	0.0262154	0	20	20
0.00773677	0.000847768	1179.02	109.455	2.76821e-11	10.0691	20.4383	2.19949	1.61661	615	0	0.0271647	0	20	20
0.00774112	0.000847182	1178.67	108.607	2.38262e-11	9.72282	19.9337	2.19578	1.61661	615	0	0.0280858	0	20	20
0.00774536	0.000846612	1178.33	107.757	2.05074e-11	9.3884	19.4415	2.19217	1.61661	615	0	0.02898	0	20	20
0.00774951	0.000846058	1178	106.905	1.76509e-11	9.06549	18.9615	2.18865	1.61661	615	0	0.029849	0	20	20
0.00775357	0.000845518	1177.67	106.05	1.51923e-11	8.75369	18.4933	2.18522	1.61661	615	0	0.0306942	0	20	20
0.00775753	0.000844992	1177.35	105.193	1.30761e-11	8.45261	18.0367	2.18187	1.61661	615	0	0.0315169	0	20	20
0.00776141	0.000844479	1177.03	104.334	1.12547e-11	8.16189	17.5914	2.1786	1.61661	615	0	0.0323185	0	20	20
0.00776521	0.000843979	1176.72	103.473	9.68703e-12	7.88116	17.1571	2.17541	1.61661	615	0	0.0331001	0	20	20
0.00776892	0.000843491	1176.41	102.61	8.3377e-12	7.61009	16.7334	2.17229	1.61661	615	0	0.033863	0	20	20
0.00777255	0.000843014	1176.11	101.746	7.17633e-12	7.34835	16.3203	2.16925	1.61661	615	0	0.0346082	0	20	20
0.00777611	0.000842548	1175.81	100.88	6.17672e-12	7.0956	15.9173	2.16627	1.61661	615	0	0.0353367	0	20	20
0.0077796	0.000842093	1175.52	100.012	5.31635e-12	6.85155	15.5243	2.16336	1.61661	615	0	0.0360496	0	20	20
0.00778302	0.000841647	1175.23	99.1437	4.57583e-12	6.6159	15.141	2.16051	1.61661	615	0	0.0367478	0	20	20
0.00778637	0.000841211	1174.94	98.274	3.93845e-12	6.38835	14.7672	2.15772	1.61661	615	0	0.037432	0	20	20
0.00778966	0.000840784	1174.66	97.4035	3.38986e-12	6.16862	14.4026	2.15499	1.61661	615	0	0.0381033	0	20	20
0.00779288	0.000840365	1174.38	96.5322	2.91768e-12	5.95645	14.047	2.15231	1.61661	615	0	0.0387622	0	20	20
0.00779605	0.000839954	1174.1	95.6603	2.51127e-12	5.75158	13.7002	2.14969	1.61661	615	0	0.0394095	0	20	20
0.00779915	0.000839551	1173.83	94.7879	2.16147e-12	5.55376	13.3619	2.14713	1.61661	615	0	0.0400459	0	20	20
0.00780221	0.000839156	1173.56	93.9153	1.86039e-12	5.36274	13.032	2.14461	1.61661	615	0	0.040672	0	20	20
0.0078052	0.000838767	1173.29	93.0425	1.60125e-12	5.17829	12.7103	2.14214	1.61661	615	0	0.0412885	0	20	20
0.00780815	0.000838386	1173.02	92.1697	1.37821e-12	5.00019	12.3964	2.13971	1.61661	615	0	0.0418957	0	20	20
0.00781105	0.00083801	1172.76	91.2971	1.18624e-12	4.82821	12.0904	2.13733	1.61661	615	0	0.0424943	0	20	20
0.00781389	0.000837642	1172.5	90.4247	1.02101e-12	4.66214	11.7919	2.135	1.61661	615	0	0.0430848	0	20	20
0.0078167	0.000837279	1172.23	89.5529	8.78787e-13	4.50179	11.5007	2.1327	1.61661	615	0	0.0436674	0	20	20
0.00781945	0.000836921	1171.97	88.6817	7.56379e-13	4.34695	11.2168	2.13045	1.61661	615	0	0.0442428	0	20	20
0.00782217	0.00083657	1171.72	87.8113	6.51022e-13	4.19744	10.9398	2.12823	1.61661	615	0	0.0448112	0	20	20
0.00782484	0.000836223	1171.46	86.9417	5.60339e-13	4.05307	10.6697	2.12605	1.61661	615	0	0.045373	0	20	20
0.00782747	0.000835882	1171.21	86.0733	4.82289e-13	3.91367	10.4063	2.12391	1.61661	615	0	0.0459285	0	20	20
0.00783006	0.000835545	1170.95	85.2061	4.1511e-13	3.77906	10.1493	2.1218	1.61661	615	0	0.046478	0	20	20
0.00783262	0.000835213	1170.7	84.3403	3.57288e-13	3.64908	9.89876	2.11972	1.61661	615	0	0.0470218	0	20	20
0.00783514	0.000834886	1170.45	83.476	3.07521e-13	3.52357	9.65436	2.11768	1.61661	615	0	0.0475601	0	20	20
0.00783762	0.000834563	1170.2	82.6133	2.64686e-13	3.40238	9.41599	2.11567	1.61661	615	0	0.0480932	0	20	20
0.00784007	0.000834244	1169.96	81.7525	2.27817e-13	3.28536	9.18351	2.11369	1.61661	615	0	0.0486212	0	20	20
0.00784249	0.000833929	1169.71	80.8937	1.96084e-13	3.17236	8.95677	2.11173	1.61661	615	0	0.0491445	0	20	20
0.00784487	0.000833619	1169.47	80.037	1.68771e-13	3.06325	8.73562	2.10981	1.61661	615	0	0.0496631	0	20	20
0.00784723	0.000833312	1169.22	79.1825	1.45263e-13	2.95789	8.51994	2.10791	1.61661	615	0	0.0501771	0	20	20
0.00784955	0.000833009	1168.98	78.3304	1.25029e-13	2.85615	8.30958	2.10604	1.61661	615	0	0.0506869	0	20	20
0.00785185	0.000832709	1168.74	77.4808	1.07613e-13	2.75792	8.10442	2.10419	1.61661	615	0	0.0511924	0	20	20
0.00785412	0.000832413	1168.5	76.6339	9.26235e-14	2.66306	7.90432	2.10236	1.61661	615	0	0.0516938	0	20	20
0.00785636	0.000832121	1168.27	75.7898	7.97218e-14	2.57146	7.70916	2.10057	1.61661	615	0	0.0521912	0	20	20
0.00785857	0.000831832	1168.03	74.9487	6.86172e-14	2.48302	7.51882	2.09879	1.61661	615	0	0.0526846	0	20	20
0.00786077	0.000831546	1167.8	74.1106	5.90593e-14	2.39762	7.33318	2.09703	1.61661	615	0	0.0531743	0	20	20
0.00786293	0.000831263	1167.56	73.2757	5.08329e-14	2.31515	7.15212	2.0953	1.61661	615	0	0.0536602	0	20	20
0.00786508	0.000830983	1167.33	72.4442	4.37522e-14	2.23552	6.97554	2.09359	1.61661	615	0	0.0541424	0	20	20
0.0078672	0.000830707	1167.1	71.616	3.76579e-14	2.15863	6.80331	2.0919	1.61661	615	0	0.054621	0	20	20
0.00786929	0.000830433	1166.88	70.7915	3.24125e-14	2.08439	6.63534	2.09022	1.61661	615	0	0.055096	0	20	20
0.00787137	0.000830163	1166.65	69.9707	2.78977e-14	2.0127	6.47151	2.08857	1.61661	615	0	0.0555674	0	20	20
0.00787343	0.000829895	1166.43	69.1537	2.40117e-14	1.94347	6.31173	2.08693	1.61661	615	0	0.0560354	0	20	20
0.00787546	0.00082963	1166.2	68.3406	2.06671e-14	1.87663	6.15589	2.08532	1.61661	615	0	0.0564998	0	20	20
0.00787748	0.000829368	1165.98	67.5315	1.77883e-14	1.81208	6.0039	2.08371	1.61661	615	0	0.0569608	0	20	20
0.00787948	0.000829109	1165.76	66.7266	1.53106e-14	1.74975	5.85566	2.08213	1.61661	615	0	0.0574184	0	20	20
0.00788146	0.000828853	1165.55	65.926	1.31779e-14	1.68957	5.71109	2.08056	1.61661	615	0	0.0578726	0	20	20
0.00788342	0.000828599	1165.33	65.1298	1.13423e-14	1.63146	5.57008	2.07901	1.61661	615	0	0.0583233	0	20	20
0.00788537	0.000828348	1165.12	64.338	9.76244e-15	1.57535	5.43255	2.07747	1.61661	615	0	0.0587707	0	20	20
0.0078873	0.000828099	1164.91	63.5508	8.40261e-15	1.52116	5.29842	2.07594	1.61661	615	0	0.0592146	0	20	20
0.00788921	0.000827853	1164.7	62.7682	7.2322e-15	1.46884	5.16761	2.07444	1.61661	615	0	0.0596551	0	20	20
0.00789111	0.00082761	1164.49	61.9905	6.22481e-15	1.41832	5.04002	2.07294	1.61661	615	0	0.0600923	0	20	20
0.00789299	0.000827369	1164.29	61.2175	5.35774e-15	1.36954	4.91558	2.07146	1.61661	615	0	0.060526	0	20	20
0.00789485	0.000827131	1164.09	60.4496	4.61145e-15	1.32244	4.79421	2.06999	1.61661	615	0	0.0609564	0	20	20
0.00789671	0.000826895	1163.89	59.6866	3.96911e-15	1.27695	4.67584	2.06853	1.61661	615	0	0.0613833	0	20	20
0.00789855	0.000826661	1163.69	58.9288	3.41625e-15	1.23303	4.5604	2.06709	1.61661	615	0	0.0618068	0	20	20
0.00790037	0.00082643	1163.5	58.1762	2.94039e-15	1.19062	4.4478	2.06565	1.61661	615	0	0.0622269	0	20	20
0.00790219	0.000826202	1163.3	57.4289	2.53082e-15	1.14967	4.33798	2.06423	1.61661	615	0	0.0626436	0	20	20
0.00790399	0.000825976	1163.11	56.6869	2.1783e-15	1.11013	4.23088	2.06282	1.61661	615	0	0.0630568	0	20	20
0.00790578	0.000825752	1162.92	55.9503	1.87488e-15	1.07195	4.12642	2.06142	1.61661	615	0	0.0634665	0	20	20
0.00790755	0.000825531	1162.74	55.2192	1.61372e-15	1.03508	4.02454	2.06003	1.61661	615	0	0.0638728	0	20	20
0.00790932	0.000825312	1162.56	54.4937	1.38894e-15	0.999475	3.92517	2.05865	1.61661	615	0	0.0642755	0	20	20
0.00791107	0.000825095	1162.38	53.7738	1.19547e-15	0.965099	3.82826	2.05728	1.61661	615	0	0.0646748	0	20	20
0.00791282	0.000824881	1162.2	53.0595	1.02895e-15	0.931905	3.73374	2.05592	1.61661	615	0	0.0650706	0	20	20
0.00791455	0.000824669	1162.02	52.351	8.85629e-16	0.899852	3.64155	2.05457	1.61661	615	0	0.0654629	0	20	20
0.00791627	0.00082446	1161.85	51.6483	7.62268e-16	0.868902	3.55164	2.05323	1.61661	615	0	0.0658516	0	20	20
0.00791799	0.000824252	1161.68	50.9515	6.5609e-16	0.839017	3.46395	2.0519	1.61661	615	0	0.0662368	0	20	20
0.00791969	0.000824047	1161.52	50.2605	5.64702e-16	0.810159	3.37842	2.05057	1.61661	615	0	0.0666185	0	20	20
0.00792138	0.000823844	1161.35	49.5755	4.86043e-16	0.782294	3.29501	2.04926	1.61661	615	0	0.0669966	0	20	20
0.00792307	0.000823644	1161.19	48.8964	4.18342e-16	0.755387	3.21366	2.04795	1.61661	615	0	0.0673711	0	20	20
0.00792475	0.000823445	1161.03	48.2234	3.6007e-16	0.729406	3.13431	2.04665	1.61661	615	0	0.0677421	0	20	20
0.00792641	0.000823249	1160.88	47.5564	3.09915e-16	0.704318	3.05692	2.04536	1.61661	615	0	0.0681095	0	20	20
0.00792807	0.000823055	1160.73	46.8955	2.66746e-16	0.680094	2.98145	2.04408	1.61661	615	0	0.0684733	0	20	20
0.00792973	0.000822864	1160.58	46.2407	2.29591e-16	0.656702	2.90784	2.0428	1.61661	615	0	0.0688335	0	20	20
0.00793137	0.000822674	1160.43	45.5921	1.97611e-16	0.634115	2.83604	2.04153	1.61661	615	0	0.0691901	0	20	20
0.00793301	0.000822487	1160.29	44.9497	1.70085e-16	0.612305	2.76602	2.04027	1.61661	615	0	0.0695431	0	20	20
0.00793464	0.000822301	1160.15	44.3134	1.46393e-16	0.591245	2.69773	2.03901	1.61661	615	0	0.0698925	0	20	20
0.00793579	0.000822163	1160.01	43.6834	1.26002e-16	0.570909	2.63112	2.03812	1.61661	615	0	0.0707799	0	20	20
0.00793672	0.00082205	1159.88	43.0596	1.08451e-16	0.551273	2.56616	2.0374	1.61661	615	0	0.0719088	0	20	20
0.00793768	0.00082194	1159.76	42.4421	9.33446e-17	0.532312	2.5028	2.03667	1.61661	615	0	0.0729926	0	20	20
0.00793865	0.000821832	1159.65	41.8308	8.03424e-17	0.514004	2.441	2.03591	1.61661	615	0	0.074033	0	20	20
0.00793965	0.000821726	1159.54	41.2258	6.91514e-17	0.496325	2.38074	2.03515	1.61661	615	0	0.0750314	0	20	20
0.00794066	0.000821623	1159.44	40.6271	5.95191e-17	0.479254	2.32195	2.03437	1.61661	615	0	0.0759893	0	20	20
0.0079417	0.000821521	1159.35	40.0347	5.12286e-17	0.46277	2.26463	2.03357	1.61661	615	0	0.0769082	0	20	20
0.00794276	0.000821421	1159.26	39.4486	4.40929e-17	0.446853	2.20871	2.03276	1.61661	615	0	0.0777894	0	20	20
0.00794383	0.000821322	1159.18	38.8688	3.79511e-17	0.431484	2.15418	2.03194	1.61661	615	0	0.0786343	0	20	20
0.00794493	0.000821225	1159.1	38.2953	3.26648e-17	0.416643	2.10099	2.0311	1.61661	615	0	0.0794441	0	20	20
0.00794604	0.00082113	1159.03	37.7281	2.81149e-17	0.402313	2.04912	2.03024	1.61661	615	0	0.0802202	0	20	20
0.00794717	0.000821035	1158.97	37.1672	2.41987e-17	0.388476	1.99853	2.02938	1.61661	615	0	0.0809637	0	20	20
0.00794832	0.000820942	1158.91	36.6125	2.0828e-17	0.375114	1.94918	2.0285	1.61661	615	0	0.0816759	0	20	20
0.00794948	0.000820849	1158.85	36.0641	1.79268e-17	0.362212	1.90106	2.02761	1.61661	615	0	0.0823579	0	20	20
0.00795066	0.000820758	1158.8	35.522	1.54298e-17	0.349754	1.85412	2.0267	1.61661	615	0	0.0830108	0	20	20
0.00795186	0.000820667	1158.75	34.9862	1.32805e-17	0.337725	1.80834	2.02579	1.61661	615	0	0.0836357	0	20	20
0.00795307	0.000820578	1158.71	34.4566	1.14306e-17	0.326109	1.76369	2.02486	1.61661	615	0	0.0842337	0	20	20
0.0079543	0.000820488	1158.67	33.9332	9.83845e-18	0.314892	1.72015	2.02393	1.61661	615	0	0.0848057	0	20	20
0.00795554	0.0008204	1158.64	33.416	8.46803e-18	0.304062	1.67768	2.02298	1.61661	615	0	0.0853528	0	20	20
0.0079568	0.000820312	1158.61	32.9049	7.2885e-18	0.293604	1.63625	2.02202	1.61661	615	0	0.0858759	0	20	20
0.00795806	0.000820225	1158.58	32.4001	6.27327e-18	0.283505	1.59585	2.02105	1.61661	615	0	0.0863759	0	20	20
0.00795935	0.000820138	1158.55	31.9014	5.39946e-18	0.273754	1.55645	2.02008	1.61661	615	0	0.0868537	0	20	20
0.00796064	0.000820051	1158.53	31.4087	4.64735e-18	0.264339	1.51802	2.01909	1.61661	615	0	0.0873102	0	20	20
0.00796195	0.000819965	1158.51	30.9222	4.00001e-18	0.255247	1.48054	2.0181	1.61661	615	0	0.0877462	0	20	20
0.00796327	0.000819879	1158.5	30.4417	3.44284e-18	0.246468	1.44399	2.01709	1.61661	615	0	0.0881625	0	20	20
0.0079646	0.000819794	1158.49	29.9673	2.96328e-18	0.23799	1.40834	2.01608	1.61661	615	0	0.0885599	0	20	20
0.00796594	0.000819709	1158.48	29.4988	2.55052e-18	0.229805	1.37356	2.01507	1.61661	615	0	0.0889392	0	20	20
0.00796729	0.000819624	1158.47	29.0363	2.19525e-18	0.221901	1.33965	2.01404	1.61661	615	0	0.089301	0	20	20
0.00796865	0.000819539	1158.46	28.5797	1.88947e-18	0.214269	1.30658	2.01301	1.61661	615	0	0.0896461	0	20	20
0.00797001	0.000819455	1158.46	28.129	1.62628e-18	0.206899	1.27432	2.01198	1.61661	615	0	0.0899751	0	20	20
0.00797139	0.00081937	1158.46	27.6842	1.39976e-18	0.199783	1.24285	2.01093	1.61661	615	0	0.0902887	0	20	20
0.00797278	0.000819286	1158.46	27.2452	1.20478e-18	0.192911	1.21217	2.00989	1.61661	615	0	0.0905876	0	20	20
0.00797417	0.000819202	1158.47	26.812	1.03696e-18	0.186276	1.18224	2.00883	1.61661	615	0	0.0908723	0	20	20
0.00797557	0.000819118	1158.48	26.3845	8.92524e-19	0.179869	1.15305	2.00777	1.61661	615	0	0.0911434	0	20	20
0.00797698	0.000819035	1158.48	25.9628	7.68203e-19	0.173683	1.12458	2.00671	1.61661	615	0	0.0914015	0	20	20
0.00797839	0.000818951	1158.49	25.5467	6.61198e-19	0.167709	1.09681	2.00564	1.61661	615	0	0.0916471	0	20	20
0.00797981	0.000818868	1158.51	25.1362	5.69098e-19	0.161941	1.06973	2.00457	1.61661	615	0	0.0918808	0	20	20
0.00798124	0.000818785	1158.52	24.7313	4.89828e-19	0.156371	1.04332	2.0035	1.61661	615	0	0.0921031	0	20	20
0.00798267	0.000818701	1158.54	24.3319	4.21598e-19	0.150993	1.01756	2.00242	1.61661	615	0	0.0923144	0	20	20
0.00798411	0.000818618	1158.55	23.9381	3.62873e-19	0.145799	0.992438	2.00134	1.61661	615	0	0.0925152	0	20	20
0.00798555	0.000818535	1158.57	23.5496	3.12328e-19	0.140785	0.967935	2.00025	1.61661	615	0	0.0927059	0	20	20
0.007987	0.000818452	1158.59	23.1666	2.68823e-19	0.135942	0.944036	1.99917	1.61661	615	0	0.0928871	0	20	20
0.00798845	0.000818369	1158.61	22.789	2.31378e-19	0.131267	0.920728	1.99808	1.61661	615	0	0.0930591	0	20	20
0.0079899	0.000818287	1158.64	22.4166	1.99149e-19	0.126752	0.897995	1.99699	1.61661	615	0	0.0932222	0	20	20
0.00799136	0.000818204	1158.66	22.0495	1.71409e-19	0.122392	0.875824	1.99589	1.61661	615	0	0.093377	0	20	20
0.00799282	0.000818121	1158.69	21.6877	1.47533e-19	0.118183	0.854199	1.9948	1.61661	615	0	0.0935237	0	20	20
0.00799429	0.000818038	1158.71	21.331	1.26983e-19	0.114118	0.833109	1.9937	1.61661	615	0	0.0936627	0	20	20
0.00799576	0.000817956	1158.74	20.9794	1.09295e-19	0.110193	0.81254	1.99261	1.61661	615	0	0.0937944	0	20	20
