0.00890634	
0.00470624	
0.00342537	
0.00276015	
0.0023029	
0.00195378	
0.00182234	
0.00161402	
0.00142513	
0.00128361	
0.00121857	
0.00123974	
0.00131152	
0.00141868	
0.00159196	
0.00181725	
0.00208947	
0.00247471	
0.0029231	
0.00353071	
0.00428632	
0.00523656	
0.00642983	
0.00787412	
0.00959236	
0.0115325	
0.0136904	
0.0160447	
0.0188474	
0.0223792	
0.0262651	
0.0303995	
0.0346937	
0.0389472	
0.0430002	
0.046663	
0.0498256	
0.0524035	
0.0544035	
0.0558708	
0.0568788	
0.0575246	
0.057894	
0.0580561	
0.0580701	
0.0579852	
0.0578396	
0.0576561	
0.0574521	
0.0572401	
0.0570281	
0.0568221	
0.0566237	
0.0564343	
0.0562541	
0.0560829	
0.0559201	
0.0557649	
0.0556157	
0.0554717	
0.0553316	
0.0551946	
0.0550599	
0.0549267	
0.054794	
0.0546613	
0.054528	
0.0543935	
0.0542575	
0.0541195	
0.0539792	
0.0538362	
0.0536904	
