0.00866132	0.000693393	1101	184.5	76.5	0	0	1.56764	1.61661	615	0	0.149314	0	20	20
0.00886788	0.000731423	1186.14	183.291	76.4694	63.1772	21.2904	1.46063	1.61661	615	0	-0.584999	0	20	20
0.00903139	0.000820325	1352.62	182.074	76.4339	185.055	62.7761	1.38273	1.61661	615	0	-1.76786	0	20	20
0.00903887	0.000915622	1512.17	180.852	76.3927	302.469	103.145	1.37929	1.61661	615	0	-2.60529	0	20	20
0.00897656	0.00101282	1664.8	179.623	76.3448	415.538	142.414	1.40822	1.61661	615	0	-3.21204	0	20	20
0.00888104	0.00111017	1811.06	178.387	76.2893	524.386	180.601	1.45415	1.61661	615	0	-3.66222	0	20	20
0.00876867	0.00120703	1951.52	177.146	76.2249	629.129	217.722	1.51077	1.61661	615	0	-4.00315	0	20	20
0.00864751	0.00130309	2086.64	175.899	76.1502	729.889	253.798	1.57517	1.61661	615	0	-4.26535	0	20	20
0.00852186	0.00139819	2216.74	174.646	76.0636	826.783	288.848	1.64587	1.61661	615	0	-4.46895	0	20	20
0.00839426	0.00149222	2342.06	173.388	75.9633	919.931	322.893	1.72208	1.61661	615	0	-4.62802	0	20	20
0.0082662	0.00158509	2462.79	172.124	75.847	1009.45	355.954	1.80336	1.61661	615	0	-4.75237	0	20	20
0.00813859	0.00167675	2579.09	170.855	75.7124	1095.47	388.055	1.88953	1.61661	615	0	-4.84911	0	20	20
0.008012	0.00176716	2691.12	169.582	75.5566	1178.11	419.221	1.98051	1.61661	615	0	-4.92352	0	20	20
0.00788678	0.00185631	2799.02	168.303	75.3764	1257.5	449.479	2.07635	1.61661	615	0	-4.97961	0	20	20
0.00776314	0.00194419	2902.94	167.02	75.1681	1333.77	478.857	2.17715	1.61661	615	0	-5.02047	0	20	20
0.00764116	0.00203083	3003.04	165.733	74.9275	1407.04	507.387	2.28308	1.61661	615	0	-5.04853	0	20	20
0.00752089	0.00211625	3099.48	164.442	74.6499	1477.47	535.1	2.39438	1.61661	615	0	-5.06573	0	20	20
0.00740229	0.00220052	3192.43	163.147	74.33	1545.19	562.032	2.51132	1.61661	615	0	-5.07363	0	20	20
0.00728531	0.00228369	3282.07	161.848	73.9617	1610.35	588.222	2.63424	1.61661	615	0	-5.07354	0	20	20
0.00716986	0.00236586	3368.57	160.545	73.5383	1673.11	613.709	2.76356	1.61661	615	0	-5.06653	0	20	20
0.00705582	0.00244711	3452.12	159.24	73.0526	1733.61	638.535	2.89973	1.61661	615	0	-5.0535	0	20	20
0.00694308	0.00252757	3532.93	157.931	72.4961	1792.03	662.746	3.0433	1.61661	615	0	-5.03523	0	20	20
0.00683148	0.00260736	3611.19	156.619	71.8602	1848.52	686.388	3.19489	1.61661	615	0	-5.01239	0	20	20
0.00672087	0.00268662	3687.1	155.305	71.1353	1903.25	709.508	3.35524	1.61661	615	0	-4.98554	0	20	20
0.00661111	0.00276548	3760.86	153.989	70.3111	1956.39	732.154	3.52515	1.61661	615	0	-4.95519	0	20	20
0.00650204	0.0028441	3832.67	152.67	69.3773	2008.08	754.372	3.70554	1.61661	615	0	-4.92176	0	20	20
0.00639169	0.00292319	3902.71	151.349	68.323	2058.49	776.207	3.9008	1.61661	615	0	-4.88838	0	20	20
0.00627938	0.00300311	3971.12	150.027	67.1377	2107.74	797.697	4.11386	1.61661	615	0	-4.85604	0	20	20
0.00616632	0.0030836	4038.06	148.703	65.8111	2155.94	818.877	4.34433	1.61661	615	0	-4.82298	0	20	20
0.00605176	0.00316502	4103.6	147.378	64.3342	2203.18	839.77	4.59573	1.61661	615	0	-4.79034	0	20	20
0.00593632	0.00324722	4167.8	146.052	62.6995	2249.51	860.386	4.86909	1.61661	615	0	-4.75728	0	20	20
0.00582021	0.00333015	4230.66	144.725	60.9015	2294.91	880.723	5.16635	1.61661	615	0	-4.72358	0	20	20
0.00570352	0.00341376	4292.08	143.398	58.9379	2339.35	900.757	5.49	1.61661	615	0	-4.68931	0	20	20
0.00558637	0.00349792	4351.92	142.07	56.8097	2382.7	920.448	5.84265	1.61661	615	0	-4.65447	0	20	20
0.00546913	0.00358236	4409.94	140.743	54.5225	2424.79	939.73	6.22652	1.61661	615	0	-4.61886	0	20	20
0.00535214	0.00366671	4465.83	139.415	52.086	2465.38	958.518	6.64382	1.61661	615	0	-4.58232	0	20	20
0.00523585	0.00375053	4519.18	138.088	49.5151	2504.17	976.704	7.0964	1.61661	615	0	-4.54463	0	20	20
0.00512078	0.00383326	4569.54	136.761	46.8297	2540.79	994.162	7.58562	1.61661	615	0	-4.50556	0	20	20
0.00500752	0.00391424	4616.39	135.436	44.0538	2574.86	1010.75	8.11209	1.61661	615	0	-4.46484	0	20	20
0.00489655	0.00399283	4659.21	134.111	41.2153	2605.97	1026.33	8.67619	1.61661	615	0	-4.42237	0	20	20
0.00478856	0.00406826	4697.45	132.788	38.3448	2633.7	1040.73	9.27652	1.61661	615	0	-4.37781	0	20	20
0.00468423	0.00413975	4730.63	131.466	35.4743	2657.66	1053.83	9.91025	1.61661	615	0	-4.33082	0	20	20
0.00458414	0.00420659	4758.3	130.146	32.6358	2677.51	1065.5	10.5737	1.61661	615	0	-4.28119	0	20	20
0.0044888	0.00426814	4780.1	128.828	29.8599	2692.97	1075.61	11.2618	1.61661	615	0	-4.22876	0	20	20
0.00439862	0.00432384	4795.77	127.512	27.1745	2703.84	1084.11	11.9688	1.61661	615	0	-4.17345	0	20	20
0.00431393	0.00437326	4805.19	126.199	24.6037	2710	1090.93	12.6876	1.61661	615	0	-4.1152	0	20	20
0.00423498	0.00441609	4808.31	124.888	22.1672	2711.44	1096.05	13.4106	1.61661	615	0	-4.05399	0	20	20
0.00416186	0.00445216	4805.24	123.58	19.8799	2708.21	1099.48	14.1299	1.61661	615	0	-3.98989	0	20	20
0.0040946	0.00448142	4796.16	122.276	17.7517	2700.47	1101.26	14.8377	1.61661	615	0	-3.923	0	20	20
0.00403312	0.00450397	4781.35	120.975	15.7881	2688.41	1101.45	15.5267	1.61661	615	0	-3.85349	0	20	20
0.00397727	0.00451997	4761.15	119.677	13.9901	2672.32	1100.12	16.1899	1.61661	615	0	-3.78151	0	20	20
0.00392646	0.0045299	4735.95	118.383	12.3554	2652.48	1097.37	16.8266	1.61661	615	0	-3.70777	0	20	20
0.00388072	0.00453394	4706.18	117.093	10.8785	2629.22	1093.3	17.4287	1.61661	615	0	-3.63214	0	20	20
0.00383977	0.00453245	4672.28	115.807	9.55195	2602.88	1088.02	17.9922	1.61661	615	0	-3.55481	0	20	20
0.00380296	0.00452603	4634.67	114.526	8.36659	2573.81	1081.63	18.5197	1.61661	615	0	-3.4765	0	20	20
0.00377013	0.004515	4593.8	113.249	7.31231	2542.31	1074.24	19.0078	1.61661	615	0	-3.39721	0	20	20
0.00374107	0.0044997	4550.05	111.977	6.37848	2508.72	1065.95	19.4542	1.61661	615	0	-3.31705	0	20	20
0.00371499	0.00448082	4503.83	110.71	5.55436	2473.32	1056.87	19.8668	1.61661	615	0	-3.2368	0	20	20
0.00369214	0.00445841	4455.47	109.448	4.8294	2436.38	1047.08	20.2379	1.61661	615	0	-3.15604	0	20	20
0.0036717	0.00443315	4405.3	108.192	4.19349	2398.16	1036.66	20.5777	1.61661	615	0	-3.07559	0	20	20
0.00365373	0.0044052	4353.61	106.941	3.63707	2358.87	1025.7	20.8829	1.61661	615	0	-2.99429	0	20	20
0.00363737	0.00437519	4300.67	105.695	3.15127	2318.72	1014.25	21.1659	1.61661	615	0	-2.91157	0	20	20
0.00362275	0.00434323	4246.71	104.456	2.72794	2277.88	1002.39	21.4232	1.61661	615	0	-2.82762	0	20	20
0.00360943	0.00430968	4191.93	103.223	2.35965	2236.51	990.166	21.6613	1.61661	615	0	-2.74322	0	20	20
0.00359751	0.00427463	4136.53	101.996	2.03971	2194.74	977.628	21.8773	1.61661	615	0	-2.65851	0	20	20
0.00358662	0.00423839	4080.66	100.775	1.76213	2152.71	964.82	22.0772	1.61661	615	0	-2.57412	0	20	20
0.00357691	0.00420098	4024.45	99.5613	1.52155	2110.51	951.782	22.2575	1.61661	615	0	-2.49006	0	20	20
0.003568	0.0041627	3968.05	98.3541	1.31324	2068.23	938.549	22.4246	1.61661	615	0	-2.40689	0	20	20
0.00356012	0.0041235	3911.54	97.1538	1.13301	2025.95	925.152	22.5739	1.61661	615	0	-2.32452	0	20	20
0.00355285	0.00408368	3855.04	95.9605	0.977206	1983.75	911.618	22.7127	1.61661	615	0	-2.24344	0	20	20
0.00354652	0.00404314	3798.61	94.7744	0.842585	1941.69	897.972	22.8346	1.61661	615	0	-2.16346	0	20	20
0.00354066	0.00400217	3742.33	93.5956	0.726331	1899.81	884.236	22.9482	1.61661	615	0	-2.08508	0	20	20
0.00353566	0.00396063	3686.26	92.4243	0.625985	1858.16	870.43	23.0456	1.61661	615	0	-2.00801	0	20	20
0.00353103	0.00391881	3630.47	91.2607	0.539403	1816.78	856.572	23.1363	1.61661	615	0	-1.93273	0	20	20
0.00352723	0.00387653	3575	90.1047	0.464724	1775.72	842.678	23.2113	1.61661	615	0	-1.8589	0	20	20
0.00352371	0.00383411	3519.89	88.9566	0.400329	1734.99	828.763	23.2809	1.61661	615	0	-1.78698	0	20	20
0.00352098	0.00379131	3465.19	87.8165	0.344818	1694.62	814.842	23.335	1.61661	615	0	-1.7166	0	20	20
0.0035185	0.00374846	3410.92	86.6845	0.296973	1654.65	800.926	23.3846	1.61661	615	0	-1.64819	0	20	20
0.00351677	0.00370533	3357.13	85.5607	0.255745	1615.09	787.027	23.4191	1.61661	615	0	-1.58138	0	20	20
0.00351526	0.00366221	3303.84	84.4452	0.220224	1575.96	773.157	23.4492	1.61661	615	0	-1.51657	0	20	20
0.00351447	0.00361889	3251.07	83.3381	0.189625	1537.28	759.325	23.4649	1.61661	615	0	-1.45339	0	20	20
0.00351392	0.00357563	3198.86	82.2395	0.163268	1499.06	745.54	23.476	1.61661	615	0	-1.39218	0	20	20
0.00351405	0.00353225	3147.23	81.1495	0.140567	1461.32	731.814	23.4735	1.61661	615	0	-1.33263	0	20	20
0.00351442	0.00348898	3096.18	80.0682	0.121018	1424.07	718.152	23.4661	1.61661	615	0	-1.27502	0	20	20
0.00351544	0.00344565	3045.76	78.9957	0.104184	1387.32	704.565	23.4455	1.61661	615	0	-1.21906	0	20	20
0.00351672	0.00340248	2995.96	77.9321	0.0896893	1351.09	691.059	23.42	1.61661	615	0	-1.165	0	20	20
0.00351864	0.0033593	2946.82	76.8774	0.0772089	1315.38	677.641	23.3818	1.61661	615	0	-1.11256	0	20	20
0.00352081	0.00331632	2898.34	75.8316	0.0664636	1280.2	664.32	23.3385	1.61661	615	0	-1.06197	0	20	20
0.00352361	0.00327339	2850.54	74.795	0.0572127	1245.57	651.102	23.2829	1.61661	615	0	-1.01298	0	20	20
0.00352668	0.0032307	2803.43	73.7675	0.0492485	1211.49	637.992	23.2221	1.61661	615	0	-0.965768	0	20	20
0.00353036	0.00318812	2757.03	72.7491	0.0423924	1177.96	624.998	23.1495	1.61661	615	0	-0.920122	0	20	20
0.00353434	0.00314581	2711.35	71.74	0.0364903	1145	612.125	23.0715	1.61661	615	0	-0.876176	0	20	20
0.00353889	0.00310366	2666.4	70.7403	0.0314096	1112.6	599.379	22.9825	1.61661	615	0	-0.833761	0	20	20
0.00354377	0.00306181	2622.18	69.7498	0.027036	1080.79	586.765	22.8877	1.61661	615	0	-0.792966	0	20	20
0.0035492	0.00302019	2578.72	68.7687	0.0232712	1049.55	574.288	22.7829	1.61661	615	0	-0.753659	0	20	20
0.00355499	0.00297889	2536.02	67.7971	0.0200306	1018.89	561.953	22.6717	1.61661	615	0	-0.715884	0	20	20
0.00356128	0.00293788	2494.08	66.8349	0.0172411	988.83	549.765	22.5519	1.61661	615	0	-0.679554	0	20	20
0.00356799	0.00289721	2452.91	65.8821	0.01484	959.358	537.729	22.4247	1.61661	615	0	-0.644661	0	20	20
0.00357512	0.00285691	2412.52	64.9389	0.0127733	930.482	525.848	22.2908	1.61661	615	0	-0.611174	0	20	20
0.00358276	0.00281694	2372.93	64.0052	0.0109943	902.204	514.127	22.1486	1.61661	615	0	-0.579022	0	20	20
0.00359072	0.00277742	2334.12	63.0811	0.00946308	874.525	502.569	22.0017	1.61661	615	0	-0.548238	0	20	20
0.00359918	0.00273828	2296.11	62.1665	0.00814509	847.449	491.178	21.8468	1.61661	615	0	-0.518717	0	20	20
0.00360804	0.00269958	2258.89	61.2615	0.00701065	820.976	479.956	21.6864	1.61661	615	0	-0.490459	0	20	20
0.00361727	0.00266136	2222.49	60.3661	0.0060342	795.107	468.908	21.5207	1.61661	615	0	-0.463431	0	20	20
0.00362696	0.00262359	2186.88	59.4802	0.00519374	769.842	458.037	21.3488	1.61661	615	0	-0.43757	0	20	20
0.003637	0.00258633	2152.09	58.6039	0.00447034	745.182	447.343	21.1725	1.61661	615	0	-0.412867	0	20	20
0.00364737	0.0025496	2118.1	57.7372	0.00384768	721.125	436.831	20.9923	1.61661	615	0	-0.389288	0	20	20
0.00365814	0.0025134	2084.92	56.8801	0.00331176	697.67	426.503	20.8074	1.61661	615	0	-0.366776	0	20	20
0.00366927	0.00247775	2052.55	56.0325	0.00285047	674.817	416.36	20.6187	1.61661	615	0	-0.345302	0	20	20
0.00368064	0.00244271	2020.99	55.1945	0.00245344	652.563	406.404	20.4282	1.61661	615	0	-0.324856	0	20	20
0.00369229	0.00240827	1990.24	54.3661	0.0021117	630.907	396.637	20.2354	1.61661	615	0	-0.305386	0	20	20
0.00370422	0.00237445	1960.29	53.5471	0.00181757	609.844	387.06	20.0406	1.61661	615	0	-0.286855	0	20	20
0.00371637	0.00234127	1931.14	52.7376	0.0015644	589.373	377.674	19.8446	1.61661	615	0	-0.269232	0	20	20
0.00372872	0.00230875	1902.79	51.9376	0.00134649	569.49	368.481	19.6481	1.61661	615	0	-0.252487	0	20	20
0.0037412	0.00227692	1875.23	51.1471	0.00115894	550.191	359.48	19.4521	1.61661	615	0	-0.236593	0	20	20
0.00375374	0.00224582	1848.47	50.3659	0.000997512	531.471	350.674	19.2578	1.61661	615	0	-0.221525	0	20	20
0.00376634	0.00221544	1822.48	49.5942	0.000858568	513.327	342.062	19.0652	1.61661	615	0	-0.207244	0	20	20
0.00377893	0.00218581	1797.28	48.8318	0.000738977	495.753	333.644	18.8752	1.61661	615	0	-0.193721	0	20	20
0.00379147	0.00215695	1772.85	48.0787	0.000636045	478.743	325.42	18.6887	1.61661	615	0	-0.18093	0	20	20
0.00380387	0.00212889	1749.19	47.3348	0.000547449	462.293	317.391	18.5064	1.61661	615	0	-0.168842	0	20	20
0.00381608	0.00210164	1726.28	46.6002	0.000471194	446.396	309.556	18.3293	1.61661	615	0	-0.157433	0	20	20
0.00382805	0.00207522	1704.12	45.8748	0.000405561	431.042	301.913	18.1579	1.61661	615	0	-0.146673	0	20	20
0.00383977	0.0020496	1682.69	45.1585	0.00034907	416.217	294.459	17.9923	1.61661	615	0	-0.136526	0	20	20
0.00385123	0.00202477	1661.96	44.4513	0.000300448	401.901	287.188	17.832	1.61661	615	0	-0.126955	0	20	20
0.00386246	0.0020007	1641.9	43.7532	0.000258598	388.078	280.098	17.6769	1.61661	615	0	-0.117925	0	20	20
0.00387347	0.00197737	1622.51	43.064	0.000222577	374.73	273.182	17.5267	1.61661	615	0	-0.109403	0	20	20
0.00388426	0.00195475	1603.75	42.3838	0.000191574	361.841	266.437	17.381	1.61661	615	0	-0.101358	0	20	20
0.00389484	0.00193282	1585.61	41.7124	0.000164889	349.396	259.859	17.2398	1.61661	615	0	-0.0937606	0	20	20
0.00390522	0.00191156	1568.06	41.0499	0.000141922	337.379	253.443	17.1027	1.61661	615	0	-0.0865844	0	20	20
0.00391541	0.00189096	1551.08	40.3961	0.000122153	325.775	247.185	16.9695	1.61661	615	0	-0.0798037	0	20	20
0.00392541	0.00187097	1534.67	39.751	0.000105138	314.57	241.082	16.8401	1.61661	615	0	-0.0733948	0	20	20
0.00393524	0.0018516	1518.79	39.1146	9.04933e-05	303.75	235.13	16.7143	1.61661	615	0	-0.0673352	0	20	20
0.00394489	0.00183282	1503.43	38.4868	7.78883e-05	293.303	229.325	16.5918	1.61661	615	0	-0.0616041	0	20	20
0.00395439	0.00181461	1488.58	37.8674	6.70391e-05	283.215	223.663	16.4726	1.61661	615	0	-0.0561817	0	20	20
0.00396373	0.00179695	1474.21	37.2566	5.77011e-05	273.474	218.14	16.3565	1.61661	615	0	-0.0510497	0	20	20
0.00397291	0.00177983	1460.31	36.6541	4.96638e-05	264.068	212.754	16.2432	1.61661	615	0	-0.0461907	0	20	20
0.00398196	0.00176323	1446.88	36.0599	4.2746e-05	254.985	207.501	16.1328	1.61661	615	0	-0.0415886	0	20	20
0.00399086	0.00174713	1433.88	35.4739	3.67919e-05	246.215	202.378	16.0251	1.61661	615	0	-0.037228	0	20	20
0.00399932	0.00173161	1421.31	34.8962	3.1667e-05	237.747	197.381	15.9237	1.61661	615	0	-0.0329536	0	20	20
0.00400378	0.00171773	1409.16	34.3265	2.72561e-05	229.57	192.508	15.8705	1.61661	615	0	-0.0272515	0	20	20
0.00400805	0.00170432	1397.41	33.7649	2.34595e-05	221.674	187.755	15.8198	1.61661	615	0	-0.0218584	0	20	20
0.00401213	0.00169136	1386.07	33.2113	2.01918e-05	214.049	183.119	15.7715	1.61661	615	0	-0.0167591	0	20	20
0.00401605	0.00167884	1375.1	32.6655	1.73792e-05	206.687	178.598	15.7254	1.61661	615	0	-0.0119395	0	20	20
0.0040198	0.00166675	1364.51	32.1275	1.49585e-05	199.578	174.189	15.6815	1.61661	615	0	-0.00738728	0	20	20
0.00402337	0.00165507	1354.27	31.5973	1.28749e-05	192.714	169.888	15.6398	1.61661	615	0	-0.00308963	0	20	20
0.0040268	0.00164378	1344.37	31.0748	1.10815e-05	186.085	165.693	15.5998	1.61661	615	0	0.000968405	0	20	20
0.0040301	0.00163287	1334.81	30.5598	9.53793e-06	179.685	161.602	15.5616	1.61661	615	0	0.00479892	0	20	20
0.00403327	0.00162232	1325.57	30.0524	8.20938e-06	173.505	157.612	15.5249	1.61661	615	0	0.00841345	0	20	20
0.00403633	0.00161213	1316.65	29.5524	7.06588e-06	167.537	153.721	15.4897	1.61661	615	0	0.011823	0	20	20
0.00403927	0.00160228	1308.02	29.0598	6.08166e-06	161.775	149.925	15.4558	1.61661	615	0	0.0150382	0	20	20
0.00404211	0.00159276	1299.69	28.5744	5.23453e-06	156.211	146.224	15.4232	1.61661	615	0	0.0180691	0	20	20
0.00404486	0.00158355	1291.63	28.0963	4.5054e-06	150.838	142.614	15.3918	1.61661	615	0	0.0209252	0	20	20
0.00404753	0.00157464	1283.85	27.6253	3.87783e-06	145.65	139.092	15.3614	1.61661	615	0	0.0236158	0	20	20
0.00405011	0.00156603	1276.33	27.1614	3.33768e-06	140.64	135.658	15.3321	1.61661	615	0	0.0261495	0	20	20
0.00405261	0.00155771	1269.07	26.7044	2.87277e-06	135.803	132.309	15.3037	1.61661	615	0	0.0285347	0	20	20
0.00405505	0.00154965	1262.05	26.2543	2.47262e-06	131.132	129.042	15.2761	1.61661	615	0	0.0307793	0	20	20
0.00405742	0.00154187	1255.26	25.8111	2.1282e-06	126.622	125.856	15.2494	1.61661	615	0	0.0328906	0	20	20
0.00405971	0.00153434	1248.71	25.3746	1.83176e-06	122.267	122.749	15.2235	1.61661	615	0	0.0348747	0	20	20
0.00406195	0.00152705	1242.37	24.9448	1.57661e-06	118.062	119.718	15.1983	1.61661	615	0	0.03674	0	20	20
0.00406415	0.00152	1236.25	24.5215	1.357e-06	114.001	116.762	15.1737	1.61661	615	0	0.038493	0	20	20
0.0040663	0.00151318	1230.34	24.1048	1.16798e-06	110.08	113.879	15.1496	1.61661	615	0	0.0401398	0	20	20
0.00406842	0.00150657	1224.63	23.6945	1.00529e-06	106.294	111.068	15.1259	1.61661	615	0	0.0416864	0	20	20
0.00407051	0.00150018	1219.1	23.2906	8.65262e-07	102.638	108.325	15.1027	1.61661	615	0	0.0431383	0	20	20
0.00407256	0.00149399	1213.77	22.8929	7.44738e-07	99.1076	105.651	15.0798	1.61661	615	0	0.0445009	0	20	20
0.0040746	0.001488	1208.61	22.5014	6.41002e-07	95.6988	103.042	15.0573	1.61661	615	0	0.0457791	0	20	20
0.00407661	0.00148219	1203.63	22.1161	5.51715e-07	92.4073	100.498	15.035	1.61661	615	0	0.0469778	0	20	20
0.0040786	0.00147657	1198.82	21.7368	4.74866e-07	89.229	98.0167	15.013	1.61661	615	0	0.0481014	0	20	20
0.00408058	0.00147112	1194.17	21.3635	4.08721e-07	86.16	95.5967	14.9911	1.61661	615	0	0.0491543	0	20	20
0.00408255	0.00146584	1189.67	20.9961	3.51789e-07	83.1966	93.2364	14.9695	1.61661	615	0	0.0501405	0	20	20
0.0040845	0.00146072	1185.33	20.6345	3.02788e-07	80.3351	90.9344	14.948	1.61661	615	0	0.0510639	0	20	20
0.00408645	0.00145576	1181.13	20.2786	2.60612e-07	77.572	88.6892	14.9266	1.61661	615	0	0.0519282	0	20	20
0.0040884	0.00145095	1177.08	19.9284	2.24311e-07	74.9039	86.4995	14.9053	1.61661	615	0	0.0527368	0	20	20
0.00409034	0.00144629	1173.16	19.5839	1.93066e-07	72.3276	84.3638	14.8841	1.61661	615	0	0.0534929	0	20	20
0.00409228	0.00144177	1169.38	19.2448	1.66173e-07	69.8399	82.2808	14.8629	1.61661	615	0	0.0541998	0	20	20
0.00409422	0.00143739	1165.72	18.9112	1.43027e-07	67.4378	80.2493	14.8418	1.61661	615	0	0.0548603	0	20	20
0.00409616	0.00143313	1162.18	18.5829	1.23104e-07	65.1183	78.268	14.8207	1.61661	615	0	0.0554772	0	20	20
0.0040981	0.00142901	1158.77	18.26	1.05957e-07	62.8786	76.3355	14.7996	1.61661	615	0	0.0560531	0	20	20
0.00410005	0.001425	1155.47	17.9423	9.11979e-08	60.7159	74.4508	14.7786	1.61661	615	0	0.0565906	0	20	20
0.004102	0.00142111	1152.28	17.6298	7.84948e-08	58.6276	72.6126	14.7575	1.61661	615	0	0.0570918	0	20	20
0.00410396	0.00141734	1149.2	17.3223	6.75611e-08	56.6112	70.8198	14.7364	1.61661	615	0	0.0575591	0	20	20
0.00410592	0.00141368	1146.22	17.0199	5.81504e-08	54.664	69.0712	14.7153	1.61661	615	0	0.0579945	0	20	20
0.00410789	0.00141012	1143.35	16.7224	5.00505e-08	52.7839	67.3659	14.6942	1.61661	615	0	0.0584001	0	20	20
0.00410986	0.00140667	1140.57	16.4298	4.30789e-08	50.9684	65.7026	14.673	1.61661	615	0	0.0587775	0	20	20
0.00411184	0.00140331	1137.88	16.142	3.70783e-08	49.2154	64.0804	14.6519	1.61661	615	0	0.0591287	0	20	20
0.00411382	0.00140005	1135.29	15.8589	3.19136e-08	47.5226	62.4982	14.6307	1.61661	615	0	0.0594552	0	20	20
0.00411581	0.00139689	1132.78	15.5806	2.74683e-08	45.8881	60.9551	14.6095	1.61661	615	0	0.0597586	0	20	20
0.0041178	0.00139381	1130.36	15.3068	2.36422e-08	44.3098	59.4502	14.5883	1.61661	615	0	0.0600404	0	20	20
0.0041198	0.00139082	1128.02	15.0376	2.0349e-08	42.7858	57.9823	14.5671	1.61661	615	0	0.0603018	0	20	20
0.0041218	0.00138792	1125.76	14.7728	1.75146e-08	41.3142	56.5507	14.5459	1.61661	615	0	0.0605443	0	20	20
0.00412381	0.0013851	1123.57	14.5124	1.50749e-08	39.8932	55.1545	14.5246	1.61661	615	0	0.060769	0	20	20
0.00412581	0.00138235	1121.46	14.2564	1.29751e-08	38.5211	53.7927	14.5034	1.61661	615	0	0.0609771	0	20	20
0.00412783	0.00137969	1119.42	14.0047	1.11678e-08	37.1962	52.4646	14.4823	1.61661	615	0	0.0611696	0	20	20
0.00412984	0.00137709	1117.45	13.7572	9.61219e-09	35.9168	51.1692	14.4611	1.61661	615	0	0.0613476	0	20	20
0.00413185	0.00137457	1115.55	13.5139	8.27329e-09	34.6815	49.9059	14.44	1.61661	615	0	0.061512	0	20	20
0.00413386	0.00137212	1113.71	13.2746	7.12089e-09	33.4886	48.6737	14.4189	1.61661	615	0	0.0616637	0	20	20
0.00413587	0.00136974	1111.93	13.0394	6.129e-09	32.3368	47.4719	14.3979	1.61661	615	0	0.0618035	0	20	20
0.00413788	0.00136742	1110.21	12.8081	5.27528e-09	31.2246	46.2998	14.3769	1.61661	615	0	0.0619322	0	20	20
0.00413989	0.00136517	1108.56	12.5808	4.54048e-09	30.1506	45.1567	14.356	1.61661	615	0	0.0620506	0	20	20
0.00414189	0.00136297	1106.95	12.3573	3.90803e-09	29.1136	44.0418	14.3352	1.61661	615	0	0.0621592	0	20	20
0.00414389	0.00136084	1105.41	12.1376	3.36367e-09	28.1123	42.9544	14.3145	1.61661	615	0	0.0622589	0	20	20
0.00414589	0.00135877	1103.91	11.9216	2.89514e-09	27.1454	41.8938	14.2938	1.61661	615	0	0.0623502	0	20	20
0.00414787	0.00135675	1102.47	11.7093	2.49187e-09	26.2117	40.8595	14.2733	1.61661	615	0	0.0624336	0	20	20
0.00414985	0.00135479	1101.07	11.5006	2.14477e-09	25.3102	39.8506	14.2529	1.61661	615	0	0.0625096	0	20	20
0.00415183	0.00135288	1099.72	11.2955	1.84602e-09	24.4396	38.8667	14.2325	1.61661	615	0	0.0625789	0	20	20
0.00415379	0.00135102	1098.42	11.0939	1.58888e-09	23.599	37.9071	14.2124	1.61661	615	0	0.0626416	0	20	20
0.00415573	0.00134922	1097.16	10.8958	1.36757e-09	22.7874	36.9712	14.1924	1.61661	615	0	0.0626982	0	20	20
0.00415767	0.00134746	1095.95	10.701	1.17707e-09	22.0036	36.0583	14.1726	1.61661	615	0	0.0627493	0	20	20
0.0041596	0.00134575	1094.78	10.5096	1.01312e-09	21.2468	35.1681	14.1529	1.61661	615	0	0.0627953	0	20	20
0.00416152	0.00134409	1093.64	10.3215	8.71998e-10	20.516	34.2998	14.1333	1.61661	615	0	0.0628366	0	20	20
0.00416342	0.00134247	1092.55	10.1367	7.50536e-10	19.8104	33.4529	14.114	1.61661	615	0	0.0628734	0	20	20
0.00416531	0.0013409	1091.49	9.95498	6.45992e-10	19.129	32.6269	14.0947	1.61661	615	0	0.0629062	0	20	20
0.00416719	0.00133937	1090.47	9.77644	5.56011e-10	18.4711	31.8214	14.0757	1.61661	615	0	0.0629351	0	20	20
0.00416906	0.00133787	1089.49	9.601	4.78563e-10	17.8358	31.0357	14.0568	1.61661	615	0	0.0629605	0	20	20
0.00417091	0.00133642	1088.54	9.42859	4.11903e-10	17.2223	30.2694	14.038	1.61661	615	0	0.0629826	0	20	20
0.00417275	0.00133501	1087.62	9.25918	3.54528e-10	16.63	29.5221	14.0195	1.61661	615	0	0.0630017	0	20	20
0.00417458	0.00133364	1086.73	9.09271	3.05145e-10	16.058	28.7932	14.0011	1.61661	615	0	0.063018	0	20	20
0.00417639	0.0013323	1085.87	8.92913	2.62641e-10	15.5057	28.0823	13.9829	1.61661	615	0	0.0630317	0	20	20
0.00417818	0.001331	1085.04	8.76841	2.26057e-10	14.9724	27.3889	13.9649	1.61661	615	0	0.063043	0	20	20
0.00417996	0.00132973	1084.25	8.61048	1.94569e-10	14.4574	26.7127	13.9471	1.61661	615	0	0.0630521	0	20	20
0.00418172	0.0013285	1083.47	8.45531	1.67467e-10	13.9601	26.0531	13.9295	1.61661	615	0	0.0630591	0	20	20
0.00418347	0.0013273	1082.73	8.30286	1.4414e-10	13.48	25.4099	13.912	1.61661	615	0	0.0630643	0	20	20
0.0041852	0.00132613	1082.01	8.15307	1.24063e-10	13.0163	24.7825	13.8948	1.61661	615	0	0.0630677	0	20	20
0.00418691	0.00132499	1081.32	8.0059	1.06782e-10	12.5687	24.1706	13.8777	1.61661	615	0	0.0630695	0	20	20
0.00418861	0.00132388	1080.65	7.86132	9.1908e-11	12.1364	23.5739	13.8608	1.61661	615	0	0.0630699	0	20	20
0.00419029	0.0013228	1080	7.71927	7.91059e-11	11.7189	22.9918	13.8442	1.61661	615	0	0.063069	0	20	20
0.00419196	0.00132175	1079.38	7.57972	6.80871e-11	11.3159	22.4241	13.8277	1.61661	615	0	0.0630668	0	20	20
0.00419361	0.00132073	1078.77	7.44262	5.86031e-11	10.9267	21.8705	13.8114	1.61661	615	0	0.0630635	0	20	20
0.00419524	0.00131973	1078.19	7.30794	5.04402e-11	10.5508	21.3305	13.7953	1.61661	615	0	0.0630591	0	20	20
0.00419685	0.00131876	1077.63	7.17563	4.34142e-11	10.188	20.8039	13.7794	1.61661	615	0	0.0630537	0	20	20
0.00419845	0.00131782	1077.09	7.04566	3.7367e-11	9.83755	20.2902	13.7636	1.61661	615	0	0.0630475	0	20	20
0.00420003	0.0013169	1076.57	6.91798	3.21621e-11	9.49919	19.7892	13.7481	1.61661	615	0	0.0630405	0	20	20
0.0042016	0.001316	1076.06	6.79256	2.76821e-11	9.17247	19.3006	13.7327	1.61661	615	0	0.0630329	0	20	20
0.00420315	0.00131513	1075.58	6.66936	2.38262e-11	8.85698	18.8241	13.7175	1.61661	615	0	0.0630248	0	20	20
0.00420468	0.00131427	1075.11	6.54833	2.05074e-11	8.55235	18.3593	13.7025	1.61661	615	0	0.0630161	0	20	20
0.0042062	0.00131344	1074.66	6.42946	1.76509e-11	8.2582	17.906	13.6877	1.61661	615	0	0.063007	0	20	20
0.0042077	0.00131263	1074.22	6.31269	1.51923e-11	7.97416	17.4639	13.673	1.61661	615	0	0.0629975	0	20	20
0.00420919	0.00131184	1073.8	6.198	1.30761e-11	7.69989	17.0328	13.6585	1.61661	615	0	0.0629876	0	20	20
0.00421067	0.00131107	1073.39	6.08534	1.12547e-11	7.43506	16.6122	13.6442	1.61661	615	0	0.0629775	0	20	20
0.00421213	0.00131032	1073	5.97469	9.68703e-12	7.17933	16.2021	13.63	1.61661	615	0	0.0629672	0	20	20
0.00421357	0.00130959	1072.62	5.866	8.3377e-12	6.9324	15.802	13.616	1.61661	615	0	0.0629566	0	20	20
0.004215	0.00130888	1072.26	5.75926	7.17633e-12	6.69396	15.4119	13.6021	1.61661	615	0	0.0629459	0	20	20
0.00421642	0.00130818	1071.91	5.65441	6.17672e-12	6.46373	15.0314	13.5884	1.61661	615	0	0.0629351	0	20	20
0.00421782	0.0013075	1071.57	5.55144	5.31635e-12	6.24141	14.6602	13.5748	1.61661	615	0	0.0629242	0	20	20
0.00421921	0.00130683	1071.24	5.4503	4.57583e-12	6.02674	14.2983	13.5614	1.61661	615	0	0.0629133	0	20	20
0.00422059	0.00130619	1070.93	5.35097	3.93845e-12	5.81945	13.9452	13.5482	1.61661	615	0	0.0629024	0	20	20
0.00422196	0.00130555	1070.62	5.25342	3.38986e-12	5.61929	13.6009	13.535	1.61661	615	0	0.0628915	0	20	20
0.00422331	0.00130493	1070.33	5.15761	2.91768e-12	5.42602	13.2651	13.522	1.61661	615	0	0.0628807	0	20	20
0.00422465	0.00130433	1070.05	5.06352	2.51127e-12	5.2394	12.9376	13.5092	1.61661	615	0	0.0628699	0	20	20
0.00422598	0.00130374	1069.78	4.97112	2.16147e-12	5.05919	12.6182	13.4964	1.61661	615	0	0.0628592	0	20	20
0.00422729	0.00130316	1069.52	4.88037	1.86039e-12	4.88518	12.3066	13.4838	1.61661	615	0	0.0628486	0	20	20
0.0042286	0.0013026	1069.27	4.79125	1.60125e-12	4.71716	12.0028	13.4713	1.61661	615	0	0.0628382	0	20	20
0.00422989	0.00130205	1069.02	4.70373	1.37821e-12	4.55491	11.7064	13.459	1.61661	615	0	0.0628279	0	20	20
0.00423117	0.00130151	1068.79	4.61778	1.18624e-12	4.39825	11.4174	13.4468	1.61661	615	0	0.0628177	0	20	20
0.00423244	0.00130098	1068.57	4.53337	1.02101e-12	4.24697	11.1355	13.4347	1.61661	615	0	0.0628077	0	20	20
0.0042337	0.00130046	1068.35	4.45049	8.78787e-13	4.1009	10.8606	13.4227	1.61661	615	0	0.062798	0	20	20
0.00423496	0.00129996	1068.14	4.36909	7.56379e-13	3.95985	10.5924	13.4108	1.61661	615	0	0.0627884	0	20	20
0.0042362	0.00129946	1067.94	4.28916	6.51022e-13	3.82365	10.3309	13.399	1.61661	615	0	0.0627791	0	20	20
0.00423743	0.00129898	1067.75	4.21068	5.60339e-13	3.69214	10.0758	13.3873	1.61661	615	0	0.0627701	0	20	20
0.00423865	0.0012985	1067.56	4.1336	4.82289e-13	3.56515	9.82704	13.3757	1.61661	615	0	0.0627613	0	20	20
0.00423987	0.00129804	1067.38	4.05792	4.1511e-13	3.44253	9.58441	13.3642	1.61661	615	0	0.0627528	0	20	20
0.00424108	0.00129758	1067.21	3.9836	3.57288e-13	3.32412	9.34777	13.3528	1.61661	615	0	0.0627445	0	20	20
0.00424227	0.00129714	1067.04	3.91063	3.07521e-13	3.20979	9.11698	13.3415	1.61661	615	0	0.0627365	0	20	20
0.00424346	0.0012967	1066.89	3.83897	2.64686e-13	3.09939	8.89188	13.3303	1.61661	615	0	0.0627289	0	20	20
0.00424465	0.00129627	1066.73	3.76861	2.27817e-13	2.99279	8.67234	13.3191	1.61661	615	0	0.0627215	0	20	20
0.00424582	0.00129585	1066.59	3.69952	1.96084e-13	2.88985	8.45822	13.308	1.61661	615	0	0.0627144	0	20	20
0.00424699	0.00129543	1066.44	3.63168	1.68771e-13	2.79046	8.24938	13.2971	1.61661	615	0	0.0627076	0	20	20
0.00424815	0.00129503	1066.31	3.56507	1.45263e-13	2.69448	8.0457	13.2862	1.61661	615	0	0.0627011	0	20	20
0.00424931	0.00129463	1066.18	3.49967	1.25029e-13	2.60181	7.84705	13.2753	1.61661	615	0	0.062695	0	20	20
0.00425046	0.00129423	1066.05	3.43545	1.07613e-13	2.51232	7.65331	13.2646	1.61661	615	0	0.0626891	0	20	20
0.0042516	0.00129385	1065.93	3.37239	9.26235e-14	2.42591	7.46435	13.2539	1.61661	615	0	0.0626836	0	20	20
0.00425274	0.00129347	1065.82	3.31048	7.97218e-14	2.34247	7.28005	13.2432	1.61661	615	0	0.0626784	0	20	20
0.00425387	0.0012931	1065.71	3.2497	6.86172e-14	2.2619	7.10031	13.2327	1.61661	615	0	0.0626735	0	20	20
0.00425499	0.00129273	1065.6	3.19001	5.90593e-14	2.18411	6.925	13.2222	1.61661	615	0	0.0626689	0	20	20
0.00425612	0.00129237	1065.5	3.13141	5.08329e-14	2.10898	6.75402	13.2117	1.61661	615	0	0.0626647	0	20	20
0.00425723	0.00129201	1065.4	3.07387	4.37522e-14	2.03645	6.58727	13.2013	1.61661	615	0	0.0626608	0	20	20
0.00425834	0.00129166	1065.31	3.01738	3.76579e-14	1.9664	6.42462	13.191	1.61661	615	0	0.0626572	0	20	20
0.00425945	0.00129132	1065.22	2.96192	3.24125e-14	1.89877	6.266	13.1807	1.61661	615	0	0.062654	0	20	20
0.00426055	0.00129098	1065.13	2.90747	2.78977e-14	1.83346	6.11129	13.1705	1.61661	615	0	0.062651	0	20	20
0.00426165	0.00129064	1065.05	2.85401	2.40117e-14	1.7704	5.9604	13.1603	1.61661	615	0	0.0626484	0	20	20
0.00426275	0.00129031	1064.97	2.80152	2.06671e-14	1.70951	5.81324	13.1502	1.61661	615	0	0.0626461	0	20	20
0.00426384	0.00128999	1064.9	2.74998	1.77883e-14	1.65071	5.66971	13.1401	1.61661	615	0	0.0626441	0	20	20
0.00426492	0.00128967	1064.83	2.69939	1.53106e-14	1.59394	5.52973	13.1301	1.61661	615	0	0.0626424	0	20	20
0.00426601	0.00128935	1064.76	2.64971	1.31779e-14	1.53911	5.3932	13.1201	1.61661	615	0	0.0626411	0	20	20
0.00426709	0.00128904	1064.69	2.60095	1.13423e-14	1.48618	5.26004	13.1101	1.61661	615	0	0.06264	0	20	20
0.00426817	0.00128873	1064.63	2.55307	9.76244e-15	1.43506	5.13017	13.1002	1.61661	615	0	0.0626393	0	20	20
0.00426924	0.00128842	1064.57	2.50606	8.40261e-15	1.3857	5.0035	13.0903	1.61661	615	0	0.0626389	0	20	20
0.00427031	0.00128812	1064.51	2.45992	7.2322e-15	1.33804	4.87997	13.0804	1.61661	615	0	0.0626388	0	20	20
0.00427138	0.00128782	1064.46	2.41461	6.22481e-15	1.29202	4.75948	13.0706	1.61661	615	0	0.0626391	0	20	20
0.00427245	0.00128753	1064.41	2.37014	5.35774e-15	1.24758	4.64197	13.0608	1.61661	615	0	0.0626396	0	20	20
0.00427352	0.00128723	1064.36	2.32647	4.61145e-15	1.20467	4.52736	13.051	1.61661	615	0	0.0626404	0	20	20
0.00427458	0.00128694	1064.31	2.28361	3.96911e-15	1.16324	4.41558	13.0412	1.61661	615	0	0.0626416	0	20	20
0.00427565	0.00128666	1064.27	2.24152	3.41625e-15	1.12323	4.30655	13.0315	1.61661	615	0	0.062643	0	20	20
0.00427671	0.00128637	1064.23	2.20021	2.94039e-15	1.08459	4.20023	13.0218	1.61661	615	0	0.0626448	0	20	20
0.00427777	0.00128609	1064.19	2.15965	2.53082e-15	1.04729	4.09652	13.0122	1.61661	615	0	0.0626468	0	20	20
0.00427882	0.00128581	1064.15	2.11983	2.1783e-15	1.01127	3.99538	13.0025	1.61661	615	0	0.0626491	0	20	20
0.00427988	0.00128554	1064.12	2.08075	1.87488e-15	0.976487	3.89673	12.9929	1.61661	615	0	0.0626517	0	20	20
0.00428094	0.00128526	1064.08	2.04238	1.61372e-15	0.942901	3.80052	12.9833	1.61661	615	0	0.0626546	0	20	20
0.00428199	0.00128499	1064.05	2.00471	1.38894e-15	0.91047	3.70669	12.9737	1.61661	615	0	0.0626578	0	20	20
0.00428305	0.00128472	1064.02	1.96773	1.19547e-15	0.879155	3.61517	12.9641	1.61661	615	0	0.0626613	0	20	20
0.0042841	0.00128446	1063.99	1.93143	1.02895e-15	0.848917	3.52591	12.9545	1.61661	615	0	0.062665	0	20	20
0.00428515	0.00128419	1063.97	1.89579	8.85629e-16	0.819719	3.43885	12.945	1.61661	615	0	0.062669	0	20	20
0.00428621	0.00128393	1063.94	1.8608	7.62268e-16	0.791525	3.35395	12.9354	1.61661	615	0	0.0626733	0	20	20
0.00428726	0.00128367	1063.92	1.82646	6.5609e-16	0.764301	3.27114	12.9259	1.61661	615	0	0.0626778	0	20	20
0.00428831	0.00128341	1063.9	1.79275	5.64702e-16	0.738013	3.19037	12.9164	1.61661	615	0	0.0626826	0	20	20
0.00428936	0.00128315	1063.88	1.75966	4.86043e-16	0.712629	3.1116	12.9069	1.61661	615	0	0.0626877	0	20	20
0.00429042	0.00128289	1063.86	1.72717	4.18342e-16	0.688119	3.03478	12.8974	1.61661	615	0	0.062693	0	20	20
0.00429147	0.00128264	1063.84	1.69528	3.6007e-16	0.664451	2.95985	12.8879	1.61661	615	0	0.0626986	0	20	20
0.00429252	0.00128238	1063.83	1.66397	3.09915e-16	0.641598	2.88677	12.8784	1.61661	615	0	0.0627044	0	20	20
0.00429357	0.00128213	1063.81	1.63324	2.66746e-16	0.61953	2.8155	12.869	1.61661	615	0	0.0627105	0	20	20
0.00429463	0.00128188	1063.8	1.60308	2.29591e-16	0.598222	2.74598	12.8595	1.61661	615	0	0.0627168	0	20	20
0.00429568	0.00128163	1063.79	1.57346	1.97611e-16	0.577646	2.67818	12.85	1.61661	615	0	0.0627233	0	20	20
0.00429674	0.00128138	1063.78	1.5444	1.70085e-16	0.557778	2.61206	12.8406	1.61661	615	0	0.0627301	0	20	20
0.00429779	0.00128113	1063.77	1.51586	1.46393e-16	0.538594	2.54757	12.8311	1.61661	615	0	0.0627371	0	20	20
0.00429885	0.00128089	1063.76	1.48785	1.26002e-16	0.520069	2.48467	12.8217	1.61661	615	0	0.0627444	0	20	20
0.0042999	0.00128064	1063.75	1.46036	1.08451e-16	0.502181	2.42332	12.8122	1.61661	615	0	0.0627518	0	20	20
0.00430096	0.00128039	1063.75	1.43337	9.33446e-17	0.484909	2.36349	12.8027	1.61661	615	0	0.0627595	0	20	20
0.00430202	0.00128015	1063.74	1.40688	8.03424e-17	0.468231	2.30513	12.7933	1.61661	615	0	0.0627675	0	20	20
0.00430308	0.00127991	1063.74	1.38087	6.91514e-17	0.452126	2.24822	12.7838	1.61661	615	0	0.0627756	0	20	20
0.00430414	0.00127966	1063.74	1.35534	5.95191e-17	0.436576	2.19271	12.7744	1.61661	615	0	0.0627839	0	20	20
0.00430521	0.00127942	1063.73	1.33028	5.12286e-17	0.42156	2.13857	12.7649	1.61661	615	0	0.0627925	0	20	20
0.00430627	0.00127918	1063.73	1.30569	4.40929e-17	0.40706	2.08577	12.7555	1.61661	615	0	0.0628013	0	20	20
0.00430733	0.00127894	1063.73	1.28154	3.79511e-17	0.39306	2.03427	12.746	1.61661	615	0	0.0628103	0	20	20
0.0043084	0.0012787	1063.73	1.25784	3.26648e-17	0.379541	1.98405	12.7365	1.61661	615	0	0.0628195	0	20	20
0.00430947	0.00127846	1063.73	1.23458	2.81149e-17	0.366486	1.93506	12.7271	1.61661	615	0	0.0628288	0	20	20
0.00431054	0.00127822	1063.74	1.21175	2.41987e-17	0.353881	1.88728	12.7176	1.61661	615	0	0.0628384	0	20	20
0.00431161	0.00127798	1063.74	1.18933	2.0828e-17	0.34171	1.84069	12.7081	1.61661	615	0	0.0628482	0	20	20
0.00431268	0.00127775	1063.74	1.16733	1.79268e-17	0.329957	1.79524	12.6986	1.61661	615	0	0.0628582	0	20	20
0.00431376	0.00127751	1063.75	1.14574	1.54298e-17	0.318608	1.75091	12.6892	1.61661	615	0	0.0628683	0	20	20
0.00431484	0.00127727	1063.75	1.12454	1.32805e-17	0.30765	1.70768	12.6797	1.61661	615	0	0.0628787	0	20	20
0.00431591	0.00127703	1063.76	1.10373	1.14306e-17	0.297068	1.66552	12.6701	1.61661	615	0	0.0628892	0	20	20
0.00431699	0.0012768	1063.76	1.08331	9.83845e-18	0.286851	1.6244	12.6606	1.61661	615	0	0.0628999	0	20	20
0.00431808	0.00127656	1063.77	1.06326	8.46803e-18	0.276984	1.58429	12.6511	1.61661	615	0	0.0629108	0	20	20
0.00431916	0.00127632	1063.78	1.04358	7.2885e-18	0.267458	1.54518	12.6416	1.61661	615	0	0.0629219	0	20	20
0.00432025	0.00127609	1063.79	1.02427	6.27327e-18	0.258259	1.50703	12.632	1.61661	615	0	0.0629331	0	20	20
0.00432134	0.00127585	1063.79	1.00531	5.39946e-18	0.249376	1.46982	12.6225	1.61661	615	0	0.0629445	0	20	20
0.00432243	0.00127561	1063.8	0.9867	4.64735e-18	0.240799	1.43353	12.6129	1.61661	615	0	0.0629561	0	20	20
0.00432352	0.00127538	1063.81	0.968434	4.00001e-18	0.232517	1.39813	12.6034	1.61661	615	0	0.0629679	0	20	20
0.00432462	0.00127514	1063.82	0.950506	3.44284e-18	0.224519	1.36361	12.5938	1.61661	615	0	0.0629798	0	20	20
0.00432572	0.00127491	1063.83	0.932908	2.96328e-18	0.216797	1.32995	12.5842	1.61661	615	0	0.0629919	0	20	20
0.00432682	0.00127467	1063.84	0.915635	2.55052e-18	0.20934	1.29711	12.5746	1.61661	615	0	0.0630041	0	20	20
0.00432792	0.00127444	1063.86	0.898681	2.19525e-18	0.20214	1.26508	12.565	1.61661	615	0	0.0630165	0	20	20
0.00432902	0.0012742	1063.87	0.882039	1.88947e-18	0.195188	1.23385	12.5554	1.61661	615	0	0.063029	0	20	20
0.00433013	0.00127396	1063.88	0.865705	1.62628e-18	0.188474	1.20338	12.5458	1.61661	615	0	0.0630417	0	20	20
0.00433124	0.00127373	1063.89	0.849673	1.39976e-18	0.181992	1.17367	12.5361	1.61661	615	0	0.0630546	0	20	20
0.00433235	0.00127349	1063.91	0.833936	1.20478e-18	0.175732	1.1447	12.5265	1.61661	615	0	0.0630675	0	20	20
0.00433347	0.00127325	1063.92	0.81849	1.03696e-18	0.169688	1.11643	12.5168	1.61661	615	0	0.0630807	0	20	20
0.00433459	0.00127302	1063.94	0.80333	8.92524e-19	0.163852	1.08887	12.5071	1.61661	615	0	0.063094	0	20	20
0.00433571	0.00127278	1063.95	0.788449	7.68203e-19	0.158216	1.06198	12.4974	1.61661	615	0	0.0631074	0	20	20
0.00433683	0.00127255	1063.96	0.773844	6.61198e-19	0.152774	1.03576	12.4877	1.61661	615	0	0.063121	0	20	20
0.00433795	0.00127231	1063.98	0.759508	5.69098e-19	0.14752	1.01019	12.478	1.61661	615	0	0.0631347	0	20	20
0.00433908	0.00127207	1064	0.745437	4.89828e-19	0.142446	0.985248	12.4683	1.61661	615	0	0.0631485	0	20	20
0.00434021	0.00127183	1064.01	0.731626	4.21598e-19	0.137546	0.960922	12.4585	1.61661	615	0	0.0631625	0	20	20
0.00434135	0.0012716	1064.03	0.71807	3.62873e-19	0.132816	0.937197	12.4488	1.61661	615	0	0.0631766	0	20	20
0.00434249	0.00127136	1064.04	0.704765	3.12328e-19	0.128247	0.914058	12.439	1.61661	615	0	0.0631909	0	20	20
0.00434362	0.00127112	1064.06	0.691706	2.68823e-19	0.123836	0.891489	12.4292	1.61661	615	0	0.0632052	0	20	20
0.00434477	0.00127088	1064.08	0.678888	2.31378e-19	0.119577	0.869478	12.4194	1.61661	615	0	0.0632197	0	20	20
0.00434591	0.00127064	1064.1	0.666307	1.99149e-19	0.115464	0.848011	12.4096	1.61661	615	0	0.0632344	0	20	20
0.00434706	0.0012704	1064.11	0.653959	1.71409e-19	0.111493	0.827073	12.3997	1.61661	615	0	0.0632491	0	20	20
0.00434821	0.00127017	1064.13	0.641839	1.47533e-19	0.107658	0.806653	12.3899	1.61661	615	0	0.063264	0	20	20
0.00434937	0.00126993	1064.15	0.629943	1.26983e-19	0.103955	0.786737	12.38	1.61661	615	0	0.063279	0	20	20
0.00435052	0.00126969	1064.17	0.618267	1.09295e-19	0.10038	0.767312	12.3702	1.61661	615	0	0.0632941	0	20	20
