0.00936804	
0.00743447	
0.00587178	
0.00507925	
0.00459429	
0.00425224	
0.00398287	
0.00375826	
0.00358287	
0.00347749	
0.00346603	
0.00358482	
0.0038028	
0.00409609	
0.00445484	
0.00487931	
0.00537634	
0.0059575	
0.00663829	
0.00743819	
0.00838129	
0.00949703	
0.0108206	
0.0123909	
0.0142413	
0.0163966	
0.0189435	
0.0220165	
0.0257654	
0.0303	
0.0387789	
0.0482248	
0.0529275	
0.0526076	
0.0500474	
0.0471357	
0.044506	
0.0422914	
0.0404816	
0.0390276	
0.0378731	
0.0369646	
0.036256	
0.0357089	
0.0352915	
0.0349785	
0.0347492	
0.034587	
0.0344787	
0.0344133	
0.0343822	
0.0343785	
0.0344044	
0.034479	
0.0345966	
0.0347501	
0.0349332	
0.0351403	
0.0353666	
0.0356076	
0.0358596	
0.0361191	
0.0363832	
0.0366492	
0.036915	
0.0371786	
0.0374382	
0.0376927	
0.0379408	
0.0381816	
0.0384144	
0.0386387	
0.0388541	
