0.00866572	0.000693067	1111.6	256.922	76.5	0	0	1.56526	1.61661	615	0	0.149389	0	20	20
0.00874088	0.000705047	1139.36	256.922	76.4694	18.5509	6.25157	1.52523	1.61661	615	0	-0.096173	0	20	20
0.0088572	0.000729873	1193.09	256.921	76.4339	54.3823	18.448	1.46592	1.61661	615	0	-0.542853	0	20	20
0.00893912	0.000754893	1243.85	256.921	76.3927	88.9888	30.3457	1.42599	1.61661	615	0	-0.930535	0	20	20
0.00899626	0.000780059	1292.39	256.92	76.3448	122.405	41.9498	1.39899	1.61661	615	0	-1.27102	0	20	20
0.00903449	0.000804984	1338.56	256.92	76.2893	154.665	53.2651	1.3813	1.61661	615	0	-1.57117	0	20	20
0.00905863	0.000829397	1382.34	256.919	76.2249	185.804	64.2969	1.37029	1.61661	615	0	-1.83652	0	20	20
0.00907243	0.000853143	1423.81	256.918	76.1502	215.854	75.0506	1.36405	1.61661	615	0	-2.07218	0	20	20
0.00907869	0.000876157	1463.15	256.918	76.0636	244.851	85.5317	1.36123	1.61661	615	0	-2.28269	0	20	20
0.00907944	0.000898435	1500.55	256.917	75.9633	272.827	95.7464	1.36089	1.61661	615	0	-2.47193	0	20	20
0.00907615	0.000920005	1536.23	256.916	75.847	299.817	105.701	1.36237	1.61661	615	0	-2.64317	0	20	20
0.00906988	0.000940914	1570.37	256.915	75.7124	325.856	115.402	1.3652	1.61661	615	0	-2.79906	0	20	20
0.00906139	0.000961207	1603.13	256.914	75.5566	350.979	124.856	1.36904	1.61661	615	0	-2.94179	0	20	20
0.00905124	0.000980931	1634.67	256.913	75.3764	375.222	134.072	1.37365	1.61661	615	0	-3.07312	0	20	20
0.00903983	0.00100012	1665.08	256.912	75.1681	398.623	143.057	1.37886	1.61661	615	0	-3.19451	0	20	20
0.00902745	0.00101882	1694.47	256.91	74.9275	421.219	151.821	1.38454	1.61661	615	0	-3.30716	0	20	20
0.00901435	0.00103705	1722.91	256.909	74.6499	443.05	160.372	1.39058	1.61661	615	0	-3.41207	0	20	20
0.00900067	0.00105483	1750.46	256.908	74.33	464.156	168.721	1.39693	1.61661	615	0	-3.51011	0	20	20
0.00898654	0.0010722	1777.18	256.906	73.9617	484.581	176.878	1.40353	1.61661	615	0	-3.602	0	20	20
0.00897206	0.00108917	1803.11	256.904	73.5383	504.367	184.856	1.41034	1.61661	615	0	-3.68839	0	20	20
0.00895729	0.00110576	1828.31	256.903	73.0526	523.56	192.667	1.41733	1.61661	615	0	-3.76987	0	20	20
0.00894228	0.00112201	1852.81	256.901	72.4961	542.205	200.323	1.42448	1.61661	615	0	-3.84694	0	20	20
0.00892706	0.00113794	1876.66	256.899	71.8602	560.35	207.837	1.43177	1.61661	615	0	-3.92007	0	20	20
0.00891165	0.00115357	1899.91	256.896	71.1353	578.042	215.224	1.43921	1.61661	615	0	-3.98967	0	20	20
0.00889607	0.00116893	1922.6	256.894	70.3111	595.328	222.497	1.44679	1.61661	615	0	-4.05612	0	20	20
0.00888031	0.00118405	1944.77	256.891	69.3773	612.252	229.669	1.45451	1.61661	615	0	-4.11977	0	20	20
0.00886438	0.00119895	1966.46	256.889	68.323	628.856	236.753	1.46236	1.61661	615	0	-4.18091	0	20	20
0.00884827	0.00121365	1987.69	256.886	67.1377	645.179	243.76	1.47037	1.61661	615	0	-4.2398	0	20	20
0.00883197	0.00122818	2008.5	256.882	65.8111	661.25	250.699	1.47852	1.61661	615	0	-4.29666	0	20	20
0.00881551	0.00124254	2028.9	256.879	64.3342	677.093	257.577	1.48682	1.61661	615	0	-4.35166	0	20	20
0.00879888	0.00125674	2048.9	256.875	62.6995	692.716	264.395	1.49526	1.61661	615	0	-4.40494	0	20	20
0.00878212	0.00127076	2068.47	256.871	60.9015	708.117	271.151	1.50384	1.61661	615	0	-4.45655	0	20	20
0.00876526	0.00128458	2087.58	256.867	58.9379	723.276	277.838	1.51254	1.61661	615	0	-4.50651	0	20	20
0.00874836	0.00129816	2106.19	256.862	56.8097	738.155	284.442	1.52132	1.61661	615	0	-4.5548	0	20	20
0.00873151	0.00131145	2124.21	256.857	54.5225	752.696	290.941	1.53015	1.61661	615	0	-4.6013	0	20	20
0.00871479	0.00132437	2141.55	256.852	52.086	766.822	297.309	1.53897	1.61661	615	0	-4.64587	0	20	20
0.00869834	0.00133684	2158.1	256.846	49.5151	780.438	303.512	1.54772	1.61661	615	0	-4.68831	0	20	20
0.00868228	0.00134875	2173.73	256.84	46.8297	793.432	309.509	1.55632	1.61661	615	0	-4.7284	0	20	20
0.00866677	0.00135999	2188.28	256.833	44.0538	805.68	315.258	1.56469	1.61661	615	0	-4.76587	0	20	20
0.00865197	0.00137045	2201.61	256.826	41.2153	817.053	320.711	1.57274	1.61661	615	0	-4.80045	0	20	20
0.00863803	0.00138	2213.57	256.819	38.3448	827.421	325.821	1.58036	1.61661	615	0	-4.83188	0	20	20
0.00862512	0.00138853	2224.03	256.81	35.4743	836.662	330.545	1.58747	1.61661	615	0	-4.85992	0	20	20
0.00861337	0.00139594	2232.86	256.801	32.6358	844.666	334.841	1.59397	1.61661	615	0	-4.88435	0	20	20
0.0086029	0.00140216	2239.98	256.792	29.8599	851.345	338.675	1.5998	1.61661	615	0	-4.905	0	20	20
0.0085938	0.00140711	2245.33	256.782	27.1745	856.634	342.022	1.60489	1.61661	615	0	-4.92175	0	20	20
0.00858614	0.00141078	2248.86	256.771	24.6037	860.494	344.864	1.60919	1.61661	615	0	-4.93455	0	20	20
0.00857995	0.00141313	2250.58	256.759	22.1672	862.915	347.193	1.61267	1.61661	615	0	-4.94338	0	20	20
0.00857525	0.00141419	2250.53	256.746	19.8799	863.912	349.011	1.61533	1.61661	615	0	-4.94829	0	20	20
0.00857141	0.00141408	2248.76	256.732	17.7517	863.526	350.327	1.6175	1.61661	615	0	-4.9457	0	20	20
0.00856798	0.00141291	2245.36	256.718	15.7881	861.816	351.158	1.61944	1.61661	615	0	-4.93321	0	20	20
0.00856494	0.00141075	2240.44	256.702	13.9901	858.86	351.526	1.62117	1.61661	615	0	-4.91147	0	20	20
0.00856224	0.00140767	2234.12	256.685	12.3554	854.745	351.459	1.6227	1.61661	615	0	-4.88119	0	20	20
0.00855986	0.00140374	2226.52	256.666	10.8785	849.568	350.985	1.62405	1.61661	615	0	-4.84317	0	20	20
0.00855777	0.00139906	2217.76	256.647	9.55195	843.427	350.136	1.62524	1.61661	615	0	-4.79818	0	20	20
0.00855594	0.00139368	2207.97	256.626	8.36659	836.421	348.944	1.62628	1.61661	615	0	-4.74702	0	20	20
0.00855434	0.0013877	2197.26	256.603	7.31231	828.648	347.439	1.6272	1.61661	615	0	-4.69046	0	20	20
0.00855294	0.00138118	2185.74	256.578	6.37848	820.2	345.653	1.628	1.61661	615	0	-4.62922	0	20	20
0.00855172	0.00137418	2173.51	256.552	5.55436	811.162	343.612	1.62869	1.61661	615	0	-4.56398	0	20	20
0.00855065	0.00136677	2160.68	256.524	4.8294	801.614	341.344	1.6293	1.61661	615	0	-4.49534	0	20	20
0.00854972	0.001359	2147.32	256.494	4.19349	791.629	338.873	1.62984	1.61661	615	0	-4.42388	0	20	20
0.0085489	0.00135093	2133.51	256.461	3.63707	781.271	336.22	1.63031	1.61661	615	0	-4.3501	0	20	20
0.00854817	0.00134259	2119.32	256.426	3.15127	770.6	333.405	1.63072	1.61661	615	0	-4.27442	0	20	20
0.00854753	0.00133403	2104.81	256.388	2.72794	759.665	330.447	1.63109	1.61661	615	0	-4.19725	0	20	20
0.00854696	0.00132528	2090.03	256.348	2.35965	748.513	327.361	1.63142	1.61661	615	0	-4.11892	0	20	20
0.00854645	0.00131637	2075.03	256.304	2.03971	737.183	324.16	1.63171	1.61661	615	0	-4.03973	0	20	20
0.00854598	0.00130733	2059.84	256.258	1.76213	725.71	320.858	1.63198	1.61661	615	0	-3.95993	0	20	20
0.00854556	0.00129817	2044.51	256.207	1.52155	714.122	317.465	1.63222	1.61661	615	0	-3.87975	0	20	20
0.00854518	0.00128893	2029.07	256.153	1.31324	702.446	313.991	1.63244	1.61661	615	0	-3.79936	0	20	20
0.00854483	0.00127961	2013.53	256.095	1.13301	690.704	310.445	1.63264	1.61661	615	0	-3.71893	0	20	20
0.00854451	0.00127024	1997.93	256.033	0.977206	678.917	306.834	1.63282	1.61661	615	0	-3.6386	0	20	20
0.00854421	0.00126081	1982.27	255.966	0.842585	667.099	303.164	1.633	1.61661	615	0	-3.55848	0	20	20
0.00854393	0.00125136	1966.59	255.894	0.726331	655.266	299.443	1.63315	1.61661	615	0	-3.47868	0	20	20
0.00854367	0.00124188	1950.89	255.816	0.625985	643.43	295.674	1.6333	1.61661	615	0	-3.39928	0	20	20
0.00854343	0.00123239	1935.2	255.733	0.539403	631.603	291.863	1.63344	1.61661	615	0	-3.32036	0	20	20
0.00854321	0.00122289	1919.51	255.644	0.464724	619.793	288.015	1.63356	1.61661	615	0	-3.24198	0	20	20
0.00854301	0.00121339	1903.84	255.548	0.400329	608.01	284.133	1.63368	1.61661	615	0	-3.16419	0	20	20
0.00854283	0.00120389	1888.21	255.445	0.344818	596.26	280.221	1.63378	1.61661	615	0	-3.08705	0	20	20
0.00854267	0.00119441	1872.62	255.334	0.296973	584.551	276.283	1.63387	1.61661	615	0	-3.01059	0	20	20
0.00854254	0.00118494	1857.07	255.215	0.255745	572.889	272.321	1.63395	1.61661	615	0	-2.93485	0	20	20
0.00854242	0.0011755	1841.58	255.087	0.220224	561.278	268.338	1.63402	1.61661	615	0	-2.85987	0	20	20
0.00854233	0.00116608	1826.16	254.95	0.189625	549.725	264.339	1.63407	1.61661	615	0	-2.78566	0	20	20
0.00854227	0.00115669	1810.81	254.802	0.163268	538.234	260.324	1.63411	1.61661	615	0	-2.71227	0	20	20
0.00854224	0.00114734	1795.53	254.644	0.140567	526.809	256.297	1.63413	1.61661	615	0	-2.6397	0	20	20
0.00854223	0.00113803	1780.33	254.474	0.121018	515.454	252.26	1.63413	1.61661	615	0	-2.56799	0	20	20
0.00854227	0.00112876	1765.23	254.292	0.104184	504.175	248.216	1.63411	1.61661	615	0	-2.49715	0	20	20
0.00854233	0.00111953	1750.22	254.096	0.0896893	492.973	244.167	1.63407	1.61661	615	0	-2.4272	0	20	20
0.00854244	0.00111036	1735.31	253.886	0.0772089	481.854	240.116	1.63401	1.61661	615	0	-2.35815	0	20	20
0.00854259	0.00110124	1720.51	253.66	0.0664636	470.82	236.063	1.63392	1.61661	615	0	-2.29003	0	20	20
0.00854278	0.00109217	1705.82	253.418	0.0572127	459.876	232.013	1.63381	1.61661	615	0	-2.22283	0	20	20
0.00854302	0.00108317	1691.24	253.158	0.0492485	449.024	227.966	1.63367	1.61661	615	0	-2.15658	0	20	20
0.00854331	0.00107423	1676.79	252.879	0.0423924	438.269	223.926	1.63351	1.61661	615	0	-2.09129	0	20	20
0.00854365	0.00106536	1662.47	252.58	0.0364903	427.613	219.894	1.63331	1.61661	615	0	-2.02697	0	20	20
0.00854405	0.00105655	1648.28	252.259	0.0314096	417.06	215.872	1.63309	1.61661	615	0	-1.96363	0	20	20
0.0085445	0.00104782	1634.22	251.915	0.027036	406.613	211.862	1.63283	1.61661	615	0	-1.90127	0	20	20
0.00854501	0.00103917	1620.31	251.547	0.0232712	396.276	207.867	1.63253	1.61661	615	0	-1.83992	0	20	20
0.00854559	0.0010306	1606.55	251.151	0.0200306	386.051	203.888	1.6322	1.61661	615	0	-1.77956	0	20	20
0.00854623	0.00102211	1592.93	250.728	0.0172411	375.943	199.927	1.63184	1.61661	615	0	-1.72022	0	20	20
0.00854693	0.0010137	1579.47	250.274	0.01484	365.953	195.987	1.63143	1.61661	615	0	-1.66189	0	20	20
0.0085477	0.00100539	1566.18	249.788	0.0127733	356.086	192.07	1.63099	1.61661	615	0	-1.60458	0	20	20
0.00854855	0.000997169	1553.04	249.268	0.0109943	346.344	188.176	1.63051	1.61661	615	0	-1.54831	0	20	20
0.00854946	0.000989043	1540.08	248.711	0.00946308	336.73	184.309	1.62999	1.61661	615	0	-1.49306	0	20	20
0.00855044	0.000981015	1527.29	248.115	0.00814509	327.249	180.47	1.62942	1.61661	615	0	-1.43885	0	20	20
0.0085515	0.000973089	1514.67	247.477	0.00701065	317.902	176.66	1.62882	1.61661	615	0	-1.38569	0	20	20
0.00855263	0.000965266	1502.23	246.795	0.0060342	308.694	172.883	1.62818	1.61661	615	0	-1.33356	0	20	20
0.00855383	0.00095755	1489.98	246.066	0.00519374	299.627	169.14	1.62749	1.61661	615	0	-1.28248	0	20	20
0.0085551	0.000949944	1477.91	245.287	0.00447034	290.704	165.432	1.62676	1.61661	615	0	-1.23245	0	20	20
0.00855644	0.00094245	1466.03	244.454	0.00384768	281.929	161.762	1.626	1.61661	615	0	-1.18347	0	20	20
0.00855785	0.000935071	1454.35	243.566	0.00331176	273.306	158.132	1.6252	1.61661	615	0	-1.13554	0	20	20
0.00855932	0.00092781	1442.85	242.618	0.00285047	264.836	154.543	1.62436	1.61661	615	0	-1.08867	0	20	20
0.00856086	0.00092067	1431.56	241.607	0.00245344	256.525	150.998	1.62349	1.61661	615	0	-1.04285	0	20	20
0.00856245	0.000913654	1420.47	240.53	0.0021117	248.376	147.498	1.62258	1.61661	615	0	-0.998098	0	20	20
0.00856408	0.000906764	1409.58	239.382	0.00181757	240.392	144.045	1.62165	1.61661	615	0	-0.954409	0	20	20
0.00856576	0.000900004	1398.89	238.16	0.0015644	232.577	140.642	1.6207	1.61661	615	0	-0.911788	0	20	20
0.00856748	0.000893376	1388.42	236.86	0.00134649	224.936	137.291	1.61973	1.61661	615	0	-0.87024	0	20	20
0.00856921	0.000886884	1378.15	235.479	0.00115894	217.472	133.994	1.61874	1.61661	615	0	-0.829771	0	20	20
0.00857096	0.000880531	1368.1	234.011	0.000997512	210.191	130.753	1.61775	1.61661	615	0	-0.790388	0	20	20
0.0085727	0.000874322	1358.27	232.453	0.000858568	203.097	127.571	1.61677	1.61661	615	0	-0.752098	0	20	20
0.00857442	0.00086826	1348.65	230.802	0.000738977	196.195	124.449	1.6158	1.61661	615	0	-0.714911	0	20	20
0.00857609	0.00086235	1339.26	229.052	0.000636045	189.491	121.391	1.61485	1.61661	615	0	-0.678839	0	20	20
0.00857771	0.000856596	1330.1	227.2	0.000547449	182.99	118.4	1.61394	1.61661	615	0	-0.643892	0	20	20
0.00857923	0.000851004	1321.16	225.242	0.000471194	176.7	115.478	1.61308	1.61661	615	0	-0.610085	0	20	20
0.00858063	0.000845576	1312.46	223.175	0.000405561	170.622	112.627	1.61229	1.61661	615	0	-0.577417	0	20	20
0.00858192	0.000840308	1303.97	220.994	0.00034907	164.754	109.846	1.61156	1.61661	615	0	-0.54585	0	20	20
0.00858306	0.000835191	1295.69	218.696	0.000300448	159.087	107.134	1.61092	1.61661	615	0	-0.515338	0	20	20
0.00858407	0.000830218	1287.61	216.278	0.000258598	153.616	104.489	1.61035	1.61661	615	0	-0.485832	0	20	20
0.00858494	0.000825381	1279.71	213.738	0.000222577	148.332	101.909	1.60986	1.61661	615	0	-0.457293	0	20	20
0.00858567	0.000820673	1271.97	211.072	0.000191574	143.23	99.3928	1.60945	1.61661	615	0	-0.429683	0	20	20
0.00858624	0.000816087	1264.39	208.279	0.000164889	138.304	96.9388	1.60913	1.61661	615	0	-0.402967	0	20	20
0.00858667	0.000811617	1256.96	205.358	0.000141922	133.547	94.5454	1.60889	1.61661	615	0	-0.377117	0	20	20
0.00858695	0.000807256	1249.66	202.308	0.000122153	128.954	92.2111	1.60873	1.61661	615	0	-0.352103	0	20	20
0.0085871	0.000802997	1242.49	199.128	0.000105138	124.518	89.9344	1.60865	1.61661	615	0	-0.327905	0	20	20
0.0085871	0.000798836	1235.44	195.818	9.04933e-05	120.236	87.7139	1.60865	1.61661	615	0	-0.304501	0	20	20
0.00858698	0.000794767	1228.5	192.381	7.78883e-05	116.1	85.5482	1.60872	1.61661	615	0	-0.281874	0	20	20
0.00858674	0.000790783	1221.67	188.817	6.70391e-05	112.107	83.436	1.60885	1.61661	615	0	-0.26001	0	20	20
0.00858639	0.000786881	1214.93	185.13	5.77011e-05	108.251	81.376	1.60904	1.61661	615	0	-0.238898	0	20	20
0.00858596	0.000783056	1208.29	181.324	4.96638e-05	104.528	79.3668	1.60928	1.61661	615	0	-0.218527	0	20	20
0.00858547	0.000779304	1201.74	177.402	4.2746e-05	100.933	77.4072	1.60956	1.61661	615	0	-0.198891	0	20	20
0.00858493	0.00077562	1195.29	173.371	3.67919e-05	97.4611	75.496	1.60987	1.61661	615	0	-0.179984	0	20	20
0.00858437	0.000772	1188.91	169.236	3.1667e-05	94.1089	73.632	1.61018	1.61661	615	0	-0.161801	0	20	20
0.00858383	0.000768442	1182.63	165.006	2.72561e-05	90.8721	71.8141	1.61048	1.61661	615	0	-0.144338	0	20	20
0.00858334	0.000764943	1176.43	160.687	2.34595e-05	87.7466	70.041	1.61076	1.61661	615	0	-0.127593	0	20	20
0.00858293	0.000761498	1170.33	156.289	2.01918e-05	84.7286	68.3116	1.61099	1.61661	615	0	-0.111562	0	20	20
0.00858264	0.000758107	1164.31	151.821	1.73792e-05	81.8144	66.625	1.61116	1.61661	615	0	-0.0962426	0	20	20
0.00858252	0.000754767	1158.39	147.295	1.49585e-05	79.0004	64.98	1.61122	1.61661	615	0	-0.081631	0	20	20
0.00858261	0.000751475	1152.56	142.72	1.28749e-05	76.2832	63.3757	1.61117	1.61661	615	0	-0.0677226	0	20	20
0.00858297	0.000748231	1146.84	138.108	1.10815e-05	73.6595	61.8109	1.61097	1.61661	615	0	-0.0545112	0	20	20
0.00858364	0.000745032	1141.23	133.471	9.53793e-06	71.126	60.2848	1.61059	1.61661	615	0	-0.0419894	0	20	20
0.00858263	0.00074204	1135.74	128.821	8.20938e-06	68.6797	58.7964	1.61116	1.61661	615	0	-0.0289066	0	20	20
0.0085773	0.000739508	1130.42	124.17	7.06588e-06	66.3174	57.3447	1.61417	1.61661	615	0	-0.0139069	0	20	20
0.0085736	0.000737035	1125.41	119.53	6.08166e-06	64.0365	55.9288	1.61626	1.61661	615	0	-0.000614569	0	20	20
0.00857169	0.000734644	1120.76	114.913	5.23453e-06	61.834	54.548	1.61734	1.61661	615	0	0.0110901	0	20	20
0.00857165	0.000732333	1116.47	110.332	4.5054e-06	59.7072	53.2012	1.61736	1.61661	615	0	0.0213671	0	20	20
0.00857356	0.000730107	1112.56	105.797	3.87783e-06	57.6536	51.8876	1.61628	1.61661	615	0	0.0303705	0	20	20
0.00857743	0.000727974	1109.04	101.32	3.33768e-06	55.6706	50.6065	1.61409	1.61661	615	0	0.0382487	0	20	20
0.00858326	0.000725949	1105.94	96.9106	2.87277e-06	53.7559	49.357	1.61081	1.61661	615	0	0.0451451	0	20	20
0.00859098	0.000724049	1103.27	92.5791	2.47262e-06	51.907	48.1384	1.60647	1.61661	615	0	0.0511967	0	20	20
0.00860049	0.000722297	1101.06	88.3343	2.1282e-06	50.1216	46.9499	1.60115	1.61661	615	0	0.0565343	0	20	20
0.00861162	0.000720718	1099.33	84.1844	1.83176e-06	48.3977	45.7907	1.59495	1.61661	615	0	0.0612803	0	20	20
0.00862416	0.000719336	1098.09	80.1368	1.57661e-06	46.7331	44.6601	1.58799	1.61661	615	0	0.065548	0	20	20
0.00863789	0.000718179	1097.35	76.198	1.357e-06	45.1257	43.5574	1.58044	1.61661	615	0	0.0694396	0	20	20
0.00865253	0.000717269	1097.13	72.3735	1.16798e-06	43.5737	42.482	1.57243	1.61661	615	0	0.0730455	0	20	20
0.00866783	0.000716629	1097.42	68.6681	1.00529e-06	42.075	41.4331	1.56412	1.61661	615	0	0.0764428	0	20	20
0.00868352	0.000716273	1098.22	65.0854	8.65262e-07	40.6278	40.4101	1.55565	1.61661	615	0	0.0796954	0	20	20
0.00869937	0.000716216	1099.53	61.6285	7.44738e-07	39.2304	39.4124	1.54716	1.61661	615	0	0.0828544	0	20	20
0.00871518	0.000716463	1101.34	58.2994	6.41002e-07	37.8811	38.4393	1.53876	1.61661	615	0	0.0859586	0	20	20
0.00873076	0.000717017	1103.63	55.0994	5.51715e-07	36.5782	37.4902	1.53054	1.61661	615	0	0.0890361	0	20	20
0.00874599	0.000717875	1106.38	52.0291	4.74866e-07	35.3201	36.5646	1.52255	1.61661	615	0	0.0921058	0	20	20
0.00876077	0.000719031	1109.58	49.0882	4.08721e-07	34.1053	35.6618	1.51486	1.61661	615	0	0.0951792	0	20	20
0.00877501	0.000720476	1113.19	46.276	3.51789e-07	32.9323	34.7813	1.5075	1.61661	615	0	0.0982619	0	20	20
0.00878868	0.000722197	1117.21	43.5911	3.02788e-07	31.7996	33.9226	1.50048	1.61661	615	0	0.101355	0	20	20
0.00880175	0.000724183	1121.6	41.0317	2.60612e-07	30.7058	33.085	1.4938	1.61661	615	0	0.104458	0	20	20
0.00881421	0.000726417	1126.34	38.5953	2.24311e-07	29.6497	32.2681	1.48748	1.61661	615	0	0.107566	0	20	20
0.00882606	0.000728885	1131.41	36.2793	1.93066e-07	28.6299	31.4714	1.48149	1.61661	615	0	0.110675	0	20	20
0.00883733	0.000731572	1136.79	34.0806	1.66173e-07	27.6452	30.6944	1.47583	1.61661	615	0	0.113779	0	20	20
0.00884801	0.000734461	1142.46	31.9958	1.43027e-07	26.6944	29.9366	1.47049	1.61661	615	0	0.116875	0	20	20
0.00885814	0.000737539	1148.38	30.0214	1.23104e-07	25.7762	29.1974	1.46545	1.61661	615	0	0.119955	0	20	20
0.00886774	0.000740791	1154.55	28.1535	1.05957e-07	24.8897	28.4765	1.4607	1.61661	615	0	0.123017	0	20	20
0.00887683	0.000744201	1160.94	26.3884	9.11979e-08	24.0336	27.7734	1.45622	1.61661	615	0	0.126054	0	20	20
0.00888544	0.000747758	1167.53	24.7219	7.84948e-08	23.207	27.0877	1.45199	1.61661	615	0	0.129064	0	20	20
0.0088936	0.000751448	1174.31	23.1502	6.75611e-08	22.4088	26.4189	1.448	1.61661	615	0	0.132042	0	20	20
0.00890131	0.000755258	1181.25	21.669	5.81504e-08	21.638	25.7666	1.44424	1.61661	615	0	0.134987	0	20	20
0.00890861	0.000759178	1188.34	20.2744	5.00505e-08	20.8938	25.1304	1.44069	1.61661	615	0	0.137894	0	20	20
0.00891552	0.000763197	1195.57	18.9623	4.30789e-08	20.1752	24.51	1.43734	1.61661	615	0	0.140763	0	20	20
0.00892206	0.000767303	1202.91	17.7287	3.70783e-08	19.4813	23.9048	1.43418	1.61661	615	0	0.14359	0	20	20
0.00892824	0.000771488	1210.36	16.5699	3.19136e-08	18.8112	23.3146	1.43121	1.61661	615	0	0.146374	0	20	20
0.00893408	0.000775742	1217.9	15.4818	2.74683e-08	18.1642	22.739	1.4284	1.61661	615	0	0.149114	0	20	20
0.00893961	0.000780056	1225.52	14.4609	2.36422e-08	17.5395	22.1775	1.42575	1.61661	615	0	0.151808	0	20	20
0.00894483	0.000784423	1233.21	13.5036	2.0349e-08	16.9362	21.63	1.42326	1.61661	615	0	0.154456	0	20	20
0.00894976	0.000788834	1240.95	12.6064	1.75146e-08	16.3537	21.0959	1.42091	1.61661	615	0	0.157056	0	20	20
0.00895442	0.000793282	1248.73	11.7658	1.50749e-08	15.7912	20.5751	1.41869	1.61661	615	0	0.159608	0	20	20
0.00895882	0.000797761	1256.54	10.9788	1.29751e-08	15.2481	20.0671	1.4166	1.61661	615	0	0.162111	0	20	20
0.00896298	0.000802264	1264.38	10.2423	1.11678e-08	14.7236	19.5716	1.41463	1.61661	615	0	0.164565	0	20	20
0.0089669	0.000806785	1272.24	9.55324	9.61219e-09	14.2172	19.0884	1.41278	1.61661	615	0	0.16697	0	20	20
0.0089706	0.000811318	1280.1	8.90886	8.27329e-09	13.7282	18.6171	1.41103	1.61661	615	0	0.169325	0	20	20
0.00897409	0.000815859	1287.96	8.30649	7.12089e-09	13.256	18.1574	1.40938	1.61661	615	0	0.171631	0	20	20
0.00897738	0.000820402	1295.81	7.74358	6.129e-09	12.8001	17.7091	1.40784	1.61661	615	0	0.173887	0	20	20
0.00898048	0.000824943	1303.64	7.2177	5.27528e-09	12.3598	17.2719	1.40638	1.61661	615	0	0.176093	0	20	20
0.0089834	0.000829478	1311.45	6.72658	4.54048e-09	11.9347	16.8454	1.405	1.61661	615	0	0.17825	0	20	20
0.00898616	0.000834002	1319.24	6.26803	3.90803e-09	11.5242	16.4295	1.40371	1.61661	615	0	0.180358	0	20	20
0.00898876	0.000838512	1326.99	5.84002	3.36367e-09	11.1279	16.0239	1.4025	1.61661	615	0	0.182418	0	20	20
0.0089912	0.000843004	1334.7	5.44059	2.89514e-09	10.7451	15.6282	1.40135	1.61661	615	0	0.184429	0	20	20
0.00899351	0.000847475	1342.37	5.06794	2.49187e-09	10.3756	15.2424	1.40027	1.61661	615	0	0.186393	0	20	20
0.00899567	0.000851923	1349.99	4.72033	2.14477e-09	10.0187	14.8661	1.39926	1.61661	615	0	0.188309	0	20	20
0.00899772	0.000856345	1357.55	4.39614	1.84602e-09	9.67411	14.499	1.39831	1.61661	615	0	0.190179	0	20	20
0.00899964	0.000860737	1365.07	4.09386	1.58888e-09	9.34137	14.141	1.39741	1.61661	615	0	0.192003	0	20	20
0.00900145	0.000865098	1372.52	3.81205	1.36757e-09	9.02008	13.7919	1.39657	1.61661	615	0	0.193781	0	20	20
0.00900316	0.000869426	1379.91	3.54937	1.17707e-09	8.70984	13.4514	1.39578	1.61661	615	0	0.195515	0	20	20
0.00900476	0.000873718	1387.23	3.30455	1.01312e-09	8.41027	13.1192	1.39503	1.61661	615	0	0.197205	0	20	20
0.00900628	0.000877973	1394.49	3.07642	8.71998e-10	8.121	12.7953	1.39433	1.61661	615	0	0.198852	0	20	20
0.0090077	0.000882189	1401.68	2.86385	7.50536e-10	7.84168	12.4794	1.39366	1.61661	615	0	0.200456	0	20	20
0.00900904	0.000886366	1408.79	2.66582	6.45992e-10	7.57197	12.1713	1.39304	1.61661	615	0	0.202019	0	20	20
0.0090103	0.0008905	1415.84	2.48135	5.56011e-10	7.31153	11.8708	1.39246	1.61661	615	0	0.203542	0	20	20
0.0090115	0.000894592	1422.8	2.30952	4.78563e-10	7.06006	11.5777	1.3919	1.61661	615	0	0.205024	0	20	20
0.00901262	0.000898641	1429.69	2.1495	4.11903e-10	6.81723	11.2918	1.39138	1.61661	615	0	0.206467	0	20	20
0.00901368	0.000902644	1436.5	2.00047	3.54528e-10	6.58275	11.013	1.39089	1.61661	615	0	0.207872	0	20	20
0.00901467	0.000906602	1443.23	1.86171	3.05145e-10	6.35634	10.7411	1.39043	1.61661	615	0	0.209239	0	20	20
0.00901562	0.000910514	1449.88	1.7325	2.62641e-10	6.13772	10.4759	1.39	1.61661	615	0	0.21057	0	20	20
0.00901651	0.000914379	1456.45	1.6122	2.26057e-10	5.92661	10.2173	1.38958	1.61661	615	0	0.211865	0	20	20
0.00901735	0.000918196	1462.94	1.50021	1.94569e-10	5.72277	9.96501	1.3892	1.61661	615	0	0.213125	0	20	20
0.00901815	0.000921966	1469.35	1.39595	1.67467e-10	5.52594	9.71897	1.38883	1.61661	615	0	0.214351	0	20	20
0.0090189	0.000925687	1475.67	1.29891	1.4414e-10	5.33588	9.47901	1.38848	1.61661	615	0	0.215544	0	20	20
0.00901962	0.00092936	1481.91	1.20857	1.24063e-10	5.15235	9.24497	1.38815	1.61661	615	0	0.216704	0	20	20
0.0090203	0.000932984	1488.07	1.1245	1.06782e-10	4.97514	9.01672	1.38783	1.61661	615	0	0.217832	0	20	20
0.00902094	0.00093656	1494.14	1.04624	9.1908e-11	4.80402	8.79409	1.38754	1.61661	615	0	0.21893	0	20	20
0.00902156	0.000940086	1500.13	0.973415	7.91059e-11	4.63879	8.57697	1.38725	1.61661	615	0	0.219998	0	20	20
0.00902214	0.000943563	1506.04	0.905639	6.80871e-11	4.47924	8.3652	1.38698	1.61661	615	0	0.221036	0	20	20
0.0090227	0.000946991	1511.86	0.842566	5.86031e-11	4.32518	8.15866	1.38673	1.61661	615	0	0.222046	0	20	20
0.00902323	0.00095037	1517.6	0.783872	5.04402e-11	4.17641	7.95722	1.38648	1.61661	615	0	0.223028	0	20	20
0.00902375	0.000953701	1523.26	0.729255	4.34142e-11	4.03277	7.76076	1.38624	1.61661	615	0	0.223983	0	20	20
0.00902424	0.000956982	1528.84	0.678434	3.7367e-11	3.89406	7.56915	1.38602	1.61661	615	0	0.224912	0	20	20
0.00902471	0.000960216	1534.33	0.631146	3.21621e-11	3.76013	7.38226	1.3858	1.61661	615	0	0.225816	0	20	20
0.00902517	0.000963401	1539.75	0.587146	2.76821e-11	3.6308	7.19999	1.38559	1.61661	615	0	0.226694	0	20	20
0.00902561	0.000966538	1545.08	0.546207	2.38262e-11	3.50592	7.02223	1.38538	1.61661	615	0	0.227548	0	20	20
0.00902604	0.000969627	1550.33	0.508117	2.05074e-11	3.38534	6.84885	1.38519	1.61661	615	0	0.228379	0	20	20
0.00902646	0.000972669	1555.51	0.472678	1.76509e-11	3.2689	6.67975	1.38499	1.61661	615	0	0.229187	0	20	20
0.00902686	0.000975664	1560.61	0.439707	1.51923e-11	3.15647	6.51482	1.38481	1.61661	615	0	0.229973	0	20	20
0.00902726	0.000978613	1565.63	0.409032	1.30761e-11	3.0479	6.35397	1.38463	1.61661	615	0	0.230737	0	20	20
0.00902765	0.000981516	1570.57	0.380494	1.12547e-11	2.94307	6.19709	1.38445	1.61661	615	0	0.231481	0	20	20
0.00902803	0.000984372	1575.44	0.353944	9.68703e-12	2.84184	6.04409	1.38427	1.61661	615	0	0.232204	0	20	20
0.0090284	0.000987184	1580.23	0.329244	8.3377e-12	2.7441	5.89486	1.3841	1.61661	615	0	0.232907	0	20	20
0.00902877	0.00098995	1584.94	0.306266	7.17633e-12	2.64972	5.74931	1.38393	1.61661	615	0	0.233591	0	20	20
0.00902913	0.000992673	1589.59	0.28489	6.17672e-12	2.55858	5.60736	1.38376	1.61661	615	0	0.234257	0	20	20
0.00902949	0.000995351	1594.16	0.265004	5.31635e-12	2.47058	5.46891	1.3836	1.61661	615	0	0.234904	0	20	20
0.00902985	0.000997986	1598.66	0.246505	4.57583e-12	2.38561	5.33389	1.38343	1.61661	615	0	0.235534	0	20	20
0.00903021	0.00100058	1603.08	0.229296	3.93845e-12	2.30355	5.20219	1.38327	1.61661	615	0	0.236148	0	20	20
0.00903056	0.00100313	1607.44	0.213288	3.38986e-12	2.22432	5.07375	1.38311	1.61661	615	0	0.236744	0	20	20
0.00903092	0.00100564	1611.73	0.198396	2.91768e-12	2.14782	4.94848	1.38294	1.61661	615	0	0.237325	0	20	20
0.00903127	0.0010081	1615.95	0.184543	2.51127e-12	2.07395	4.8263	1.38278	1.61661	615	0	0.23789	0	20	20
0.00903163	0.00101053	1620.11	0.171657	2.16147e-12	2.00261	4.70714	1.38262	1.61661	615	0	0.23844	0	20	20
0.00903199	0.00101292	1624.2	0.15967	1.86039e-12	1.93373	4.59092	1.38245	1.61661	615	0	0.238976	0	20	20
0.00903234	0.00101526	1628.22	0.14852	1.60125e-12	1.86722	4.47757	1.38229	1.61661	615	0	0.239497	0	20	20
0.00903271	0.00101757	1632.18	0.138148	1.37821e-12	1.803	4.36702	1.38212	1.61661	615	0	0.240005	0	20	20
0.00903307	0.00101984	1636.07	0.1285	1.18624e-12	1.74099	4.25919	1.38196	1.61661	615	0	0.240499	0	20	20
0.00903344	0.00102207	1639.91	0.119525	1.02101e-12	1.68111	4.15403	1.38179	1.61661	615	0	0.240981	0	20	20
0.00903381	0.00102427	1643.68	0.111177	8.78787e-13	1.62329	4.05147	1.38162	1.61661	615	0	0.24145	0	20	20
0.00903418	0.00102643	1647.39	0.103412	7.56379e-13	1.56745	3.95144	1.38144	1.61661	615	0	0.241907	0	20	20
0.00903456	0.00102855	1651.05	0.0961887	6.51022e-13	1.51354	3.85388	1.38127	1.61661	615	0	0.242352	0	20	20
0.00903494	0.00103064	1654.65	0.08947	5.60339e-13	1.46148	3.75873	1.3811	1.61661	615	0	0.242786	0	20	20
0.00903528	0.00103273	1658.24	0.0832204	4.82289e-13	1.41122	3.66592	1.38094	1.61661	615	0	0.24321	0	20	20
0.00903558	0.00103482	1661.84	0.0774072	4.1511e-13	1.36268	3.57541	1.3808	1.61661	615	0	0.243624	0	20	20
0.00903584	0.00103692	1665.44	0.072	3.57288e-13	1.31581	3.48713	1.38069	1.61661	615	0	0.244029	0	20	20
0.00903605	0.00103903	1669.04	0.0669704	3.07521e-13	1.27055	3.40104	1.38059	1.61661	615	0	0.244425	0	20	20
0.00903622	0.00104115	1672.66	0.0622921	2.64686e-13	1.22685	3.31706	1.38051	1.61661	615	0	0.244812	0	20	20
0.00903634	0.00104327	1676.27	0.0579405	2.27817e-13	1.18466	3.23517	1.38045	1.61661	615	0	0.245191	0	20	20
0.00903643	0.00104539	1679.88	0.0538928	1.96084e-13	1.14391	3.15529	1.38041	1.61661	615	0	0.245561	0	20	20
0.00903648	0.00104752	1683.5	0.0501278	1.68771e-13	1.10457	3.07738	1.38039	1.61661	615	0	0.245923	0	20	20
0.00903649	0.00104965	1687.11	0.0466258	1.45263e-13	1.06658	3.0014	1.38039	1.61661	615	0	0.246277	0	20	20
0.00903646	0.00105178	1690.73	0.0433685	1.25029e-13	1.02989	2.9273	1.3804	1.61661	615	0	0.246623	0	20	20
0.00903641	0.00105392	1694.33	0.0403386	1.07613e-13	0.994468	2.85502	1.38043	1.61661	615	0	0.246962	0	20	20
0.00903631	0.00105605	1697.94	0.0375204	9.26235e-14	0.960264	2.78453	1.38047	1.61661	615	0	0.247293	0	20	20
0.00903619	0.00105819	1701.54	0.0348991	7.97218e-14	0.927236	2.71578	1.38052	1.61661	615	0	0.247617	0	20	20
0.00903604	0.00106032	1705.13	0.0324609	6.86172e-14	0.895344	2.64873	1.38059	1.61661	615	0	0.247934	0	20	20
0.00903585	0.00106245	1708.72	0.030193	5.90593e-14	0.864549	2.58333	1.38068	1.61661	615	0	0.248245	0	20	20
0.00903564	0.00106459	1712.3	0.0280835	5.08329e-14	0.834813	2.51955	1.38078	1.61661	615	0	0.248549	0	20	20
0.0090354	0.00106671	1715.87	0.0261214	4.37522e-14	0.8061	2.45734	1.38088	1.61661	615	0	0.248846	0	20	20
0.00903514	0.00106884	1719.43	0.0242964	3.76579e-14	0.778375	2.39667	1.38101	1.61661	615	0	0.249137	0	20	20
0.00903485	0.00107096	1722.98	0.0225988	3.24125e-14	0.751603	2.3375	1.38114	1.61661	615	0	0.249422	0	20	20
0.00903454	0.00107308	1726.52	0.0210199	2.78977e-14	0.725752	2.27978	1.38128	1.61661	615	0	0.249701	0	20	20
0.0090342	0.00107519	1730.05	0.0195513	2.40117e-14	0.70079	2.22349	1.38144	1.61661	615	0	0.249974	0	20	20
0.00903384	0.00107729	1733.57	0.0181852	2.06671e-14	0.676687	2.1686	1.3816	1.61661	615	0	0.250242	0	20	20
0.00903346	0.00107939	1737.07	0.0169147	1.77883e-14	0.653412	2.11505	1.38178	1.61661	615	0	0.250503	0	20	20
0.00903306	0.00108149	1740.55	0.0157328	1.53106e-14	0.630938	2.06283	1.38196	1.61661	615	0	0.25076	0	20	20
0.00903264	0.00108358	1744.03	0.0146336	1.31779e-14	0.609238	2.0119	1.38215	1.61661	615	0	0.251011	0	20	20
0.0090322	0.00108565	1747.48	0.0136111	1.13423e-14	0.588283	1.96223	1.38235	1.61661	615	0	0.251257	0	20	20
0.00903175	0.00108773	1750.92	0.0126601	9.76244e-15	0.568049	1.91378	1.38256	1.61661	615	0	0.251498	0	20	20
0.00903127	0.00108979	1754.34	0.0117756	8.40261e-15	0.548512	1.86653	1.38278	1.61661	615	0	0.251734	0	20	20
0.00903079	0.00109184	1757.75	0.0109528	7.2322e-15	0.529646	1.82044	1.383	1.61661	615	0	0.251965	0	20	20
0.00903028	0.00109389	1761.14	0.0101875	6.22481e-15	0.511429	1.7755	1.38324	1.61661	615	0	0.252192	0	20	20
0.00902976	0.00109592	1764.51	0.00947569	5.35774e-15	0.493838	1.73166	1.38347	1.61661	615	0	0.252414	0	20	20
0.00902923	0.00109795	1767.86	0.00881361	4.61145e-15	0.476853	1.6889	1.38372	1.61661	615	0	0.252631	0	20	20
0.00902869	0.00109996	1771.19	0.00819779	3.96911e-15	0.460452	1.64721	1.38397	1.61661	615	0	0.252844	0	20	20
0.00902813	0.00110197	1774.5	0.007625	3.41625e-15	0.444615	1.60654	1.38423	1.61661	615	0	0.253053	0	20	20
0.00902756	0.00110396	1777.79	0.00709222	2.94039e-15	0.429322	1.56687	1.38449	1.61661	615	0	0.253258	0	20	20
0.00902698	0.00110595	1781.06	0.00659668	2.53082e-15	0.414556	1.52818	1.38475	1.61661	615	0	0.253459	0	20	20
0.00902639	0.00110792	1784.3	0.00613575	2.1783e-15	0.400298	1.49045	1.38503	1.61661	615	0	0.253655	0	20	20
0.00902579	0.00110988	1787.53	0.00570703	1.87488e-15	0.38653	1.45365	1.3853	1.61661	615	0	0.253848	0	20	20
0.00902518	0.00111182	1790.73	0.00530827	1.61372e-15	0.373235	1.41776	1.38558	1.61661	615	0	0.254037	0	20	20
0.00902456	0.00111376	1793.91	0.00493737	1.38894e-15	0.360398	1.38276	1.38587	1.61661	615	0	0.254223	0	20	20
0.00902394	0.00111568	1797.07	0.00459238	1.19547e-15	0.348002	1.34862	1.38616	1.61661	615	0	0.254404	0	20	20
0.0090233	0.00111759	1800.2	0.0042715	1.02895e-15	0.336033	1.31532	1.38645	1.61661	615	0	0.254583	0	20	20
0.00902266	0.00111948	1803.32	0.00397304	8.85629e-16	0.324475	1.28284	1.38674	1.61661	615	0	0.254757	0	20	20
0.00902202	0.00112136	1806.4	0.00369543	7.62268e-16	0.313315	1.25117	1.38704	1.61661	615	0	0.254929	0	20	20
0.00902137	0.00112323	1809.46	0.00343722	6.5609e-16	0.302538	1.22028	1.38734	1.61661	615	0	0.255097	0	20	20
0.00902071	0.00112508	1812.5	0.00319705	5.64702e-16	0.292133	1.19015	1.38764	1.61661	615	0	0.255262	0	20	20
0.00902004	0.00112693	1815.52	0.00297366	4.86043e-16	0.282085	1.16077	1.38795	1.61661	615	0	0.255423	0	20	20
0.00901938	0.00112875	1818.5	0.00276589	4.18342e-16	0.272383	1.13211	1.38826	1.61661	615	0	0.255582	0	20	20
0.00901871	0.00113056	1821.47	0.00257262	3.6007e-16	0.263014	1.10415	1.38857	1.61661	615	0	0.255737	0	20	20
0.00901803	0.00113236	1824.4	0.00239287	3.09915e-16	0.253968	1.07689	1.38888	1.61661	615	0	0.25589	0	20	20
0.00901735	0.00113414	1827.32	0.00222567	2.66746e-16	0.245233	1.0503	1.38919	1.61661	615	0	0.25604	0	20	20
0.00901667	0.00113591	1830.2	0.00207015	2.29591e-16	0.236798	1.02437	1.38951	1.61661	615	0	0.256186	0	20	20
0.00901599	0.00113766	1833.06	0.00192551	1.97611e-16	0.228654	0.999081	1.38982	1.61661	615	0	0.256331	0	20	20
0.0090153	0.0011394	1835.9	0.00179096	1.70085e-16	0.220789	0.974413	1.39014	1.61661	615	0	0.256472	0	20	20
0.00901462	0.00114112	1838.71	0.00166582	1.46393e-16	0.213195	0.950355	1.39046	1.61661	615	0	0.256611	0	20	20
0.00901393	0.00114283	1841.49	0.00154943	1.26002e-16	0.205862	0.92689	1.39078	1.61661	615	0	0.256747	0	20	20
0.00901324	0.00114452	1844.24	0.00144116	1.08451e-16	0.198782	0.904005	1.3911	1.61661	615	0	0.25688	0	20	20
0.00901255	0.0011462	1846.97	0.00134046	9.33446e-17	0.191945	0.881686	1.39142	1.61661	615	0	0.257011	0	20	20
0.00901186	0.00114786	1849.67	0.0012468	8.03424e-17	0.185343	0.859917	1.39174	1.61661	615	0	0.25714	0	20	20
0.00901117	0.0011495	1852.35	0.00115968	6.91514e-17	0.178968	0.838685	1.39206	1.61661	615	0	0.257266	0	20	20
0.00901048	0.00115113	1855	0.00107865	5.95191e-17	0.172813	0.817978	1.39238	1.61661	615	0	0.25739	0	20	20
0.00900979	0.00115274	1857.62	0.00100328	5.12286e-17	0.166869	0.797782	1.39269	1.61661	615	0	0.257512	0	20	20
0.0090091	0.00115434	1860.22	0.00093318	4.40929e-17	0.161129	0.778085	1.39301	1.61661	615	0	0.257631	0	20	20
0.00900842	0.00115592	1862.79	0.000867975	3.79511e-17	0.155588	0.758874	1.39333	1.61661	615	0	0.257748	0	20	20
0.00900773	0.00115749	1865.33	0.000807327	3.26648e-17	0.150236	0.740137	1.39365	1.61661	615	0	0.257863	0	20	20
0.00900705	0.00115904	1867.84	0.000750916	2.81149e-17	0.145069	0.721863	1.39397	1.61661	615	0	0.257976	0	20	20
0.00900636	0.00116057	1870.33	0.000698447	2.41987e-17	0.140079	0.70404	1.39429	1.61661	615	0	0.258087	0	20	20
0.00900568	0.00116209	1872.79	0.000649644	2.0828e-17	0.135261	0.686657	1.3946	1.61661	615	0	0.258196	0	20	20
0.00900501	0.00116359	1875.23	0.000604251	1.79268e-17	0.130609	0.669704	1.39492	1.61661	615	0	0.258302	0	20	20
0.00900433	0.00116507	1877.63	0.00056203	1.54298e-17	0.126117	0.653169	1.39523	1.61661	615	0	0.258407	0	20	20
0.00900366	0.00116654	1880.01	0.000522759	1.32805e-17	0.121779	0.637042	1.39554	1.61661	615	0	0.25851	0	20	20
0.00900299	0.001168	1882.37	0.000486232	1.14306e-17	0.117591	0.621313	1.39585	1.61661	615	0	0.258611	0	20	20
0.00900232	0.00116944	1884.7	0.000452257	9.83845e-18	0.113546	0.605973	1.39617	1.61661	615	0	0.25871	0	20	20
0.00900166	0.00117086	1887	0.000420656	8.46803e-18	0.109641	0.591011	1.39647	1.61661	615	0	0.258808	0	20	20
0.009001	0.00117227	1889.27	0.000391263	7.2885e-18	0.10587	0.576419	1.39678	1.61661	615	0	0.258904	0	20	20
0.00900034	0.00117366	1891.52	0.000363924	6.27327e-18	0.102228	0.562187	1.39709	1.61661	615	0	0.258997	0	20	20
0.00899969	0.00117503	1893.74	0.000338495	5.39946e-18	0.0987122	0.548307	1.39739	1.61661	615	0	0.25909	0	20	20
0.00899904	0.00117639	1895.94	0.000314843	4.64735e-18	0.095317	0.534769	1.39769	1.61661	615	0	0.25918	0	20	20
0.00899839	0.00117773	1898.11	0.000292844	4.00001e-18	0.0920386	0.521566	1.39799	1.61661	615	0	0.259269	0	20	20
0.00899775	0.00117906	1900.25	0.000272382	3.44284e-18	0.088873	0.508688	1.39829	1.61661	615	0	0.259357	0	20	20
0.00899711	0.00118037	1902.37	0.00025335	2.96328e-18	0.0858162	0.496129	1.39859	1.61661	615	0	0.259443	0	20	20
0.00899648	0.00118167	1904.46	0.000235647	2.55052e-18	0.0828646	0.483879	1.39888	1.61661	615	0	0.259527	0	20	20
0.00899585	0.00118295	1906.53	0.000219182	2.19525e-18	0.0800145	0.471932	1.39918	1.61661	615	0	0.25961	0	20	20
0.00899523	0.00118421	1908.57	0.000203867	1.88947e-18	0.0772625	0.46028	1.39947	1.61661	615	0	0.259691	0	20	20
0.00899461	0.00118546	1910.59	0.000189622	1.62628e-18	0.0746051	0.448916	1.39976	1.61661	615	0	0.259771	0	20	20
0.008994	0.0011867	1912.58	0.000176372	1.39976e-18	0.072039	0.437832	1.40004	1.61661	615	0	0.259849	0	20	20
0.00899339	0.00118792	1914.55	0.000164048	1.20478e-18	0.0695613	0.427022	1.40033	1.61661	615	0	0.259926	0	20	20
0.00899279	0.00118912	1916.49	0.000152586	1.03696e-18	0.0671688	0.416479	1.40061	1.61661	615	0	0.260002	0	20	20
0.00899219	0.00119031	1918.4	0.000141924	8.92524e-19	0.0648585	0.406196	1.40089	1.61661	615	0	0.260076	0	20	20
0.00899159	0.00119149	1920.3	0.000132007	7.68203e-19	0.0626277	0.396167	1.40117	1.61661	615	0	0.260149	0	20	20
0.008991	0.00119265	1922.16	0.000122783	6.61198e-19	0.0604737	0.386385	1.40144	1.61661	615	0	0.260221	0	20	20
0.00899042	0.00119379	1924.01	0.000114204	5.69098e-19	0.0583937	0.376846	1.40172	1.61661	615	0	0.260291	0	20	20
0.00898984	0.00119492	1925.83	0.000106224	4.89828e-19	0.0563853	0.367541	1.40199	1.61661	615	0	0.260361	0	20	20
0.00898927	0.00119604	1927.62	9.88019e-05	4.21598e-19	0.0544459	0.358467	1.40226	1.61661	615	0	0.260429	0	20	20
0.0089887	0.00119714	1929.39	9.18982e-05	3.62873e-19	0.0525733	0.349616	1.40252	1.61661	615	0	0.260495	0	20	20
0.00898814	0.00119823	1931.14	8.54769e-05	3.12328e-19	0.0507651	0.340984	1.40278	1.61661	615	0	0.260561	0	20	20
0.00898758	0.0011993	1932.87	7.95043e-05	2.68823e-19	0.049019	0.332565	1.40305	1.61661	615	0	0.260626	0	20	20
0.00898703	0.00120036	1934.57	7.39491e-05	2.31378e-19	0.047333	0.324354	1.4033	1.61661	615	0	0.260689	0	20	20
0.00898648	0.0012014	1936.25	6.8782e-05	1.99149e-19	0.045705	0.316346	1.40356	1.61661	615	0	0.260751	0	20	20
0.00898594	0.00120244	1937.9	6.39759e-05	1.71409e-19	0.044133	0.308535	1.40381	1.61661	615	0	0.260812	0	20	20
0.00898541	0.00120345	1939.54	5.95057e-05	1.47533e-19	0.0426151	0.300917	1.40406	1.61661	615	0	0.260872	0	20	20
0.00898488	0.00120446	1941.15	5.53478e-05	1.26983e-19	0.0411494	0.293488	1.40431	1.61661	615	0	0.260931	0	20	20
0.00898436	0.00120545	1942.74	5.14804e-05	1.09295e-19	0.039734	0.286241	1.40456	1.61661	615	0	0.260989	0	20	20
