0.00936804	
0.0034906	
0.00216506	
0.00151545	
0.00112584	
0.000913837	
0.000726216	
0.000576682	
0.000461615	
0.000388307	
0.000351418	
0.000347624	
0.000365598	
0.000396767	
0.00044345	
0.000504136	
0.000578003	
0.000675457	
0.000799192	
0.00095381	
0.00115245	
0.00141633	
0.00175499	
0.00219271	
0.00276679	
0.00347042	
0.00435774	
0.00549732	
0.00698471	
0.00894298	
0.0115312	
0.0148748	
0.0190169	
0.0238364	
0.0329156	
0.0400435	
0.0445649	
0.0474601	
0.0494269	
0.0507119	
0.0514354	
0.0516668	
0.0514941	
0.0510024	
0.0502786	
0.0493953	
0.0484146	
0.0473796	
0.0463253	
0.045274	
0.0442436	
0.0432429	
0.0422766	
0.0413481	
0.0404585	
0.0396052	
0.038788	
0.0380031	
0.0372494	
0.0365231	
0.0358225	
0.0351448	
0.0344881	
0.0338507	
0.0332305	
0.0326264	
0.0320372	
0.0314616	
0.0308988	
0.0303482	
0.0298091	
0.029281	
0.0287636	
