0.00936804	
0.00722144	
0.00567285	
0.00493117	
0.00447758	
0.00414412	
0.00385971	
0.00360012	
0.00338367	
0.00325069	
0.00322196	
0.00331052	
0.00351899	
0.00381588	
0.00418803	
0.00463512	
0.00516523	
0.00579226	
0.00653451	
0.0074136	
0.00845293	
0.00967473	
0.0110943	
0.0127104	
0.0144914	
0.0163734	
0.0183116	
0.0202632	
0.0221747	
0.0239812	
0.0256074	
0.0269698	
0.0279851	
0.0285832	
0.0287254	
0.0284194	
0.0277222	
0.0267207	
0.025268	
0.0234544	
0.0215714	
0.0203603	
0.0192831	
0.018394	
0.0176984	
0.0171777	
0.0168052	
0.0165539	
0.0163998	
0.0163222	
0.0163041	
0.0163317	
0.0163936	
0.0164805	
0.0165851	
0.0167013	
0.0168245	
0.0169509	
0.0170778	
0.0172031	
0.0173252	
0.0174431	
0.0175564	
0.0176645	
0.0177674	
0.0178653	
0.0179584	
0.0180469	
0.0181312	
0.0182119	
0.0182891	
0.0183635	
0.0184353	
