0.00866572	0.000693067	1111.6	256.922	76.5	0	0	1.56526	1.61661	615	0	0.149389	0	20	20
0.00874801	0.000706577	1142.57	256.466	76.4694	21.477	7.23768	1.5215	1.61661	615	0	-0.125156	0	20	20
0.0088713	0.000735127	1203.17	256.005	76.4339	62.965	21.3594	1.45894	1.61661	615	0	-0.622792	0	20	20
0.00895283	0.000764306	1260.75	255.541	76.3927	103.045	35.1388	1.41945	1.61661	615	0	-1.04796	0	20	20
0.00900418	0.000793828	1315.82	255.073	76.3448	141.758	48.5821	1.3953	1.61661	615	0	-1.41433	0	20	20
0.00903349	0.000823197	1368.24	254.601	76.2893	179.147	61.6959	1.38176	1.61661	615	0	-1.73109	0	20	20
0.00904704	0.000852092	1418.03	254.125	76.2249	215.254	74.4873	1.37557	1.61661	615	0	-2.00592	0	20	20
0.00904935	0.000880343	1465.36	253.646	76.1502	250.12	86.9634	1.37451	1.61661	615	0	-2.24559	0	20	20
0.00904363	0.000907887	1510.43	253.162	76.0636	283.789	99.132	1.37712	1.61661	615	0	-2.45589	0	20	20
0.00903212	0.000934727	1553.48	252.675	75.9633	316.304	111.001	1.38239	1.61661	615	0	-2.64161	0	20	20
0.00901638	0.000960896	1594.74	252.184	75.847	347.709	122.581	1.38964	1.61661	615	0	-2.80661	0	20	20
0.0089975	0.000986438	1634.39	251.689	75.7124	378.048	133.879	1.39841	1.61661	615	0	-2.95403	0	20	20
0.00897625	0.0010114	1672.6	251.19	75.5566	407.37	144.907	1.40837	1.61661	615	0	-3.0864	0	20	20
0.00895317	0.00103583	1709.52	250.688	75.3764	435.722	155.676	1.41928	1.61661	615	0	-3.20576	0	20	20
0.00892868	0.00105976	1745.25	250.181	75.1681	463.155	166.198	1.431	1.61661	615	0	-3.31381	0	20	20
0.00890305	0.00108324	1779.9	249.67	74.9275	489.72	176.486	1.44339	1.61661	615	0	-3.41194	0	20	20
0.00887651	0.00110629	1813.54	249.156	74.6499	515.474	186.555	1.45638	1.61661	615	0	-3.50136	0	20	20
0.0088492	0.00112896	1846.26	248.638	74.33	540.474	196.419	1.4699	1.61661	615	0	-3.58307	0	20	20
0.00882123	0.00115127	1878.13	248.115	73.9617	564.779	206.096	1.48393	1.61661	615	0	-3.65798	0	20	20
0.00879268	0.00117328	1909.22	247.589	73.5383	588.454	215.604	1.49843	1.61661	615	0	-3.72686	0	20	20
0.00876358	0.00119502	1939.6	247.059	73.0526	611.563	224.96	1.5134	1.61661	615	0	-3.79041	0	20	20
0.00873397	0.00121653	1969.35	246.524	72.4961	634.175	234.187	1.52885	1.61661	615	0	-3.84924	0	20	20
0.00870383	0.00123787	1998.54	245.986	71.8602	656.358	243.304	1.54479	1.61661	615	0	-3.90391	0	20	20
0.00867315	0.0012591	2027.25	245.444	71.1353	678.185	252.334	1.56124	1.61661	615	0	-3.95492	0	20	20
0.00864192	0.00128025	2055.55	244.897	70.3111	699.724	261.297	1.57823	1.61661	615	0	-4.00271	0	20	20
0.00861009	0.0013014	2083.52	244.347	69.3773	721.043	270.216	1.59579	1.61661	615	0	-4.04769	0	20	20
0.00857765	0.00132258	2111.22	243.793	68.323	742.207	279.11	1.61397	1.61661	615	0	-4.09019	0	20	20
0.00854454	0.00134384	2138.71	243.235	67.1377	763.271	287.997	1.6328	1.61661	615	0	-4.13051	0	20	20
0.00851075	0.00136523	2166.05	242.672	65.8111	784.282	296.892	1.65233	1.61661	615	0	-4.1689	0	20	20
0.00847626	0.00138677	2193.26	242.106	64.3342	805.272	305.805	1.67258	1.61661	615	0	-4.20553	0	20	20
0.00844108	0.00140846	2220.35	241.536	62.6995	826.256	314.74	1.69358	1.61661	615	0	-4.24053	0	20	20
0.00840523	0.00143031	2247.3	240.961	60.9015	847.225	323.694	1.71534	1.61661	615	0	-4.27396	0	20	20
0.00836879	0.00145228	2274.06	240.383	58.9379	868.146	332.655	1.73785	1.61661	615	0	-4.30581	0	20	20
0.00833183	0.0014743	2300.55	239.801	56.8097	888.956	341.601	1.76108	1.61661	615	0	-4.33602	0	20	20
0.0082945	0.00149628	2326.63	239.214	54.5225	909.559	350.498	1.78496	1.61661	615	0	-4.36446	0	20	20
0.00825698	0.0015181	2352.16	238.624	52.086	929.829	359.304	1.80941	1.61661	615	0	-4.39093	0	20	20
0.00821947	0.0015396	2376.93	238.029	49.5151	949.61	367.962	1.83429	1.61661	615	0	-4.41521	0	20	20
0.00818223	0.0015606	2400.71	237.431	46.8297	968.717	376.409	1.85945	1.61661	615	0	-4.43701	0	20	20
0.00814554	0.00158088	2423.25	236.828	44.0538	986.948	384.573	1.88469	1.61661	615	0	-4.45606	0	20	20
0.0081097	0.00160022	2444.28	236.222	41.2153	1004.09	392.379	1.90979	1.61661	615	0	-4.47205	0	20	20
0.00807498	0.0016184	2463.56	235.611	38.3448	1019.92	399.75	1.93453	1.61661	615	0	-4.4847	0	20	20
0.0080417	0.0016352	2480.82	234.996	35.4743	1034.24	406.611	1.95865	1.61661	615	0	-4.49377	0	20	20
0.00801011	0.00165042	2495.84	234.378	32.6358	1046.87	412.895	1.98191	1.61661	615	0	-4.49903	0	20	20
0.00798045	0.00166387	2508.45	233.755	29.8599	1057.64	418.545	2.0041	1.61661	615	0	-4.50035	0	20	20
0.00795289	0.00167543	2518.5	233.128	27.1745	1066.45	423.514	2.025	1.61661	615	0	-4.49762	0	20	20
0.00792759	0.00168499	2525.91	232.497	24.6037	1073.21	427.772	2.04445	1.61661	615	0	-4.49081	0	20	20
0.00790461	0.0016925	2530.67	231.863	22.1672	1077.9	431.301	2.06233	1.61661	615	0	-4.47996	0	20	20
0.007884	0.00169796	2532.78	231.224	19.8799	1080.53	434.1	2.07855	1.61661	615	0	-4.46515	0	20	20
0.00786574	0.00170139	2532.31	230.581	17.7517	1081.15	436.178	2.09305	1.61661	615	0	-4.44653	0	20	20
0.00784978	0.00170285	2529.39	229.934	15.7881	1079.83	437.558	2.10585	1.61661	615	0	-4.42427	0	20	20
0.00783602	0.00170245	2524.14	229.284	13.9901	1076.7	438.272	2.11697	1.61661	615	0	-4.39857	0	20	20
0.00782434	0.00170029	2516.74	228.629	12.3554	1071.86	438.358	2.12646	1.61661	615	0	-4.36967	0	20	20
0.00781376	0.00169667	2507.36	227.97	10.8785	1065.48	437.86	2.13511	1.61661	615	0	-4.33274	0	20	20
0.00780405	0.00169173	2496.2	227.308	9.55195	1057.69	436.823	2.14309	1.61661	615	0	-4.28782	0	20	20
0.00779512	0.00168563	2483.45	226.641	8.36659	1048.64	435.294	2.15046	1.61661	615	0	-4.23586	0	20	20
0.0077869	0.00167847	2469.31	225.971	7.31231	1038.48	433.321	2.15728	1.61661	615	0	-4.17781	0	20	20
0.00777931	0.00167039	2453.93	225.296	6.37848	1027.34	430.948	2.1636	1.61661	615	0	-4.11455	0	20	20
0.00777228	0.0016615	2437.49	224.618	5.55436	1015.36	428.217	2.16948	1.61661	615	0	-4.04691	0	20	20
0.00776575	0.0016519	2420.14	223.936	4.8294	1002.65	425.168	2.17495	1.61661	615	0	-3.97563	0	20	20
0.00775967	0.0016417	2402.01	223.25	4.19349	989.322	421.837	2.18007	1.61661	615	0	-3.90141	0	20	20
0.00775398	0.00163096	2383.23	222.56	3.63707	975.477	418.257	2.18488	1.61661	615	0	-3.82484	0	20	20
0.00774863	0.00161978	2363.89	221.866	3.15127	961.199	414.459	2.1894	1.61661	615	0	-3.74646	0	20	20
0.0077436	0.00160822	2344.1	221.169	2.72794	946.568	410.467	2.19367	1.61661	615	0	-3.66673	0	20	20
0.00773885	0.00159634	2323.94	220.467	2.35965	931.649	406.307	2.19771	1.61661	615	0	-3.58607	0	20	20
0.00773434	0.00158419	2303.48	219.762	2.03971	916.503	401.998	2.20156	1.61661	615	0	-3.50482	0	20	20
0.00773006	0.00157181	2282.78	219.053	1.76213	901.18	397.56	2.20522	1.61661	615	0	-3.42328	0	20	20
0.00772599	0.00155925	2261.9	218.34	1.52155	885.725	393.007	2.20871	1.61661	615	0	-3.3417	0	20	20
0.0077221	0.00154654	2240.89	217.624	1.31324	870.175	388.355	2.21205	1.61661	615	0	-3.2603	0	20	20
0.00771838	0.0015337	2219.79	216.904	1.13301	854.563	383.616	2.21524	1.61661	615	0	-3.17927	0	20	20
0.00771483	0.00152077	2198.62	216.18	0.977206	838.918	378.801	2.2183	1.61661	615	0	-3.09875	0	20	20
0.00771144	0.00150776	2177.43	215.452	0.842585	823.263	373.919	2.22123	1.61661	615	0	-3.01888	0	20	20
0.00770819	0.00149469	2156.23	214.721	0.726331	807.62	368.978	2.22404	1.61661	615	0	-2.93976	0	20	20
0.00770509	0.00148159	2135.06	213.986	0.625985	792.004	363.988	2.22672	1.61661	615	0	-2.86149	0	20	20
0.00770214	0.00146845	2113.92	213.248	0.539403	776.433	358.953	2.22929	1.61661	615	0	-2.78413	0	20	20
0.00769933	0.0014553	2092.85	212.506	0.464724	760.918	353.881	2.23173	1.61661	615	0	-2.70775	0	20	20
0.00769666	0.00144215	2071.84	211.76	0.400329	745.472	348.776	2.23405	1.61661	615	0	-2.63241	0	20	20
0.00769414	0.001429	2050.93	211.011	0.344818	730.104	343.644	2.23624	1.61661	615	0	-2.55813	0	20	20
0.00769177	0.00141586	2030.11	210.259	0.296973	714.822	338.489	2.23831	1.61661	615	0	-2.48498	0	20	20
0.00768956	0.00140275	2009.4	209.503	0.255745	699.635	333.315	2.24025	1.61661	615	0	-2.41296	0	20	20
0.0076875	0.00138967	1988.81	208.743	0.220224	684.55	328.126	2.24205	1.61661	615	0	-2.3421	0	20	20
0.0076856	0.00137662	1968.36	207.98	0.189625	669.572	322.926	2.24371	1.61661	615	0	-2.27243	0	20	20
0.00768387	0.00136361	1948.04	207.214	0.163268	654.708	317.719	2.24523	1.61661	615	0	-2.20396	0	20	20
0.00768232	0.00135065	1927.87	206.445	0.140567	639.962	312.507	2.24659	1.61661	615	0	-2.13671	0	20	20
0.00768094	0.00133774	1907.85	205.672	0.121018	625.339	307.294	2.24779	1.61661	615	0	-2.07068	0	20	20
0.00767976	0.00132489	1888	204.895	0.104184	610.845	302.082	2.24883	1.61661	615	0	-2.00589	0	20	20
0.00767877	0.0013121	1868.32	204.116	0.0896893	596.484	296.876	2.2497	1.61661	615	0	-1.94234	0	20	20
0.00767799	0.00129938	1848.82	203.333	0.0772089	582.259	291.676	2.25039	1.61661	615	0	-1.88003	0	20	20
0.00767741	0.00128674	1829.5	202.547	0.0664636	568.175	286.488	2.2509	1.61661	615	0	-1.81898	0	20	20
0.00767705	0.00127417	1810.38	201.758	0.0572127	554.236	281.312	2.25121	1.61661	615	0	-1.75918	0	20	20
0.00767692	0.00126168	1791.46	200.966	0.0492485	540.446	276.153	2.25133	1.61661	615	0	-1.70064	0	20	20
0.00767703	0.00124928	1772.74	200.171	0.0423924	526.809	271.011	2.25123	1.61661	615	0	-1.64336	0	20	20
0.00767738	0.00123697	1754.24	199.373	0.0364903	513.329	265.892	2.25093	1.61661	615	0	-1.58733	0	20	20
0.00767798	0.00122477	1735.96	198.571	0.0314096	500.009	260.795	2.2504	1.61661	615	0	-1.53256	0	20	20
0.00767883	0.00121266	1717.91	197.767	0.027036	486.855	255.726	2.24965	1.61661	615	0	-1.47904	0	20	20
0.00767996	0.00120066	1700.09	196.96	0.0232712	473.868	250.685	2.24866	1.61661	615	0	-1.42678	0	20	20
0.00768135	0.00118877	1682.52	196.15	0.0200306	461.054	245.676	2.24743	1.61661	615	0	-1.37576	0	20	20
0.00768303	0.001177	1665.19	195.337	0.0172411	448.415	240.7	2.24596	1.61661	615	0	-1.32599	0	20	20
0.007685	0.00116535	1648.12	194.521	0.01484	435.957	235.762	2.24424	1.61661	615	0	-1.27746	0	20	20
0.00768726	0.00115383	1631.31	193.703	0.0127733	423.682	230.862	2.24226	1.61661	615	0	-1.23017	0	20	20
0.00768982	0.00114245	1614.77	192.882	0.0109943	411.594	226.004	2.24002	1.61661	615	0	-1.1841	0	20	20
0.00769269	0.0011312	1598.51	192.058	0.00946308	399.697	221.189	2.23751	1.61661	615	0	-1.13926	0	20	20
0.00769587	0.0011201	1582.52	191.232	0.00814509	387.996	216.421	2.23474	1.61661	615	0	-1.09563	0	20	20
0.00769936	0.00110914	1566.83	190.403	0.00701065	376.492	211.701	2.2317	1.61661	615	0	-1.0532	0	20	20
0.00770318	0.00109834	1551.43	189.571	0.0060342	365.191	207.033	2.22838	1.61661	615	0	-1.01198	0	20	20
0.00770732	0.0010877	1536.32	188.737	0.00519374	354.095	202.417	2.2248	1.61661	615	0	-0.97194	0	20	20
0.00771178	0.00107722	1521.53	187.901	0.00447034	343.209	197.857	2.22094	1.61661	615	0	-0.933082	0	20	20
0.00771656	0.00106691	1507.04	187.062	0.00384768	332.536	193.355	2.21681	1.61661	615	0	-0.895391	0	20	20
0.00772167	0.00105678	1492.87	186.221	0.00331176	322.078	188.913	2.21241	1.61661	615	0	-0.858857	0	20	20
0.0077271	0.00104683	1479.03	185.377	0.00285047	311.84	184.534	2.20775	1.61661	615	0	-0.82347	0	20	20
0.00773285	0.00103706	1465.51	184.531	0.00245344	301.825	180.218	2.20283	1.61661	615	0	-0.789216	0	20	20
0.00773892	0.00102748	1452.32	183.683	0.0021117	292.035	175.969	2.19766	1.61661	615	0	-0.756084	0	20	20
0.00774529	0.0010181	1439.47	182.833	0.00181757	282.475	171.788	2.19224	1.61661	615	0	-0.724061	0	20	20
0.00775196	0.00100892	1426.96	181.981	0.0015644	273.147	167.678	2.18658	1.61661	615	0	-0.693135	0	20	20
0.00775892	0.000999948	1414.79	181.127	0.00134649	264.053	163.64	2.1807	1.61661	615	0	-0.663291	0	20	20
0.00776615	0.000991185	1402.98	180.27	0.00115894	255.197	159.677	2.17462	1.61661	615	0	-0.634516	0	20	20
0.00777365	0.000982639	1391.52	179.412	0.000997512	246.582	155.789	2.16833	1.61661	615	0	-0.606798	0	20	20
0.00778139	0.000974313	1380.41	178.552	0.000858568	238.21	151.98	2.16186	1.61661	615	0	-0.580121	0	20	20
0.00778936	0.000966214	1369.66	177.69	0.000738977	230.083	148.25	2.15524	1.61661	615	0	-0.554472	0	20	20
0.00779753	0.000958345	1359.28	176.827	0.000636045	222.203	144.601	2.14847	1.61661	615	0	-0.529838	0	20	20
0.00780588	0.000950713	1349.25	175.961	0.000547449	214.574	141.035	2.14158	1.61661	615	0	-0.506205	0	20	20
0.00781438	0.00094332	1339.6	175.094	0.000471194	207.196	137.554	2.1346	1.61661	615	0	-0.483559	0	20	20
0.00782301	0.00093617	1330.31	174.225	0.000405561	200.07	134.158	2.12754	1.61661	615	0	-0.461877	0	20	20
0.00783176	0.000929257	1321.37	173.355	0.00034907	193.189	130.845	2.12042	1.61661	615	0	-0.441121	0	20	20
0.00784063	0.000922572	1312.78	172.483	0.000300448	186.544	127.615	2.11323	1.61661	615	0	-0.421244	0	20	20
0.00784963	0.000916108	1304.52	171.61	0.000258598	180.128	124.464	2.10597	1.61661	615	0	-0.402202	0	20	20
0.00785875	0.000909858	1296.58	170.735	0.000222577	173.932	121.391	2.09865	1.61661	615	0	-0.383955	0	20	20
0.007868	0.000903813	1288.95	169.86	0.000191574	167.95	118.394	2.09126	1.61661	615	0	-0.366463	0	20	20
0.00787736	0.000897968	1281.61	168.982	0.000164889	162.174	115.471	2.08381	1.61661	615	0	-0.349689	0	20	20
0.00788685	0.000892314	1274.57	168.104	0.000141922	156.596	112.62	2.07629	1.61661	615	0	-0.333597	0	20	20
0.00789646	0.000886846	1267.81	167.224	0.000122153	151.21	109.839	2.06872	1.61661	615	0	-0.318154	0	20	20
0.00790619	0.000881557	1261.31	166.344	0.000105138	146.009	107.127	2.06109	1.61661	615	0	-0.303329	0	20	20
0.00791604	0.00087644	1255.08	165.462	9.04933e-05	140.987	104.482	2.05341	1.61661	615	0	-0.289091	0	20	20
0.00792601	0.00087149	1249.1	164.579	7.78883e-05	136.138	101.902	2.04567	1.61661	615	0	-0.275412	0	20	20
0.00793609	0.000866702	1243.36	163.696	6.70391e-05	131.455	99.3865	2.03788	1.61661	615	0	-0.262265	0	20	20
0.00794629	0.000862069	1237.85	162.811	5.77011e-05	126.934	96.9326	2.03005	1.61661	615	0	-0.249623	0	20	20
0.0079566	0.000857585	1232.57	161.926	4.96638e-05	122.568	94.5393	2.02217	1.61661	615	0	-0.237463	0	20	20
0.00796702	0.000853247	1227.51	161.04	4.2746e-05	118.352	92.2052	2.01425	1.61661	615	0	-0.225762	0	20	20
0.00797754	0.000849049	1222.66	160.153	3.67919e-05	114.282	89.9286	2.00629	1.61661	615	0	-0.214497	0	20	20
0.00798816	0.000844986	1218.01	159.266	3.1667e-05	110.351	87.7083	1.99829	1.61661	615	0	-0.203647	0	20	20
0.00799889	0.000841053	1213.56	158.378	2.72561e-05	106.556	85.5427	1.99027	1.61661	615	0	-0.193194	0	20	20
0.00800971	0.000837246	1209.29	157.489	2.34595e-05	102.891	83.4307	1.98221	1.61661	615	0	-0.183117	0	20	20
0.00802063	0.000833561	1205.21	156.601	2.01918e-05	99.3518	81.3708	1.97413	1.61661	615	0	-0.173399	0	20	20
0.00803163	0.000829993	1201.31	155.711	1.73792e-05	95.9346	79.3617	1.96602	1.61661	615	0	-0.164023	0	20	20
0.00804272	0.000826539	1197.58	154.822	1.49585e-05	92.635	77.4023	1.9579	1.61661	615	0	-0.154974	0	20	20
0.00805389	0.000823195	1194.01	153.932	1.28749e-05	89.4489	75.4912	1.94977	1.61661	615	0	-0.146235	0	20	20
0.00806514	0.000819956	1190.6	153.042	1.10815e-05	86.3723	73.6273	1.94162	1.61661	615	0	-0.137792	0	20	20
0.00807646	0.00081682	1187.34	152.152	9.53793e-06	83.4016	71.8094	1.93346	1.61661	615	0	-0.129631	0	20	20
0.00808785	0.000813783	1184.22	151.262	8.20938e-06	80.533	70.0365	1.92531	1.61661	615	0	-0.12174	0	20	20
0.00809931	0.000810841	1181.25	150.372	7.06588e-06	77.7631	68.3073	1.91715	1.61661	615	0	-0.114106	0	20	20
0.00811082	0.000807992	1178.42	149.482	6.08166e-06	75.0885	66.6207	1.909	1.61661	615	0	-0.106718	0	20	20
0.00812238	0.000805232	1175.72	148.592	5.23453e-06	72.5058	64.9759	1.90086	1.61661	615	0	-0.0995633	0	20	20
0.008134	0.000802559	1173.14	147.702	4.5054e-06	70.012	63.3716	1.89273	1.61661	615	0	-0.0926324	0	20	20
0.00814565	0.000799969	1170.69	146.812	3.87783e-06	67.604	61.807	1.88461	1.61661	615	0	-0.085915	0	20	20
0.00815735	0.000797461	1168.36	145.923	3.33768e-06	65.2788	60.2809	1.87652	1.61661	615	0	-0.0794018	0	20	20
0.00816907	0.000795031	1166.14	145.034	2.87277e-06	63.0335	58.7926	1.86845	1.61661	615	0	-0.0730838	0	20	20
0.00818082	0.000792677	1164.03	144.146	2.47262e-06	60.8655	57.341	1.86041	1.61661	615	0	-0.0669525	0	20	20
0.0081926	0.000790396	1162.02	143.258	2.1282e-06	58.7721	55.9253	1.8524	1.61661	615	0	-0.0609998	0	20	20
0.00820438	0.000788186	1160.12	142.37	1.83176e-06	56.7506	54.5445	1.84443	1.61661	615	0	-0.0552183	0	20	20
0.00821618	0.000786046	1158.31	141.484	1.57661e-06	54.7987	53.1977	1.8365	1.61661	615	0	-0.0496006	0	20	20
0.00822798	0.000783973	1156.6	140.598	1.357e-06	52.914	51.8843	1.82861	1.61661	615	0	-0.0441402	0	20	20
0.00823978	0.000781964	1154.98	139.712	1.16798e-06	51.094	50.6033	1.82076	1.61661	615	0	-0.0388306	0	20	20
0.00825157	0.000780018	1153.44	138.828	1.00529e-06	49.3366	49.3539	1.81297	1.61661	615	0	-0.0336659	0	20	20
0.00826335	0.000778134	1151.99	137.944	8.65262e-07	47.6397	48.1353	1.80523	1.61661	615	0	-0.0286404	0	20	20
0.0082751	0.000776309	1150.62	137.061	7.44738e-07	46.0012	46.9468	1.79755	1.61661	615	0	-0.0237487	0	20	20
0.00828683	0.000774541	1149.33	136.179	6.41002e-07	44.419	45.7877	1.78993	1.61661	615	0	-0.018986	0	20	20
0.00829852	0.00077283	1148.12	135.298	5.51715e-07	42.8912	44.6572	1.78237	1.61661	615	0	-0.0143476	0	20	20
0.00831018	0.000771173	1146.97	134.418	4.74866e-07	41.416	43.5546	1.77488	1.61661	615	0	-0.00982905	0	20	20
0.00832179	0.000769568	1145.9	133.54	4.08721e-07	39.9915	42.4793	1.76746	1.61661	615	0	-0.0054263	0	20	20
0.00833335	0.000768015	1144.89	132.662	3.51789e-07	38.616	41.4304	1.76012	1.61661	615	0	-0.00113555	0	20	20
0.00834485	0.000766513	1143.94	131.786	3.02788e-07	37.2878	40.4075	1.75285	1.61661	615	0	0.00304678	0	20	20
0.00835629	0.000765058	1143.06	130.911	2.60612e-07	36.0053	39.4099	1.74566	1.61661	615	0	0.007124	0	20	20
0.00836766	0.000763652	1142.23	130.038	2.24311e-07	34.7669	38.4368	1.73855	1.61661	615	0	0.0110992	0	20	20
0.00837896	0.000762291	1141.46	129.166	1.93066e-07	33.5711	37.4878	1.73153	1.61661	615	0	0.0149752	0	20	20
0.00839018	0.000760975	1140.75	128.296	1.66173e-07	32.4165	36.5622	1.72459	1.61661	615	0	0.0187547	0	20	20
0.00840131	0.000759703	1140.09	127.427	1.43027e-07	31.3015	35.6595	1.71775	1.61661	615	0	0.0224402	0	20	20
0.00841235	0.000758473	1139.48	126.559	1.23104e-07	30.2249	34.7791	1.71099	1.61661	615	0	0.0260339	0	20	20
0.00842329	0.000757286	1138.91	125.694	1.05957e-07	29.1854	33.9204	1.70433	1.61661	615	0	0.0295379	0	20	20
0.00843414	0.000756138	1138.39	124.83	9.11979e-08	28.1815	33.0829	1.69777	1.61661	615	0	0.0329543	0	20	20
0.00844488	0.00075503	1137.92	123.967	7.84948e-08	27.2122	32.2661	1.6913	1.61661	615	0	0.0362847	0	20	20
0.0084555	0.000753961	1137.48	123.107	6.75611e-08	26.2763	31.4694	1.68493	1.61661	615	0	0.039531	0	20	20
0.00846601	0.000752928	1137.09	122.249	5.81504e-08	25.3725	30.6924	1.67866	1.61661	615	0	0.0426945	0	20	20
0.00847641	0.000751933	1136.74	121.392	5.00505e-08	24.4999	29.9346	1.67249	1.61661	615	0	0.0457768	0	20	20
0.00848668	0.000750973	1136.42	120.537	4.30789e-08	23.6572	29.1955	1.66643	1.61661	615	0	0.0487792	0	20	20
0.00849682	0.000750048	1136.14	119.685	3.70783e-08	22.8435	28.4747	1.66047	1.61661	615	0	0.051703	0	20	20
0.00850683	0.000749156	1135.89	118.834	3.19136e-08	22.0578	27.7717	1.65462	1.61661	615	0	0.0545493	0	20	20
0.00851677	0.000748362	1135.78	117.986	2.74683e-08	21.2991	27.086	1.64883	1.61661	615	0	0.057265	0	20	20
0.00852672	0.000747744	1135.94	117.14	2.36422e-08	20.5666	26.4172	1.64306	1.61661	615	0	0.0597872	0	20	20
0.00853667	0.000747314	1136.4	116.296	2.0349e-08	19.8592	25.765	1.63732	1.61661	615	0	0.0621108	0	20	20
0.00854661	0.000747064	1137.13	115.455	1.75146e-08	19.1761	25.1288	1.63162	1.61661	615	0	0.0642466	0	20	20
0.00855651	0.000746989	1138.14	114.615	1.50749e-08	18.5166	24.5084	1.62596	1.61661	615	0	0.0662044	0	20	20
0.00856635	0.00074708	1139.39	113.778	1.29751e-08	17.8797	23.9033	1.62036	1.61661	615	0	0.0679935	0	20	20
0.00857612	0.00074733	1140.89	112.944	1.11678e-08	17.2648	23.3131	1.61484	1.61661	615	0	0.0696225	0	20	20
0.00858579	0.000747734	1142.61	112.112	9.61219e-09	16.6709	22.7375	1.60938	1.61661	615	0	0.0710997	0	20	20
0.00859535	0.000748283	1144.56	111.283	8.27329e-09	16.0975	22.1761	1.60402	1.61661	615	0	0.0724327	0	20	20
0.00860479	0.00074897	1146.71	110.456	7.12089e-09	15.5439	21.6286	1.59874	1.61661	615	0	0.0736287	0	20	20
0.00861409	0.00074979	1149.05	109.632	6.129e-09	15.0093	21.0946	1.59357	1.61661	615	0	0.0746947	0	20	20
0.00862324	0.000750734	1151.57	108.81	5.27528e-09	14.493	20.5738	1.5885	1.61661	615	0	0.0756371	0	20	20
0.00863223	0.000751797	1154.26	107.991	4.54048e-09	13.9945	20.0658	1.58355	1.61661	615	0	0.0764622	0	20	20
0.00864105	0.000752971	1157.11	107.175	3.90803e-09	13.5132	19.5704	1.5787	1.61661	615	0	0.0771759	0	20	20
0.00864968	0.00075425	1160.1	106.362	3.36367e-09	13.0484	19.0872	1.57398	1.61661	615	0	0.077784	0	20	20
0.00865776	0.000755657	1163.23	105.551	2.89514e-09	12.5996	18.6159	1.56958	1.61661	615	0	0.0785532	0	20	20
0.0086646	0.000757238	1166.49	104.744	2.49187e-09	12.1663	18.1563	1.56587	1.61661	615	0	0.0800079	0	20	20
0.00867124	0.000758904	1169.86	103.939	2.14477e-09	11.7478	17.708	1.56227	1.61661	615	0	0.0814244	0	20	20
0.00867767	0.000760648	1173.33	103.137	1.84602e-09	11.3438	17.2708	1.5588	1.61661	615	0	0.0828082	0	20	20
0.00868389	0.000762467	1176.89	102.339	1.58888e-09	10.9536	16.8444	1.55546	1.61661	615	0	0.0841645	0	20	20
0.00868989	0.000764356	1180.55	101.543	1.36757e-09	10.5768	16.4285	1.55223	1.61661	615	0	0.0854978	0	20	20
0.00869569	0.000766309	1184.28	100.75	1.17707e-09	10.2131	16.0229	1.54913	1.61661	615	0	0.0868122	0	20	20
0.00870126	0.000768323	1188.09	99.9609	1.01312e-09	9.86178	15.6272	1.54616	1.61661	615	0	0.0881115	0	20	20
0.00870663	0.000770393	1191.97	99.1746	8.71998e-10	9.52259	15.2414	1.5433	1.61661	615	0	0.089399	0	20	20
0.00871178	0.000772513	1195.9	98.3914	7.50536e-10	9.19507	14.8651	1.54056	1.61661	615	0	0.0906774	0	20	20
0.00871672	0.000774681	1199.89	97.6114	6.45992e-10	8.87881	14.4981	1.53794	1.61661	615	0	0.0919494	0	20	20
0.00872146	0.000776893	1203.92	96.8347	5.56011e-10	8.57342	14.1401	1.53544	1.61661	615	0	0.0932171	0	20	20
0.00872601	0.000779143	1208	96.0613	4.78563e-10	8.27854	13.791	1.53304	1.61661	615	0	0.0944824	0	20	20
0.00873035	0.000781429	1212.11	95.2911	4.11903e-10	7.99381	13.4505	1.53075	1.61661	615	0	0.0957469	0	20	20
0.00873451	0.000783746	1216.25	94.5243	3.54528e-10	7.71886	13.1184	1.52857	1.61661	615	0	0.0970119	0	20	20
0.00873848	0.000786092	1220.42	93.7609	3.05145e-10	7.45338	12.7945	1.52648	1.61661	615	0	0.0982785	0	20	20
0.00874228	0.000788464	1224.61	93.0009	2.62641e-10	7.19702	12.4786	1.52449	1.61661	615	0	0.0995475	0	20	20
0.00874591	0.000790857	1228.81	92.2444	2.26057e-10	6.94948	12.1705	1.5226	1.61661	615	0	0.10082	0	20	20
0.00874937	0.000793269	1233.03	91.4913	1.94569e-10	6.71046	11.87	1.52079	1.61661	615	0	0.102095	0	20	20
0.00875267	0.000795698	1237.26	90.7417	1.67467e-10	6.47965	11.577	1.51907	1.61661	615	0	0.103375	0	20	20
0.00875582	0.00079814	1241.49	89.9956	1.4414e-10	6.25679	11.2911	1.51743	1.61661	615	0	0.104658	0	20	20
0.00875883	0.000800593	1245.73	89.2531	1.24063e-10	6.04159	11.0123	1.51587	1.61661	615	0	0.105946	0	20	20
0.00876169	0.000803055	1249.96	88.5141	1.06782e-10	5.83379	10.7404	1.51438	1.61661	615	0	0.107237	0	20	20
0.00876442	0.000805524	1254.2	87.7787	9.1908e-11	5.63314	10.4753	1.51297	1.61661	615	0	0.108532	0	20	20
0.00876703	0.000807996	1258.42	87.047	7.91059e-11	5.43939	10.2166	1.51162	1.61661	615	0	0.109831	0	20	20
0.00876951	0.000810472	1262.64	86.3189	6.80871e-11	5.25231	9.96437	1.51034	1.61661	615	0	0.111132	0	20	20
0.00877188	0.000812948	1266.84	85.5945	5.86031e-11	5.07165	9.71835	1.50911	1.61661	615	0	0.112436	0	20	20
0.00877414	0.000815423	1271.04	84.8737	5.04402e-11	4.89722	9.47841	1.50795	1.61661	615	0	0.113741	0	20	20
0.00877629	0.000817895	1275.21	84.1567	4.34142e-11	4.72878	9.24438	1.50684	1.61661	615	0	0.115048	0	20	20
0.00877834	0.000820363	1279.37	83.4434	3.7367e-11	4.56613	9.01614	1.50578	1.61661	615	0	0.116356	0	20	20
0.0087803	0.000822825	1283.51	82.7339	3.21621e-11	4.40908	8.79353	1.50478	1.61661	615	0	0.117665	0	20	20
0.00878216	0.000825281	1287.63	82.0281	2.76821e-11	4.25744	8.57642	1.50382	1.61661	615	0	0.118972	0	20	20
0.00878395	0.000827728	1291.73	81.3262	2.38262e-11	4.111	8.36466	1.5029	1.61661	615	0	0.120279	0	20	20
0.00878565	0.000830166	1295.81	80.628	2.05074e-11	3.96961	8.15814	1.50203	1.61661	615	0	0.121583	0	20	20
0.00878727	0.000832593	1299.86	79.9337	1.76509e-11	3.83307	7.95671	1.5012	1.61661	615	0	0.122886	0	20	20
0.00878882	0.000835009	1303.88	79.2432	1.51923e-11	3.70124	7.76026	1.5004	1.61661	615	0	0.124185	0	20	20
0.0087903	0.000837413	1307.88	78.5565	1.30761e-11	3.57393	7.56866	1.49964	1.61661	615	0	0.12548	0	20	20
0.00879172	0.000839803	1311.85	77.8738	1.12547e-11	3.45101	7.38179	1.49892	1.61661	615	0	0.126771	0	20	20
0.00879308	0.00084218	1315.79	77.1949	9.68703e-12	3.33231	7.19953	1.49823	1.61661	615	0	0.128056	0	20	20
0.00879438	0.000844541	1319.7	76.5199	8.3377e-12	3.2177	7.02178	1.49756	1.61661	615	0	0.129336	0	20	20
0.00879562	0.000846888	1323.58	75.8489	7.17633e-12	3.10703	6.84841	1.49693	1.61661	615	0	0.130609	0	20	20
0.00879681	0.000849218	1327.43	75.1817	6.17672e-12	3.00016	6.67932	1.49632	1.61661	615	0	0.131875	0	20	20
0.00879796	0.000851532	1331.25	74.5185	5.31635e-12	2.89697	6.51441	1.49573	1.61661	615	0	0.133134	0	20	20
0.00879905	0.000853828	1335.04	73.8593	4.57583e-12	2.79733	6.35356	1.49518	1.61661	615	0	0.134385	0	20	20
0.00880011	0.000856107	1338.79	73.204	3.93845e-12	2.70112	6.19669	1.49464	1.61661	615	0	0.135627	0	20	20
0.00880112	0.000858368	1342.51	72.5527	3.38986e-12	2.60822	6.0437	1.49412	1.61661	615	0	0.13686	0	20	20
0.0088021	0.000860611	1346.2	71.9054	2.91768e-12	2.51851	5.89448	1.49362	1.61661	615	0	0.138083	0	20	20
0.00880304	0.000862835	1349.86	71.262	2.51127e-12	2.43189	5.74894	1.49314	1.61661	615	0	0.139296	0	20	20
0.00880395	0.00086504	1353.48	70.6226	2.16147e-12	2.34824	5.607	1.49268	1.61661	615	0	0.140499	0	20	20
0.00880483	0.000867225	1357.07	69.9873	1.86039e-12	2.26748	5.46856	1.49224	1.61661	615	0	0.141691	0	20	20
0.00880568	0.000869391	1360.62	69.3559	1.60125e-12	2.18949	5.33354	1.4918	1.61661	615	0	0.142871	0	20	20
0.0088065	0.000871537	1364.14	68.7286	1.37821e-12	2.11418	5.20186	1.49139	1.61661	615	0	0.14404	0	20	20
0.00880729	0.000873663	1367.62	68.1052	1.18624e-12	2.04146	5.07342	1.49098	1.61661	615	0	0.145197	0	20	20
0.00880807	0.000875769	1371.07	67.4859	1.02101e-12	1.97125	4.94816	1.49059	1.61661	615	0	0.146342	0	20	20
0.00880882	0.000877855	1374.49	66.8706	8.78787e-13	1.90345	4.82599	1.49021	1.61661	615	0	0.147474	0	20	20
0.00880955	0.00087992	1377.87	66.2594	7.56379e-13	1.83798	4.70684	1.48984	1.61661	615	0	0.148593	0	20	20
0.00881026	0.000881964	1381.22	65.6521	6.51022e-13	1.77476	4.59062	1.48948	1.61661	615	0	0.1497	0	20	20
0.00881096	0.000883988	1384.53	65.0489	5.60339e-13	1.71372	4.47728	1.48912	1.61661	615	0	0.150794	0	20	20
0.00881164	0.000885991	1387.81	64.4498	4.82289e-13	1.65478	4.36674	1.48878	1.61661	615	0	0.151874	0	20	20
0.0088123	0.000887974	1391.06	63.8547	4.1511e-13	1.59786	4.25892	1.48844	1.61661	615	0	0.15294	0	20	20
0.00881295	0.000889936	1394.27	63.2636	3.57288e-13	1.54291	4.15377	1.48811	1.61661	615	0	0.153993	0	20	20
0.00881359	0.000891877	1397.44	62.6765	3.07521e-13	1.48984	4.05121	1.48779	1.61661	615	0	0.155033	0	20	20
0.00881422	0.000893797	1400.59	62.0935	2.64686e-13	1.4386	3.95119	1.48747	1.61661	615	0	0.156058	0	20	20
0.00881484	0.000895697	1403.7	61.5145	2.27817e-13	1.38912	3.85363	1.48716	1.61661	615	0	0.15707	0	20	20
0.00881545	0.000897576	1406.77	60.9395	1.96084e-13	1.34134	3.75849	1.48685	1.61661	615	0	0.158068	0	20	20
0.00881606	0.000899435	1409.81	60.3686	1.68771e-13	1.2952	3.66569	1.48654	1.61661	615	0	0.159052	0	20	20
0.00881665	0.000901273	1412.82	59.8016	1.45263e-13	1.25065	3.57518	1.48624	1.61661	615	0	0.160022	0	20	20
0.00881725	0.000903091	1415.8	59.2387	1.25029e-13	1.20764	3.48691	1.48594	1.61661	615	0	0.160978	0	20	20
0.00881783	0.000904889	1418.75	58.6799	1.07613e-13	1.1661	3.40082	1.48564	1.61661	615	0	0.16192	0	20	20
0.00881841	0.000906666	1421.66	58.125	9.26235e-14	1.12599	3.31685	1.48535	1.61661	615	0	0.162848	0	20	20
0.00881899	0.000908424	1424.54	57.5741	7.97218e-14	1.08727	3.23496	1.48506	1.61661	615	0	0.163762	0	20	20
0.00881957	0.000910161	1427.39	57.0273	6.86172e-14	1.04987	3.15509	1.48477	1.61661	615	0	0.164663	0	20	20
0.00882014	0.000911879	1430.21	56.4844	5.90593e-14	1.01376	3.07719	1.48448	1.61661	615	0	0.165549	0	20	20
0.00882071	0.000913577	1433	55.9455	5.08329e-14	0.978893	3.00121	1.48419	1.61661	615	0	0.166422	0	20	20
0.00882128	0.000915256	1435.75	55.4107	4.37522e-14	0.945224	2.92711	1.4839	1.61661	615	0	0.167281	0	20	20
0.00882185	0.000916916	1438.48	54.8797	3.76579e-14	0.912714	2.85484	1.48361	1.61661	615	0	0.168127	0	20	20
0.00882242	0.000918556	1441.18	54.3528	3.24125e-14	0.881321	2.78435	1.48333	1.61661	615	0	0.16896	0	20	20
0.00882299	0.000920177	1443.84	53.8298	2.78977e-14	0.851009	2.71561	1.48304	1.61661	615	0	0.169779	0	20	20
0.00882356	0.00092178	1446.48	53.3108	2.40117e-14	0.821739	2.64856	1.48275	1.61661	615	0	0.170584	0	20	20
0.00882414	0.000923364	1449.09	52.7957	2.06671e-14	0.793475	2.58317	1.48246	1.61661	615	0	0.171377	0	20	20
0.00882471	0.00092493	1451.67	52.2845	1.77883e-14	0.766184	2.51939	1.48217	1.61661	615	0	0.172157	0	20	20
0.00882529	0.000926477	1454.22	51.7773	1.53106e-14	0.739831	2.45718	1.48188	1.61661	615	0	0.172924	0	20	20
0.00882587	0.000928007	1456.75	51.2739	1.31779e-14	0.714385	2.39652	1.48159	1.61661	615	0	0.173679	0	20	20
0.00882645	0.000929518	1459.24	50.7745	1.13423e-14	0.689814	2.33735	1.4813	1.61661	615	0	0.174421	0	20	20
0.00882704	0.000931012	1461.71	50.279	9.76244e-15	0.666088	2.27964	1.481	1.61661	615	0	0.175151	0	20	20
0.00882763	0.000932489	1464.16	49.7873	8.40261e-15	0.643179	2.22335	1.4807	1.61661	615	0	0.175868	0	20	20
0.00882822	0.000933949	1466.57	49.2995	7.2322e-15	0.621057	2.16846	1.48041	1.61661	615	0	0.176574	0	20	20
0.00882882	0.000935391	1468.96	48.8156	6.22481e-15	0.599696	2.11492	1.48011	1.61661	615	0	0.177268	0	20	20
0.00882942	0.000936817	1471.33	48.3355	5.35774e-15	0.579069	2.0627	1.4798	1.61661	615	0	0.17795	0	20	20
0.00883002	0.000938227	1473.67	47.8592	4.61145e-15	0.559153	2.01177	1.4795	1.61661	615	0	0.178621	0	20	20
0.00883063	0.00093962	1475.98	47.3868	3.96911e-15	0.539921	1.9621	1.47919	1.61661	615	0	0.17928	0	20	20
0.00883125	0.000940997	1478.27	46.9182	3.41625e-15	0.52135	1.91366	1.47888	1.61661	615	0	0.179928	0	20	20
0.00883186	0.000942358	1480.54	46.4533	2.94039e-15	0.503419	1.86641	1.47857	1.61661	615	0	0.180566	0	20	20
0.00883249	0.000943703	1482.78	45.9922	2.53082e-15	0.486104	1.82033	1.47826	1.61661	615	0	0.181192	0	20	20
0.00883312	0.000945034	1485	45.5349	2.1783e-15	0.469385	1.77538	1.47794	1.61661	615	0	0.181808	0	20	20
0.00883375	0.000946349	1487.2	45.0814	1.87488e-15	0.45324	1.73155	1.47763	1.61661	615	0	0.182414	0	20	20
0.00883439	0.000947649	1489.37	44.6315	1.61372e-15	0.437651	1.6888	1.4773	1.61661	615	0	0.18301	0	20	20
0.00883504	0.000948934	1491.52	44.1854	1.38894e-15	0.422598	1.6471	1.47698	1.61661	615	0	0.183595	0	20	20
0.00883569	0.000950205	1493.65	43.743	1.19547e-15	0.408063	1.60643	1.47666	1.61661	615	0	0.184171	0	20	20
0.00883634	0.000951461	1495.76	43.3043	1.02895e-15	0.394028	1.56677	1.47633	1.61661	615	0	0.184737	0	20	20
0.008837	0.000952704	1497.85	42.8692	8.85629e-16	0.380476	1.52809	1.476	1.61661	615	0	0.185293	0	20	20
0.00883767	0.000953932	1499.91	42.4378	7.62268e-16	0.367389	1.49036	1.47566	1.61661	615	0	0.18584	0	20	20
0.00883834	0.000955147	1501.96	42.0101	6.5609e-16	0.354753	1.45356	1.47532	1.61661	615	0	0.186378	0	20	20
0.00883902	0.000956349	1503.98	41.5859	5.64702e-16	0.342552	1.41767	1.47499	1.61661	615	0	0.186908	0	20	20
0.0088397	0.000957537	1505.99	41.1654	4.86043e-16	0.33077	1.38267	1.47464	1.61661	615	0	0.187428	0	20	20
0.00884039	0.000958713	1507.97	40.7485	4.18342e-16	0.319393	1.34853	1.4743	1.61661	615	0	0.18794	0	20	20
0.00884109	0.000959876	1509.94	40.3351	3.6007e-16	0.308408	1.31524	1.47395	1.61661	615	0	0.188443	0	20	20
0.00884179	0.000961026	1511.89	39.9253	3.09915e-16	0.2978	1.28276	1.4736	1.61661	615	0	0.188939	0	20	20
0.00884249	0.000962164	1513.82	39.519	2.66746e-16	0.287557	1.25109	1.47325	1.61661	615	0	0.189426	0	20	20
0.0088432	0.000963289	1515.73	39.1162	2.29591e-16	0.277667	1.2202	1.47289	1.61661	615	0	0.189905	0	20	20
0.00884392	0.000964403	1517.63	38.717	1.97611e-16	0.268117	1.19007	1.47253	1.61661	615	0	0.190377	0	20	20
0.00884464	0.000965506	1519.5	38.3212	1.70085e-16	0.258895	1.16069	1.47217	1.61661	615	0	0.190841	0	20	20
0.00884537	0.000966596	1521.36	37.9289	1.46393e-16	0.24999	1.13203	1.47181	1.61661	615	0	0.191298	0	20	20
0.0088461	0.000967676	1523.2	37.54	1.26002e-16	0.241392	1.10408	1.47145	1.61661	615	0	0.191747	0	20	20
0.00884684	0.000968744	1525.03	37.1545	1.08451e-16	0.233089	1.07682	1.47108	1.61661	615	0	0.19219	0	20	20
0.00884758	0.000969801	1526.84	36.7725	9.33446e-17	0.225072	1.05024	1.47071	1.61661	615	0	0.192625	0	20	20
0.00884833	0.000970848	1528.63	36.3938	8.03424e-17	0.217331	1.02431	1.47033	1.61661	615	0	0.193054	0	20	20
0.00884908	0.000971884	1530.41	36.0186	6.91514e-17	0.209856	0.999017	1.46996	1.61661	615	0	0.193477	0	20	20
0.00884984	0.00097291	1532.18	35.6466	5.95191e-17	0.202638	0.974351	1.46958	1.61661	615	0	0.193892	0	20	20
0.00885061	0.000973926	1533.93	35.278	5.12286e-17	0.195669	0.950294	1.4692	1.61661	615	0	0.194302	0	20	20
0.00885137	0.000974932	1535.66	34.9128	4.40929e-17	0.188939	0.926831	1.46882	1.61661	615	0	0.194706	0	20	20
0.00885215	0.000975928	1537.38	34.5508	3.79511e-17	0.18244	0.903948	1.46843	1.61661	615	0	0.195103	0	20	20
0.00885292	0.000976914	1539.08	34.1921	3.26648e-17	0.176165	0.881629	1.46805	1.61661	615	0	0.195495	0	20	20
0.00885371	0.000977891	1540.77	33.8366	2.81149e-17	0.170106	0.859862	1.46766	1.61661	615	0	0.195881	0	20	20
0.00885449	0.000978859	1542.45	33.4844	2.41987e-17	0.164255	0.838631	1.46727	1.61661	615	0	0.196261	0	20	20
0.00885528	0.000979818	1544.12	33.1353	2.0828e-17	0.158606	0.817926	1.46687	1.61661	615	0	0.196636	0	20	20
0.00885608	0.000980768	1545.77	32.7895	1.79268e-17	0.153151	0.797731	1.46648	1.61661	615	0	0.197006	0	20	20
0.00885688	0.000981709	1547.41	32.4469	1.54298e-17	0.147883	0.778035	1.46608	1.61661	615	0	0.197371	0	20	20
0.00885768	0.000982642	1549.03	32.1074	1.32805e-17	0.142797	0.758825	1.46568	1.61661	615	0	0.19773	0	20	20
0.00885849	0.000983566	1550.65	31.771	1.14306e-17	0.137885	0.74009	1.46528	1.61661	615	0	0.198085	0	20	20
0.0088593	0.000984482	1552.25	31.4378	9.83845e-18	0.133143	0.721817	1.46488	1.61661	615	0	0.198435	0	20	20
0.00886012	0.00098539	1553.84	31.1076	8.46803e-18	0.128563	0.703995	1.46447	1.61661	615	0	0.19878	0	20	20
0.00886094	0.000986291	1555.41	30.7806	7.2885e-18	0.124142	0.686613	1.46407	1.61661	615	0	0.19912	0	20	20
0.00886176	0.000987183	1556.98	30.4565	6.27327e-18	0.119872	0.669661	1.46366	1.61661	615	0	0.199457	0	20	20
0.00886259	0.000988068	1558.54	30.1355	5.39946e-18	0.115749	0.653127	1.46325	1.61661	615	0	0.199788	0	20	20
0.00886342	0.000988945	1560.08	29.8176	4.64735e-18	0.111768	0.637001	1.46284	1.61661	615	0	0.200116	0	20	20
0.00886426	0.000989815	1561.62	29.5026	4.00001e-18	0.107923	0.621273	1.46242	1.61661	615	0	0.20044	0	20	20
0.00886509	0.000990678	1563.14	29.1906	3.44284e-18	0.104211	0.605934	1.46201	1.61661	615	0	0.200759	0	20	20
0.00886594	0.000991534	1564.65	28.8815	2.96328e-18	0.100627	0.590974	1.46159	1.61661	615	0	0.201075	0	20	20
0.00886678	0.000992383	1566.15	28.5754	2.55052e-18	0.0971661	0.576382	1.46118	1.61661	615	0	0.201386	0	20	20
0.00886763	0.000993225	1567.65	28.2721	2.19525e-18	0.0938242	0.562151	1.46076	1.61661	615	0	0.201695	0	20	20
0.00886848	0.000994061	1569.13	27.9718	1.88947e-18	0.0905971	0.548272	1.46034	1.61661	615	0	0.201999	0	20	20
0.00886933	0.00099489	1570.61	27.6743	1.62628e-18	0.0874811	0.534735	1.45991	1.61661	615	0	0.2023	0	20	20
0.00887019	0.000995713	1572.07	27.3797	1.39976e-18	0.0844722	0.521532	1.45949	1.61661	615	0	0.202598	0	20	20
0.00887105	0.000996529	1573.53	27.0879	1.20478e-18	0.0815668	0.508656	1.45907	1.61661	615	0	0.202892	0	20	20
0.00887191	0.00099734	1574.97	26.7989	1.03696e-18	0.0787613	0.496097	1.45864	1.61661	615	0	0.203183	0	20	20
0.00887277	0.000998144	1576.41	26.5127	8.92524e-19	0.0760524	0.483848	1.45822	1.61661	615	0	0.203471	0	20	20
0.00887364	0.000998943	1577.84	26.2293	7.68203e-19	0.0734366	0.471902	1.45779	1.61661	615	0	0.203756	0	20	20
0.00887451	0.000999736	1579.26	25.9486	6.61198e-19	0.0709108	0.460251	1.45736	1.61661	615	0	0.204037	0	20	20
0.00887538	0.00100052	1580.67	25.6706	5.69098e-19	0.0684718	0.448887	1.45693	1.61661	615	0	0.204316	0	20	20
0.00887626	0.0010013	1582.08	25.3954	4.89828e-19	0.0661168	0.437804	1.4565	1.61661	615	0	0.204592	0	20	20
0.00887713	0.00100208	1583.47	25.1228	4.21598e-19	0.0638427	0.426995	1.45607	1.61661	615	0	0.204866	0	20	20
0.00887801	0.00100285	1584.86	24.8529	3.62873e-19	0.0616469	0.416452	1.45564	1.61661	615	0	0.205136	0	20	20
0.00887889	0.00100362	1586.24	24.5856	3.12328e-19	0.0595265	0.40617	1.4552	1.61661	615	0	0.205404	0	20	20
0.00887978	0.00100438	1587.62	24.3209	2.68823e-19	0.0574792	0.396141	1.45477	1.61661	615	0	0.20567	0	20	20
0.00888066	0.00100513	1588.98	24.0589	2.31378e-19	0.0555022	0.386361	1.45433	1.61661	615	0	0.205933	0	20	20
0.00888155	0.00100588	1590.34	23.7994	1.99149e-19	0.0535932	0.376821	1.4539	1.61661	615	0	0.206193	0	20	20
0.00888244	0.00100663	1591.7	23.5425	1.71409e-19	0.0517499	0.367518	1.45346	1.61661	615	0	0.206452	0	20	20
0.00888333	0.00100737	1593.04	23.2882	1.47533e-19	0.04997	0.358444	1.45303	1.61661	615	0	0.206707	0	20	20
0.00888422	0.00100811	1594.38	23.0363	1.26983e-19	0.0482513	0.349594	1.45259	1.61661	615	0	0.206961	0	20	20
0.00888511	0.00100884	1595.71	22.787	1.09295e-19	0.0465917	0.340962	1.45215	1.61661	615	0	0.207213	0	20	20
