0.00890634	
0.00497895	
0.00359553	
0.00292533	
0.0024723	
0.00211839	
0.00181503	
0.00154856	
0.00133451	
0.00121905	
0.00116541	
0.00118981	
0.00127157	
0.00139842	
0.00156276	
0.00176451	
0.00200795	
0.00229694	
0.00265789	
0.00309003	
0.00362432	
0.00428516	
0.00508789	
0.0060602	
0.00720229	
0.00848493	
0.00991065	
0.0114639	
0.0131373	
0.014911	
0.0167571	
0.0186373	
0.0204976	
0.0222621	
0.0238385	
0.0251133	
0.0259693	
0.0263113	
0.0261017	
0.0253912	
0.024303	
0.0229938	
0.0216124	
0.0202715	
0.0190393	
0.0179479	
0.0170036	
0.0161979	
0.015516	
0.0149409	
0.0144562	
0.0144688	
0.0145599	
0.0145799	
0.0145411	
0.0144558	
0.0143354	
0.0141899	
0.0140276	
0.013855	
0.0136773	
0.0134984	
0.0133209	
0.0131467	
0.0129772	
0.012813	
0.0126546	
0.012502	
0.0123553	
0.0122143	
0.0120788	
0.0119484	
0.0118229	
