0.0509522	
0.00856064	
0.00467662	
0.00319406	
0.00227306	
0.0016636	
0.0011889	
0.000832775	
0.000565458	
0.000406758	
0.000325111	
0.000304427	
0.000318716	
0.00035023	
0.000401835	
0.00046316	
0.000540759	
0.000643396	
0.000765228	
0.00091965	
0.00111686	
0.00136982	
0.00167689	
0.00206991	
0.00253628	
0.00307303	
0.00368921	
0.00436689	
0.00510966	
0.00594021	
0.00682626	
0.00779143	
0.00881268	
0.00988132	
0.0109801	
0.0120899	
0.0131643	
0.0141616	
0.0150437	
0.0157381	
0.0162384	
0.0165143	
0.0166078	
0.0165564	
0.016415	
0.0162426	
0.016075	
0.0159409	
0.0158598	
0.0158427	
0.0158922	
0.0160091	
0.0178939	
0.0206172	
0.0235505	
0.0266535	
0.0298761	
0.0331667	
0.0364758	
0.0397603	
0.0429824	
0.0461125	
0.049127	
0.0520068	
0.0547338	
0.0572902	
0.0596589	
0.0618236	
0.0637707	
0.0654919	
0.066987	
0.0682656	
0.0693453	
