0.00900236	0.000668973	1101	184.5	76.5	0	0	1.39615	1.61661	615	0	0.155041	0	20	20
0.00878185	0.000728205	1170.57	184.391	76.4694	49.8132	16.7868	1.50398	1.61661	615	0	-0.108889	0	20	20
0.00845793	0.000840473	1305.32	184.281	76.4339	146.077	49.553	1.68348	1.61661	615	0	-0.504357	0	20	20
0.00816236	0.000952764	1434.54	184.168	76.3927	239.149	81.5509	1.87306	1.61661	615	0	-0.805515	0	20	20
0.0078919	0.0010652	1559.42	184.054	76.3448	329.132	112.796	2.07231	1.61661	615	0	-1.04454	0	20	20
0.00764331	0.00117731	1680.06	183.937	76.2893	416.127	143.307	2.28116	1.61661	615	0	-1.24118	0	20	20
0.00741326	0.00128884	1796.6	183.818	76.2249	500.236	173.1	2.50018	1.61661	615	0	-1.40745	0	20	20
0.00719901	0.00139959	1909.19	183.698	76.1502	581.563	202.195	2.73012	1.61661	615	0	-1.55128	0	20	20
0.00699828	0.00150945	2018.03	183.575	76.0636	660.213	230.612	2.97184	1.61661	615	0	-1.67808	0	20	20
0.00680906	0.00161838	2123.28	183.45	75.9633	736.294	258.374	3.22656	1.61661	615	0	-1.79177	0	20	20
0.00662493	0.00172734	2225.12	183.323	75.847	809.917	285.504	3.50314	1.61661	615	0	-1.89857	0	20	20
0.00644908	0.00183556	2323.73	183.193	75.7124	881.198	312.029	3.79759	1.61661	615	0	-1.99755	0	20	20
0.00627868	0.0019435	2419.29	183.061	75.5566	950.255	337.976	4.11525	1.61661	615	0	-2.09164	0	20	20
0.006114	0.00205098	2511.97	182.927	75.3764	1017.22	363.376	4.45681	1.61661	615	0	-2.18126	0	20	20
0.00595492	0.00215795	2601.96	182.791	75.1681	1082.21	388.263	4.82361	1.61661	615	0	-2.26685	0	20	20
0.00579943	0.00226488	2689.46	182.652	74.9275	1145.37	412.674	5.22209	1.61661	615	0	-2.35035	0	20	20
0.00564874	0.00237142	2774.66	182.511	74.6499	1206.86	436.648	5.65125	1.61661	615	0	-2.43086	0	20	20
0.00550138	0.00247798	2857.78	182.368	74.33	1266.81	460.228	6.11765	1.61661	615	0	-2.50973	0	20	20
0.00535696	0.00258471	2939.02	182.222	73.9617	1325.4	483.462	6.62589	1.61661	615	0	-2.58732	0	20	20
0.00521569	0.00269161	3018.62	182.073	73.5383	1382.8	506.4	7.17902	1.61661	615	0	-2.66339	0	20	20
0.00507657	0.00279908	3096.8	181.922	73.0526	1439.17	529.096	7.78555	1.61661	615	0	-2.73881	0	20	20
0.00493907	0.00290742	3173.83	181.768	72.4961	1494.72	551.606	8.45405	1.61661	615	0	-2.814	0	20	20
0.00480328	0.00301673	3249.93	181.612	71.8602	1549.62	573.99	9.19151	1.61661	615	0	-2.88875	0	20	20
0.00466885	0.00312729	3325.37	181.453	71.1353	1604.08	596.31	10.0085	1.61661	615	0	-2.96325	0	20	20
0.00453491	0.0032396	3400.4	181.291	70.3111	1658.28	618.626	10.9218	1.61661	615	0	-3.03828	0	20	20
0.00440135	0.0033539	3475.26	181.127	69.3773	1712.42	640.999	11.9465	1.61661	615	0	-3.11381	0	20	20
0.00426804	0.00347041	3550.17	180.959	68.323	1766.65	663.485	13.1013	1.61661	615	0	-3.18979	0	20	20
0.00413469	0.00358944	3625.34	180.789	67.1377	1821.15	686.135	14.4103	1.61661	615	0	-3.26642	0	20	20
0.00400105	0.00371123	3700.91	180.616	65.8111	1876.02	708.989	15.903	1.61661	615	0	-3.34385	0	20	20
0.00386674	0.00383608	3776.99	180.44	64.3342	1931.36	732.073	17.6184	1.61661	615	0	-3.42243	0	20	20
0.0037318	0.00396405	3853.61	180.261	62.6995	1987.18	755.398	19.5996	1.61661	615	0	-3.50209	0	20	20
0.00359635	0.00409508	3930.72	180.079	60.9015	2043.45	778.948	21.8985	1.61661	615	0	-3.58266	0	20	20
0.00346054	0.00422898	4008.18	179.894	58.9379	2100.06	802.687	24.5792	1.61661	615	0	-3.66409	0	20	20
0.00332466	0.00436542	4085.7	179.706	56.8097	2156.8	826.543	27.7177	1.61661	615	0	-3.74621	0	20	20
0.00318912	0.00450385	4162.9	179.514	54.5225	2213.37	850.418	31.4042	1.61661	615	0	-3.8288	0	20	20
0.00305448	0.00464353	4239.27	179.32	52.086	2269.4	874.175	35.7428	1.61661	615	0	-3.91152	0	20	20
0.00292145	0.00478345	4314.19	179.122	49.5151	2324.4	897.651	40.8512	1.61661	615	0	-3.99393	0	20	20
0.00279086	0.00492246	4386.92	178.921	46.8297	2377.81	920.651	46.8585	1.61661	615	0	-4.07558	0	20	20
0.00266361	0.00505919	4456.66	178.717	44.0538	2429.02	942.961	53.9	1.61661	615	0	-4.15592	0	20	20
0.00254049	0.00519229	4522.57	178.509	41.2153	2477.39	964.354	62.1221	1.61661	615	0	-4.23466	0	20	20
0.00242262	0.00532014	4583.79	178.297	38.3448	2522.26	984.6	71.6379	1.61661	615	0	-4.31099	0	20	20
0.00231097	0.0054412	4639.52	178.083	35.4743	2563.03	1003.48	82.5314	1.61661	615	0	-4.3843	0	20	20
0.00220641	0.00555398	4689.03	177.864	32.6358	2599.12	1020.78	94.8286	1.61661	615	0	-4.45402	0	20	20
0.00210974	0.00565718	4731.72	177.643	29.8599	2630.08	1036.34	108.47	1.61661	615	0	-4.5196	0	20	20
0.00202119	0.00574997	4767.12	177.417	27.1745	2655.56	1050.02	123.361	1.61661	615	0	-4.58121	0	20	20
0.00194144	0.00583131	4794.92	177.188	24.6037	2675.32	1061.73	139.197	1.61661	615	0	-4.63809	0	20	20
0.00187086	0.00590057	4815.02	176.955	22.1672	2689.28	1071.4	155.553	1.61661	615	0	-4.68977	0	20	20
0.00180892	0.00595791	4827.42	176.718	19.8799	2697.45	1079.05	172.083	1.61661	615	0	-4.73707	0	20	20
0.00175614	0.00600287	4832.33	176.478	17.7517	2699.97	1084.69	188.071	1.61661	615	0	-4.77891	0	20	20
0.00171167	0.00603614	4830.04	176.233	15.7881	2697.1	1088.39	203.112	1.61661	615	0	-4.81629	0	20	20
0.00167528	0.00605806	4820.97	175.985	13.9901	2689.15	1090.24	216.639	1.61661	615	0	-4.84515	0	20	20
0.00164486	0.00607055	4805.61	175.733	12.3554	2676.48	1090.36	228.885	1.61661	615	0	-4.85791	0	20	20
0.00162037	0.00607395	4784.52	175.476	10.8785	2659.51	1088.87	239.421	1.61661	615	0	-4.85494	0	20	20
0.00160103	0.00606925	4758.26	175.216	9.55195	2638.68	1085.91	248.2	1.61661	615	0	-4.83808	0	20	20
0.00158631	0.00605725	4727.4	174.951	8.36659	2614.4	1081.62	255.175	1.61661	615	0	-4.80881	0	20	20
0.00157592	0.00603857	4692.5	174.683	7.31231	2587.11	1076.13	260.256	1.61661	615	0	-4.7682	0	20	20
0.00156907	0.00601418	4654.09	174.41	6.37848	2557.21	1069.57	263.677	1.61661	615	0	-4.71822	0	20	20
0.0015655	0.00598467	4612.66	174.132	5.55436	2525.07	1062.07	265.483	1.61661	615	0	-4.65992	0	20	20
0.00156492	0.0059506	4568.65	173.851	4.8294	2491.05	1053.74	265.782	1.61661	615	0	-4.59438	0	20	20
0.00156669	0.00591276	4522.49	173.565	4.19349	2455.45	1044.68	264.879	1.61661	615	0	-4.52319	0	20	20
0.00157062	0.0058716	4474.54	173.274	3.63707	2418.55	1035	262.897	1.61661	615	0	-4.44718	0	20	20
0.00157653	0.0058275	4425.12	172.979	3.15127	2380.62	1024.77	259.953	1.61661	615	0	-4.36707	0	20	20
0.00158403	0.00578099	4374.52	172.68	2.72794	2341.86	1014.07	256.279	1.61661	615	0	-4.28391	0	20	20
0.00159281	0.0057325	4322.99	172.376	2.35965	2302.47	1002.97	252.062	1.61661	615	0	-4.19852	0	20	20
0.00160289	0.0056822	4270.74	172.067	2.03971	2262.61	991.533	247.338	1.61661	615	0	-4.11118	0	20	20
0.00161409	0.00563037	4217.96	171.753	1.76213	2222.42	979.799	242.226	1.61661	615	0	-4.02244	0	20	20
0.00162599	0.00557746	4164.8	171.435	1.52155	2182.03	967.818	236.944	1.61661	615	0	-3.93316	0	20	20
0.00163872	0.00552349	4111.4	171.112	1.31324	2141.54	955.628	231.465	1.61661	615	0	-3.84335	0	20	20
0.00165219	0.00546863	4057.88	170.784	1.13301	2101.04	943.262	225.849	1.61661	615	0	-3.75328	0	20	20
0.00166624	0.00541308	4004.33	170.451	0.977206	2060.59	930.75	220.186	1.61661	615	0	-3.66336	0	20	20
0.00168067	0.00535706	3950.83	170.114	0.842585	2020.27	918.116	214.563	1.61661	615	0	-3.57396	0	20	20
0.00169562	0.00530053	3897.44	169.771	0.726331	1980.11	905.381	208.938	1.61661	615	0	-3.48498	0	20	20
0.00171103	0.00524358	3844.24	169.423	0.625985	1940.17	892.566	203.344	1.61661	615	0	-3.3966	0	20	20
0.0017267	0.0051864	3791.26	169.07	0.539403	1900.47	879.685	197.856	1.61661	615	0	-3.30915	0	20	20
0.00174266	0.00512903	3738.55	168.712	0.464724	1861.06	866.754	192.47	1.61661	615	0	-3.22266	0	20	20
0.00175897	0.00507144	3686.13	168.348	0.400329	1821.94	853.785	187.166	1.61661	615	0	-3.13708	0	20	20
0.0017756	0.00501368	3634.04	167.98	0.344818	1783.14	840.789	181.955	1.61661	615	0	-3.05249	0	20	20
0.00179235	0.00495594	3582.3	167.606	0.296973	1744.68	827.777	176.902	1.61661	615	0	-2.96921	0	20	20
0.00180935	0.00489814	3530.93	167.226	0.255745	1706.57	814.755	171.963	1.61661	615	0	-2.88706	0	20	20
0.00182662	0.00484027	3479.95	166.841	0.220224	1668.82	801.734	167.13	1.61661	615	0	-2.80605	0	20	20
0.00184415	0.00478237	3429.38	166.451	0.189625	1631.45	788.721	162.409	1.61661	615	0	-2.72623	0	20	20
0.00186174	0.00472462	3379.22	166.055	0.163268	1594.45	775.721	157.85	1.61661	615	0	-2.64786	0	20	20
0.00187957	0.00466688	3329.49	165.654	0.140567	1557.83	762.741	153.4	1.61661	615	0	-2.5707	0	20	20
0.00189764	0.00460917	3280.21	165.247	0.121018	1521.61	749.788	149.059	1.61661	615	0	-2.4948	0	20	20
0.00191592	0.00455154	3231.37	164.835	0.104184	1485.78	736.868	144.833	1.61661	615	0	-2.4202	0	20	20
0.00193427	0.0044941	3182.99	164.416	0.0896893	1450.36	723.984	140.75	1.61661	615	0	-2.34705	0	20	20
0.00195285	0.00443675	3135.08	163.992	0.0772089	1415.34	711.144	136.771	1.61661	615	0	-2.2752	0	20	20
0.00197165	0.00437951	3087.65	163.562	0.0664636	1380.73	698.351	132.896	1.61661	615	0	-2.20466	0	20	20
0.00199065	0.00432242	3040.71	163.127	0.0572127	1346.53	685.611	129.127	1.61661	615	0	-2.13545	0	20	20
0.00200972	0.00426557	2994.27	162.685	0.0492485	1312.76	672.93	125.485	1.61661	615	0	-2.06772	0	20	20
0.00202901	0.0042089	2948.32	162.238	0.0423924	1279.4	660.311	121.941	1.61661	615	0	-2.00132	0	20	20
0.0020485	0.00415241	2902.9	161.785	0.0364903	1246.47	647.76	118.492	1.61661	615	0	-1.93627	0	20	20
0.0020682	0.00409613	2857.99	161.325	0.0314096	1213.98	635.281	115.138	1.61661	615	0	-1.87257	0	20	20
0.00208798	0.00404016	2813.62	160.86	0.027036	1181.92	622.88	111.897	1.61661	615	0	-1.81034	0	20	20
0.00210795	0.00398445	2769.8	160.389	0.0232712	1150.3	610.561	108.748	1.61661	615	0	-1.74948	0	20	20
0.0021281	0.00392901	2726.52	159.911	0.0200306	1119.13	598.33	105.687	1.61661	615	0	-1.68999	0	20	20
0.00214844	0.00387388	2683.81	159.428	0.0172411	1088.41	586.19	102.714	1.61661	615	0	-1.63188	0	20	20
0.00216893	0.00381908	2641.67	158.938	0.01484	1058.15	574.147	99.8301	1.61661	615	0	-1.57517	0	20	20
0.00218952	0.00376468	2600.11	158.442	0.0127733	1028.36	562.206	97.0406	1.61661	615	0	-1.5199	0	20	20
0.00221027	0.00371065	2559.15	157.94	0.0109943	999.027	550.372	94.3325	1.61661	615	0	-1.46601	0	20	20
0.00223119	0.00365701	2518.79	157.431	0.00946308	970.174	538.649	91.7048	1.61661	615	0	-1.4135	0	20	20
0.00225225	0.00360381	2479.04	156.917	0.00814509	941.803	527.042	89.1561	1.61661	615	0	-1.36238	0	20	20
0.00227345	0.00355106	2439.93	156.396	0.00701065	913.92	515.557	86.6854	1.61661	615	0	-1.31265	0	20	20
0.00229472	0.00349883	2401.45	155.868	0.0060342	886.531	504.199	84.2969	1.61661	615	0	-1.26433	0	20	20
0.00231609	0.00344713	2363.63	155.335	0.00519374	859.644	492.971	81.985	1.61661	615	0	-1.21741	0	20	20
0.00233756	0.00339597	2326.46	154.795	0.00447034	833.266	481.88	79.7463	1.61661	615	0	-1.17186	0	20	20
0.00235912	0.00334538	2289.97	154.249	0.00384768	807.402	470.929	77.5798	1.61661	615	0	-1.12769	0	20	20
0.00238075	0.00329541	2254.16	153.696	0.00331176	782.061	460.125	75.4844	1.61661	615	0	-1.08488	0	20	20
0.00240243	0.00324609	2219.05	153.137	0.00285047	757.249	449.471	73.4592	1.61661	615	0	-1.04343	0	20	20
0.00242414	0.00319744	2184.64	152.571	0.00245344	732.973	438.973	71.5032	1.61661	615	0	-1.00334	0	20	20
0.00244586	0.00314951	2150.95	151.999	0.0021117	709.24	428.636	69.6156	1.61661	615	0	-0.964604	0	20	20
0.00246755	0.00310234	2118	151.421	0.00181757	686.058	418.463	67.7954	1.61661	615	0	-0.927204	0	20	20
0.0024892	0.00305596	2085.78	150.836	0.0015644	663.433	408.461	66.0425	1.61661	615	0	-0.891139	0	20	20
0.00251075	0.00301041	2054.32	150.245	0.00134649	641.372	398.633	64.3563	1.61661	615	0	-0.8564	0	20	20
0.00253219	0.00296573	2023.62	149.647	0.00115894	619.883	388.984	62.7352	1.61661	615	0	-0.822969	0	20	20
0.00255349	0.00292196	1993.7	149.043	0.000997512	598.972	379.518	61.1786	1.61661	615	0	-0.790834	0	20	20
0.00257459	0.00287913	1964.56	148.432	0.000858568	578.646	370.242	59.6863	1.61661	615	0	-0.759983	0	20	20
0.00259547	0.00283729	1936.21	147.815	0.000738977	558.912	361.157	58.2578	1.61661	615	0	-0.730404	0	20	20
0.00261605	0.00279649	1908.67	147.192	0.000636045	539.776	352.27	56.8932	1.61661	615	0	-0.702085	0	20	20
0.0026363	0.00275675	1881.95	146.562	0.000547449	521.244	343.584	55.5924	1.61661	615	0	-0.675011	0	20	20
0.00265615	0.00271814	1856.04	145.926	0.000471194	503.322	335.103	54.3556	1.61661	615	0	-0.649171	0	20	20
0.00267555	0.00268068	1830.96	145.283	0.000405561	486.011	326.829	53.1817	1.61661	615	0	-0.624536	0	20	20
0.0026945	0.00264434	1806.69	144.634	0.00034907	469.295	318.76	52.0673	1.61661	615	0	-0.601055	0	20	20
0.00271302	0.0026091	1783.19	143.979	0.000300448	453.154	310.889	51.0081	1.61661	615	0	-0.578667	0	20	20
0.00273112	0.00257492	1760.44	143.317	0.000258598	437.567	303.213	50.0008	1.61661	615	0	-0.557318	0	20	20
0.00274882	0.00254177	1738.43	142.649	0.000222577	422.518	295.727	49.0413	1.61661	615	0	-0.536949	0	20	20
0.00276613	0.0025096	1717.11	141.975	0.000191574	407.985	288.426	48.1262	1.61661	615	0	-0.517507	0	20	20
0.00278307	0.0024784	1696.48	141.295	0.000164889	393.953	281.304	47.2526	1.61661	615	0	-0.498943	0	20	20
0.00279966	0.00244812	1676.5	140.608	0.000141922	380.403	274.359	46.4176	1.61661	615	0	-0.481211	0	20	20
0.00281591	0.00241874	1657.16	139.915	0.000122153	367.319	267.585	45.6187	1.61661	615	0	-0.464268	0	20	20
0.00283183	0.00239023	1638.44	139.216	0.000105138	354.685	260.978	44.8536	1.61661	615	0	-0.448071	0	20	20
0.00284744	0.00236256	1620.31	138.511	9.04933e-05	342.486	254.535	44.1201	1.61661	615	0	-0.432583	0	20	20
0.00286274	0.00233571	1602.75	137.8	7.78883e-05	330.706	248.25	43.4163	1.61661	615	0	-0.417766	0	20	20
0.00287776	0.00230964	1585.76	137.083	6.70391e-05	319.332	242.121	42.7403	1.61661	615	0	-0.403585	0	20	20
0.00289249	0.00228434	1569.3	136.36	5.77011e-05	308.349	236.143	42.0904	1.61661	615	0	-0.390008	0	20	20
0.00290696	0.00225977	1553.36	135.631	4.96638e-05	297.743	230.313	41.4651	1.61661	615	0	-0.377004	0	20	20
0.00292117	0.00223592	1537.92	134.896	4.2746e-05	287.502	224.626	40.8629	1.61661	615	0	-0.364543	0	20	20
0.00293514	0.00221276	1522.98	134.156	3.67919e-05	277.614	219.08	40.2824	1.61661	615	0	-0.352598	0	20	20
0.00294886	0.00219026	1508.5	133.41	3.1667e-05	268.065	213.671	39.7224	1.61661	615	0	-0.341142	0	20	20
0.00296236	0.00216842	1494.48	132.658	2.72561e-05	258.845	208.395	39.1818	1.61661	615	0	-0.330151	0	20	20
0.00297563	0.00214721	1480.9	131.9	2.34595e-05	249.943	203.25	38.6602	1.61661	615	0	-0.319606	0	20	20
0.00298867	0.00212661	1467.74	131.137	2.01918e-05	241.346	198.232	38.1564	1.61661	615	0	-0.309483	0	20	20
0.00300151	0.0021066	1455	130.369	1.73792e-05	233.045	193.337	37.6688	1.61661	615	0	-0.299758	0	20	20
0.00301415	0.00208715	1442.66	129.596	1.49585e-05	225.029	188.564	37.1967	1.61661	615	0	-0.290411	0	20	20
0.00302661	0.00206825	1430.7	128.817	1.28749e-05	217.29	183.908	36.7392	1.61661	615	0	-0.281424	0	20	20
0.00303889	0.00204989	1419.12	128.033	1.10815e-05	209.816	179.368	36.2957	1.61661	615	0	-0.272778	0	20	20
0.003051	0.00203204	1407.9	127.243	9.53793e-06	202.599	174.939	35.8653	1.61661	615	0	-0.264458	0	20	20
0.00306294	0.00201469	1397.03	126.449	8.20938e-06	195.631	170.62	35.4475	1.61661	615	0	-0.256446	0	20	20
0.00307472	0.00199782	1386.49	125.65	7.06588e-06	188.902	166.407	35.0415	1.61661	615	0	-0.248728	0	20	20
0.00308635	0.00198142	1376.28	124.847	6.08166e-06	182.405	162.298	34.647	1.61661	615	0	-0.24129	0	20	20
0.00309783	0.00196547	1366.39	124.038	5.23453e-06	176.132	158.291	34.2633	1.61661	615	0	-0.234119	0	20	20
0.00310913	0.00194998	1356.81	123.225	4.5054e-06	170.074	154.383	33.891	1.61661	615	0	-0.227209	0	20	20
0.00312029	0.0019349	1347.52	122.407	3.87783e-06	164.224	150.571	33.5285	1.61661	615	0	-0.220541	0	20	20
0.00313133	0.00192024	1338.52	121.585	3.33768e-06	158.576	146.854	33.1753	1.61661	615	0	-0.214102	0	20	20
0.00314223	0.00190597	1329.79	120.759	2.87277e-06	153.121	143.228	32.8311	1.61661	615	0	-0.207882	0	20	20
0.00315301	0.00189209	1321.34	119.928	2.47262e-06	147.855	139.692	32.4954	1.61661	615	0	-0.201871	0	20	20
0.00316368	0.00187858	1313.14	119.094	2.1282e-06	142.769	136.243	32.168	1.61661	615	0	-0.19606	0	20	20
0.00317422	0.00186543	1305.2	118.255	1.83176e-06	137.859	132.879	31.8484	1.61661	615	0	-0.190438	0	20	20
0.00318466	0.00185264	1297.49	117.413	1.57661e-06	133.117	129.598	31.5364	1.61661	615	0	-0.184998	0	20	20
0.00319498	0.00184018	1290.03	116.567	1.357e-06	128.539	126.398	31.2316	1.61661	615	0	-0.17973	0	20	20
0.00320517	0.00182806	1282.79	115.718	1.16798e-06	124.118	123.277	30.9347	1.61661	615	0	-0.174635	0	20	20
0.00321525	0.00181626	1275.77	114.865	1.00529e-06	119.849	120.234	30.6446	1.61661	615	0	-0.169698	0	20	20
0.00322524	0.00180477	1268.97	114.009	8.65262e-07	115.727	117.265	30.361	1.61661	615	0	-0.164912	0	20	20
0.00323512	0.00179358	1262.37	113.149	7.44738e-07	111.746	114.37	30.0835	1.61661	615	0	-0.160269	0	20	20
0.00324491	0.00178268	1255.97	112.287	6.41002e-07	107.903	111.546	29.812	1.61661	615	0	-0.155764	0	20	20
0.00325461	0.00177206	1249.77	111.421	5.51715e-07	104.192	108.792	29.5464	1.61661	615	0	-0.151391	0	20	20
0.00326421	0.00176171	1243.75	110.553	4.74866e-07	100.608	106.106	29.2863	1.61661	615	0	-0.147144	0	20	20
0.00327373	0.00175163	1237.92	109.682	4.08721e-07	97.1475	103.486	29.0316	1.61661	615	0	-0.143019	0	20	20
0.00328315	0.00174181	1232.26	108.809	3.51789e-07	93.8062	100.931	28.7824	1.61661	615	0	-0.13901	0	20	20
0.00329246	0.00173224	1226.77	107.933	3.02788e-07	90.5798	98.439	28.539	1.61661	615	0	-0.135117	0	20	20
0.00330169	0.00172292	1221.44	107.056	2.60612e-07	87.4643	96.0085	28.3004	1.61661	615	0	-0.13133	0	20	20
0.00331083	0.00171383	1216.28	106.176	2.24311e-07	84.456	93.6381	28.0667	1.61661	615	0	-0.127645	0	20	20
0.00331988	0.00170497	1211.27	105.294	1.93066e-07	81.5512	91.3261	27.8376	1.61661	615	0	-0.124057	0	20	20
0.00332886	0.00169633	1206.41	104.411	1.66173e-07	78.7463	89.0713	27.613	1.61661	615	0	-0.120564	0	20	20
0.00333775	0.00168791	1201.69	103.526	1.43027e-07	76.0378	86.8721	27.3928	1.61661	615	0	-0.117161	0	20	20
0.00334657	0.00167969	1197.11	102.639	1.23104e-07	73.4225	84.7272	27.177	1.61661	615	0	-0.113845	0	20	20
0.0033553	0.00167168	1192.67	101.751	1.05957e-07	70.8972	82.6353	26.9654	1.61661	615	0	-0.110613	0	20	20
0.00336393	0.00166387	1188.36	100.862	9.11979e-08	68.4587	80.595	26.7583	1.61661	615	0	-0.107464	0	20	20
0.00337247	0.00165626	1184.18	99.9722	7.84948e-08	66.1041	78.6051	26.5555	1.61661	615	0	-0.104394	0	20	20
0.00338093	0.00164883	1180.13	99.0814	6.75611e-08	63.8305	76.6644	26.3567	1.61661	615	0	-0.101398	0	20	20
0.00338931	0.00164159	1176.19	98.1899	5.81504e-08	61.6351	74.7715	26.1617	1.61661	615	0	-0.0984748	0	20	20
0.00339761	0.00163453	1172.37	97.2979	5.00505e-08	59.5152	72.9254	25.9705	1.61661	615	0	-0.0956205	0	20	20
0.00340583	0.00162763	1168.66	96.4055	4.30789e-08	57.4682	71.1249	25.7829	1.61661	615	0	-0.0928333	0	20	20
0.00341396	0.00162091	1165.06	95.5129	3.70783e-08	55.4916	69.3688	25.5991	1.61661	615	0	-0.0901108	0	20	20
0.00342201	0.00161435	1161.56	94.6203	3.19136e-08	53.583	67.6561	25.4188	1.61661	615	0	-0.0874508	0	20	20
0.00342998	0.00160794	1158.17	93.7278	2.74683e-08	51.74	65.9856	25.242	1.61661	615	0	-0.0848514	0	20	20
0.00343785	0.0016017	1154.87	92.8355	2.36422e-08	49.9604	64.3564	25.0691	1.61661	615	0	-0.0823128	0	20	20
0.00344563	0.00159562	1151.68	91.9436	2.0349e-08	48.242	62.7675	24.8998	1.61661	615	0	-0.079832	0	20	20
0.00345332	0.00158968	1148.57	91.0524	1.75146e-08	46.5828	61.2177	24.7338	1.61661	615	0	-0.0774061	0	20	20
0.00346092	0.00158389	1145.56	90.1618	1.50749e-08	44.9806	59.7063	24.5712	1.61661	615	0	-0.0750333	0	20	20
0.00346843	0.00157823	1142.63	89.2721	1.29751e-08	43.4335	58.2321	24.4118	1.61661	615	0	-0.0727121	0	20	20
0.00347586	0.00157272	1139.79	88.3835	1.11678e-08	41.9396	56.7944	24.2557	1.61661	615	0	-0.0704411	0	20	20
0.0034832	0.00156734	1137.03	87.4961	9.61219e-09	40.4971	55.3921	24.1027	1.61661	615	0	-0.0682188	0	20	20
0.00349044	0.00156209	1134.35	86.61	8.27329e-09	39.1042	54.0245	23.953	1.61661	615	0	-0.0660438	0	20	20
0.00349759	0.00155697	1131.74	85.7254	7.12089e-09	37.7593	52.6906	23.8063	1.61661	615	0	-0.0639148	0	20	20
0.00350465	0.00155198	1129.22	84.8425	6.129e-09	36.4606	51.3897	23.6628	1.61661	615	0	-0.0618307	0	20	20
0.0035116	0.00154712	1126.76	83.9614	5.27528e-09	35.2065	50.1209	23.5226	1.61661	615	0	-0.0597925	0	20	20
0.00351845	0.00154237	1124.38	83.0822	4.54048e-09	33.9956	48.8834	23.3855	1.61661	615	0	-0.0577965	0	20	20
0.0035252	0.00153774	1122.06	82.2051	3.90803e-09	32.8263	47.6764	23.2514	1.61661	615	0	-0.0558418	0	20	20
0.00353186	0.00153323	1119.81	81.3303	3.36367e-09	31.6973	46.4993	23.1202	1.61661	615	0	-0.0539273	0	20	20
0.00353841	0.00152884	1117.62	80.4579	2.89514e-09	30.6071	45.3512	22.9919	1.61661	615	0	-0.0520521	0	20	20
0.00354487	0.00152455	1115.5	79.588	2.49187e-09	29.5543	44.2315	22.8665	1.61661	615	0	-0.050215	0	20	20
0.00355122	0.00152037	1113.43	78.7207	2.14477e-09	28.5378	43.1394	22.7439	1.61661	615	0	-0.0484153	0	20	20
0.00355748	0.00151629	1111.43	77.8563	1.84602e-09	27.5563	42.0743	22.6242	1.61661	615	0	-0.046652	0	20	20
0.00356363	0.00151232	1109.48	76.9948	1.58888e-09	26.6085	41.0355	22.5073	1.61661	615	0	-0.0449242	0	20	20
0.00356967	0.00150845	1107.59	76.1364	1.36757e-09	25.6933	40.0223	22.3931	1.61661	615	0	-0.0432311	0	20	20
0.00357562	0.00150468	1105.75	75.2813	1.17707e-09	24.8096	39.0342	22.2817	1.61661	615	0	-0.0415721	0	20	20
0.00358144	0.00150102	1103.96	74.4294	1.01312e-09	23.9563	38.0704	22.1731	1.61661	615	0	-0.0399472	0	20	20
0.00358716	0.00149744	1102.23	73.5811	8.71998e-10	23.1323	37.1304	22.0672	1.61661	615	0	-0.0383546	0	20	20
0.00359278	0.00149396	1100.54	72.7364	7.50536e-10	22.3367	36.2137	21.9639	1.61661	615	0	-0.0367933	0	20	20
0.00359829	0.00149057	1098.9	71.8953	6.45992e-10	21.5684	35.3196	21.8631	1.61661	615	0	-0.0352628	0	20	20
0.00360369	0.00148727	1097.31	71.0582	5.56011e-10	20.8266	34.4475	21.7649	1.61661	615	0	-0.0337622	0	20	20
0.00360899	0.00148406	1095.76	70.225	4.78563e-10	20.1103	33.597	21.6691	1.61661	615	0	-0.0322909	0	20	20
0.00361419	0.00148093	1094.26	69.3959	4.11903e-10	19.4186	32.7675	21.5759	1.61661	615	0	-0.0308482	0	20	20
0.00361928	0.00147789	1092.79	68.571	3.54528e-10	18.7507	31.9585	21.485	1.61661	615	0	-0.0294333	0	20	20
0.00362426	0.00147493	1091.37	67.7505	3.05145e-10	18.1058	31.1694	21.3965	1.61661	615	0	-0.0280456	0	20	20
0.00362914	0.00147204	1089.99	66.9343	2.62641e-10	17.483	30.3998	21.3103	1.61661	615	0	-0.0266846	0	20	20
0.00363392	0.00146924	1088.65	66.1227	2.26057e-10	16.8817	29.6493	21.2263	1.61661	615	0	-0.0253494	0	20	20
0.00363859	0.00146651	1087.34	65.3158	1.94569e-10	16.3011	28.9172	21.1447	1.61661	615	0	-0.0240395	0	20	20
0.00364316	0.00146386	1086.07	64.5135	1.67467e-10	15.7404	28.2032	21.0652	1.61661	615	0	-0.0227543	0	20	20
0.00364763	0.00146128	1084.84	63.7161	1.4414e-10	15.199	27.5069	20.9879	1.61661	615	0	-0.0214935	0	20	20
0.00365199	0.00145877	1083.64	62.9236	1.24063e-10	14.6763	26.8278	20.9127	1.61661	615	0	-0.0202563	0	20	20
0.00365626	0.00145633	1082.47	62.1362	1.06782e-10	14.1715	26.1654	20.8396	1.61661	615	0	-0.0190421	0	20	20
0.00366042	0.00145396	1081.34	61.3539	9.1908e-11	13.6841	25.5194	20.7685	1.61661	615	0	-0.01785	0	20	20
0.0036645	0.00145166	1080.24	60.5767	7.91059e-11	13.2134	24.8893	20.6994	1.61661	615	0	-0.0166797	0	20	20
0.00366847	0.00144942	1079.17	59.8049	6.80871e-11	12.7589	24.2748	20.6321	1.61661	615	0	-0.0155306	0	20	20
0.00367236	0.00144724	1078.13	59.0384	5.86031e-11	12.3201	23.6754	20.5667	1.61661	615	0	-0.0144021	0	20	20
0.00367615	0.00144512	1077.12	58.2773	5.04402e-11	11.8963	23.0909	20.5032	1.61661	615	0	-0.0132938	0	20	20
0.00367985	0.00144307	1076.14	57.5218	4.34142e-11	11.4872	22.5208	20.4414	1.61661	615	0	-0.012205	0	20	20
0.00368346	0.00144107	1075.18	56.7719	3.7367e-11	11.0921	21.9647	20.3813	1.61661	615	0	-0.0111354	0	20	20
0.00368698	0.00143913	1074.25	56.0276	3.21621e-11	10.7106	21.4224	20.3229	1.61661	615	0	-0.0100845	0	20	20
0.00369042	0.00143724	1073.35	55.289	2.76821e-11	10.3422	20.8935	20.2662	1.61661	615	0	-0.00905174	0	20	20
0.00369378	0.00143541	1072.47	54.5562	2.38262e-11	9.98647	20.3776	20.211	1.61661	615	0	-0.00803672	0	20	20
0.00369705	0.00143363	1071.62	53.8293	2.05074e-11	9.64299	19.8745	20.1574	1.61661	615	0	-0.007039	0	20	20
0.00370024	0.0014319	1070.79	53.1082	1.76509e-11	9.31132	19.3838	20.1053	1.61661	615	0	-0.00605816	0	20	20
0.00370335	0.00143022	1069.98	52.3932	1.51923e-11	8.99106	18.9052	20.0546	1.61661	615	0	-0.00509377	0	20	20
0.00370639	0.00142859	1069.2	51.6841	1.30761e-11	8.68182	18.4384	20.0054	1.61661	615	0	-0.00414544	0	20	20
0.00370935	0.001427	1068.44	50.981	1.12547e-11	8.38321	17.9832	19.9576	1.61661	615	0	-0.00321279	0	20	20
0.00371223	0.00142546	1067.7	50.2841	9.68703e-12	8.09487	17.5392	19.9111	1.61661	615	0	-0.00229543	0	20	20
0.00371504	0.00142397	1066.98	49.5933	8.3377e-12	7.81645	17.1061	19.8659	1.61661	615	0	-0.001393	0	20	20
0.00371778	0.00142252	1066.28	48.9087	7.17633e-12	7.54761	16.6838	19.822	1.61661	615	0	-0.00050526	0	20	20
0.00372046	0.00142111	1065.61	48.2303	6.17672e-12	7.28801	16.2719	19.7793	1.61661	615	0	0.000368202	0	20	20
0.00372306	0.00141974	1064.95	47.5582	5.31635e-12	7.03734	15.8701	19.7379	1.61661	615	0	0.00122776	0	20	20
0.0037256	0.00141841	1064.31	46.8923	4.57583e-12	6.7953	15.4783	19.6976	1.61661	615	0	0.00207374	0	20	20
0.00372807	0.00141713	1063.69	46.2327	3.93845e-12	6.56158	15.0961	19.6584	1.61661	615	0	0.00290643	0	20	20
0.00373048	0.00141588	1063.08	45.5795	3.38986e-12	6.33589	14.7234	19.6203	1.61661	615	0	0.00372613	0	20	20
0.00373283	0.00141466	1062.5	44.9326	2.91768e-12	6.11797	14.3599	19.5833	1.61661	615	0	0.00453313	0	20	20
0.00373512	0.00141348	1061.93	44.2921	2.51127e-12	5.90755	14.0053	19.5473	1.61661	615	0	0.00532769	0	20	20
0.00373735	0.00141234	1061.38	43.658	2.16147e-12	5.70436	13.6595	19.5123	1.61661	615	0	0.00611009	0	20	20
0.00373952	0.00141123	1060.84	43.0302	1.86039e-12	5.50816	13.3223	19.4783	1.61661	615	0	0.00688056	0	20	20
0.00374164	0.00141015	1060.32	42.409	1.60125e-12	5.31871	12.9933	19.4452	1.61661	615	0	0.00763937	0	20	20
0.00374371	0.00140911	1059.81	41.7941	1.37821e-12	5.13578	12.6725	19.4131	1.61661	615	0	0.00838674	0	20	20
0.00374572	0.0014081	1059.32	41.1856	1.18624e-12	4.95913	12.3597	19.3818	1.61661	615	0	0.00912291	0	20	20
0.00374768	0.00140711	1058.85	40.5837	1.02101e-12	4.78857	12.0545	19.3514	1.61661	615	0	0.00984808	0	20	20
0.00374959	0.00140616	1058.39	39.9881	8.78787e-13	4.62386	11.7569	19.3219	1.61661	615	0	0.0105625	0	20	20
0.00375145	0.00140524	1057.94	39.399	7.56379e-13	4.46483	11.4666	19.2931	1.61661	615	0	0.0112663	0	20	20
0.00375326	0.00140434	1057.5	38.8163	6.51022e-13	4.31126	11.1835	19.2652	1.61661	615	0	0.0119598	0	20	20
0.00375249	0.00140417	1057.09	38.2401	5.60339e-13	4.16298	10.9074	19.2771	1.61661	615	0	0.0133826	0	20	20
0.00375036	0.00140439	1056.69	37.6703	4.82289e-13	4.0198	10.638	19.31	1.61661	615	0	0.0151237	0	20	20
0.00374818	0.00140464	1056.31	37.1069	4.1511e-13	3.88154	10.3754	19.3436	1.61661	615	0	0.0167922	0	20	20
0.00374597	0.00140493	1055.96	36.5499	3.57288e-13	3.74803	10.1192	19.378	1.61661	615	0	0.018391	0	20	20
0.00374371	0.00140525	1055.62	35.9993	3.07521e-13	3.61912	9.86938	19.4131	1.61661	615	0	0.0199225	0	20	20
0.00374141	0.0014056	1055.3	35.4551	2.64686e-13	3.49464	9.62571	19.4488	1.61661	615	0	0.0213892	0	20	20
0.00373908	0.00140598	1055	34.9173	2.27817e-13	3.37445	9.38805	19.4853	1.61661	615	0	0.0227935	0	20	20
0.00373671	0.00140639	1054.72	34.3858	1.96084e-13	3.25838	9.15625	19.5223	1.61661	615	0	0.0241379	0	20	20
0.00373431	0.00140682	1054.45	33.8607	1.68771e-13	3.14631	8.93019	19.5601	1.61661	615	0	0.0254245	0	20	20
0.00373187	0.00140728	1054.19	33.3418	1.45263e-13	3.0381	8.7097	19.5984	1.61661	615	0	0.0266556	0	20	20
0.0037294	0.00140776	1053.95	32.8292	1.25029e-13	2.9336	8.49466	19.6373	1.61661	615	0	0.0278332	0	20	20
0.00372691	0.00140827	1053.72	32.3229	1.07613e-13	2.8327	8.28492	19.6768	1.61661	615	0	0.0289596	0	20	20
0.00372438	0.0014088	1053.51	31.8229	9.26235e-14	2.73527	8.08037	19.7168	1.61661	615	0	0.0300366	0	20	20
0.00372183	0.00140934	1053.3	31.329	7.97218e-14	2.64119	7.88086	19.7574	1.61661	615	0	0.0310661	0	20	20
0.00371926	0.00140991	1053.11	30.8413	6.86172e-14	2.55035	7.68628	19.7984	1.61661	615	0	0.0320501	0	20	20
0.00371666	0.00141049	1052.93	30.3597	5.90593e-14	2.46263	7.49651	19.84	1.61661	615	0	0.0329904	0	20	20
0.00371404	0.0014111	1052.75	29.8843	5.08329e-14	2.37793	7.31142	19.882	1.61661	615	0	0.0338887	0	20	20
0.0037114	0.00141171	1052.59	29.4149	4.37522e-14	2.29614	7.1309	19.9245	1.61661	615	0	0.0347468	0	20	20
0.00370874	0.00141234	1052.44	28.9516	3.76579e-14	2.21717	6.95484	19.9673	1.61661	615	0	0.0355662	0	20	20
0.00370607	0.00141299	1052.29	28.4943	3.24125e-14	2.14091	6.78312	20.0106	1.61661	615	0	0.0363486	0	20	20
0.00370338	0.00141365	1052.15	28.0429	2.78977e-14	2.06727	6.61564	20.0542	1.61661	615	0	0.0370955	0	20	20
0.00370068	0.00141432	1052.02	27.5975	2.40117e-14	1.99617	6.4523	20.0982	1.61661	615	0	0.0378083	0	20	20
0.00369796	0.001415	1051.89	27.158	2.06671e-14	1.92751	6.293	20.1425	1.61661	615	0	0.0384885	0	20	20
0.00369524	0.00141569	1051.78	26.7243	1.77883e-14	1.86122	6.13762	20.1871	1.61661	615	0	0.0391374	0	20	20
0.0036925	0.00141639	1051.67	26.2965	1.53106e-14	1.7972	5.98608	20.232	1.61661	615	0	0.0397564	0	20	20
0.00368976	0.0014171	1051.56	25.8744	1.31779e-14	1.73539	5.83829	20.2772	1.61661	615	0	0.0403468	0	20	20
0.003687	0.00141782	1051.46	25.458	1.13423e-14	1.6757	5.69414	20.3226	1.61661	615	0	0.0409096	0	20	20
0.00368425	0.00141855	1051.36	25.0473	9.76244e-15	1.61806	5.55355	20.3682	1.61661	615	0	0.0414462	0	20	20
0.00368149	0.00141928	1051.27	24.6423	8.40261e-15	1.56241	5.41643	20.4141	1.61661	615	0	0.0419577	0	20	20
0.00367872	0.00142001	1051.19	24.2428	7.2322e-15	1.50867	5.2827	20.4602	1.61661	615	0	0.0424451	0	20	20
0.00367595	0.00142076	1051.1	23.8489	6.22481e-15	1.45678	5.15227	20.5065	1.61661	615	0	0.0429094	0	20	20
0.00367318	0.00142151	1051.03	23.4604	5.35774e-15	1.40668	5.02506	20.5529	1.61661	615	0	0.0433518	0	20	20
0.00367041	0.00142226	1050.95	23.0775	4.61145e-15	1.3583	4.90099	20.5995	1.61661	615	0	0.0437731	0	20	20
0.00366764	0.00142301	1050.88	22.6999	3.96911e-15	1.31158	4.77998	20.6462	1.61661	615	0	0.0441743	0	20	20
0.00366487	0.00142377	1050.81	22.3277	3.41625e-15	1.26647	4.66197	20.6931	1.61661	615	0	0.0445563	0	20	20
0.0036621	0.00142454	1050.75	21.9608	2.94039e-15	1.22291	4.54686	20.7401	1.61661	615	0	0.0449198	0	20	20
0.00365933	0.0014253	1050.69	21.5991	2.53082e-15	1.18085	4.4346	20.7872	1.61661	615	0	0.0452657	0	20	20
0.00365656	0.00142607	1050.63	21.2427	2.1783e-15	1.14023	4.32511	20.8345	1.61661	615	0	0.0455948	0	20	20
0.00365379	0.00142684	1050.57	20.8914	1.87488e-15	1.10101	4.21832	20.8818	1.61661	615	0	0.0459079	0	20	20
0.00365103	0.00142761	1050.51	20.5452	1.61372e-15	1.06314	4.11417	20.9293	1.61661	615	0	0.0462057	0	20	20
0.00364827	0.00142838	1050.46	20.204	1.38894e-15	1.02658	4.01259	20.9768	1.61661	615	0	0.0464888	0	20	20
0.00364551	0.00142916	1050.41	19.8679	1.19547e-15	0.991269	3.91352	21.0244	1.61661	615	0	0.0467579	0	20	20
0.00364276	0.00142993	1050.36	19.5367	1.02895e-15	0.957175	3.81689	21.0721	1.61661	615	0	0.0470136	0	20	20
0.00364001	0.00143071	1050.31	19.2104	8.85629e-16	0.924253	3.72266	21.1199	1.61661	615	0	0.0472566	0	20	20
0.00363726	0.00143148	1050.27	18.8889	7.62268e-16	0.892464	3.63074	21.1678	1.61661	615	0	0.0474874	0	20	20
0.00363452	0.00143226	1050.22	18.5723	6.5609e-16	0.861768	3.5411	21.2158	1.61661	615	0	0.0477065	0	20	20
0.00363178	0.00143304	1050.18	18.2604	5.64702e-16	0.832128	3.45367	21.2639	1.61661	615	0	0.0479146	0	20	20
0.00362904	0.00143381	1050.14	17.9532	4.86043e-16	0.803507	3.3684	21.312	1.61661	615	0	0.048112	0	20	20
0.0036263	0.00143459	1050.1	17.6506	4.18342e-16	0.775871	3.28523	21.3603	1.61661	615	0	0.0482992	0	20	20
0.00362357	0.00143537	1050.05	17.3526	3.6007e-16	0.749185	3.20412	21.4087	1.61661	615	0	0.0484768	0	20	20
0.00362084	0.00143615	1050.02	17.0592	3.09915e-16	0.723417	3.12501	21.4571	1.61661	615	0	0.0486451	0	20	20
0.00361811	0.00143693	1049.98	16.7702	2.66746e-16	0.698536	3.04785	21.5057	1.61661	615	0	0.0488045	0	20	20
0.00361539	0.00143771	1049.94	16.4856	2.29591e-16	0.67451	2.9726	21.5544	1.61661	615	0	0.0489556	0	20	20
0.00361266	0.00143849	1049.9	16.2055	1.97611e-16	0.65131	2.89921	21.6033	1.61661	615	0	0.0490985	0	20	20
0.00360993	0.00143927	1049.86	15.9296	1.70085e-16	0.628909	2.82763	21.6522	1.61661	615	0	0.0492338	0	20	20
0.00360721	0.00144005	1049.83	15.6581	1.46393e-16	0.607278	2.75781	21.7013	1.61661	615	0	0.0493617	0	20	20
0.00360448	0.00144083	1049.79	15.3907	1.26002e-16	0.586391	2.68972	21.7506	1.61661	615	0	0.0494825	0	20	20
0.00360175	0.00144162	1049.76	15.1275	1.08451e-16	0.566222	2.62331	21.8001	1.61661	615	0	0.0495966	0	20	20
0.00359903	0.0014424	1049.72	14.8685	9.33446e-17	0.546747	2.55854	21.8497	1.61661	615	0	0.0497043	0	20	20
0.0035963	0.00144318	1049.68	14.6135	8.03424e-17	0.527942	2.49537	21.8995	1.61661	615	0	0.0498059	0	20	20
0.00359356	0.00144397	1049.65	14.3625	6.91514e-17	0.509784	2.43376	21.9495	1.61661	615	0	0.0499016	0	20	20
0.00359083	0.00144475	1049.61	14.1155	5.95191e-17	0.49225	2.37367	21.9997	1.61661	615	0	0.0499917	0	20	20
0.00358809	0.00144554	1049.58	13.8724	5.12286e-17	0.475319	2.31506	22.0501	1.61661	615	0	0.0500765	0	20	20
0.00358535	0.00144633	1049.54	13.6332	4.40929e-17	0.458971	2.2579	22.1008	1.61661	615	0	0.0501561	0	20	20
0.0035826	0.00144712	1049.51	13.3977	3.79511e-17	0.443185	2.20216	22.1516	1.61661	615	0	0.0502309	0	20	20
0.00357985	0.00144791	1049.48	13.1661	3.26648e-17	0.427941	2.14779	22.2028	1.61661	615	0	0.050301	0	20	20
0.00357709	0.0014487	1049.44	12.9381	2.81149e-17	0.413223	2.09476	22.2542	1.61661	615	0	0.0503666	0	20	20
0.00357432	0.0014495	1049.41	12.7138	2.41987e-17	0.39901	2.04304	22.3059	1.61661	615	0	0.0504279	0	20	20
0.00357155	0.00145029	1049.37	12.4932	2.0828e-17	0.385286	1.99259	22.3578	1.61661	615	0	0.0504852	0	20	20
0.00356877	0.00145109	1049.34	12.2761	1.79268e-17	0.372034	1.9434	22.4101	1.61661	615	0	0.0505385	0	20	20
0.00356599	0.00145189	1049.3	12.0625	1.54298e-17	0.359238	1.89541	22.4626	1.61661	615	0	0.0505881	0	20	20
0.00356319	0.0014527	1049.26	11.8524	1.32805e-17	0.346883	1.84862	22.5155	1.61661	615	0	0.0506341	0	20	20
0.00356039	0.0014535	1049.23	11.6457	1.14306e-17	0.334952	1.80297	22.5688	1.61661	615	0	0.0506767	0	20	20
0.00355758	0.00145431	1049.19	11.4423	9.83845e-18	0.323431	1.75846	22.6223	1.61661	615	0	0.050716	0	20	20
0.00355475	0.00145512	1049.16	11.2423	8.46803e-18	0.312307	1.71504	22.6763	1.61661	615	0	0.0507521	0	20	20
0.00355192	0.00145594	1049.12	11.0456	7.2885e-18	0.301565	1.6727	22.7306	1.61661	615	0	0.0507852	0	20	20
0.00354907	0.00145676	1049.08	10.8521	6.27327e-18	0.291193	1.6314	22.7853	1.61661	615	0	0.0508155	0	20	20
0.00354622	0.00145758	1049.05	10.6619	5.39946e-18	0.281178	1.59112	22.8404	1.61661	615	0	0.0508429	0	20	20
0.00354335	0.0014584	1049.01	10.4747	4.64735e-18	0.271507	1.55183	22.8959	1.61661	615	0	0.0508678	0	20	20
0.00354047	0.00145923	1048.97	10.2906	4.00001e-18	0.262168	1.51352	22.9518	1.61661	615	0	0.05089	0	20	20
0.00353758	0.00146006	1048.93	10.1096	3.44284e-18	0.253151	1.47615	23.0082	1.61661	615	0	0.0509099	0	20	20
0.00353467	0.0014609	1048.9	9.93164	2.96328e-18	0.244444	1.4397	23.065	1.61661	615	0	0.0509274	0	20	20
0.00353175	0.00146173	1048.86	9.75661	2.55052e-18	0.236036	1.40416	23.1223	1.61661	615	0	0.0509427	0	20	20
0.00352881	0.00146258	1048.82	9.5845	2.19525e-18	0.227918	1.36949	23.18	1.61661	615	0	0.0509558	0	20	20
0.00352586	0.00146343	1048.78	9.41527	1.88947e-18	0.220079	1.33568	23.2383	1.61661	615	0	0.0509669	0	20	20
0.0035229	0.00146428	1048.74	9.24887	1.62628e-18	0.212509	1.3027	23.297	1.61661	615	0	0.050976	0	20	20
0.00351992	0.00146513	1048.7	9.08527	1.39976e-18	0.2052	1.27053	23.3562	1.61661	615	0	0.0509832	0	20	20
0.00351692	0.00146599	1048.66	8.92441	1.20478e-18	0.198142	1.23916	23.416	1.61661	615	0	0.0509886	0	20	20
0.00351391	0.00146686	1048.62	8.76627	1.03696e-18	0.191327	1.20857	23.4762	1.61661	615	0	0.0509922	0	20	20
0.00351088	0.00146773	1048.58	8.6108	8.92524e-19	0.184747	1.17873	23.5371	1.61661	615	0	0.0509941	0	20	20
0.00350783	0.00146861	1048.54	8.45795	7.68203e-19	0.178393	1.14963	23.5984	1.61661	615	0	0.0509944	0	20	20
0.00350477	0.00146949	1048.49	8.3077	6.61198e-19	0.172257	1.12124	23.6604	1.61661	615	0	0.0509932	0	20	20
0.00350169	0.00147037	1048.45	8.15999	5.69098e-19	0.166332	1.09356	23.7229	1.61661	615	0	0.0509904	0	20	20
0.00349859	0.00147126	1048.41	8.0148	4.89828e-19	0.160611	1.06656	23.786	1.61661	615	0	0.0509862	0	20	20
0.00349547	0.00147216	1048.36	7.87207	4.21598e-19	0.155087	1.04023	23.8498	1.61661	615	0	0.0509806	0	20	20
0.00349233	0.00147306	1048.32	7.73179	3.62873e-19	0.149753	1.01454	23.9141	1.61661	615	0	0.0509736	0	20	20
0.00348917	0.00147397	1048.28	7.59389	3.12328e-19	0.144602	0.989493	23.9791	1.61661	615	0	0.0509654	0	20	20
0.00348599	0.00147489	1048.23	7.45836	2.68823e-19	0.139629	0.965062	24.0447	1.61661	615	0	0.0509559	0	20	20
0.0034828	0.00147581	1048.19	7.32515	2.31378e-19	0.134826	0.941235	24.111	1.61661	615	0	0.0509452	0	20	20
0.00347958	0.00147673	1048.14	7.19422	1.99149e-19	0.130189	0.917995	24.178	1.61661	615	0	0.0509333	0	20	20
0.00347634	0.00147766	1048.09	7.06554	1.71409e-19	0.125711	0.89533	24.2456	1.61661	615	0	0.0509204	0	20	20
0.00347308	0.0014786	1048.05	6.93908	1.47533e-19	0.121387	0.873224	24.3139	1.61661	615	0	0.0509063	0	20	20
0.0034698	0.00147955	1048	6.8148	1.26983e-19	0.117212	0.851664	24.383	1.61661	615	0	0.0508912	0	20	20
0.0034665	0.0014805	1047.95	6.69266	1.09295e-19	0.113181	0.830637	24.4527	1.61661	615	0	0.0508751	0	20	20
