0.015295	
0.0099072	
0.00739084	
0.00619008	
0.00545317	
0.00493147	
0.0045254	
0.00419447	
0.0039379	
0.00377345	
0.00372433	
0.00381203	
0.00399862	
0.00425894	
0.00458265	
0.00496951	
0.00542555	
0.00596087	
0.0065886	
0.00732452	
0.00818703	
0.00919739	
0.01038	
0.0117625	
0.0133729	
0.0152463	
0.0174889	
0.0202685	
0.0237852	
0.0282014	
0.0374723	
0.0487404	
0.0558762	
0.0571413	
0.0547027	
0.0508047	
0.0465563	
0.042429	
0.0388152	
0.0358403	
0.0334313	
0.0314929	
0.0299347	
0.0286798	
0.0276656	
0.0268425	
0.0261718	
0.0256227	
0.0251713	
0.0247987	
0.0244899	
0.024233	
0.0240184	
0.0238384	
0.0236871	
0.0235594	
0.0234513	
0.0233595	
0.0232816	
0.0232152	
0.0231588	
0.0231109	
0.0230703	
0.0230362	
0.0230078	
0.0229844	
0.0229657	
0.0229511	
0.0229405	
0.0229334	
0.0229297	
0.0229292	
0.0229317	
