0.00872071	0.000689018	1111.6	256.922	76.5	0	0	1.53584	1.61661	615	0	0.150326	0	20	20
0.00877802	0.00070295	1140.42	256.922	76.4694	18.5317	6.2451	1.50595	1.61661	615	0	-0.0307662	0	20	20
0.00884931	0.000731772	1195.18	256.922	76.4339	54.3232	18.4279	1.46985	1.61661	615	0	-0.358768	0	20	20
0.00888417	0.000760528	1246.01	256.922	76.3927	88.8849	30.3103	1.45261	1.61661	615	0	-0.644014	0	20	20
0.00889815	0.000789472	1294.85	256.922	76.3448	122.251	41.897	1.44578	1.61661	615	0	-0.895882	0	20	20
0.00889779	0.000818176	1341.59	256.922	76.2893	154.454	53.1926	1.44595	1.61661	615	0	-1.11935	0	20	20
0.00888756	0.000846361	1386.22	256.922	76.2249	185.529	64.202	1.45095	1.61661	615	0	-1.31809	0	20	20
0.00887051	0.000873857	1428.75	256.922	76.1502	215.506	74.9302	1.45933	1.61661	615	0	-1.49554	0	20	20
0.00884878	0.000900569	1469.25	256.922	76.0636	244.42	85.3822	1.47011	1.61661	615	0	-1.65474	0	20	20
0.00882386	0.00092646	1507.83	256.922	75.9633	272.302	95.5636	1.4826	1.61661	615	0	-1.79833	0	20	20
0.00879681	0.000951526	1544.6	256.921	75.847	299.184	105.48	1.49632	1.61661	615	0	-1.92853	0	20	20
0.00876836	0.000975786	1579.7	256.921	75.7124	325.101	115.138	1.51093	1.61661	615	0	-2.04724	0	20	20
0.00873905	0.000999272	1613.24	256.921	75.5566	350.084	124.542	1.52618	1.61661	615	0	-2.15603	0	20	20
0.00870925	0.00102202	1645.35	256.921	75.3764	374.167	133.701	1.5419	1.61661	615	0	-2.25622	0	20	20
0.00867923	0.00104407	1676.12	256.921	75.1681	397.385	142.622	1.55796	1.61661	615	0	-2.3489	0	20	20
0.00864919	0.00106546	1705.67	256.92	74.9275	419.773	151.311	1.57425	1.61661	615	0	-2.43502	0	20	20
0.00861925	0.00108623	1734.07	256.92	74.6499	441.366	159.777	1.59071	1.61661	615	0	-2.51535	0	20	20
0.0085895	0.00110641	1761.4	256.92	74.33	462.202	168.03	1.6073	1.61661	615	0	-2.59057	0	20	20
0.00856002	0.00112605	1787.75	256.92	73.9617	482.319	176.077	1.62396	1.61661	615	0	-2.66126	0	20	20
0.00853083	0.00114517	1813.16	256.919	73.5383	501.755	183.93	1.64069	1.61661	615	0	-2.72792	0	20	20
0.00850195	0.00116381	1837.7	256.919	73.0526	520.55	191.599	1.65747	1.61661	615	0	-2.79098	0	20	20
0.00847338	0.001182	1861.44	256.919	72.4961	538.746	199.094	1.67429	1.61661	615	0	-2.85082	0	20	20
0.00844512	0.00119977	1884.4	256.918	71.8602	556.383	206.426	1.69115	1.61661	615	0	-2.9078	0	20	20
0.00841716	0.00121715	1906.66	256.918	71.1353	573.503	213.608	1.70806	1.61661	615	0	-2.96221	0	20	20
0.00838947	0.00123417	1928.24	256.917	70.3111	590.147	220.651	1.72503	1.61661	615	0	-3.01432	0	20	20
0.00836204	0.00125086	1949.2	256.917	69.3773	606.353	227.565	1.74206	1.61661	615	0	-3.06437	0	20	20
0.00833483	0.00126723	1969.56	256.916	68.323	622.16	234.363	1.75918	1.61661	615	0	-3.11258	0	20	20
0.00830782	0.00128333	1989.36	256.916	67.1377	637.598	241.051	1.77639	1.61661	615	0	-3.15912	0	20	20
0.00828101	0.00129915	2008.62	256.915	65.8111	652.697	247.64	1.7937	1.61661	615	0	-3.20416	0	20	20
0.00825439	0.00131471	2027.36	256.914	64.3342	667.474	254.132	1.81111	1.61661	615	0	-3.2478	0	20	20
0.00822795	0.00133001	2045.56	256.913	62.6995	681.94	260.531	1.82863	1.61661	615	0	-3.29013	0	20	20
0.00820172	0.00134504	2063.23	256.913	60.9015	696.093	266.835	1.84623	1.61661	615	0	-3.33123	0	20	20
0.00817573	0.00135977	2080.34	256.912	58.9379	709.919	273.037	1.86389	1.61661	615	0	-3.37109	0	20	20
0.00815004	0.00137417	2096.85	256.911	56.8097	723.387	279.126	1.88157	1.61661	615	0	-3.4097	0	20	20
0.00812473	0.00138819	2112.68	256.909	54.5225	736.45	285.084	1.89921	1.61661	615	0	-3.447	0	20	20
0.0080999	0.00140176	2127.77	256.908	52.086	749.047	290.89	1.91673	1.61661	615	0	-3.48291	0	20	20
0.00807566	0.00141479	2142.03	256.907	49.5151	761.099	296.514	1.93404	1.61661	615	0	-3.51728	0	20	20
0.00805216	0.00142719	2155.35	256.905	46.8297	772.515	301.925	1.95103	1.61661	615	0	-3.54999	0	20	20
0.00802954	0.00143886	2167.61	256.904	44.0538	783.196	307.087	1.96756	1.61661	615	0	-3.58084	0	20	20
0.00800795	0.00144968	2178.7	256.902	41.2153	793.036	311.96	1.98352	1.61661	615	0	-3.60967	0	20	20
0.00798755	0.00145956	2188.5	256.9	38.3448	801.93	316.508	1.99875	1.61661	615	0	-3.63629	0	20	20
0.0079685	0.00146838	2196.91	256.898	35.4743	809.781	320.693	2.01312	1.61661	615	0	-3.66055	0	20	20
0.00795091	0.00147606	2203.85	256.896	32.6358	816.5	324.484	2.02651	1.61661	615	0	-3.68229	0	20	20
0.00793491	0.00148253	2209.24	256.893	29.8599	822.018	327.853	2.0388	1.61661	615	0	-3.70139	0	20	20
0.00792057	0.00148773	2213.04	256.89	27.1745	826.286	330.779	2.04989	1.61661	615	0	-3.71778	0	20	20
0.00790794	0.00149163	2215.24	256.887	24.6037	829.275	333.25	2.05973	1.61661	615	0	-3.73139	0	20	20
0.00789705	0.00149422	2215.84	256.884	22.1672	830.982	335.261	2.06826	1.61661	615	0	-3.74223	0	20	20
0.00788778	0.00149554	2214.88	256.881	19.8799	831.424	336.813	2.07556	1.61661	615	0	-3.7497	0	20	20
0.00787932	0.00149576	2212.42	256.877	17.7517	830.639	337.917	2.08226	1.61661	615	0	-3.74993	0	20	20
0.00787164	0.00149492	2208.55	256.872	15.7881	828.682	338.587	2.08836	1.61661	615	0	-3.7433	0	20	20
0.00786469	0.00149308	2203.35	256.868	13.9901	825.62	338.844	2.0939	1.61661	615	0	-3.73023	0	20	20
0.00785842	0.00149033	2196.94	256.863	12.3554	821.531	338.711	2.09891	1.61661	615	0	-3.71121	0	20	20
0.00785279	0.00148673	2189.41	256.857	10.8785	816.499	338.214	2.10343	1.61661	615	0	-3.68676	0	20	20
0.00784774	0.00148236	2180.88	256.851	9.55195	810.61	337.381	2.1075	1.61661	615	0	-3.65741	0	20	20
0.00784323	0.0014773	2171.44	256.845	8.36659	803.949	336.238	2.11113	1.61661	615	0	-3.62369	0	20	20
0.0078392	0.00147161	2161.21	256.838	7.31231	796.601	334.813	2.11439	1.61661	615	0	-3.5861	0	20	20
0.00783563	0.00146537	2150.27	256.83	6.37848	788.645	333.131	2.11728	1.61661	615	0	-3.54514	0	20	20
0.00783246	0.00145864	2138.71	256.822	5.55436	780.155	331.218	2.11986	1.61661	615	0	-3.50124	0	20	20
0.00782965	0.00145148	2126.61	256.812	4.8294	771.2	329.096	2.12213	1.61661	615	0	-3.45484	0	20	20
0.00782718	0.00144393	2114.05	256.802	4.19349	761.843	326.785	2.12414	1.61661	615	0	-3.40629	0	20	20
0.00782502	0.00143606	2101.08	256.791	3.63707	752.141	324.305	2.12591	1.61661	615	0	-3.35594	0	20	20
0.00782313	0.00142789	2087.76	256.779	3.15127	742.142	321.674	2.12745	1.61661	615	0	-3.30408	0	20	20
0.0078215	0.00141947	2074.16	256.766	2.72794	731.893	318.905	2.12878	1.61661	615	0	-3.25097	0	20	20
0.00782011	0.00141083	2060.3	256.752	2.35965	721.432	316.015	2.12991	1.61661	615	0	-3.19686	0	20	20
0.00781893	0.00140201	2046.22	256.736	2.03971	710.794	313.013	2.13088	1.61661	615	0	-3.14193	0	20	20
0.00781796	0.00139301	2031.98	256.719	1.76213	700.01	309.912	2.13167	1.61661	615	0	-3.08637	0	20	20
0.00781718	0.00138388	2017.58	256.701	1.52155	689.105	306.722	2.1323	1.61661	615	0	-3.03033	0	20	20
0.00781659	0.00137462	2003.06	256.681	1.31324	678.102	303.45	2.13279	1.61661	615	0	-2.97394	0	20	20
0.00781617	0.00136526	1988.45	256.659	1.13301	667.022	300.104	2.13314	1.61661	615	0	-2.91732	0	20	20
0.00781592	0.00135581	1973.75	256.635	0.977206	655.882	296.692	2.13334	1.61661	615	0	-2.86056	0	20	20
0.00781583	0.00134627	1959	256.609	0.842585	644.697	293.219	2.13341	1.61661	615	0	-2.80375	0	20	20
0.0078159	0.00133668	1944.2	256.58	0.726331	633.481	289.69	2.13335	1.61661	615	0	-2.74697	0	20	20
0.00781613	0.00132702	1929.37	256.549	0.625985	622.245	286.112	2.13317	1.61661	615	0	-2.69028	0	20	20
0.00781651	0.00131732	1914.52	256.515	0.539403	610.999	282.488	2.13285	1.61661	615	0	-2.63375	0	20	20
0.00781705	0.00130759	1899.67	256.478	0.464724	599.754	278.822	2.13241	1.61661	615	0	-2.57742	0	20	20
0.00781774	0.00129782	1884.82	256.438	0.400329	588.516	275.118	2.13185	1.61661	615	0	-2.52134	0	20	20
0.00781859	0.00128802	1869.98	256.394	0.344818	577.294	271.381	2.13116	1.61661	615	0	-2.46554	0	20	20
0.00781959	0.00127821	1855.16	256.346	0.296973	566.095	267.612	2.13034	1.61661	615	0	-2.41008	0	20	20
0.00782075	0.00126839	1840.37	256.293	0.255745	554.925	263.816	2.12939	1.61661	615	0	-2.35497	0	20	20
0.00782206	0.00125857	1825.63	256.236	0.220224	543.789	259.995	2.12832	1.61661	615	0	-2.30025	0	20	20
0.00782354	0.00124874	1810.92	256.174	0.189625	532.693	256.153	2.12711	1.61661	615	0	-2.24595	0	20	20
0.00782517	0.00123892	1796.27	256.106	0.163268	521.643	252.291	2.12578	1.61661	615	0	-2.1921	0	20	20
0.00782698	0.0012291	1781.69	256.032	0.140567	510.643	248.413	2.12431	1.61661	615	0	-2.13871	0	20	20
0.00782895	0.00121931	1767.17	255.951	0.121018	499.699	244.522	2.12271	1.61661	615	0	-2.08581	0	20	20
0.00783108	0.00120953	1752.72	255.863	0.104184	488.814	240.619	2.12097	1.61661	615	0	-2.03343	0	20	20
0.0078334	0.00119978	1738.35	255.768	0.0896893	477.993	236.707	2.11909	1.61661	615	0	-1.98157	0	20	20
0.00783588	0.00119005	1724.07	255.663	0.0772089	467.241	232.79	2.11707	1.61661	615	0	-1.93026	0	20	20
0.00783855	0.00118036	1709.88	255.549	0.0664636	456.562	228.868	2.11492	1.61661	615	0	-1.87952	0	20	20
0.00784139	0.00117071	1695.8	255.425	0.0572127	445.96	224.945	2.11262	1.61661	615	0	-1.82937	0	20	20
0.00784442	0.0011611	1681.82	255.29	0.0492485	435.439	221.023	2.11017	1.61661	615	0	-1.77981	0	20	20
0.00784763	0.00115154	1667.95	255.142	0.0423924	425.004	217.104	2.10758	1.61661	615	0	-1.73086	0	20	20
0.00785103	0.00114203	1654.2	254.982	0.0364903	414.658	213.191	2.10484	1.61661	615	0	-1.68254	0	20	20
0.00785462	0.00113258	1640.57	254.807	0.0314096	404.407	209.286	2.10196	1.61661	615	0	-1.63485	0	20	20
0.00785841	0.00112318	1627.07	254.616	0.027036	394.252	205.39	2.09892	1.61661	615	0	-1.58782	0	20	20
0.00786238	0.00111385	1613.71	254.409	0.0232712	384.2	201.507	2.09574	1.61661	615	0	-1.54145	0	20	20
0.00786655	0.0011046	1600.48	254.183	0.0200306	374.253	197.639	2.09242	1.61661	615	0	-1.49575	0	20	20
0.00787091	0.00109541	1587.4	253.936	0.0172411	364.416	193.787	2.08894	1.61661	615	0	-1.45072	0	20	20
0.00787546	0.0010863	1574.48	253.668	0.01484	354.693	189.955	2.08532	1.61661	615	0	-1.40639	0	20	20
0.00788021	0.00107728	1561.7	253.377	0.0127733	345.086	186.143	2.08155	1.61661	615	0	-1.36275	0	20	20
0.00788515	0.00106834	1549.09	253.059	0.0109943	335.601	182.355	2.07764	1.61661	615	0	-1.31982	0	20	20
0.00789029	0.00105949	1536.64	252.714	0.00946308	326.241	178.592	2.07358	1.61661	615	0	-1.27759	0	20	20
0.00789561	0.00105074	1524.37	252.338	0.00814509	317.009	174.856	2.06939	1.61661	615	0	-1.23607	0	20	20
0.00790112	0.00104208	1512.26	251.929	0.00701065	307.91	171.15	2.06507	1.61661	615	0	-1.19527	0	20	20
0.00790681	0.00103353	1500.33	251.485	0.0060342	298.946	167.475	2.06061	1.61661	615	0	-1.15518	0	20	20
0.00791268	0.00102508	1488.58	251.002	0.00519374	290.123	163.835	2.05603	1.61661	615	0	-1.11582	0	20	20
0.00791871	0.00101674	1477.01	250.478	0.00447034	281.442	160.229	2.05133	1.61661	615	0	-1.07718	0	20	20
0.00792492	0.00100852	1465.63	249.908	0.00384768	272.908	156.661	2.04652	1.61661	615	0	-1.03926	0	20	20
0.00793127	0.00100041	1454.43	249.29	0.00331176	264.525	153.133	2.0416	1.61661	615	0	-1.00207	0	20	20
0.00793778	0.000992419	1443.43	248.618	0.00285047	256.295	149.646	2.03659	1.61661	615	0	-0.9656	0	20	20
0.00794441	0.000984552	1432.62	247.89	0.00245344	248.222	146.203	2.03149	1.61661	615	0	-0.929854	0	20	20
0.00795117	0.000976812	1422	247.101	0.0021117	240.311	142.806	2.02631	1.61661	615	0	-0.89483	0	20	20
0.00795803	0.000969202	1411.57	246.245	0.00181757	232.564	139.455	2.02108	1.61661	615	0	-0.860528	0	20	20
0.00796499	0.000961724	1401.35	245.318	0.0015644	224.985	136.154	2.01579	1.61661	615	0	-0.826947	0	20	20
0.00797201	0.000954383	1391.31	244.315	0.00134649	217.577	132.905	2.01047	1.61661	615	0	-0.794087	0	20	20
0.00797908	0.000947182	1381.48	243.231	0.00115894	210.346	129.709	2.00513	1.61661	615	0	-0.761947	0	20	20
0.00798617	0.000940124	1371.84	242.058	0.000997512	203.295	126.569	1.99979	1.61661	615	0	-0.730528	0	20	20
0.00799326	0.000933213	1362.4	240.792	0.000858568	196.427	123.486	1.99448	1.61661	615	0	-0.699831	0	20	20
0.00800031	0.000926453	1353.16	239.426	0.000738977	189.748	120.463	1.98921	1.61661	615	0	-0.66986	0	20	20
0.00800729	0.000919848	1344.12	237.953	0.000636045	183.263	117.503	1.98401	1.61661	615	0	-0.640617	0	20	20
0.00801416	0.000913403	1335.27	236.367	0.000547449	176.975	114.607	1.97891	1.61661	615	0	-0.612108	0	20	20
0.00802089	0.000907123	1326.62	234.661	0.000471194	170.892	111.778	1.97394	1.61661	615	0	-0.584341	0	20	20
0.00802742	0.000901009	1318.17	232.828	0.000405561	165.014	109.019	1.96912	1.61661	615	0	-0.557311	0	20	20
0.00803373	0.000895057	1309.9	230.86	0.00034907	159.338	106.327	1.96448	1.61661	615	0	-0.530988	0	20	20
0.00803981	0.000889257	1301.8	228.751	0.000300448	153.858	103.702	1.96003	1.61661	615	0	-0.505333	0	20	20
0.00804563	0.000883602	1293.85	226.494	0.000258598	148.566	101.141	1.95578	1.61661	615	0	-0.480308	0	20	20
0.00805118	0.000878082	1286.03	224.082	0.000222577	143.456	98.6441	1.95174	1.61661	615	0	-0.455883	0	20	20
0.00805643	0.000872691	1278.34	221.509	0.000191574	138.522	96.2086	1.94793	1.61661	615	0	-0.432028	0	20	20
0.00806137	0.000867419	1270.74	218.768	0.000164889	133.758	93.8332	1.94435	1.61661	615	0	-0.408719	0	20	20
0.00806598	0.00086226	1263.25	215.855	0.000141922	129.157	91.5165	1.94101	1.61661	615	0	-0.385936	0	20	20
0.00807025	0.000857208	1255.83	212.764	0.000122153	124.715	89.2569	1.93794	1.61661	615	0	-0.363661	0	20	20
0.00807416	0.000852254	1248.48	209.492	0.000105138	120.425	87.0531	1.93512	1.61661	615	0	-0.341885	0	20	20
0.0080777	0.000847394	1241.18	206.035	9.04933e-05	116.283	84.9038	1.93258	1.61661	615	0	-0.320597	0	20	20
0.00808087	0.00084262	1233.94	202.392	7.78883e-05	112.284	82.8075	1.93031	1.61661	615	0	-0.299796	0	20	20
0.00808365	0.000837929	1226.74	198.562	6.70391e-05	108.422	80.763	1.92831	1.61661	615	0	-0.27948	0	20	20
0.00808606	0.000833315	1219.57	194.546	5.77011e-05	104.693	78.7689	1.92659	1.61661	615	0	-0.259655	0	20	20
0.00808808	0.000828775	1212.43	190.346	4.96638e-05	101.092	76.8241	1.92515	1.61661	615	0	-0.240329	0	20	20
0.00808974	0.000824303	1205.32	185.967	4.2746e-05	97.6148	74.9273	1.92396	1.61661	615	0	-0.221512	0	20	20
0.00809104	0.000819898	1198.23	181.413	3.67919e-05	94.2574	73.0774	1.92304	1.61661	615	0	-0.203218	0	20	20
0.008092	0.000815557	1191.17	176.694	3.1667e-05	91.0154	71.2731	1.92235	1.61661	615	0	-0.185465	0	20	20
0.00809265	0.000811277	1184.14	171.818	2.72561e-05	87.885	69.5133	1.92189	1.61661	615	0	-0.168269	0	20	20
0.00809302	0.000807058	1177.14	166.796	2.34595e-05	84.8622	67.7971	1.92163	1.61661	615	0	-0.15165	0	20	20
0.00809314	0.000802899	1170.18	161.643	2.01918e-05	81.9434	66.1231	1.92154	1.61661	615	0	-0.135626	0	20	20
0.00809306	0.0007988	1163.27	156.373	1.73792e-05	79.125	64.4906	1.9216	1.61661	615	0	-0.120218	0	20	20
0.00809282	0.000794761	1156.42	151.002	1.49585e-05	76.4035	62.8983	1.92176	1.61661	615	0	-0.105442	0	20	20
0.00809249	0.000790783	1149.63	145.549	1.28749e-05	73.7757	61.3453	1.922	1.61661	615	0	-0.0913138	0	20	20
0.00809211	0.000786866	1142.93	140.032	1.10815e-05	71.2382	59.8307	1.92227	1.61661	615	0	-0.0778469	0	20	20
0.00809176	0.000783012	1136.32	134.472	9.53793e-06	68.788	58.3535	1.92252	1.61661	615	0	-0.0650509	0	20	20
0.00808256	0.000780013	1129.82	128.89	8.20938e-06	66.422	56.9127	1.92909	1.61661	615	0	-0.0499486	0	20	20
0.0080657	0.000777772	1123.46	123.305	7.06588e-06	64.1375	55.5075	1.94121	1.61661	615	0	-0.03363	0	20	20
0.00804992	0.000775527	1117.25	117.74	6.08166e-06	61.9315	54.137	1.95266	1.61661	615	0	-0.019064	0	20	20
0.00803548	0.00077326	1111.2	112.216	5.23453e-06	59.8014	52.8004	1.9632	1.61661	615	0	-0.00613639	0	20	20
0.0080227	0.000770951	1105.33	106.751	4.5054e-06	57.7446	51.4968	1.9726	1.61661	615	0	0.00527312	0	20	20
0.00801184	0.00076858	1099.63	101.367	3.87783e-06	55.7585	50.2253	1.98063	1.61661	615	0	0.0152886	0	20	20
0.00800316	0.000766133	1094.13	96.0801	3.33768e-06	53.8407	48.9852	1.98708	1.61661	615	0	0.0240361	0	20	20
0.00799688	0.000763598	1088.83	90.9079	2.87277e-06	51.9888	47.7758	1.99177	1.61661	615	0	0.0316421	0	20	20
0.00799315	0.000760965	1083.74	85.8656	2.47262e-06	50.2007	46.5962	1.99455	1.61661	615	0	0.0382315	0	20	20
0.00799208	0.000758233	1078.86	80.9665	2.1282e-06	48.4741	45.4457	1.99536	1.61661	615	0	0.0439265	0	20	20
0.00799369	0.000755405	1074.22	76.2224	1.83176e-06	46.8068	44.3237	1.99415	1.61661	615	0	0.048845	0	20	20
0.00799793	0.000752491	1069.8	71.6431	1.57661e-06	45.1969	43.2293	1.99098	1.61661	615	0	0.0530991	0	20	20
0.00800469	0.000749505	1065.61	67.2365	1.357e-06	43.6424	42.162	1.98594	1.61661	615	0	0.0567938	0	20	20
0.00801378	0.000746466	1061.66	63.0088	1.16798e-06	42.1413	41.121	1.97919	1.61661	615	0	0.0600259	0	20	20
0.00802498	0.000743397	1057.95	58.9643	1.00529e-06	40.6919	40.1057	1.97091	1.61661	615	0	0.062883	0	20	20
0.00803804	0.00074032	1054.48	55.1056	8.65262e-07	39.2923	39.1155	1.96133	1.61661	615	0	0.0654424	0	20	20
0.00805267	0.000737259	1051.24	51.4339	7.44738e-07	37.9409	38.1497	1.95065	1.61661	615	0	0.0677716	0	20	20
0.00806862	0.000734237	1048.23	47.9486	6.41002e-07	36.6359	37.2078	1.93911	1.61661	615	0	0.0699276	0	20	20
0.00808561	0.000731274	1045.45	44.6482	5.51715e-07	35.3758	36.2891	1.92691	1.61661	615	0	0.0719578	0	20	20
0.00810341	0.000728388	1042.9	41.5299	4.74866e-07	34.1591	35.3932	1.91424	1.61661	615	0	0.0739006	0	20	20
0.00812182	0.000725593	1040.56	38.5897	4.08721e-07	32.9842	34.5193	1.90126	1.61661	615	0	0.0757864	0	20	20
0.00814063	0.000722899	1038.44	35.8231	3.51789e-07	31.8497	33.667	1.8881	1.61661	615	0	0.0776388	0	20	20
0.0081597	0.000720316	1036.52	33.2246	3.02788e-07	30.7543	32.8358	1.8749	1.61661	615	0	0.0794753	0	20	20
0.00817889	0.00071785	1034.8	30.7884	2.60612e-07	29.6965	32.0251	1.86173	1.61661	615	0	0.0813086	0	20	20
0.0081981	0.000715503	1033.27	28.5081	2.24311e-07	28.6751	31.2344	1.84867	1.61661	615	0	0.0831478	0	20	20
0.00821724	0.000713278	1031.91	26.3769	1.93066e-07	27.6888	30.4632	1.83579	1.61661	615	0	0.0849985	0	20	20
0.00823624	0.000711173	1030.74	24.3881	1.66173e-07	26.7365	29.711	1.82311	1.61661	615	0	0.0868642	0	20	20
0.00825504	0.000709188	1029.72	22.5345	1.43027e-07	25.8169	28.9775	1.81069	1.61661	615	0	0.0887463	0	20	20
0.0082736	0.000707321	1028.86	20.8092	1.23104e-07	24.9289	28.262	1.79853	1.61661	615	0	0.0906451	0	20	20
0.00829188	0.000705568	1028.15	19.2052	1.05957e-07	24.0715	27.5642	1.78665	1.61661	615	0	0.0925596	0	20	20
0.00830987	0.000703927	1027.58	17.7156	9.11979e-08	23.2436	26.8837	1.77508	1.61661	615	0	0.0944883	0	20	20
0.00832753	0.000702392	1027.14	16.3335	7.84948e-08	22.4441	26.2199	1.76381	1.61661	615	0	0.0964289	0	20	20
0.00834487	0.00070096	1026.82	15.0525	6.75611e-08	21.6722	25.5725	1.75284	1.61661	615	0	0.0983789	0	20	20
0.00836185	0.000699628	1026.62	13.8662	5.81504e-08	20.9268	24.9411	1.74218	1.61661	615	0	0.100335	0	20	20
0.00837848	0.000698389	1026.52	12.7684	5.00505e-08	20.207	24.3253	1.73183	1.61661	615	0	0.102296	0	20	20
0.00839475	0.000697241	1026.53	11.7534	4.30789e-08	19.512	23.7247	1.72178	1.61661	615	0	0.104256	0	20	20
0.00841066	0.000696179	1026.63	10.8154	3.70783e-08	18.8409	23.139	1.71202	1.61661	615	0	0.106214	0	20	20
0.0084262	0.000695199	1026.82	9.94928	3.19136e-08	18.1929	22.5677	1.70257	1.61661	615	0	0.108166	0	20	20
0.00844123	0.00069441	1027.25	9.14994	2.74683e-08	17.5671	22.0105	1.69349	1.61661	615	0	0.110123	0	20	20
0.00845555	0.00069394	1028.09	8.41262	2.36422e-08	16.9629	21.467	1.6849	1.61661	615	0	0.112095	0	20	20
0.00846917	0.000693793	1029.35	7.73287	2.0349e-08	16.3795	20.937	1.67679	1.61661	615	0	0.114081	0	20	20
0.00848211	0.000693946	1031	7.10647	1.75146e-08	15.8161	20.4201	1.66913	1.61661	615	0	0.116076	0	20	20
0.00849441	0.000694376	1033.02	6.52948	1.50749e-08	15.2721	19.9159	1.66189	1.61661	615	0	0.118073	0	20	20
0.0085061	0.000695062	1035.37	5.99821	1.29751e-08	14.7468	19.4242	1.65504	1.61661	615	0	0.120069	0	20	20
0.00851721	0.000695985	1038.02	5.50922	1.11678e-08	14.2396	18.9446	1.64857	1.61661	615	0	0.122059	0	20	20
0.00852777	0.000697126	1040.96	5.05929	9.61219e-09	13.7499	18.4769	1.64246	1.61661	615	0	0.124039	0	20	20
0.00853781	0.000698468	1044.16	4.64543	8.27329e-09	13.2769	18.0207	1.63667	1.61661	615	0	0.126007	0	20	20
0.00854735	0.000699995	1047.6	4.26485	7.12089e-09	12.8203	17.5757	1.63119	1.61661	615	0	0.127958	0	20	20
0.00855643	0.000701691	1051.25	3.91496	6.129e-09	12.3793	17.1418	1.62601	1.61661	615	0	0.12989	0	20	20
0.00856506	0.000703542	1055.11	3.59337	5.27528e-09	11.9536	16.7185	1.6211	1.61661	615	0	0.1318	0	20	20
0.00857327	0.000705536	1059.15	3.29785	4.54048e-09	11.5424	16.3058	1.61644	1.61661	615	0	0.133688	0	20	20
0.00858108	0.00070766	1063.35	3.02635	3.90803e-09	11.1454	15.9032	1.61203	1.61661	615	0	0.13555	0	20	20
0.00858852	0.000709902	1067.7	2.77695	3.36367e-09	10.7621	15.5105	1.60785	1.61661	615	0	0.137385	0	20	20
0.0085956	0.000712252	1072.19	2.5479	2.89514e-09	10.3919	15.1276	1.60388	1.61661	615	0	0.139192	0	20	20
0.00860234	0.000714699	1076.8	2.33757	2.49187e-09	10.0345	14.7541	1.60011	1.61661	615	0	0.140969	0	20	20
0.00860877	0.000717234	1081.52	2.14445	2.14477e-09	9.68937	14.3898	1.59653	1.61661	615	0	0.142716	0	20	20
0.00861489	0.000719849	1086.33	1.96717	1.84602e-09	9.3561	14.0345	1.59313	1.61661	615	0	0.144432	0	20	20
0.00862073	0.000722535	1091.23	1.80443	1.58888e-09	9.0343	13.688	1.5899	1.61661	615	0	0.146117	0	20	20
0.00862629	0.000725284	1096.21	1.65508	1.36757e-09	8.72357	13.35	1.58682	1.61661	615	0	0.147769	0	20	20
0.00863161	0.00072809	1101.25	1.51801	1.17707e-09	8.42353	13.0204	1.58389	1.61661	615	0	0.14939	0	20	20
0.00863668	0.000730946	1106.35	1.39223	1.01312e-09	8.13381	12.6989	1.5811	1.61661	615	0	0.150977	0	20	20
0.00864152	0.000733845	1111.49	1.27682	8.71998e-10	7.85405	12.3854	1.57845	1.61661	615	0	0.152532	0	20	20
0.00864615	0.000736782	1116.68	1.17093	7.50536e-10	7.58391	12.0796	1.57591	1.61661	615	0	0.154054	0	20	20
0.00865057	0.000739752	1121.9	1.07379	6.45992e-10	7.32307	11.7814	1.5735	1.61661	615	0	0.155543	0	20	20
0.0086548	0.000742749	1127.15	0.984679	5.56011e-10	7.07119	11.4905	1.57119	1.61661	615	0	0.157	0	20	20
0.00865885	0.00074577	1132.42	0.902934	4.78563e-10	6.82798	11.2068	1.56899	1.61661	615	0	0.158425	0	20	20
0.00866273	0.000748808	1137.7	0.827954	4.11903e-10	6.59314	10.9301	1.56688	1.61661	615	0	0.159817	0	20	20
0.00866645	0.000751862	1142.99	0.759182	3.54528e-10	6.36637	10.6602	1.56486	1.61661	615	0	0.161178	0	20	20
0.00867001	0.000754926	1148.29	0.696106	3.05145e-10	6.1474	10.397	1.56294	1.61661	615	0	0.162508	0	20	20
0.00867343	0.000757998	1153.58	0.638258	2.62641e-10	5.93596	10.1403	1.56109	1.61661	615	0	0.163807	0	20	20
0.00867671	0.000761074	1158.87	0.585207	2.26057e-10	5.7318	9.88995	1.55932	1.61661	615	0	0.165076	0	20	20
0.00867986	0.000764151	1164.15	0.536555	1.94569e-10	5.53465	9.64576	1.55762	1.61661	615	0	0.166314	0	20	20
0.00868289	0.000767227	1169.42	0.491941	1.67467e-10	5.34429	9.40761	1.55599	1.61661	615	0	0.167524	0	20	20
0.00868581	0.000770298	1174.67	0.45103	1.4414e-10	5.16048	9.17533	1.55442	1.61661	615	0	0.168704	0	20	20
0.00868861	0.000773364	1179.91	0.413515	1.24063e-10	4.98298	8.94879	1.55292	1.61661	615	0	0.169856	0	20	20
0.00869132	0.00077642	1185.12	0.379116	1.06782e-10	4.8116	8.72785	1.55147	1.61661	615	0	0.17098	0	20	20
0.00869392	0.000779467	1190.3	0.347575	9.1908e-11	4.6461	8.51236	1.55008	1.61661	615	0	0.172077	0	20	20
0.00869643	0.0007825	1195.46	0.318655	7.91059e-11	4.4863	8.30219	1.54873	1.61661	615	0	0.173147	0	20	20
0.00869886	0.00078552	1200.59	0.292138	6.80871e-11	4.332	8.0972	1.54744	1.61661	615	0	0.174191	0	20	20
0.00870121	0.000788524	1205.69	0.267826	5.86031e-11	4.183	7.89728	1.54619	1.61661	615	0	0.175209	0	20	20
0.00870348	0.000791511	1210.75	0.245535	5.04402e-11	4.03913	7.7023	1.54498	1.61661	615	0	0.176202	0	20	20
0.00870567	0.000794479	1215.78	0.225098	4.34142e-11	3.9002	7.51213	1.54381	1.61661	615	0	0.177171	0	20	20
0.0087078	0.000797428	1220.77	0.20636	3.7367e-11	3.76606	7.32665	1.54268	1.61661	615	0	0.178116	0	20	20
0.00870986	0.000800356	1225.73	0.189181	3.21621e-11	3.63653	7.14576	1.54158	1.61661	615	0	0.179038	0	20	20
0.00871186	0.000803263	1230.64	0.173431	2.76821e-11	3.51145	6.96933	1.54052	1.61661	615	0	0.179937	0	20	20
0.0087138	0.000806147	1235.52	0.158992	2.38262e-11	3.39067	6.79725	1.53949	1.61661	615	0	0.180814	0	20	20
0.00871569	0.000809007	1240.35	0.145754	2.05074e-11	3.27405	6.62943	1.53849	1.61661	615	0	0.181669	0	20	20
0.00871753	0.000811844	1245.14	0.133617	1.76509e-11	3.16144	6.46575	1.53752	1.61661	615	0	0.182503	0	20	20
0.00871932	0.000814655	1249.89	0.122491	1.51923e-11	3.05271	6.30611	1.53657	1.61661	615	0	0.183316	0	20	20
0.00872106	0.000817442	1254.59	0.112291	1.30761e-11	2.94771	6.15041	1.53565	1.61661	615	0	0.18411	0	20	20
0.00872276	0.000820203	1259.25	0.10294	1.12547e-11	2.84633	5.99856	1.53475	1.61661	615	0	0.184883	0	20	20
0.00872442	0.000822937	1263.87	0.0943671	9.68703e-12	2.74843	5.85045	1.53388	1.61661	615	0	0.185638	0	20	20
0.00872604	0.000825645	1268.44	0.0865081	8.3377e-12	2.6539	5.706	1.53302	1.61661	615	0	0.186375	0	20	20
0.00872763	0.000828325	1272.97	0.0793034	7.17633e-12	2.56262	5.56512	1.53219	1.61661	615	0	0.187093	0	20	20
0.00872918	0.000830979	1277.44	0.0726986	6.17672e-12	2.47448	5.42772	1.53137	1.61661	615	0	0.187794	0	20	20
0.0087307	0.000833605	1281.88	0.0666437	5.31635e-12	2.38937	5.29371	1.53057	1.61661	615	0	0.188478	0	20	20
0.00873219	0.000836203	1286.26	0.061093	4.57583e-12	2.30719	5.163	1.52978	1.61661	615	0	0.189145	0	20	20
0.00873365	0.000838774	1290.61	0.0560045	3.93845e-12	2.22783	5.03553	1.52902	1.61661	615	0	0.189796	0	20	20
0.00873509	0.000841316	1294.9	0.0513398	3.38986e-12	2.15121	4.9112	1.52826	1.61661	615	0	0.190431	0	20	20
0.0087365	0.000843831	1299.15	0.0470635	2.91768e-12	2.07722	4.78994	1.52752	1.61661	615	0	0.191051	0	20	20
0.00873789	0.000846318	1303.35	0.0431433	2.51127e-12	2.00577	4.67168	1.52679	1.61661	615	0	0.191656	0	20	20
0.00873926	0.000848776	1307.51	0.0395496	2.16147e-12	1.93678	4.55634	1.52608	1.61661	615	0	0.192247	0	20	20
0.0087406	0.000851207	1311.62	0.0362552	1.86039e-12	1.87017	4.44384	1.52537	1.61661	615	0	0.192824	0	20	20
0.00874193	0.000853609	1315.68	0.0332352	1.60125e-12	1.80585	4.33412	1.52468	1.61661	615	0	0.193387	0	20	20
0.00874324	0.000855984	1319.7	0.0304668	1.37821e-12	1.74373	4.22711	1.52399	1.61661	615	0	0.193937	0	20	20
0.00874453	0.000858331	1323.67	0.0279289	1.18624e-12	1.68376	4.12274	1.52332	1.61661	615	0	0.194475	0	20	20
0.00874581	0.00086065	1327.6	0.0256024	1.02101e-12	1.62585	4.02095	1.52265	1.61661	615	0	0.194999	0	20	20
0.00874707	0.000862942	1331.49	0.0234697	8.78787e-13	1.56993	3.92167	1.52199	1.61661	615	0	0.195512	0	20	20
0.00874832	0.000865206	1335.33	0.0215146	7.56379e-13	1.51593	3.82485	1.52134	1.61661	615	0	0.196013	0	20	20
0.00874956	0.000867443	1339.12	0.0197224	6.51022e-13	1.46379	3.73041	1.52069	1.61661	615	0	0.196502	0	20	20
0.00875078	0.000869653	1342.87	0.0180794	5.60339e-13	1.41344	3.63831	1.52006	1.61661	615	0	0.196981	0	20	20
0.00875199	0.000871837	1346.58	0.0165733	4.82289e-13	1.36483	3.54848	1.51942	1.61661	615	0	0.197448	0	20	20
0.0087532	0.000873994	1350.25	0.0151927	4.1511e-13	1.31789	3.46087	1.5188	1.61661	615	0	0.197905	0	20	20
0.00875439	0.000876124	1353.87	0.0139271	3.57288e-13	1.27256	3.37542	1.51818	1.61661	615	0	0.198352	0	20	20
0.00875557	0.000878229	1357.46	0.0127669	3.07521e-13	1.22879	3.29208	1.51756	1.61661	615	0	0.19879	0	20	20
0.00875675	0.000880307	1361	0.0117033	2.64686e-13	1.18653	3.2108	1.51695	1.61661	615	0	0.199217	0	20	20
0.00875792	0.00088236	1364.5	0.0107284	2.27817e-13	1.14572	3.13152	1.51634	1.61661	615	0	0.199635	0	20	20
0.00875908	0.000884388	1367.95	0.00983465	1.96084e-13	1.10631	3.0542	1.51574	1.61661	615	0	0.200045	0	20	20
0.00876024	0.000886391	1371.37	0.00901536	1.68771e-13	1.06826	2.97879	1.51514	1.61661	615	0	0.200446	0	20	20
0.00876139	0.000888369	1374.75	0.00826432	1.45263e-13	1.03152	2.90525	1.51454	1.61661	615	0	0.200838	0	20	20
0.00876253	0.000890322	1378.09	0.00757585	1.25029e-13	0.996037	2.83352	1.51395	1.61661	615	0	0.201222	0	20	20
0.00876367	0.000892252	1381.4	0.00694473	1.07613e-13	0.961779	2.76356	1.51336	1.61661	615	0	0.201598	0	20	20
0.0087648	0.000894157	1384.66	0.00636619	9.26235e-14	0.928699	2.69532	1.51277	1.61661	615	0	0.201966	0	20	20
0.00876593	0.000896039	1387.89	0.00583584	7.97218e-14	0.896756	2.62878	1.51219	1.61661	615	0	0.202327	0	20	20
0.00876706	0.000897898	1391.07	0.00534967	6.86172e-14	0.865913	2.56387	1.5116	1.61661	615	0	0.202681	0	20	20
0.00876818	0.000899734	1394.23	0.004904	5.90593e-14	0.83613	2.50057	1.51102	1.61661	615	0	0.203027	0	20	20
0.0087693	0.000901547	1397.34	0.00449546	5.08329e-14	0.807372	2.43883	1.51045	1.61661	615	0	0.203367	0	20	20
0.00877042	0.000903338	1400.43	0.00412095	4.37522e-14	0.779603	2.37862	1.50987	1.61661	615	0	0.2037	0	20	20
0.00877153	0.000905107	1403.47	0.00377764	3.76579e-14	0.752788	2.31989	1.50929	1.61661	615	0	0.204027	0	20	20
0.00877265	0.000906854	1406.48	0.00346294	3.24125e-14	0.726897	2.26261	1.50872	1.61661	615	0	0.204348	0	20	20
0.00877376	0.00090858	1409.46	0.00317445	2.78977e-14	0.701895	2.20675	1.50815	1.61661	615	0	0.204662	0	20	20
0.00877486	0.000910285	1412.41	0.00290999	2.40117e-14	0.677754	2.15226	1.50758	1.61661	615	0	0.204971	0	20	20
0.00877597	0.000911969	1415.32	0.00266756	2.06671e-14	0.654443	2.09912	1.507	1.61661	615	0	0.205274	0	20	20
0.00877708	0.000913633	1418.2	0.00244533	1.77883e-14	0.631934	2.04729	1.50644	1.61661	615	0	0.205572	0	20	20
0.00877818	0.000915276	1421.05	0.00224161	1.53106e-14	0.610198	1.99675	1.50587	1.61661	615	0	0.205864	0	20	20
0.00877928	0.0009169	1423.86	0.00205487	1.31779e-14	0.589211	1.94745	1.5053	1.61661	615	0	0.206151	0	20	20
0.00878039	0.000918505	1426.65	0.00188368	1.13423e-14	0.568945	1.89936	1.50473	1.61661	615	0	0.206433	0	20	20
0.00878149	0.00092009	1429.4	0.00172675	9.76244e-15	0.549377	1.85247	1.50417	1.61661	615	0	0.206711	0	20	20
0.00878259	0.000921657	1432.13	0.0015829	8.40261e-15	0.530481	1.80673	1.5036	1.61661	615	0	0.206983	0	20	20
0.00878369	0.000923204	1434.82	0.00145103	7.2322e-15	0.512235	1.76212	1.50304	1.61661	615	0	0.207252	0	20	20
0.00878479	0.000924734	1437.49	0.00133015	6.22481e-15	0.494617	1.71862	1.50247	1.61661	615	0	0.207515	0	20	20
0.00878589	0.000926246	1440.13	0.00121933	5.35774e-15	0.477605	1.67618	1.50191	1.61661	615	0	0.207775	0	20	20
0.00878699	0.00092774	1442.74	0.00111775	4.61145e-15	0.461178	1.6348	1.50134	1.61661	615	0	0.20803	0	20	20
0.00878809	0.000929217	1445.33	0.00102463	3.96911e-15	0.445316	1.59443	1.50078	1.61661	615	0	0.208282	0	20	20
0.00878919	0.000930677	1447.88	0.000939274	3.41625e-15	0.43	1.55507	1.50021	1.61661	615	0	0.20853	0	20	20
0.00879029	0.00093212	1450.41	0.000861024	2.94039e-15	0.41521	1.51667	1.49965	1.61661	615	0	0.208774	0	20	20
0.00879139	0.000933546	1452.92	0.000789293	2.53082e-15	0.400929	1.47923	1.49909	1.61661	615	0	0.209014	0	20	20
0.00879249	0.000934957	1455.4	0.000723538	2.1783e-15	0.387139	1.4427	1.49853	1.61661	615	0	0.209251	0	20	20
0.00879359	0.000936351	1457.85	0.000663261	1.87488e-15	0.373824	1.40708	1.49796	1.61661	615	0	0.209484	0	20	20
0.0087947	0.00093773	1460.28	0.000608005	1.61372e-15	0.360966	1.37234	1.4974	1.61661	615	0	0.209715	0	20	20
0.0087958	0.000939094	1462.69	0.000557353	1.38894e-15	0.348551	1.33846	1.49684	1.61661	615	0	0.209942	0	20	20
0.0087969	0.000940442	1465.07	0.00051092	1.19547e-15	0.336563	1.30541	1.49627	1.61661	615	0	0.210166	0	20	20
0.008798	0.000941776	1467.43	0.000468356	1.02895e-15	0.324987	1.27318	1.49571	1.61661	615	0	0.210387	0	20	20
0.00879911	0.000943095	1469.76	0.000429338	8.85629e-16	0.313809	1.24175	1.49515	1.61661	615	0	0.210605	0	20	20
0.00880021	0.0009444	1472.07	0.00039357	7.62268e-16	0.303016	1.21109	1.49459	1.61661	615	0	0.21082	0	20	20
0.00880132	0.000945691	1474.36	0.000360782	6.5609e-16	0.292594	1.18119	1.49402	1.61661	615	0	0.211033	0	20	20
0.00880242	0.000946969	1476.63	0.000330726	5.64702e-16	0.28253	1.15202	1.49346	1.61661	615	0	0.211243	0	20	20
0.00880353	0.000948233	1478.88	0.000303173	4.86043e-16	0.272812	1.12358	1.4929	1.61661	615	0	0.211451	0	20	20
0.00880463	0.000949483	1481.11	0.000277916	4.18342e-16	0.263429	1.09584	1.49233	1.61661	615	0	0.211656	0	20	20
0.00880574	0.000950721	1483.31	0.000254763	3.6007e-16	0.254369	1.06878	1.49177	1.61661	615	0	0.211859	0	20	20
0.00880685	0.000951945	1485.5	0.000233539	3.09915e-16	0.24562	1.04239	1.49121	1.61661	615	0	0.21206	0	20	20
0.00880796	0.000953158	1487.67	0.000214083	2.66746e-16	0.237172	1.01666	1.49065	1.61661	615	0	0.212258	0	20	20
0.00880907	0.000954357	1489.81	0.000196248	2.29591e-16	0.229014	0.991555	1.49008	1.61661	615	0	0.212455	0	20	20
0.00881018	0.000955545	1491.94	0.000179899	1.97611e-16	0.221137	0.967073	1.48952	1.61661	615	0	0.212649	0	20	20
0.00881129	0.000956721	1494.05	0.000164912	1.70085e-16	0.213531	0.943196	1.48896	1.61661	615	0	0.212841	0	20	20
0.0088124	0.000957886	1496.14	0.000151173	1.46393e-16	0.206187	0.919908	1.48839	1.61661	615	0	0.213032	0	20	20
0.00881351	0.000959039	1498.21	0.000138579	1.26002e-16	0.199095	0.897196	1.48783	1.61661	615	0	0.213221	0	20	20
0.00881462	0.000960181	1500.27	0.000127034	1.08451e-16	0.192248	0.875044	1.48727	1.61661	615	0	0.213407	0	20	20
0.00881573	0.000961311	1502.31	0.000116451	9.33446e-17	0.185635	0.853439	1.48671	1.61661	615	0	0.213592	0	20	20
0.00881685	0.000962432	1504.33	0.00010675	8.03424e-17	0.179251	0.832367	1.48614	1.61661	615	0	0.213776	0	20	20
0.00881796	0.000963541	1506.33	9.78563e-05	6.91514e-17	0.173085	0.811816	1.48558	1.61661	615	0	0.213958	0	20	20
0.00881907	0.00096464	1508.32	8.9704e-05	5.95191e-17	0.167132	0.791772	1.48502	1.61661	615	0	0.214138	0	20	20
0.00882019	0.000965729	1510.29	8.22308e-05	5.12286e-17	0.161384	0.772224	1.48445	1.61661	615	0	0.214317	0	20	20
0.0088213	0.000966808	1512.25	7.53802e-05	4.40929e-17	0.155833	0.753157	1.48389	1.61661	615	0	0.214494	0	20	20
0.00882242	0.000967877	1514.19	6.91004e-05	3.79511e-17	0.150473	0.734562	1.48333	1.61661	615	0	0.21467	0	20	20
0.00882353	0.000968937	1516.12	6.33437e-05	3.26648e-17	0.145298	0.716425	1.48277	1.61661	615	0	0.214845	0	20	20
0.00882465	0.000969987	1518.03	5.80666e-05	2.81149e-17	0.1403	0.698737	1.4822	1.61661	615	0	0.215018	0	20	20
0.00882576	0.000971028	1519.92	5.32291e-05	2.41987e-17	0.135475	0.681485	1.48164	1.61661	615	0	0.21519	0	20	20
0.00882688	0.00097206	1521.8	4.87946e-05	2.0828e-17	0.130815	0.664659	1.48108	1.61661	615	0	0.215361	0	20	20
0.008828	0.000973083	1523.67	4.47296e-05	1.79268e-17	0.126316	0.648248	1.48052	1.61661	615	0	0.215531	0	20	20
0.00882911	0.000974097	1525.53	4.10032e-05	1.54298e-17	0.121971	0.632243	1.47996	1.61661	615	0	0.2157	0	20	20
0.00883023	0.000975103	1527.37	3.75873e-05	1.32805e-17	0.117776	0.616633	1.4794	1.61661	615	0	0.215867	0	20	20
0.00883135	0.0009761	1529.19	3.44559e-05	1.14306e-17	0.113725	0.601408	1.47883	1.61661	615	0	0.216034	0	20	20
0.00883246	0.000977089	1531.01	3.15854e-05	9.83845e-18	0.109814	0.586559	1.47827	1.61661	615	0	0.216199	0	20	20
0.00883358	0.00097807	1532.81	2.89541e-05	8.46803e-18	0.106037	0.572077	1.47771	1.61661	615	0	0.216364	0	20	20
0.0088347	0.000979043	1534.6	2.65419e-05	7.2885e-18	0.10239	0.557953	1.47715	1.61661	615	0	0.216527	0	20	20
0.00883582	0.000980008	1536.37	2.43307e-05	6.27327e-18	0.0988679	0.544177	1.47659	1.61661	615	0	0.21669	0	20	20
0.00883693	0.000980966	1538.14	2.23038e-05	5.39946e-18	0.0954673	0.530741	1.47603	1.61661	615	0	0.216852	0	20	20
0.00883805	0.000981916	1539.89	2.04457e-05	4.64735e-18	0.0921838	0.517637	1.47547	1.61661	615	0	0.217013	0	20	20
0.00883917	0.000982859	1541.63	1.87423e-05	4.00001e-18	0.0890132	0.504856	1.47491	1.61661	615	0	0.217173	0	20	20
0.00884028	0.000983794	1543.36	1.71809e-05	3.44284e-18	0.0859516	0.492391	1.47435	1.61661	615	0	0.217333	0	20	20
0.0088414	0.000984723	1545.08	1.57496e-05	2.96328e-18	0.0829953	0.480234	1.47379	1.61661	615	0	0.217491	0	20	20
0.00884252	0.000985645	1546.79	1.44375e-05	2.55052e-18	0.0801407	0.468377	1.47324	1.61661	615	0	0.217649	0	20	20
0.00884363	0.000986559	1548.48	1.32347e-05	2.19525e-18	0.0773843	0.456813	1.47268	1.61661	615	0	0.217807	0	20	20
0.00884475	0.000987467	1550.17	1.21322e-05	1.88947e-18	0.0747227	0.445534	1.47212	1.61661	615	0	0.217963	0	20	20
0.00884587	0.000988369	1551.85	1.11214e-05	1.62628e-18	0.0721527	0.434534	1.47156	1.61661	615	0	0.218119	0	20	20
0.00884698	0.000989264	1553.51	1.01949e-05	1.39976e-18	0.069671	0.423805	1.47101	1.61661	615	0	0.218275	0	20	20
0.0088481	0.000990153	1555.17	9.3456e-06	1.20478e-18	0.0672747	0.413341	1.47045	1.61661	615	0	0.218429	0	20	20
0.00884921	0.000991035	1556.81	8.56702e-06	1.03696e-18	0.0649608	0.403136	1.46989	1.61661	615	0	0.218584	0	20	20
0.00885033	0.000991912	1558.45	7.85331e-06	8.92524e-19	0.0627265	0.393183	1.46934	1.61661	615	0	0.218737	0	20	20
0.00885144	0.000992782	1560.07	7.19906e-06	7.68203e-19	0.0605691	0.383475	1.46878	1.61661	615	0	0.21889	0	20	20
0.00885256	0.000993647	1561.69	6.59931e-06	6.61198e-19	0.0584858	0.374007	1.46823	1.61661	615	0	0.219043	0	20	20
0.00885367	0.000994506	1563.3	6.04953e-06	5.69098e-19	0.0564742	0.364773	1.46768	1.61661	615	0	0.219195	0	20	20
0.00885478	0.000995359	1564.9	5.54555e-06	4.89828e-19	0.0545318	0.355766	1.46712	1.61661	615	0	0.219347	0	20	20
0.0088559	0.000996206	1566.49	5.08355e-06	4.21598e-19	0.0526562	0.346982	1.46657	1.61661	615	0	0.219498	0	20	20
0.00885701	0.000997049	1568.07	4.66005e-06	3.62873e-19	0.0508451	0.338415	1.46602	1.61661	615	0	0.219649	0	20	20
0.00885812	0.000997886	1569.64	4.27182e-06	3.12328e-19	0.0490963	0.33006	1.46546	1.61661	615	0	0.219799	0	20	20
0.00885923	0.000998717	1571.21	3.91594e-06	2.68823e-19	0.0474077	0.321911	1.46491	1.61661	615	0	0.219949	0	20	20
0.00886034	0.000999544	1572.76	3.58971e-06	2.31378e-19	0.0457771	0.313963	1.46436	1.61661	615	0	0.220099	0	20	20
0.00886145	0.00100037	1574.31	3.29065e-06	1.99149e-19	0.0442026	0.306211	1.46381	1.61661	615	0	0.220248	0	20	20
0.00886256	0.00100118	1575.85	3.01651e-06	1.71409e-19	0.0426823	0.298651	1.46326	1.61661	615	0	0.220397	0	20	20
0.00886367	0.00100199	1577.38	2.76521e-06	1.47533e-19	0.0412143	0.291277	1.46271	1.61661	615	0	0.220546	0	20	20
0.00886478	0.0010028	1578.91	2.53484e-06	1.26983e-19	0.0397967	0.284085	1.46217	1.61661	615	0	0.220694	0	20	20
0.00886588	0.0010036	1580.43	2.32366e-06	1.09295e-19	0.0384279	0.277071	1.46162	1.61661	615	0	0.220842	0	20	20
