0.00890634	
0.00502643	
0.00362876	
0.00295523	
0.00250028	
0.00214301	
0.00183435	
0.00156166	
0.00134224	
0.00119939	
0.00115315	
0.00117956	
0.001268	
0.0014012	
0.00157469	
0.00178347	
0.00203129	
0.00232847	
0.00268502	
0.0031177	
0.00364097	
0.00427718	
0.00504227	
0.00595162	
0.00699916	
0.00816498	
0.00942892	
0.0107807	
0.0122053	
0.0136781	
0.0151652	
0.0166248	
0.0179995	
0.0192192	
0.0201986	
0.0208319	
0.0210204	
0.0207141	
0.0199466	
0.0188317	
0.0175316	
0.0162012	
0.0149551	
0.0138538	
0.0129158	
0.0121353	
0.0114949	
0.010974	
0.0105532	
0.010215	
0.00994497	
0.00973103	
0.0095633	
0.00943366	
0.00933541	
0.00926298	
0.00921172	
0.00917771	
0.00915762	
0.00914862	
0.00914829	
0.00915456	
0.00916564	
0.00918002	
0.00919642	
0.00928962	
0.00949543	
0.00965977	
0.00978609	
0.00987855	
0.00994163	
0.0099798	
0.00999727	
