0.00866132	0.000693393	1101	184.5	76.5	0	0	1.56764	1.61661	615	0	0.149314	0	20	20
0.00882898	0.000722672	1167.47	184.474	76.4694	48.3298	16.2869	1.48002	1.61661	615	0	-0.441847	0	20	20
0.00900694	0.000788476	1297.07	184.448	76.4339	141.724	48.0766	1.39402	1.61661	615	0	-1.4483	0	20	20
0.00906961	0.000858406	1421.66	184.421	76.3927	232.019	79.1196	1.36532	1.61661	615	0	-2.23128	0	20	20
0.00907096	0.000929553	1541.01	184.394	76.3448	319.316	109.432	1.36471	1.61661	615	0	-2.85186	0	20	20
0.0090396	0.00100053	1655.45	184.366	76.2893	403.714	139.032	1.37896	1.61661	615	0	-3.35406	0	20	20
0.0089901	0.00107078	1765.5	184.338	76.2249	485.318	167.938	1.40187	1.61661	615	0	-3.76933	0	20	20
0.00893014	0.00114012	1871.66	184.309	76.1502	564.231	196.169	1.4303	1.61661	615	0	-4.11955	0	20	20
0.00886402	0.00120848	1974.33	184.28	76.0636	640.559	223.747	1.46254	1.61661	615	0	-4.42006	0	20	20
0.0087943	0.00127586	2073.8	184.25	75.9633	714.41	250.694	1.4976	1.61661	615	0	-4.68177	0	20	20
0.00872253	0.00134223	2170.3	184.219	75.847	785.899	277.036	1.53487	1.61661	615	0	-4.91268	0	20	20
0.00864971	0.00140762	2264.01	184.188	75.7124	855.143	302.8	1.57396	1.61661	615	0	-5.11878	0	20	20
0.00857649	0.00147205	2355.11	184.157	75.5566	922.263	328.015	1.61463	1.61661	615	0	-5.30463	0	20	20
0.00850326	0.00153554	2443.75	184.124	75.3764	987.389	352.714	1.6567	1.61661	615	0	-5.47381	0	20	20
0.00843028	0.00159817	2530.08	184.092	75.1681	1050.66	376.933	1.7001	1.61661	615	0	-5.6292	0	20	20
0.00835769	0.00165999	2614.29	184.058	74.9275	1112.21	400.709	1.74478	1.61661	615	0	-5.77308	0	20	20
0.00828556	0.0017211	2696.54	184.024	74.6499	1172.19	424.084	1.79075	1.61661	615	0	-5.90733	0	20	20
0.00821387	0.00178159	2777.04	183.989	74.33	1230.77	447.106	1.83805	1.61661	615	0	-6.03351	0	20	20
0.00814258	0.0018416	2855.98	183.954	73.9617	1288.12	469.823	1.88675	1.61661	615	0	-6.15294	0	20	20
0.00807161	0.00190126	2933.59	183.918	73.5383	1344.41	492.29	1.93696	1.61661	615	0	-6.26674	0	20	20
0.00800083	0.00196072	3010.1	183.882	73.0526	1399.83	514.562	1.98882	1.61661	615	0	-6.37589	0	20	20
0.00793011	0.00202017	3085.74	183.844	72.4961	1454.57	536.702	2.0425	1.61661	615	0	-6.48122	0	20	20
0.00785929	0.00207978	3160.79	183.806	71.8602	1508.85	558.772	2.09821	1.61661	615	0	-6.58348	0	20	20
0.00778821	0.00213975	3235.48	183.768	71.1353	1562.85	580.837	2.15619	1.61661	615	0	-6.68333	0	20	20
0.00771668	0.00220028	3310.09	183.728	70.3111	1616.78	602.963	2.21671	1.61661	615	0	-6.78134	0	20	20
0.00764454	0.00226156	3384.85	183.688	69.3773	1670.84	625.215	2.28006	1.61661	615	0	-6.87802	0	20	20
0.00757163	0.0023238	3459.99	183.647	68.323	1725.21	647.652	2.34656	1.61661	615	0	-6.97381	0	20	20
0.0074978	0.00238716	3535.73	183.606	67.1377	1780.06	670.328	2.41656	1.61661	615	0	-7.06908	0	20	20
0.00742296	0.0024518	3612.22	183.563	65.8111	1835.5	693.287	2.4904	1.61661	615	0	-7.1641	0	20	20
0.00734704	0.00251782	3689.57	183.52	64.3342	1891.63	716.556	2.5684	1.61661	615	0	-7.25909	0	20	20
0.00727002	0.00258526	3767.81	183.476	62.6995	1948.47	740.147	2.6509	1.61661	615	0	-7.35415	0	20	20
0.00719199	0.0026541	3846.87	183.431	60.9015	2005.99	764.044	2.73813	1.61661	615	0	-7.44932	0	20	20
0.00711308	0.00272422	3926.58	183.386	58.9379	2064.05	788.207	2.83027	1.61661	615	0	-7.54449	0	20	20
0.00703353	0.0027954	4006.66	183.339	56.8097	2122.44	812.561	2.92739	1.61661	615	0	-7.63949	0	20	20
0.00695369	0.0028673	4086.69	183.292	54.5225	2180.85	836.998	3.02939	1.61661	615	0	-7.73401	0	20	20
0.00687398	0.00293947	4166.11	183.244	52.086	2238.85	861.376	3.13599	1.61661	615	0	-7.82765	0	20	20
0.00679494	0.00301131	4244.25	183.195	49.5151	2295.93	885.518	3.2467	1.61661	615	0	-7.91993	0	20	20
0.00671718	0.00308216	4320.31	183.145	46.8297	2351.5	909.216	3.36077	1.61661	615	0	-8.01028	0	20	20
0.00664136	0.00315123	4393.45	183.094	44.0538	2404.89	932.242	3.47719	1.61661	615	0	-8.0981	0	20	20
0.00656818	0.00321768	4462.73	183.042	41.2153	2455.42	954.351	3.59472	1.61661	615	0	-8.18274	0	20	20
0.00649833	0.00328067	4527.26	182.989	38.3448	2502.39	975.297	3.71189	1.61661	615	0	-8.26357	0	20	20
0.00643248	0.00333936	4586.15	182.935	35.4743	2545.13	994.842	3.82706	1.61661	615	0	-8.34	0	20	20
0.00637123	0.00339297	4638.63	182.881	32.6358	2583.05	1012.77	3.93849	1.61661	615	0	-8.41148	0	20	20
0.00631509	0.00344083	4684.02	182.825	29.8599	2615.64	1028.89	4.04446	1.61661	615	0	-8.47755	0	20	20
0.00626446	0.00348238	4721.83	182.768	27.1745	2642.52	1043.06	4.14332	1.61661	615	0	-8.53786	0	20	20
0.00621962	0.00351725	4751.72	182.71	24.6037	2663.45	1055.18	4.2336	1.61661	615	0	-8.59215	0	20	20
0.00618069	0.00354519	4773.56	182.652	22.1672	2678.31	1065.19	4.31409	1.61661	615	0	-8.64027	0	20	20
0.00614757	0.0035662	4787.36	182.592	19.8799	2687.12	1073.08	4.3842	1.61661	615	0	-8.68256	0	20	20
0.0061202	0.00358034	4793.31	182.531	17.7517	2690.04	1078.87	4.44328	1.61661	615	0	-8.71895	0	20	20
0.00609844	0.0035878	4791.73	182.469	15.7881	2687.3	1082.65	4.49101	1.61661	615	0	-8.74945	0	20	20
0.00608029	0.00358955	4783.07	182.405	13.9901	2679.26	1084.5	4.53134	1.61661	615	0	-8.75302	0	20	20
0.00606535	0.00358605	4767.85	182.341	12.3554	2666.29	1084.54	4.56491	1.61661	615	0	-8.72939	0	20	20
0.00605329	0.00357774	4746.64	182.275	10.8785	2648.83	1082.92	4.59226	1.61661	615	0	-8.68101	0	20	20
0.00604384	0.00356507	4720.05	182.209	9.55195	2627.35	1079.76	4.61383	1.61661	615	0	-8.61038	0	20	20
0.00603669	0.00354851	4688.68	182.141	8.36659	2602.28	1075.22	4.63025	1.61661	615	0	-8.5202	0	20	20
0.00603163	0.00352848	4653.1	182.071	7.31231	2574.09	1069.44	4.64191	1.61661	615	0	-8.41288	0	20	20
0.00602836	0.00350544	4613.88	182.001	6.37848	2543.19	1062.56	4.64946	1.61661	615	0	-8.29103	0	20	20
0.0060267	0.00347975	4571.53	181.929	5.55436	2509.99	1054.71	4.6533	1.61661	615	0	-8.15687	0	20	20
0.00602641	0.0034518	4526.52	181.856	4.8294	2474.85	1046	4.65399	1.61661	615	0	-8.01262	0	20	20
0.00602729	0.00342193	4479.3	181.782	4.19349	2438.11	1036.56	4.65193	1.61661	615	0	-7.8602	0	20	20
0.0060292	0.00339043	4430.26	181.706	3.63707	2400.06	1026.49	4.64751	1.61661	615	0	-7.70131	0	20	20
0.00603195	0.00335759	4379.72	181.629	3.15127	2360.97	1015.86	4.64116	1.61661	615	0	-7.53757	0	20	20
0.00603544	0.00332361	4328	181.551	2.72794	2321.07	1004.77	4.63312	1.61661	615	0	-7.37021	0	20	20
0.00603953	0.00328873	4275.36	181.471	2.35965	2280.56	993.28	4.6237	1.61661	615	0	-7.20044	0	20	20
0.00604414	0.00325312	4222.02	181.389	2.03971	2239.61	981.454	4.61315	1.61661	615	0	-7.02924	0	20	20
0.00604918	0.00321692	4168.19	181.307	1.76213	2198.38	969.347	4.60162	1.61661	615	0	-6.85739	0	20	20
0.00605453	0.0031803	4114.02	181.222	1.52155	2156.99	957.005	4.58944	1.61661	615	0	-6.68572	0	20	20
0.00606018	0.00314334	4059.67	181.136	1.31324	2115.55	944.469	4.57661	1.61661	615	0	-6.5147	0	20	20
0.00606608	0.00310615	4005.25	181.049	1.13301	2074.15	931.773	4.56327	1.61661	615	0	-6.3448	0	20	20
0.00607215	0.0030688	3950.87	180.96	0.977206	2032.87	918.947	4.54958	1.61661	615	0	-6.17649	0	20	20
0.00607841	0.00303137	3896.6	180.87	0.842585	1991.76	906.018	4.53555	1.61661	615	0	-6.01001	0	20	20
0.0060848	0.00299392	3842.52	180.778	0.726331	1950.89	893.008	4.52129	1.61661	615	0	-5.84566	0	20	20
0.00609129	0.00295649	3788.7	180.684	0.625985	1910.3	879.936	4.50685	1.61661	615	0	-5.68365	0	20	20
0.00609788	0.00291912	3735.17	180.588	0.539403	1870.01	866.82	4.49223	1.61661	615	0	-5.5241	0	20	20
0.00610455	0.00288185	3681.99	180.491	0.464724	1830.07	853.673	4.47753	1.61661	615	0	-5.36719	0	20	20
0.00611129	0.00284471	3629.18	180.392	0.400329	1790.49	840.509	4.46274	1.61661	615	0	-5.21299	0	20	20
0.00611811	0.00280771	3576.78	180.292	0.344818	1751.29	827.338	4.44784	1.61661	615	0	-5.06155	0	20	20
0.00612497	0.00277089	3524.81	180.189	0.296973	1712.49	814.171	4.43291	1.61661	615	0	-4.91296	0	20	20
0.00613189	0.00273425	3473.28	180.085	0.255745	1674.1	801.015	4.41792	1.61661	615	0	-4.76723	0	20	20
0.00613888	0.00269781	3422.22	179.979	0.220224	1636.12	787.88	4.40284	1.61661	615	0	-4.62436	0	20	20
0.00614591	0.00266158	3371.65	179.871	0.189625	1598.58	774.771	4.38774	1.61661	615	0	-4.4844	0	20	20
0.00615301	0.00262558	3321.56	179.761	0.163268	1561.47	761.696	4.37257	1.61661	615	0	-4.34733	0	20	20
0.00616019	0.0025898	3271.97	179.649	0.140567	1524.8	748.66	4.3573	1.61661	615	0	-4.21313	0	20	20
0.00616743	0.00255427	3222.9	179.536	0.121018	1488.58	735.669	4.34197	1.61661	615	0	-4.08181	0	20	20
0.00617475	0.00251899	3174.35	179.42	0.104184	1452.8	722.728	4.32656	1.61661	615	0	-3.95337	0	20	20
0.00618216	0.00248395	3126.32	179.302	0.0896893	1417.47	709.842	4.31102	1.61661	615	0	-3.82774	0	20	20
0.00618966	0.00244918	3078.83	179.182	0.0772089	1382.59	697.016	4.29536	1.61661	615	0	-3.70493	0	20	20
0.00619724	0.00241468	3031.89	179.06	0.0664636	1348.17	684.254	4.27961	1.61661	615	0	-3.58495	0	20	20
0.00620494	0.00238045	2985.49	178.936	0.0572127	1314.2	671.561	4.2637	1.61661	615	0	-3.46773	0	20	20
0.00621277	0.00234649	2939.65	178.809	0.0492485	1280.7	658.941	4.24761	1.61661	615	0	-3.35324	0	20	20
0.0062207	0.00231283	2894.37	178.681	0.0423924	1247.65	646.399	4.23138	1.61661	615	0	-3.2415	0	20	20
0.00622876	0.00227946	2849.66	178.55	0.0364903	1215.07	633.939	4.21497	1.61661	615	0	-3.13246	0	20	20
0.00623697	0.00224639	2805.53	178.417	0.0314096	1182.95	621.564	4.19836	1.61661	615	0	-3.02609	0	20	20
0.00624533	0.00221362	2761.98	178.282	0.027036	1151.31	609.28	4.18152	1.61661	615	0	-2.92236	0	20	20
0.00625384	0.00218117	2719.02	178.144	0.0232712	1120.13	597.09	4.16447	1.61661	615	0	-2.82127	0	20	20
0.0062625	0.00214904	2676.66	178.004	0.0200306	1089.43	584.998	4.14721	1.61661	615	0	-2.72278	0	20	20
0.00627134	0.00211724	2634.9	177.861	0.0172411	1059.21	573.009	4.1297	1.61661	615	0	-2.62687	0	20	20
0.00628037	0.00208578	2593.76	177.716	0.01484	1029.47	561.128	4.11193	1.61661	615	0	-2.5335	0	20	20
0.00628958	0.00205467	2553.25	177.569	0.0127733	1000.21	549.357	4.09388	1.61661	615	0	-2.44265	0	20	20
0.00629898	0.00202391	2513.36	177.419	0.0109943	971.441	537.701	4.07558	1.61661	615	0	-2.35431	0	20	20
0.00630857	0.00199352	2474.11	177.266	0.00946308	943.165	526.165	4.05703	1.61661	615	0	-2.26845	0	20	20
0.00631836	0.00196351	2435.51	177.111	0.00814509	915.386	514.753	4.03819	1.61661	615	0	-2.18504	0	20	20
0.00632836	0.00193389	2397.57	176.953	0.00701065	888.108	503.469	4.01907	1.61661	615	0	-2.10405	0	20	20
0.00633858	0.00190466	2360.3	176.793	0.0060342	861.337	492.317	3.99967	1.61661	615	0	-2.02545	0	20	20
0.00634902	0.00187584	2323.69	176.629	0.00519374	835.075	481.301	3.97998	1.61661	615	0	-1.94923	0	20	20
0.00635967	0.00184744	2287.78	176.463	0.00447034	809.329	470.426	3.96002	1.61661	615	0	-1.87535	0	20	20
0.00637054	0.00181947	2252.55	176.294	0.00384768	784.103	459.695	3.93978	1.61661	615	0	-1.80379	0	20	20
0.00638162	0.00179194	2218.03	176.122	0.00331176	759.403	449.114	3.91929	1.61661	615	0	-1.73453	0	20	20
0.0063929	0.00176487	2184.23	175.948	0.00285047	735.232	438.686	3.89857	1.61661	615	0	-1.66754	0	20	20
0.0064044	0.00173827	2151.14	175.77	0.00245344	711.598	428.415	3.87762	1.61661	615	0	-1.60279	0	20	20
0.0064161	0.00171216	2118.79	175.589	0.0021117	688.504	418.305	3.85644	1.61661	615	0	-1.54025	0	20	20
0.00642799	0.00168653	2087.17	175.406	0.00181757	665.957	408.361	3.83508	1.61661	615	0	-1.47989	0	20	20
0.00644006	0.00166141	2056.31	175.219	0.0015644	643.961	398.587	3.81355	1.61661	615	0	-1.42169	0	20	20
0.00645231	0.00163682	2026.21	175.029	0.00134649	622.522	388.986	3.79189	1.61661	615	0	-1.36561	0	20	20
0.0064647	0.00161276	1996.87	174.836	0.00115894	601.645	379.563	3.77012	1.61661	615	0	-1.31164	0	20	20
0.00647722	0.00158925	1968.31	174.64	0.000997512	581.335	370.322	3.74829	1.61661	615	0	-1.25973	0	20	20
0.00648985	0.00156631	1940.54	174.44	0.000858568	561.599	361.266	3.72645	1.61661	615	0	-1.20988	0	20	20
0.00650257	0.00154394	1913.56	174.237	0.000738977	542.441	352.4	3.70464	1.61661	615	0	-1.16203	0	20	20
0.00651533	0.00152217	1887.38	174.031	0.000636045	523.865	343.727	3.68291	1.61661	615	0	-1.11618	0	20	20
0.0065281	0.001501	1862.02	173.821	0.000547449	505.879	335.251	3.66134	1.61661	615	0	-1.07228	0	20	20
0.00654084	0.00148046	1837.47	173.608	0.000471194	488.486	326.976	3.63999	1.61661	615	0	-1.03032	0	20	20
0.00655352	0.00146055	1813.74	173.392	0.000405561	471.684	318.903	3.6189	1.61661	615	0	-0.990253	0	20	20
0.00656613	0.00144126	1790.81	173.172	0.00034907	455.461	311.029	3.59808	1.61661	615	0	-0.951991	0	20	20
0.0065787	0.00142257	1768.65	172.948	0.000300448	439.796	303.35	3.5775	1.61661	615	0	-0.915445	0	20	20
0.00659122	0.00140446	1747.24	172.721	0.000258598	424.669	295.86	3.55716	1.61661	615	0	-0.880525	0	20	20
0.0066037	0.00138691	1726.55	172.49	0.000222577	410.063	288.555	3.53703	1.61661	615	0	-0.84715	0	20	20
0.00661615	0.00136991	1706.56	172.255	0.000191574	395.959	281.431	3.51709	1.61661	615	0	-0.81524	0	20	20
0.00662858	0.00135343	1687.26	172.016	0.000164889	382.34	274.482	3.49734	1.61661	615	0	-0.78472	0	20	20
0.006641	0.00133746	1668.6	171.774	0.000141922	369.189	267.705	3.47776	1.61661	615	0	-0.755521	0	20	20
0.00665341	0.00132198	1650.59	171.528	0.000122153	356.491	261.095	3.45834	1.61661	615	0	-0.727578	0	20	20
0.0066658	0.00130698	1633.19	171.277	0.000105138	344.23	254.649	3.43908	1.61661	615	0	-0.70083	0	20	20
0.00667821	0.00129244	1616.38	171.023	9.04933e-05	332.39	248.362	3.41996	1.61661	615	0	-0.675213	0	20	20
0.00669062	0.00127835	1600.15	170.765	7.78883e-05	320.958	242.23	3.40096	1.61661	615	0	-0.65067	0	20	20
0.00670305	0.0012647	1584.47	170.503	6.70391e-05	309.919	236.249	3.38208	1.61661	615	0	-0.627147	0	20	20
0.0067155	0.00125146	1569.33	170.236	5.77011e-05	299.259	230.416	3.3633	1.61661	615	0	-0.604595	0	20	20
0.00672798	0.00123863	1554.72	169.966	4.96638e-05	288.966	224.727	3.34462	1.61661	615	0	-0.582964	0	20	20
0.00674047	0.00122619	1540.61	169.691	4.2746e-05	279.027	219.178	3.32606	1.61661	615	0	-0.562217	0	20	20
0.00675299	0.00121413	1526.99	169.411	3.67919e-05	269.43	213.767	3.30759	1.61661	615	0	-0.542302	0	20	20
0.00676556	0.00120244	1513.84	169.128	3.1667e-05	260.163	208.489	3.28919	1.61661	615	0	-0.52318	0	20	20
0.00677817	0.0011911	1501.15	168.84	2.72561e-05	251.215	203.341	3.27087	1.61661	615	0	-0.504811	0	20	20
0.00679082	0.00118011	1488.9	168.548	2.34595e-05	242.575	198.321	3.25262	1.61661	615	0	-0.487158	0	20	20
0.00680351	0.00116945	1477.08	168.251	2.01918e-05	234.231	193.424	3.23446	1.61661	615	0	-0.470193	0	20	20
0.00681624	0.00115912	1465.67	167.949	1.73792e-05	226.175	188.649	3.21636	1.61661	615	0	-0.453877	0	20	20
0.00682903	0.00114909	1454.67	167.644	1.49585e-05	218.396	183.991	3.19833	1.61661	615	0	-0.438179	0	20	20
0.00684187	0.00113937	1444.05	167.333	1.28749e-05	210.884	179.448	3.18035	1.61661	615	0	-0.423067	0	20	20
0.00685476	0.00112994	1433.81	167.018	1.10815e-05	203.631	175.017	3.16244	1.61661	615	0	-0.408517	0	20	20
0.0068677	0.0011208	1423.93	166.697	9.53793e-06	196.627	170.696	3.1446	1.61661	615	0	-0.394503	0	20	20
0.0068807	0.00111192	1414.41	166.373	8.20938e-06	189.864	166.482	3.12682	1.61661	615	0	-0.380995	0	20	20
0.00689376	0.00110332	1405.22	166.043	7.06588e-06	183.334	162.371	3.10908	1.61661	615	0	-0.36797	0	20	20
0.00690686	0.00109496	1396.36	165.708	6.08166e-06	177.028	158.362	3.09141	1.61661	615	0	-0.355407	0	20	20
0.00692002	0.00108686	1387.82	165.369	5.23453e-06	170.94	154.452	3.07381	1.61661	615	0	-0.343284	0	20	20
0.00693324	0.001079	1379.59	165.024	4.5054e-06	165.06	150.639	3.05627	1.61661	615	0	-0.331579	0	20	20
0.00694651	0.00107137	1371.66	164.675	3.87783e-06	159.383	146.92	3.03878	1.61661	615	0	-0.320271	0	20	20
0.00695983	0.00106397	1364.02	164.32	3.33768e-06	153.901	143.292	3.02137	1.61661	615	0	-0.309346	0	20	20
0.00697321	0.00105678	1356.65	163.96	2.87277e-06	148.608	139.754	3.00402	1.61661	615	0	-0.298784	0	20	20
0.00698663	0.0010498	1349.55	163.595	2.47262e-06	143.496	136.304	2.98673	1.61661	615	0	-0.288565	0	20	20
0.00700011	0.00104303	1342.72	163.225	2.1282e-06	138.561	132.938	2.96952	1.61661	615	0	-0.278677	0	20	20
0.00701362	0.00103646	1336.14	162.849	1.83176e-06	133.795	129.656	2.95239	1.61661	615	0	-0.269105	0	20	20
0.00702718	0.00103008	1329.8	162.468	1.57661e-06	129.193	126.455	2.93533	1.61661	615	0	-0.259832	0	20	20
0.00704079	0.00102388	1323.69	162.082	1.357e-06	124.75	123.333	2.91834	1.61661	615	0	-0.250845	0	20	20
0.00705442	0.00101787	1317.82	161.69	1.16798e-06	120.459	120.288	2.90145	1.61661	615	0	-0.242134	0	20	20
0.00706809	0.00101203	1312.17	161.293	1.00529e-06	116.316	117.318	2.88465	1.61661	615	0	-0.233684	0	20	20
0.0070818	0.00100636	1306.72	160.89	8.65262e-07	112.315	114.421	2.86793	1.61661	615	0	-0.225482	0	20	20
0.00709553	0.00100085	1301.49	160.482	7.44738e-07	108.452	111.596	2.85132	1.61661	615	0	-0.217522	0	20	20
0.00710928	0.000995504	1296.45	160.068	6.41002e-07	104.722	108.841	2.8348	1.61661	615	0	-0.20979	0	20	20
0.00712305	0.00099031	1291.61	159.649	5.51715e-07	101.12	106.153	2.81839	1.61661	615	0	-0.202275	0	20	20
0.00713684	0.000985267	1286.96	159.223	4.74866e-07	97.6422	103.533	2.80209	1.61661	615	0	-0.194971	0	20	20
0.00715063	0.000980369	1282.48	158.792	4.08721e-07	94.2838	100.976	2.78591	1.61661	615	0	-0.187868	0	20	20
0.00716442	0.000975611	1278.18	158.356	3.51789e-07	91.041	98.4832	2.76985	1.61661	615	0	-0.180957	0	20	20
0.00717821	0.000970992	1274.04	157.913	3.02788e-07	87.9097	96.0516	2.75392	1.61661	615	0	-0.174233	0	20	20
0.00719199	0.000966506	1270.07	157.465	2.60612e-07	84.8861	93.6801	2.73813	1.61661	615	0	-0.167687	0	20	20
0.00720575	0.000962149	1266.26	157.011	2.24311e-07	81.9664	91.3671	2.72247	1.61661	615	0	-0.161311	0	20	20
0.00721949	0.000957918	1262.6	156.551	1.93066e-07	79.1472	89.1113	2.70695	1.61661	615	0	-0.155101	0	20	20
0.0072332	0.00095381	1259.08	156.085	1.66173e-07	76.425	86.9111	2.69159	1.61661	615	0	-0.149049	0	20	20
0.00724688	0.000949821	1255.71	155.613	1.43027e-07	73.7964	84.7653	2.67638	1.61661	615	0	-0.143149	0	20	20
0.00726051	0.000945948	1252.47	155.135	1.23104e-07	71.2582	82.6724	2.66133	1.61661	615	0	-0.137397	0	20	20
0.00727409	0.000942187	1249.36	154.65	1.05957e-07	68.8073	80.6312	2.64645	1.61661	615	0	-0.131789	0	20	20
0.00728762	0.000938537	1246.38	154.16	9.11979e-08	66.4407	78.6404	2.63174	1.61661	615	0	-0.126319	0	20	20
0.00730107	0.000934994	1243.53	153.664	7.84948e-08	64.1555	76.6988	2.61722	1.61661	615	0	-0.120984	0	20	20
0.00731446	0.000931555	1240.79	153.162	6.75611e-08	61.9489	74.8051	2.60288	1.61661	615	0	-0.11578	0	20	20
0.00732776	0.000928219	1238.17	152.653	5.81504e-08	59.8182	72.9581	2.58873	1.61661	615	0	-0.110703	0	20	20
0.00734097	0.000924982	1235.66	152.139	5.00505e-08	57.7608	71.1568	2.57478	1.61661	615	0	-0.105752	0	20	20
0.00735408	0.000921842	1233.25	151.618	4.30789e-08	55.7741	69.3999	2.56103	1.61661	615	0	-0.100922	0	20	20
0.00736708	0.000918798	1230.95	151.091	3.70783e-08	53.8558	67.6864	2.5475	1.61661	615	0	-0.096212	0	20	20
0.00737996	0.000915846	1228.74	150.558	3.19136e-08	52.0034	66.0153	2.53418	1.61661	615	0	-0.0916205	0	20	20
0.00739271	0.000912986	1226.63	150.018	2.74683e-08	50.2148	64.3853	2.52109	1.61661	615	0	-0.0871451	0	20	20
0.00740533	0.000910214	1224.61	149.472	2.36422e-08	48.4877	62.7956	2.50823	1.61661	615	0	-0.0827832	0	20	20
0.0074178	0.000907529	1222.68	148.92	2.0349e-08	46.82	61.2452	2.4956	1.61661	615	0	-0.0785346	0	20	20
0.00743011	0.000904929	1220.83	148.362	1.75146e-08	45.2096	59.7331	2.48321	1.61661	615	0	-0.0743968	0	20	20
0.00744227	0.000902412	1219.07	147.798	1.50749e-08	43.6547	58.2583	2.47107	1.61661	615	0	-0.0703689	0	20	20
0.00745425	0.000899976	1217.38	147.227	1.29751e-08	42.1532	56.8199	2.45917	1.61661	615	0	-0.0664505	0	20	20
0.00746606	0.000897619	1215.77	146.65	1.11678e-08	40.7033	55.417	2.44752	1.61661	615	0	-0.0626399	0	20	20
0.00747767	0.000895341	1214.23	146.066	9.61219e-09	39.3034	54.0487	2.43613	1.61661	615	0	-0.058938	0	20	20
0.0074891	0.000893138	1212.76	145.477	8.27329e-09	37.9515	52.7142	2.425	1.61661	615	0	-0.0553425	0	20	20
0.00750032	0.00089101	1211.35	144.881	7.12089e-09	36.6462	51.4127	2.41413	1.61661	615	0	-0.0518531	0	20	20
0.00751134	0.000888954	1210.01	144.278	6.129e-09	35.3858	50.1433	2.40352	1.61661	615	0	-0.0484697	0	20	20
0.00752215	0.000886969	1208.73	143.67	5.27528e-09	34.1687	48.9053	2.39318	1.61661	615	0	-0.0451902	0	20	20
0.00753274	0.000885053	1207.51	143.055	4.54048e-09	32.9935	47.6978	2.38309	1.61661	615	0	-0.0420135	0	20	20
0.00754312	0.000883203	1206.34	142.434	3.90803e-09	31.8587	46.5202	2.37327	1.61661	615	0	-0.0389385	0	20	20
0.00755327	0.000881419	1205.23	141.807	3.36367e-09	30.7629	45.3716	2.36371	1.61661	615	0	-0.0359641	0	20	20
0.0075632	0.000879699	1204.16	141.173	2.89514e-09	29.7048	44.2513	2.35442	1.61661	615	0	-0.0330893	0	20	20
0.00757291	0.00087804	1203.15	140.534	2.49187e-09	28.6832	43.1588	2.34537	1.61661	615	0	-0.0303125	0	20	20
0.00758239	0.000876441	1202.18	139.888	2.14477e-09	27.6966	42.0932	2.33659	1.61661	615	0	-0.0276324	0	20	20
0.00759164	0.0008749	1201.25	139.236	1.84602e-09	26.744	41.0539	2.32805	1.61661	615	0	-0.0250473	0	20	20
0.00760067	0.000873415	1200.37	138.578	1.58888e-09	25.8241	40.0403	2.31977	1.61661	615	0	-0.0225555	0	20	20
0.00760947	0.000871985	1199.53	137.913	1.36757e-09	24.9359	39.0517	2.31173	1.61661	615	0	-0.0201549	0	20	20
0.00761805	0.000870607	1198.72	137.243	1.17707e-09	24.0783	38.0875	2.30393	1.61661	615	0	-0.0178435	0	20	20
0.00762641	0.00086928	1197.95	136.567	1.01312e-09	23.2501	37.1471	2.29636	1.61661	615	0	-0.0156191	0	20	20
0.00763454	0.000868002	1197.21	135.885	8.71998e-10	22.4504	36.2299	2.28903	1.61661	615	0	-0.0134794	0	20	20
0.00764247	0.000866771	1196.51	135.197	7.50536e-10	21.6783	35.3354	2.28191	1.61661	615	0	-0.0114218	0	20	20
0.00765018	0.000865586	1195.83	134.502	6.45992e-10	20.9326	34.463	2.27502	1.61661	615	0	-0.00944395	0	20	20
0.00765768	0.000864444	1195.18	133.803	5.56011e-10	20.2127	33.6121	2.26834	1.61661	615	0	-0.00754314	0	20	20
0.00766499	0.000863344	1194.56	133.097	4.78563e-10	19.5175	32.7822	2.26186	1.61661	615	0	-0.00571671	0	20	20
0.00767209	0.000862284	1193.97	132.385	4.11903e-10	18.8462	31.9728	2.25558	1.61661	615	0	-0.00396194	0	20	20
0.007679	0.000861262	1193.4	131.668	3.54528e-10	18.198	31.1834	2.2495	1.61661	615	0	-0.00227609	0	20	20
0.00768573	0.000860277	1192.85	130.945	3.05145e-10	17.5721	30.4135	2.2436	1.61661	615	0	-0.000656382	0	20	20
0.00769227	0.000859327	1192.33	130.217	2.62641e-10	16.9677	29.6626	2.23788	1.61661	615	0	0.000899935	0	20	20
0.00769863	0.000858411	1191.82	129.483	2.26057e-10	16.3841	28.9302	2.23234	1.61661	615	0	0.00239562	0	20	20
0.00770482	0.000857527	1191.33	128.744	1.94569e-10	15.8206	28.2159	2.22696	1.61661	615	0	0.00383339	0	20	20
0.00771084	0.000856673	1190.86	127.999	1.67467e-10	15.2764	27.5193	2.22174	1.61661	615	0	0.00521593	0	20	20
0.00771671	0.000855849	1190.41	127.25	1.4414e-10	14.751	26.8398	2.21668	1.61661	615	0	0.0065459	0	20	20
0.00772242	0.000855052	1189.97	126.494	1.24063e-10	14.2436	26.1771	2.21177	1.61661	615	0	0.00782587	0	20	20
0.00772797	0.000854281	1189.55	125.734	1.06782e-10	13.7537	25.5308	2.207	1.61661	615	0	0.00905838	0	20	20
0.00773339	0.000853536	1189.14	124.969	9.1908e-11	13.2807	24.9004	2.20237	1.61661	615	0	0.0102459	0	20	20
0.00773866	0.000852815	1188.74	124.199	7.91059e-11	12.8239	24.2857	2.19788	1.61661	615	0	0.0113908	0	20	20
0.00774379	0.000852116	1188.35	123.424	6.80871e-11	12.3828	23.686	2.1935	1.61661	615	0	0.0124953	0	20	20
0.0077488	0.000851439	1187.98	122.644	5.86031e-11	11.9569	23.1012	2.18926	1.61661	615	0	0.0135618	0	20	20
0.00775368	0.000850782	1187.61	121.859	5.04402e-11	11.5457	22.5309	2.18512	1.61661	615	0	0.0145923	0	20	20
0.00775844	0.000850145	1187.25	121.07	4.34142e-11	11.1486	21.9746	2.1811	1.61661	615	0	0.015589	0	20	20
0.00776309	0.000849526	1186.9	120.276	3.7367e-11	10.7651	21.432	2.17719	1.61661	615	0	0.0165538	0	20	20
0.00776762	0.000848925	1186.56	119.478	3.21621e-11	10.3948	20.9029	2.17338	1.61661	615	0	0.0174885	0	20	20
0.00777204	0.000848341	1186.23	118.676	2.76821e-11	10.0373	20.3868	2.16968	1.61661	615	0	0.0183951	0	20	20
0.00777636	0.000847772	1185.9	117.869	2.38262e-11	9.69209	19.8834	2.16606	1.61661	615	0	0.0192752	0	20	20
0.00778058	0.000847218	1185.58	117.059	2.05074e-11	9.35873	19.3925	2.16254	1.61661	615	0	0.0201304	0	20	20
0.0077847	0.000846678	1185.27	116.244	1.76509e-11	9.03684	18.9137	2.15911	1.61661	615	0	0.0209624	0	20	20
0.00778873	0.000846152	1184.96	115.426	1.51923e-11	8.72602	18.4467	2.15575	1.61661	615	0	0.0217726	0	20	20
0.00779268	0.000845638	1184.65	114.604	1.30761e-11	8.4259	17.9913	2.15249	1.61661	615	0	0.0225624	0	20	20
0.00779653	0.000845137	1184.35	113.778	1.12547e-11	8.13609	17.547	2.14929	1.61661	615	0	0.0233332	0	20	20
0.00780031	0.000844647	1184.05	112.949	9.68703e-12	7.85625	17.1138	2.14618	1.61661	615	0	0.0240862	0	20	20
0.007804	0.000844167	1183.76	112.116	8.3377e-12	7.58604	16.6913	2.14313	1.61661	615	0	0.0248226	0	20	20
0.00780762	0.000843698	1183.47	111.28	7.17633e-12	7.32512	16.2792	2.14015	1.61661	615	0	0.0255435	0	20	20
0.00781116	0.000843239	1183.18	110.442	6.17672e-12	7.07318	15.8772	2.13724	1.61661	615	0	0.0262499	0	20	20
0.00781463	0.000842789	1182.89	109.6	5.31635e-12	6.8299	15.4852	2.13439	1.61661	615	0	0.0269429	0	20	20
0.00781804	0.000842347	1182.61	108.755	4.57583e-12	6.59499	15.1029	2.1316	1.61661	615	0	0.0276234	0	20	20
0.00782138	0.000841914	1182.33	107.908	3.93845e-12	6.36816	14.73	2.12888	1.61661	615	0	0.0282922	0	20	20
0.00782465	0.000841489	1182.05	107.058	3.38986e-12	6.14913	14.3663	2.1262	1.61661	615	0	0.0289502	0	20	20
0.00782787	0.000841071	1181.77	106.205	2.91768e-12	5.93763	14.0116	2.12359	1.61661	615	0	0.0295982	0	20	20
0.00783102	0.00084066	1181.49	105.351	2.51127e-12	5.73341	13.6657	2.12102	1.61661	615	0	0.0302367	0	20	20
0.00783412	0.000840256	1181.21	104.494	2.16147e-12	5.53621	13.3282	2.1185	1.61661	615	0	0.0308666	0	20	20
0.00783716	0.000839859	1180.94	103.635	1.86039e-12	5.34579	12.9992	2.11604	1.61661	615	0	0.0314884	0	20	20
0.00784016	0.000839467	1180.66	102.775	1.60125e-12	5.16193	12.6782	2.11362	1.61661	615	0	0.0321027	0	20	20
0.0078431	0.000839081	1180.39	101.912	1.37821e-12	4.98438	12.3652	2.11124	1.61661	615	0	0.03271	0	20	20
0.00784599	0.000838701	1180.12	101.048	1.18624e-12	4.81295	12.0599	2.10891	1.61661	615	0	0.0333108	0	20	20
0.00784883	0.000838326	1179.84	100.183	1.02101e-12	4.64741	11.7621	2.10662	1.61661	615	0	0.0339056	0	20	20
0.00785163	0.000837956	1179.57	99.3163	8.78787e-13	4.48756	11.4717	2.10436	1.61661	615	0	0.0344948	0	20	20
0.00785438	0.00083759	1179.3	98.4486	7.56379e-13	4.33322	11.1885	2.10215	1.61661	615	0	0.0350787	0	20	20
0.00785709	0.00083723	1179.02	97.5799	6.51022e-13	4.18418	10.9122	2.09998	1.61661	615	0	0.0356578	0	20	20
0.00785976	0.000836873	1178.75	96.7104	5.60339e-13	4.04026	10.6428	2.09784	1.61661	615	0	0.0362323	0	20	20
0.00786239	0.000836521	1178.48	95.8403	4.82289e-13	3.9013	10.3801	2.09573	1.61661	615	0	0.0368025	0	20	20
0.00786498	0.000836172	1178.21	94.9696	4.1511e-13	3.76712	10.1238	2.09366	1.61661	615	0	0.0373688	0	20	20
0.00786754	0.000835828	1177.93	94.0986	3.57288e-13	3.63755	9.87381	2.09162	1.61661	615	0	0.0379313	0	20	20
0.00787006	0.000835487	1177.66	93.2274	3.07521e-13	3.51244	9.63002	2.08962	1.61661	615	0	0.0384902	0	20	20
0.00787254	0.00083515	1177.39	92.3561	2.64686e-13	3.39163	9.39226	2.08764	1.61661	615	0	0.0390459	0	20	20
0.00787499	0.000834816	1177.12	91.4849	2.27817e-13	3.27497	9.16036	2.08569	1.61661	615	0	0.0395983	0	20	20
0.00787741	0.000834485	1176.84	90.614	1.96084e-13	3.16233	8.93419	2.08377	1.61661	615	0	0.0401478	0	20	20
0.0078798	0.000834158	1176.57	89.7435	1.68771e-13	3.05357	8.71361	2.08188	1.61661	615	0	0.0406944	0	20	20
0.00788215	0.000833833	1176.3	88.8735	1.45263e-13	2.94854	8.49847	2.08001	1.61661	615	0	0.0412383	0	20	20
0.00788448	0.000833512	1176.03	88.0043	1.25029e-13	2.84713	8.28864	2.07817	1.61661	615	0	0.0417795	0	20	20
0.00788678	0.000833193	1175.75	87.1359	1.07613e-13	2.7492	8.08399	2.07635	1.61661	615	0	0.0423182	0	20	20
0.00788905	0.000832877	1175.48	86.2686	9.26235e-14	2.65464	7.8844	2.07456	1.61661	615	0	0.0428544	0	20	20
0.00789129	0.000832564	1175.21	85.4024	7.97218e-14	2.56334	7.68973	2.07279	1.61661	615	0	0.0433881	0	20	20
0.00789351	0.000832254	1174.94	84.5375	6.86172e-14	2.47517	7.49987	2.07105	1.61661	615	0	0.0439196	0	20	20
0.0078957	0.000831946	1174.67	83.6741	5.90593e-14	2.39004	7.3147	2.06932	1.61661	615	0	0.0444487	0	20	20
0.00789787	0.000831641	1174.4	82.8123	5.08329e-14	2.30784	7.1341	2.06762	1.61661	615	0	0.0449755	0	20	20
0.00790002	0.000831338	1174.13	81.9523	4.37522e-14	2.22846	6.95796	2.06593	1.61661	615	0	0.0455001	0	20	20
0.00790214	0.000831038	1173.86	81.0941	3.76579e-14	2.15181	6.78616	2.06427	1.61661	615	0	0.0460224	0	20	20
0.00790424	0.00083074	1173.59	80.238	3.24125e-14	2.0778	6.61861	2.06262	1.61661	615	0	0.0465425	0	20	20
0.00790632	0.000830445	1173.32	79.3841	2.78977e-14	2.00634	6.4552	2.06099	1.61661	615	0	0.0470603	0	20	20
0.00790838	0.000830152	1173.05	78.5326	2.40117e-14	1.93733	6.29582	2.05938	1.61661	615	0	0.0475759	0	20	20
0.00791042	0.000829861	1172.78	77.6835	2.06671e-14	1.87069	6.14037	2.05779	1.61661	615	0	0.0480892	0	20	20
0.00791244	0.000829572	1172.52	76.837	1.77883e-14	1.80635	5.98877	2.05622	1.61661	615	0	0.0486002	0	20	20
0.00791444	0.000829286	1172.25	75.9933	1.53106e-14	1.74422	5.84091	2.05466	1.61661	615	0	0.0491089	0	20	20
0.00791642	0.000829002	1171.99	75.1524	1.31779e-14	1.68423	5.69669	2.05312	1.61661	615	0	0.0496152	0	20	20
0.00791839	0.00082872	1171.73	74.3145	1.13423e-14	1.6263	5.55604	2.05159	1.61661	615	0	0.0501192	0	20	20
0.00792033	0.00082844	1171.46	73.4798	9.76244e-15	1.57037	5.41886	2.05008	1.61661	615	0	0.0506207	0	20	20
0.00792226	0.000828163	1171.2	72.6484	8.40261e-15	1.51636	5.28507	2.04858	1.61661	615	0	0.0511198	0	20	20
0.00792418	0.000827888	1170.94	71.8204	7.2322e-15	1.4642	5.15458	2.04709	1.61661	615	0	0.0516164	0	20	20
0.00792608	0.000827615	1170.69	70.9958	6.22481e-15	1.41384	5.02731	2.04562	1.61661	615	0	0.0521104	0	20	20
0.00792796	0.000827344	1170.43	70.175	5.35774e-15	1.36521	4.90319	2.04416	1.61661	615	0	0.0526019	0	20	20
0.00792983	0.000827075	1170.17	69.3578	4.61145e-15	1.31826	4.78213	2.04272	1.61661	615	0	0.0530907	0	20	20
0.00793168	0.000826809	1169.92	68.5446	3.96911e-15	1.27292	4.66406	2.04129	1.61661	615	0	0.0535769	0	20	20
0.00793352	0.000826544	1169.67	67.7353	3.41625e-15	1.22913	4.5489	2.03987	1.61661	615	0	0.0540603	0	20	20
0.00793535	0.000826282	1169.42	66.9302	2.94039e-15	1.18686	4.43659	2.03846	1.61661	615	0	0.0545409	0	20	20
0.00793716	0.000826022	1169.17	66.1293	2.53082e-15	1.14604	4.32705	2.03706	1.61661	615	0	0.0550187	0	20	20
0.00793896	0.000825764	1168.92	65.3327	2.1783e-15	1.10662	4.22021	2.03568	1.61661	615	0	0.0554937	0	20	20
0.00794075	0.000825509	1168.68	64.5405	1.87488e-15	1.06856	4.11602	2.0343	1.61661	615	0	0.0559657	0	20	20
0.00794253	0.000825255	1168.44	63.7528	1.61372e-15	1.03181	4.01439	2.03294	1.61661	615	0	0.0564347	0	20	20
0.00794429	0.000825004	1168.2	62.9698	1.38894e-15	0.996317	3.91528	2.03158	1.61661	615	0	0.0569007	0	20	20
0.00794605	0.000824754	1167.96	62.1914	1.19547e-15	0.962049	3.81861	2.03024	1.61661	615	0	0.0573636	0	20	20
0.00794779	0.000824507	1167.72	61.4179	1.02895e-15	0.92896	3.72433	2.0289	1.61661	615	0	0.0578234	0	20	20
0.00794952	0.000824262	1167.49	60.6493	8.85629e-16	0.897008	3.63237	2.02758	1.61661	615	0	0.05828	0	20	20
0.00795124	0.00082402	1167.26	59.8857	7.62268e-16	0.866156	3.54269	2.02626	1.61661	615	0	0.0587334	0	20	20
0.00795296	0.000823779	1167.03	59.1272	6.5609e-16	0.836365	3.45522	2.02495	1.61661	615	0	0.0591835	0	20	20
0.00795466	0.000823541	1166.8	58.3738	5.64702e-16	0.807599	3.36991	2.02365	1.61661	615	0	0.0596304	0	20	20
0.00795635	0.000823305	1166.58	57.6257	4.86043e-16	0.779822	3.28671	2.02236	1.61661	615	0	0.0600739	0	20	20
0.00795803	0.000823071	1166.36	56.8828	4.18342e-16	0.753	3.20556	2.02108	1.61661	615	0	0.060514	0	20	20
0.00795971	0.000822839	1166.14	56.1454	3.6007e-16	0.727101	3.12641	2.0198	1.61661	615	0	0.0609506	0	20	20
0.00796137	0.000822609	1165.92	55.4134	3.09915e-16	0.702093	3.04922	2.01854	1.61661	615	0	0.0613838	0	20	20
0.00796303	0.000822382	1165.71	54.6869	2.66746e-16	0.677944	2.97393	2.01728	1.61661	615	0	0.0618135	0	20	20
0.00796468	0.000822157	1165.5	53.966	2.29591e-16	0.654627	2.90051	2.01602	1.61661	615	0	0.0622397	0	20	20
0.00796632	0.000821934	1165.29	53.2507	1.97611e-16	0.632111	2.82889	2.01478	1.61661	615	0	0.0626623	0	20	20
0.00796795	0.000821713	1165.09	52.5412	1.70085e-16	0.61037	2.75905	2.01354	1.61661	615	0	0.0630813	0	20	20
0.00796957	0.000821494	1164.88	51.8374	1.46393e-16	0.589376	2.69093	2.01231	1.61661	615	0	0.0634967	0	20	20
0.00797119	0.000821278	1164.69	51.1394	1.26002e-16	0.569105	2.62449	2.01109	1.61661	615	0	0.0639085	0	20	20
0.0079728	0.000821063	1164.49	50.4473	1.08451e-16	0.549531	2.55969	2.00987	1.61661	615	0	0.0643165	0	20	20
0.0079744	0.000820851	1164.3	49.7611	9.33446e-17	0.53063	2.49649	2.00865	1.61661	615	0	0.0647209	0	20	20
0.007976	0.000820641	1164.11	49.0809	8.03424e-17	0.512379	2.43485	2.00745	1.61661	615	0	0.0651215	0	20	20
0.00797759	0.000820434	1163.92	48.4066	6.91514e-17	0.494756	2.37473	2.00625	1.61661	615	0	0.0655184	0	20	20
0.00797918	0.000820228	1163.74	47.7384	5.95191e-17	0.477739	2.3161	2.00505	1.61661	615	0	0.0659115	0	20	20
0.00798075	0.000820025	1163.56	47.0762	5.12286e-17	0.461308	2.25892	2.00387	1.61661	615	0	0.0663009	0	20	20
0.00798232	0.000819824	1163.38	46.4201	4.40929e-17	0.445441	2.20314	2.00268	1.61661	615	0	0.0666864	0	20	20
0.00798389	0.000819625	1163.21	45.7702	3.79511e-17	0.43012	2.14875	2.0015	1.61661	615	0	0.0670682	0	20	20
0.00798545	0.000819428	1163.04	45.1264	3.26648e-17	0.415327	2.0957	2.00033	1.61661	615	0	0.0674462	0	20	20
0.007987	0.000819233	1162.87	44.4888	2.81149e-17	0.401042	2.04395	1.99916	1.61661	615	0	0.0678203	0	20	20
0.00798807	0.000819087	1162.71	43.8574	2.41987e-17	0.387248	1.99349	1.99836	1.61661	615	0	0.0687969	0	20	20
0.00798899	0.000818959	1162.55	43.2322	2.0828e-17	0.373929	1.94427	1.99767	1.61661	615	0	0.0699418	0	20	20
0.00798993	0.000818834	1162.41	42.6133	1.79268e-17	0.361068	1.89626	1.99697	1.61661	615	0	0.0710416	0	20	20
0.00799088	0.000818711	1162.27	42.0006	1.54298e-17	0.348649	1.84945	1.99625	1.61661	615	0	0.0720978	0	20	20
0.00799186	0.000818592	1162.13	41.3941	1.32805e-17	0.336657	1.80378	1.99552	1.61661	615	0	0.0731118	0	20	20
0.00799286	0.000818474	1162.01	40.794	1.14306e-17	0.325078	1.75925	1.99477	1.61661	615	0	0.0740853	0	20	20
0.00799388	0.000818359	1161.89	40.2001	9.83845e-18	0.313897	1.71581	1.99401	1.61661	615	0	0.0750195	0	20	20
0.00799491	0.000818245	1161.78	39.6125	8.46803e-18	0.303101	1.67345	1.99324	1.61661	615	0	0.075916	0	20	20
0.00799596	0.000818134	1161.68	39.0312	7.2885e-18	0.292676	1.63213	1.99245	1.61661	615	0	0.0767761	0	20	20
0.00799703	0.000818024	1161.58	38.4562	6.27327e-18	0.282609	1.59183	1.99165	1.61661	615	0	0.077601	0	20	20
0.00799812	0.000817916	1161.48	37.8875	5.39946e-18	0.272889	1.55253	1.99084	1.61661	615	0	0.078392	0	20	20
0.00799923	0.000817809	1161.39	37.325	4.64735e-18	0.263503	1.5142	1.99001	1.61661	615	0	0.0791504	0	20	20
0.00800035	0.000817704	1161.31	36.7689	4.00001e-18	0.25444	1.47681	1.98918	1.61661	615	0	0.0798774	0	20	20
0.00800149	0.000817599	1161.23	36.2189	3.44284e-18	0.245689	1.44035	1.98833	1.61661	615	0	0.080574	0	20	20
0.00800264	0.000817496	1161.16	35.6753	2.96328e-18	0.237238	1.40479	1.98747	1.61661	615	0	0.0812415	0	20	20
0.00800381	0.000817395	1161.09	35.1379	2.55052e-18	0.229079	1.3701	1.9866	1.61661	615	0	0.081881	0	20	20
0.008005	0.000817294	1161.02	34.6067	2.19525e-18	0.2212	1.33627	1.98571	1.61661	615	0	0.0824934	0	20	20
0.00800619	0.000817194	1160.96	34.0818	1.88947e-18	0.213591	1.30328	1.98482	1.61661	615	0	0.0830798	0	20	20
0.00800741	0.000817095	1160.91	33.563	1.62628e-18	0.206245	1.2711	1.98392	1.61661	615	0	0.0836411	0	20	20
0.00800863	0.000816997	1160.85	33.0504	1.39976e-18	0.199151	1.23972	1.98301	1.61661	615	0	0.0841784	0	20	20
0.00800987	0.000816899	1160.81	32.544	1.20478e-18	0.192302	1.20911	1.98209	1.61661	615	0	0.0846926	0	20	20
0.00801112	0.000816802	1160.76	32.0437	1.03696e-18	0.185688	1.17926	1.98116	1.61661	615	0	0.0851844	0	20	20
0.00801238	0.000816706	1160.72	31.5495	8.92524e-19	0.179301	1.15014	1.98023	1.61661	615	0	0.0856549	0	20	20
0.00801366	0.000816611	1160.68	31.0614	7.68203e-19	0.173134	1.12175	1.97928	1.61661	615	0	0.0861048	0	20	20
0.00801494	0.000816516	1160.65	30.5793	6.61198e-19	0.167179	1.09405	1.97833	1.61661	615	0	0.086535	0	20	20
0.00801624	0.000816421	1160.61	30.1033	5.69098e-19	0.161429	1.06704	1.97737	1.61661	615	0	0.0869462	0	20	20
0.00801754	0.000816327	1160.58	29.6333	4.89828e-19	0.155877	1.04069	1.97641	1.61661	615	0	0.0873392	0	20	20
0.00801886	0.000816234	1160.56	29.1692	4.21598e-19	0.150515	1.015	1.97544	1.61661	615	0	0.0877146	0	20	20
0.00802018	0.000816141	1160.53	28.7111	3.62873e-19	0.145338	0.989937	1.97446	1.61661	615	0	0.0880733	0	20	20
0.00802151	0.000816048	1160.51	28.2588	3.12328e-19	0.14034	0.965495	1.97347	1.61661	615	0	0.0884159	0	20	20
0.00802286	0.000815956	1160.5	27.8125	2.68823e-19	0.135513	0.941657	1.97248	1.61661	615	0	0.0887429	0	20	20
0.0080242	0.000815864	1160.48	27.3719	2.31378e-19	0.130852	0.918407	1.97149	1.61661	615	0	0.0890552	0	20	20
0.00802556	0.000815773	1160.47	26.9371	1.99149e-19	0.126351	0.895732	1.97049	1.61661	615	0	0.0893532	0	20	20
0.00802693	0.000815682	1160.46	26.5081	1.71409e-19	0.122005	0.873616	1.96948	1.61661	615	0	0.0896376	0	20	20
0.0080283	0.000815591	1160.45	26.0848	1.47533e-19	0.117809	0.852046	1.96847	1.61661	615	0	0.0899089	0	20	20
0.00802967	0.0008155	1160.44	25.6672	1.26983e-19	0.113757	0.831009	1.96746	1.61661	615	0	0.0901677	0	20	20
0.00803106	0.00081541	1160.43	25.2552	1.09295e-19	0.109844	0.810492	1.96645	1.61661	615	0	0.0904144	0	20	20
