0.00524142	
0.00392001	
0.00298711	
0.00261858	
0.00238037	
0.00218254	
0.00199576	
0.00181436	
0.00165661	
0.00155121	
0.00151014	
0.001551	
0.00166443	
0.00183074	
0.00204207	
0.0022987	
0.00260671	
0.00297685	
0.00342428	
0.00396875	
0.00463472	
0.00545099	
0.00644809	
0.00765138	
0.00906615	
0.0106669	
0.0124427	
0.0143861	
0.0164806	
0.018698	
0.0209965	
0.0233176	
0.0255846	
0.0277019	
0.0295579	
0.0310344	
0.0320234	
0.0324521	
0.0323054	
0.0316349	
0.0305223	
0.0288815	
0.0269381	
0.0249569	
0.0231104	
0.0214848	
0.0201057	
0.0189638	
0.018626	
0.018582	
0.0186137	
0.0186965	
0.0188099	
0.0189381	
0.0190693	
0.0191957	
0.0193127	
0.0194177	
0.0195102	
0.0195906	
0.01966	
0.0197199	
0.0197719	
0.0198176	
0.0198584	
0.0198954	
0.0199299	
0.0199626	
0.0199942	
0.0200254	
0.0200566	
0.0200882	
0.0201204	
