0.00862579	0.000696037	1105.95	218.325	76.5	0	0	1.5871	1.61661	615	0	0.148706	0	20	20
0.00881581	0.000719952	1166.44	218.196	76.4694	43.9104	14.7976	1.48667	1.61661	615	0	-0.659737	0	20	20
0.00908182	0.00077182	1284.3	218.065	76.4339	128.77	43.6823	1.35982	1.61661	615	0	-2.0001	0	20	20
0.00923806	0.000826516	1396.83	217.932	76.3927	210.824	71.892	1.29198	1.61661	615	0	-3.03597	0	20	20
0.00932166	0.000882332	1503.89	217.797	76.3448	290.161	99.4407	1.25754	1.61661	615	0	-3.8598	0	20	20
0.00936104	0.000938264	1606.27	217.659	76.2893	366.869	126.343	1.24173	1.61661	615	0	-4.52906	0	20	20
0.00937339	0.000993889	1704.86	217.518	76.2249	441.04	152.616	1.23683	1.61661	615	0	-5.08315	0	20	20
0.00936856	0.00104901	1800.28	217.376	76.1502	512.762	178.274	1.23874	1.61661	615	0	-5.54919	0	20	20
0.00935235	0.00110348	1892.87	217.23	76.0636	582.129	203.337	1.2452	1.61661	615	0	-5.94631	0	20	20
0.00932835	0.0011572	1982.8	217.082	75.9633	649.235	227.823	1.25483	1.61661	615	0	-6.28845	0	20	20
0.00929886	0.00121007	2070.18	216.932	75.847	714.177	251.754	1.26681	1.61661	615	0	-6.58609	0	20	20
0.00926545	0.00126205	2155.09	216.779	75.7124	777.056	275.151	1.28056	1.61661	615	0	-6.84731	0	20	20
0.00922919	0.00131313	2237.62	216.623	75.5566	837.977	298.04	1.29571	1.61661	615	0	-7.07839	0	20	20
0.00919085	0.0013633	2317.88	216.464	75.3764	897.049	320.447	1.312	1.61661	615	0	-7.28443	0	20	20
0.00915095	0.0014126	2395.99	216.303	75.1681	954.387	342.402	1.32923	1.61661	615	0	-7.46948	0	20	20
0.00910988	0.00146107	2472.07	216.139	74.9275	1010.11	363.936	1.34729	1.61661	615	0	-7.63681	0	20	20
0.00906789	0.00150878	2546.28	215.972	74.6499	1064.35	385.084	1.3661	1.61661	615	0	-7.78912	0	20	20
0.00902516	0.00155581	2618.78	215.802	74.33	1117.24	405.884	1.38559	1.61661	615	0	-7.92865	0	20	20
0.0089818	0.00160224	2689.73	215.629	73.9617	1168.91	426.376	1.40575	1.61661	615	0	-8.05729	0	20	20
0.00893787	0.00164818	2759.32	215.453	73.5383	1219.53	446.605	1.42659	1.61661	615	0	-8.17663	0	20	20
0.00889337	0.00169375	2827.74	215.275	73.0526	1269.24	466.618	1.44811	1.61661	615	0	-8.28805	0	20	20
0.00884828	0.00173908	2895.2	215.093	72.4961	1318.2	486.463	1.47036	1.61661	615	0	-8.39273	0	20	20
0.00880256	0.00178428	2961.89	214.908	71.8602	1366.59	506.193	1.49339	1.61661	615	0	-8.49171	0	20	20
0.00875614	0.00182952	3028.04	214.719	71.1353	1414.57	525.861	1.51727	1.61661	615	0	-8.58589	0	20	20
0.00870894	0.00187493	3093.85	214.528	70.3111	1462.31	545.521	1.54207	1.61661	615	0	-8.67604	0	20	20
0.00866085	0.00192065	3159.52	214.333	69.3773	1509.98	565.225	1.5679	1.61661	615	0	-8.76286	0	20	20
0.00861181	0.00196682	3225.26	214.135	68.323	1557.71	585.024	1.59484	1.61661	615	0	-8.84693	0	20	20
0.00856171	0.00201357	3291.21	213.934	67.1377	1605.66	604.959	1.623	1.61661	615	0	-8.92873	0	20	20
0.0085105	0.00206099	3357.53	213.729	65.8111	1653.92	625.069	1.65248	1.61661	615	0	-9.00864	0	20	20
0.00845814	0.00210918	3424.29	213.521	64.3342	1702.57	645.375	1.68335	1.61661	615	0	-9.08695	0	20	20
0.00840463	0.00215814	3491.52	213.309	62.6995	1751.64	665.888	1.71571	1.61661	615	0	-9.16384	0	20	20
0.00835002	0.00220788	3559.18	213.094	60.9015	1801.09	686.596	1.7496	1.61661	615	0	-9.23937	0	20	20
0.00829442	0.0022583	3627.13	212.875	58.9379	1850.83	707.466	1.78502	1.61661	615	0	-9.31348	0	20	20
0.008238	0.00230926	3695.14	212.652	56.8097	1900.69	728.441	1.82194	1.61661	615	0	-9.38602	0	20	20
0.00818102	0.00236052	3762.88	212.425	54.5225	1950.41	749.432	1.86028	1.61661	615	0	-9.4567	0	20	20
0.00812379	0.00241176	3829.91	212.195	52.086	1999.66	770.325	1.89987	1.61661	615	0	-9.52515	0	20	20
0.00806672	0.00246259	3895.69	211.961	49.5151	2048.03	790.978	1.94048	1.61661	615	0	-9.59088	0	20	20
0.00801027	0.00251254	3959.58	211.723	46.8297	2095.04	811.225	1.9818	1.61661	615	0	-9.65335	0	20	20
0.00795493	0.00256108	4020.91	211.481	44.0538	2140.16	830.879	2.02344	1.61661	615	0	-9.71198	0	20	20
0.00790125	0.00260763	4078.94	211.235	41.2153	2182.83	849.744	2.06496	1.61661	615	0	-9.76616	0	20	20
0.00784977	0.00265162	4132.93	210.985	38.3448	2222.49	867.622	2.10586	1.61661	615	0	-9.81528	0	20	20
0.00780099	0.00269249	4182.19	210.731	35.4743	2258.6	884.32	2.14561	1.61661	615	0	-9.85881	0	20	20
0.00775541	0.0027297	4226.1	210.473	32.6358	2290.69	899.664	2.18367	1.61661	615	0	-9.89625	0	20	20
0.00771342	0.0027628	4264.12	210.21	29.8599	2318.34	913.501	2.21952	1.61661	615	0	-9.92721	0	20	20
0.00767534	0.00279143	4295.86	209.943	27.1745	2341.26	925.715	2.25272	1.61661	615	0	-9.95139	0	20	20
0.00764142	0.00281532	4321.06	209.672	24.6037	2359.23	936.221	2.28285	1.61661	615	0	-9.96863	0	20	20
0.00761178	0.00283434	4339.59	209.397	22.1672	2372.17	944.974	2.30963	1.61661	615	0	-9.97884	0	20	20
0.00758646	0.00284844	4351.48	209.117	19.8799	2380.11	951.964	2.33283	1.61661	615	0	-9.98208	0	20	20
0.00756542	0.00285769	4356.89	208.832	17.7517	2383.15	957.218	2.35235	1.61661	615	0	-9.97847	0	20	20
0.00754852	0.00286224	4356.08	208.543	15.7881	2381.51	960.79	2.36818	1.61661	615	0	-9.96822	0	20	20
0.00753559	0.00286232	4349.39	208.249	13.9901	2375.44	962.757	2.38039	1.61661	615	0	-9.9516	0	20	20
0.00752459	0.00285872	4337.25	207.95	12.3554	2365.27	963.215	2.39085	1.61661	615	0	-9.90734	0	20	20
0.00751532	0.00285174	4320.13	207.647	10.8785	2351.35	962.274	2.3997	1.61661	615	0	-9.83787	0	20	20
0.00750762	0.0028417	4298.5	207.339	9.55195	2334.05	960.048	2.40709	1.61661	615	0	-9.74586	0	20	20
0.00750132	0.00282891	4272.86	207.026	8.36659	2313.73	956.654	2.41316	1.61661	615	0	-9.63397	0	20	20
0.00749625	0.00281369	4243.67	206.708	7.31231	2290.77	952.21	2.41806	1.61661	615	0	-9.50483	0	20	20
0.00749226	0.00279633	4211.38	206.385	6.37848	2265.5	946.828	2.42193	1.61661	615	0	-9.36095	0	20	20
0.00748921	0.00277709	4176.42	206.057	5.55436	2238.25	940.612	2.42489	1.61661	615	0	-9.20469	0	20	20
0.00748697	0.00275625	4139.16	205.723	4.8294	2209.31	933.663	2.42707	1.61661	615	0	-9.0382	0	20	20
0.00748541	0.00273401	4099.95	205.385	4.19349	2178.97	926.069	2.42858	1.61661	615	0	-8.86345	0	20	20
0.00748445	0.00271061	4059.12	205.041	3.63707	2147.45	917.914	2.42952	1.61661	615	0	-8.68216	0	20	20
0.00748398	0.0026862	4016.94	204.692	3.15127	2114.98	909.269	2.42998	1.61661	615	0	-8.49588	0	20	20
0.00748393	0.00266097	3973.65	204.338	2.72794	2081.74	900.2	2.43003	1.61661	615	0	-8.30594	0	20	20
0.00748422	0.00263506	3929.46	203.978	2.35965	2047.9	890.765	2.42975	1.61661	615	0	-8.11351	0	20	20
0.00748479	0.00260858	3884.58	203.613	2.03971	2013.61	881.013	2.42918	1.61661	615	0	-7.91956	0	20	20
0.0074856	0.00258164	3839.14	203.242	1.76213	1978.98	870.99	2.4284	1.61661	615	0	-7.72494	0	20	20
0.00748661	0.00255434	3793.3	202.865	1.52155	1944.13	860.734	2.42742	1.61661	615	0	-7.53037	0	20	20
0.00748776	0.00252675	3747.17	202.483	1.31324	1909.14	850.278	2.4263	1.61661	615	0	-7.33644	0	20	20
0.00748904	0.00249895	3700.85	202.095	1.13301	1874.08	839.651	2.42505	1.61661	615	0	-7.14364	0	20	20
0.00749042	0.00247098	3654.43	201.701	0.977206	1839.02	828.878	2.42372	1.61661	615	0	-6.95239	0	20	20
0.00749188	0.00244291	3607.98	201.301	0.842585	1804.02	817.982	2.4223	1.61661	615	0	-6.76302	0	20	20
0.0074934	0.00241476	3561.55	200.895	0.726331	1769.12	806.981	2.42083	1.61661	615	0	-6.57581	0	20	20
0.00749497	0.00238657	3515.21	200.484	0.625985	1734.36	795.892	2.41931	1.61661	615	0	-6.39098	0	20	20
0.00749658	0.00235837	3468.99	200.066	0.539403	1699.77	784.729	2.41774	1.61661	615	0	-6.20872	0	20	20
0.00749823	0.0023302	3422.94	199.642	0.464724	1665.37	773.506	2.41615	1.61661	615	0	-6.02917	0	20	20
0.00749991	0.00230206	3377.08	199.212	0.400329	1631.2	762.233	2.41453	1.61661	615	0	-5.85244	0	20	20
0.00750162	0.00227397	3331.44	198.776	0.344818	1597.26	750.92	2.41287	1.61661	615	0	-5.67862	0	20	20
0.00750336	0.00224596	3286.05	198.333	0.296973	1563.57	739.576	2.4112	1.61661	615	0	-5.50778	0	20	20
0.00750513	0.00221803	3240.92	197.884	0.255745	1530.14	728.21	2.40949	1.61661	615	0	-5.33998	0	20	20
0.00750694	0.0021902	3196.08	197.429	0.220224	1497	716.829	2.40775	1.61661	615	0	-5.17524	0	20	20
0.00750878	0.00216247	3151.54	196.967	0.189625	1464.14	705.439	2.40598	1.61661	615	0	-5.01361	0	20	20
0.00751066	0.00213485	3107.31	196.499	0.163268	1431.57	694.047	2.40417	1.61661	615	0	-4.85509	0	20	20
0.00751259	0.00210736	3063.4	196.024	0.140567	1399.3	682.659	2.40232	1.61661	615	0	-4.6997	0	20	20
0.00751458	0.00208001	3019.84	195.542	0.121018	1367.34	671.281	2.40041	1.61661	615	0	-4.54744	0	20	20
0.00751663	0.00205278	2976.63	195.054	0.104184	1335.7	659.918	2.39845	1.61661	615	0	-4.39833	0	20	20
0.00751874	0.00202571	2933.78	194.559	0.0896893	1304.37	648.574	2.39643	1.61661	615	0	-4.25234	0	20	20
0.00752094	0.00199878	2891.3	194.058	0.0772089	1273.37	637.256	2.39433	1.61661	615	0	-4.10949	0	20	20
0.00752321	0.00197202	2849.2	193.549	0.0664636	1242.7	625.968	2.39216	1.61661	615	0	-3.96976	0	20	20
0.00752558	0.00194542	2807.5	193.033	0.0572127	1212.36	614.715	2.3899	1.61661	615	0	-3.83314	0	20	20
0.00752806	0.00191899	2766.2	192.511	0.0492485	1182.37	603.502	2.38754	1.61661	615	0	-3.69963	0	20	20
0.00753064	0.00189274	2725.32	191.982	0.0423924	1152.72	592.333	2.38509	1.61661	615	0	-3.56921	0	20	20
0.00753335	0.00186668	2684.86	191.445	0.0364903	1123.42	581.213	2.38252	1.61661	615	0	-3.44187	0	20	20
0.00753619	0.00184081	2644.83	190.902	0.0314096	1094.48	570.148	2.37982	1.61661	615	0	-3.31759	0	20	20
0.00753917	0.00181515	2605.26	190.351	0.027036	1065.9	559.141	2.37701	1.61661	615	0	-3.19636	0	20	20
0.00754229	0.00178969	2566.14	189.793	0.0232712	1037.68	548.197	2.37405	1.61661	615	0	-3.07816	0	20	20
0.00754558	0.00176445	2527.49	189.228	0.0200306	1009.85	537.322	2.37095	1.61661	615	0	-2.96298	0	20	20
0.00754904	0.00173943	2489.32	188.656	0.0172411	982.387	526.52	2.36769	1.61661	615	0	-2.85081	0	20	20
0.00755268	0.00171466	2451.65	188.076	0.01484	955.314	515.795	2.36427	1.61661	615	0	-2.74161	0	20	20
0.0075565	0.00169012	2414.47	187.49	0.0127733	928.635	505.152	2.36068	1.61661	615	0	-2.63538	0	20	20
0.00756052	0.00166584	2377.82	186.895	0.0109943	902.354	494.597	2.35692	1.61661	615	0	-2.53209	0	20	20
0.00756475	0.00164182	2341.69	186.294	0.00946308	876.48	484.134	2.35297	1.61661	615	0	-2.43173	0	20	20
0.00756918	0.00161808	2306.11	185.685	0.00814509	851.018	473.768	2.34884	1.61661	615	0	-2.33427	0	20	20
0.00757384	0.00159462	2271.08	185.068	0.00701065	825.977	463.503	2.34451	1.61661	615	0	-2.23968	0	20	20
0.00757872	0.00157145	2236.62	184.444	0.0060342	801.362	453.344	2.33998	1.61661	615	0	-2.14795	0	20	20
0.00758384	0.00154859	2202.73	183.813	0.00519374	777.182	443.297	2.33525	1.61661	615	0	-2.05905	0	20	20
0.00758919	0.00152604	2169.44	183.174	0.00447034	753.444	433.366	2.33031	1.61661	615	0	-1.97295	0	20	20
0.00759478	0.00150382	2136.75	182.528	0.00384768	730.156	423.556	2.32517	1.61661	615	0	-1.88962	0	20	20
0.00760062	0.00148194	2104.68	181.873	0.00331176	707.324	413.871	2.31982	1.61661	615	0	-1.80905	0	20	20
0.00760669	0.00146041	2073.24	181.212	0.00285047	684.956	404.317	2.31426	1.61661	615	0	-1.73119	0	20	20
0.00761301	0.00143924	2042.44	180.543	0.00245344	663.06	394.897	2.3085	1.61661	615	0	-1.65602	0	20	20
0.00761957	0.00141845	2012.3	179.866	0.0021117	641.644	385.618	2.30255	1.61661	615	0	-1.5835	0	20	20
0.00762636	0.00139804	1982.83	179.181	0.00181757	620.714	376.483	2.29641	1.61661	615	0	-1.51361	0	20	20
0.00763337	0.00137803	1954.04	178.489	0.0015644	600.28	367.498	2.29008	1.61661	615	0	-1.44631	0	20	20
0.0076406	0.00135844	1925.94	177.79	0.00134649	580.347	358.666	2.28359	1.61661	615	0	-1.38156	0	20	20
0.00764802	0.00133927	1898.54	177.082	0.00115894	560.923	349.993	2.27695	1.61661	615	0	-1.31934	0	20	20
0.00765563	0.00132055	1871.86	176.368	0.000997512	542.016	341.482	2.27016	1.61661	615	0	-1.25959	0	20	20
0.0076634	0.00130227	1845.91	175.645	0.000858568	523.633	333.139	2.26326	1.61661	615	0	-1.2023	0	20	20
0.00767131	0.00128446	1820.69	174.915	0.000738977	505.782	324.967	2.25627	1.61661	615	0	-1.14742	0	20	20
0.00767933	0.00126713	1796.22	174.177	0.000636045	488.468	316.972	2.24921	1.61661	615	0	-1.09491	0	20	20
0.00768742	0.00125029	1772.52	173.432	0.000547449	471.699	309.156	2.24212	1.61661	615	0	-1.04474	0	20	20
0.00769554	0.00123396	1749.58	172.679	0.000471194	455.481	301.525	2.23503	1.61661	615	0	-0.996869	0	20	20
0.00770366	0.00121814	1727.41	171.918	0.000405561	439.815	294.081	2.22796	1.61661	615	0	-0.951238	0	20	20
0.00771178	0.00120283	1705.99	171.151	0.00034907	424.688	286.82	2.22093	1.61661	615	0	-0.907752	0	20	20
0.00771991	0.001188	1685.3	170.375	0.000300448	410.081	279.738	2.21393	1.61661	615	0	-0.8663	0	20	20
0.00772805	0.00117365	1665.31	169.592	0.000258598	395.976	272.831	2.20694	1.61661	615	0	-0.826776	0	20	20
0.0077362	0.00115976	1646.01	168.802	0.000222577	382.357	266.095	2.19997	1.61661	615	0	-0.789083	0	20	20
0.00774438	0.0011463	1627.37	168.004	0.000191574	369.206	259.525	2.19301	1.61661	615	0	-0.753125	0	20	20
0.00775259	0.00113328	1609.36	167.199	0.000164889	356.507	253.118	2.18605	1.61661	615	0	-0.718815	0	20	20
0.00776083	0.00112067	1591.98	166.386	0.000141922	344.245	246.868	2.17909	1.61661	615	0	-0.686067	0	20	20
0.00776912	0.00110847	1575.19	165.566	0.000122153	332.405	240.773	2.17213	1.61661	615	0	-0.654803	0	20	20
0.00777745	0.00109665	1558.98	164.739	0.000105138	320.972	234.828	2.16515	1.61661	615	0	-0.624948	0	20	20
0.00778583	0.00108521	1543.33	163.905	9.04933e-05	309.932	229.03	2.15816	1.61661	615	0	-0.59643	0	20	20
0.00779428	0.00107413	1528.23	163.063	7.78883e-05	299.272	223.376	2.15116	1.61661	615	0	-0.569182	0	20	20
0.00780278	0.00106341	1513.65	162.215	6.70391e-05	288.979	217.86	2.14413	1.61661	615	0	-0.54314	0	20	20
0.00781135	0.00105303	1499.57	161.359	5.77011e-05	279.04	212.481	2.13708	1.61661	615	0	-0.518243	0	20	20
0.00781999	0.00104297	1485.99	160.497	4.96638e-05	269.442	207.235	2.13001	1.61661	615	0	-0.494433	0	20	20
0.00782871	0.00103324	1472.88	159.627	4.2746e-05	260.175	202.119	2.1229	1.61661	615	0	-0.471658	0	20	20
0.0078375	0.00102381	1460.23	158.751	3.67919e-05	251.226	197.128	2.11576	1.61661	615	0	-0.449865	0	20	20
0.00784638	0.00101468	1448.03	157.868	3.1667e-05	242.585	192.261	2.10859	1.61661	615	0	-0.429005	0	20	20
0.00785533	0.00100585	1436.25	156.978	2.72561e-05	234.242	187.514	2.10139	1.61661	615	0	-0.409031	0	20	20
0.00786438	0.000997287	1424.89	156.082	2.34595e-05	226.185	182.884	2.09415	1.61661	615	0	-0.389901	0	20	20
0.00787351	0.000988997	1413.93	155.179	2.01918e-05	218.406	178.369	2.08687	1.61661	615	0	-0.371573	0	20	20
0.00788274	0.000980968	1403.37	154.27	1.73792e-05	210.894	173.965	2.07955	1.61661	615	0	-0.354006	0	20	20
0.00789206	0.000973191	1393.17	153.355	1.49585e-05	203.64	169.67	2.07219	1.61661	615	0	-0.337164	0	20	20
0.00790147	0.000965658	1383.35	152.433	1.28749e-05	196.636	165.481	2.06479	1.61661	615	0	-0.32101	0	20	20
0.00791098	0.000958361	1373.87	151.505	1.10815e-05	189.873	161.395	2.05735	1.61661	615	0	-0.305512	0	20	20
0.00792059	0.000951291	1364.73	150.571	9.53793e-06	183.342	157.41	2.04987	1.61661	615	0	-0.290637	0	20	20
0.0079303	0.000944441	1355.93	149.632	8.20938e-06	177.036	153.524	2.04235	1.61661	615	0	-0.276354	0	20	20
0.00794011	0.000937804	1347.44	148.686	7.06588e-06	170.947	149.733	2.03479	1.61661	615	0	-0.262636	0	20	20
0.00795002	0.000931372	1339.25	147.735	6.08166e-06	165.067	146.036	2.0272	1.61661	615	0	-0.249454	0	20	20
0.00796003	0.000925139	1331.37	146.778	5.23453e-06	159.39	142.431	2.01956	1.61661	615	0	-0.236782	0	20	20
0.00797014	0.000919098	1323.77	145.816	4.5054e-06	153.908	138.914	2.01188	1.61661	615	0	-0.224596	0	20	20
0.00798035	0.000913242	1316.45	144.849	3.87783e-06	148.614	135.484	2.00417	1.61661	615	0	-0.212873	0	20	20
0.00799066	0.000907566	1309.39	143.876	3.33768e-06	143.503	132.139	1.99642	1.61661	615	0	-0.201589	0	20	20
0.00800107	0.000902062	1302.6	142.898	2.87277e-06	138.567	128.876	1.98864	1.61661	615	0	-0.190724	0	20	20
0.00801158	0.000896726	1296.05	141.915	2.47262e-06	133.801	125.694	1.98083	1.61661	615	0	-0.180258	0	20	20
0.00802218	0.000891551	1289.75	140.928	2.1282e-06	129.199	122.591	1.97298	1.61661	615	0	-0.170172	0	20	20
0.00803288	0.000886533	1283.68	139.936	1.83176e-06	124.755	119.564	1.96511	1.61661	615	0	-0.160447	0	20	20
0.00804367	0.000881666	1277.84	138.939	1.57661e-06	120.464	116.612	1.95721	1.61661	615	0	-0.151067	0	20	20
0.00805456	0.000876944	1272.22	137.938	1.357e-06	116.321	113.733	1.94928	1.61661	615	0	-0.142014	0	20	20
0.00806553	0.000872364	1266.8	136.933	1.16798e-06	112.32	110.925	1.94134	1.61661	615	0	-0.133274	0	20	20
0.00807659	0.00086792	1261.59	135.923	1.00529e-06	108.457	108.186	1.93337	1.61661	615	0	-0.124832	0	20	20
0.00808774	0.000863607	1256.58	134.91	8.65262e-07	104.727	105.515	1.92539	1.61661	615	0	-0.116673	0	20	20
0.00809896	0.000859422	1251.76	133.893	7.44738e-07	101.125	102.91	1.9174	1.61661	615	0	-0.108785	0	20	20
0.00811027	0.000855361	1247.12	132.873	6.41002e-07	97.6465	100.369	1.90939	1.61661	615	0	-0.101154	0	20	20
0.00812165	0.000851418	1242.66	131.848	5.51715e-07	94.288	97.891	1.90138	1.61661	615	0	-0.0937687	0	20	20
0.0081331	0.000847591	1238.37	130.821	4.74866e-07	91.045	95.474	1.89336	1.61661	615	0	-0.0866177	0	20	20
0.00814462	0.000843876	1234.24	129.791	4.08721e-07	87.9136	93.1168	1.88533	1.61661	615	0	-0.0796902	0	20	20
0.0081562	0.000840269	1230.28	128.757	3.51789e-07	84.8898	90.8177	1.87731	1.61661	615	0	-0.0729758	0	20	20
0.00816784	0.000836766	1226.47	127.721	3.02788e-07	81.9701	88.5754	1.8693	1.61661	615	0	-0.0664648	0	20	20
0.00817954	0.000833364	1222.81	126.683	2.60612e-07	79.1507	86.3885	1.86129	1.61661	615	0	-0.060148	0	20	20
0.00819129	0.00083006	1219.29	125.641	2.24311e-07	76.4284	84.2555	1.85329	1.61661	615	0	-0.0540166	0	20	20
0.00820308	0.000826852	1215.91	124.598	1.93066e-07	73.7997	82.1753	1.84531	1.61661	615	0	-0.0480623	0	20	20
0.00821492	0.000823735	1212.67	123.553	1.66173e-07	71.2613	80.1463	1.83735	1.61661	615	0	-0.0422774	0	20	20
0.00822679	0.000820708	1209.55	122.505	1.43027e-07	68.8103	78.1675	1.8294	1.61661	615	0	-0.0366543	0	20	20
0.00823869	0.000817767	1206.56	121.456	1.23104e-07	66.4436	76.2376	1.82149	1.61661	615	0	-0.0311861	0	20	20
0.00825061	0.00081491	1203.69	120.406	1.05957e-07	64.1583	74.3552	1.8136	1.61661	615	0	-0.025866	0	20	20
0.00826256	0.000812134	1200.94	119.354	9.11979e-08	61.9516	72.5194	1.80574	1.61661	615	0	-0.020688	0	20	20
0.00827452	0.000809438	1198.3	118.3	7.84948e-08	59.8208	70.7289	1.79792	1.61661	615	0	-0.0156459	0	20	20
0.00828649	0.000806818	1195.77	117.246	6.75611e-08	57.7633	68.9826	1.79015	1.61661	615	0	-0.0107344	0	20	20
0.00829846	0.000804273	1193.34	116.191	5.81504e-08	55.7766	67.2794	1.78241	1.61661	615	0	-0.00594818	0	20	20
0.00831043	0.000801801	1191.02	115.136	5.00505e-08	53.8582	65.6183	1.77472	1.61661	615	0	-0.00128231	0	20	20
0.00832238	0.000799399	1188.79	114.08	4.30789e-08	52.0057	63.9982	1.76708	1.61661	615	0	0.00326779	0	20	20
0.00833432	0.000797066	1186.66	113.024	3.70783e-08	50.217	62.418	1.7595	1.61661	615	0	0.00770644	0	20	20
0.00834624	0.000794799	1184.62	111.967	3.19136e-08	48.4898	60.8769	1.75197	1.61661	615	0	0.0120377	0	20	20
0.00835813	0.000792597	1182.67	110.911	2.74683e-08	46.822	59.3739	1.74451	1.61661	615	0	0.0162652	0	20	20
0.00836998	0.000790459	1180.8	109.855	2.36422e-08	45.2116	57.9079	1.73711	1.61661	615	0	0.0203925	0	20	20
0.00838179	0.000788382	1179.01	108.8	2.0349e-08	43.6566	56.4782	1.72978	1.61661	615	0	0.024423	0	20	20
0.00839355	0.000786366	1177.3	107.745	1.75146e-08	42.155	55.0837	1.72251	1.61661	615	0	0.0283595	0	20	20
0.00840526	0.000784408	1175.67	106.691	1.50749e-08	40.7051	53.7237	1.71533	1.61661	615	0	0.0322048	0	20	20
0.0084169	0.000782507	1174.11	105.639	1.29751e-08	39.3051	52.3973	1.70822	1.61661	615	0	0.0359616	0	20	20
0.00842848	0.000780662	1172.63	104.587	1.11678e-08	37.9532	51.1036	1.70119	1.61661	615	0	0.0396322	0	20	20
0.00843999	0.000778871	1171.21	103.537	9.61219e-09	36.6478	49.8418	1.69424	1.61661	615	0	0.0432186	0	20	20
0.00845141	0.000777133	1169.85	102.489	8.27329e-09	35.3873	48.6112	1.68738	1.61661	615	0	0.046723	0	20	20
0.00846275	0.000775448	1168.56	101.442	7.12089e-09	34.1702	47.411	1.68061	1.61661	615	0	0.0501471	0	20	20
0.00847399	0.000773813	1167.33	100.397	6.129e-09	32.9949	46.2404	1.67393	1.61661	615	0	0.0534926	0	20	20
0.00848514	0.000772228	1166.16	99.3543	5.27528e-09	31.8601	45.0987	1.66734	1.61661	615	0	0.0567609	0	20	20
0.00849618	0.000770691	1165.05	98.314	4.54048e-09	30.7643	43.9852	1.66084	1.61661	615	0	0.0599534	0	20	20
0.00850711	0.000769201	1163.99	97.2761	3.90803e-09	29.7061	42.8992	1.65445	1.61661	615	0	0.0630713	0	20	20
0.00851796	0.000767831	1163.1	96.2409	3.36367e-09	28.6844	41.8401	1.64813	1.61661	615	0	0.0660813	0	20	20
0.00852876	0.000766671	1162.53	95.2085	2.89514e-09	27.6978	40.807	1.64189	1.61661	615	0	0.0689445	0	20	20
0.00853948	0.000765735	1162.3	94.1791	2.49187e-09	26.7452	39.7995	1.63571	1.61661	615	0	0.0716595	0	20	20
0.00855011	0.000765017	1162.4	93.1529	2.14477e-09	25.8253	38.8168	1.62961	1.61661	615	0	0.0742354	0	20	20
0.00856064	0.000764508	1162.8	92.1299	1.84602e-09	24.937	37.8585	1.62361	1.61661	615	0	0.0766803	0	20	20
0.00857104	0.000764198	1163.5	91.1105	1.58888e-09	24.0793	36.9237	1.61771	1.61661	615	0	0.079002	0	20	20
0.0085813	0.000764081	1164.49	90.0948	1.36757e-09	23.2511	36.0121	1.61191	1.61661	615	0	0.0812075	0	20	20
0.0085914	0.000764148	1165.74	89.0828	1.17707e-09	22.4514	35.1229	1.60623	1.61661	615	0	0.0833033	0	20	20
0.00860132	0.000764392	1167.25	88.0748	1.01312e-09	21.6792	34.2557	1.60068	1.61661	615	0	0.0852955	0	20	20
0.00861107	0.000764803	1169.01	87.071	8.71998e-10	20.9336	33.41	1.59525	1.61661	615	0	0.0871897	0	20	20
0.00862061	0.000765375	1170.99	86.0714	7.50536e-10	20.2136	32.5851	1.58996	1.61661	615	0	0.088991	0	20	20
0.00862995	0.000766099	1173.19	85.0762	6.45992e-10	19.5183	31.7805	1.5848	1.61661	615	0	0.0907043	0	20	20
0.00863907	0.000766967	1175.59	84.0855	5.56011e-10	18.847	30.9959	1.57979	1.61661	615	0	0.0923342	0	20	20
0.00864797	0.000767973	1178.19	83.0996	4.78563e-10	18.1988	30.2306	1.57491	1.61661	615	0	0.0938849	0	20	20
0.00865665	0.000769108	1180.96	82.1185	4.11903e-10	17.5728	29.4842	1.57018	1.61661	615	0	0.0953604	0	20	20
0.00866509	0.000770365	1183.9	81.1424	3.54528e-10	16.9684	28.7562	1.5656	1.61661	615	0	0.0967646	0	20	20
0.0086733	0.000771737	1187	80.1714	3.05145e-10	16.3848	28.0462	1.56116	1.61661	615	0	0.0981011	0	20	20
0.00868127	0.000773218	1190.25	79.2056	2.62641e-10	15.8213	27.3538	1.55686	1.61661	615	0	0.0993735	0	20	20
0.00868901	0.000774799	1193.63	78.2452	2.26057e-10	15.2771	26.6784	1.55271	1.61661	615	0	0.100585	0	20	20
0.00869651	0.000776475	1197.14	77.2903	1.94569e-10	14.7516	26.0197	1.54869	1.61661	615	0	0.101739	0	20	20
0.00870377	0.000778239	1200.76	76.341	1.67467e-10	14.2443	25.3773	1.54482	1.61661	615	0	0.102839	0	20	20
0.0087108	0.000780084	1204.48	75.3974	1.4414e-10	13.7543	24.7507	1.54108	1.61661	615	0	0.103888	0	20	20
0.0087176	0.000782006	1208.3	74.4596	1.24063e-10	13.2813	24.1396	1.53748	1.61661	615	0	0.104888	0	20	20
0.00872417	0.000783997	1212.21	73.5278	1.06782e-10	12.8245	23.5436	1.53401	1.61661	615	0	0.105843	0	20	20
0.00873052	0.000786053	1216.2	72.6021	9.1908e-11	12.3834	22.9623	1.53067	1.61661	615	0	0.106755	0	20	20
0.00873665	0.000788168	1220.26	71.6825	7.91059e-11	11.9574	22.3954	1.52745	1.61661	615	0	0.107628	0	20	20
0.00874256	0.000790336	1224.39	70.7691	6.80871e-11	11.5462	21.8424	1.52435	1.61661	615	0	0.108464	0	20	20
0.00874827	0.000792554	1228.57	69.8621	5.86031e-11	11.149	21.3031	1.52136	1.61661	615	0	0.109264	0	20	20
0.00875378	0.000794816	1232.8	68.9615	5.04402e-11	10.7656	20.7772	1.5185	1.61661	615	0	0.110033	0	20	20
0.00875909	0.000797118	1237.08	68.0675	4.34142e-11	10.3953	20.2642	1.51574	1.61661	615	0	0.110773	0	20	20
0.0087642	0.000799456	1241.39	67.18	3.7367e-11	10.0378	19.7638	1.51308	1.61661	615	0	0.111485	0	20	20
0.00876914	0.000801826	1245.74	66.2993	3.21621e-11	9.69252	19.2759	1.51053	1.61661	615	0	0.112172	0	20	20
0.00877389	0.000804223	1250.11	65.4253	2.76821e-11	9.35915	18.8	1.50808	1.61661	615	0	0.112837	0	20	20
0.00877847	0.000806645	1254.51	64.5582	2.38262e-11	9.03724	18.3358	1.50572	1.61661	615	0	0.11348	0	20	20
0.00878288	0.000809088	1258.92	63.698	2.05074e-11	8.72641	17.8831	1.50345	1.61661	615	0	0.114106	0	20	20
0.00878714	0.000811549	1263.34	62.8448	1.76509e-11	8.42627	17.4415	1.50127	1.61661	615	0	0.114714	0	20	20
0.00879123	0.000814024	1267.77	61.9986	1.51923e-11	8.13645	17.0109	1.49917	1.61661	615	0	0.115307	0	20	20
0.00879518	0.000816511	1272.21	61.1595	1.30761e-11	7.8566	16.5909	1.49715	1.61661	615	0	0.115888	0	20	20
0.00879729	0.000819152	1276.65	60.3276	1.12547e-11	7.58638	16.1813	1.49607	1.61661	615	0	0.117846	0	20	20
0.00879892	0.00082183	1281.08	59.5029	9.68703e-12	7.32545	15.7818	1.49524	1.61661	615	0	0.120077	0	20	20
0.00880044	0.00082451	1285.51	58.6854	8.3377e-12	7.07349	15.3921	1.49447	1.61661	615	0	0.122283	0	20	20
0.00880186	0.000827192	1289.92	57.8753	7.17633e-12	6.8302	15.0121	1.49375	1.61661	615	0	0.124462	0	20	20
0.00880317	0.000829872	1294.33	57.0725	6.17672e-12	6.59528	14.6414	1.49308	1.61661	615	0	0.126614	0	20	20
0.0088044	0.000832549	1298.72	56.2771	5.31635e-12	6.36844	14.2799	1.49245	1.61661	615	0	0.128736	0	20	20
0.00880554	0.000835221	1303.1	55.4892	4.57583e-12	6.1494	13.9273	1.49187	1.61661	615	0	0.130828	0	20	20
0.00880661	0.000837887	1307.45	54.7087	3.93845e-12	5.93789	13.5835	1.49133	1.61661	615	0	0.13289	0	20	20
0.0088076	0.000840544	1311.79	53.9357	3.38986e-12	5.73366	13.2481	1.49083	1.61661	615	0	0.134919	0	20	20
0.00880852	0.000843191	1316.1	53.1702	2.91768e-12	5.53645	12.921	1.49036	1.61661	615	0	0.136915	0	20	20
0.00880939	0.000845826	1320.39	52.4123	2.51127e-12	5.34603	12.602	1.48992	1.61661	615	0	0.138878	0	20	20
0.00881019	0.000848449	1324.65	51.6619	2.16147e-12	5.16215	12.2908	1.48951	1.61661	615	0	0.140806	0	20	20
0.00881094	0.000851058	1328.89	50.9191	1.86039e-12	4.9846	11.9874	1.48913	1.61661	615	0	0.1427	0	20	20
0.00881164	0.000853651	1333.09	50.1839	1.60125e-12	4.81316	11.6914	1.48878	1.61661	615	0	0.144558	0	20	20
0.0088123	0.000856228	1337.27	49.4563	1.37821e-12	4.64761	11.4027	1.48844	1.61661	615	0	0.14638	0	20	20
0.00881292	0.000858788	1341.41	48.7364	1.18624e-12	4.48776	11.1212	1.48813	1.61661	615	0	0.148167	0	20	20
0.00881351	0.000861329	1345.53	48.024	1.02101e-12	4.33341	10.8466	1.48783	1.61661	615	0	0.149916	0	20	20
0.00881406	0.000863851	1349.6	47.3193	8.78787e-13	4.18436	10.5788	1.48755	1.61661	615	0	0.15163	0	20	20
0.00881458	0.000866353	1353.65	46.6221	7.56379e-13	4.04044	10.3176	1.48729	1.61661	615	0	0.153306	0	20	20
0.00881508	0.000868835	1357.66	45.9326	6.51022e-13	3.90147	10.0629	1.48703	1.61661	615	0	0.154946	0	20	20
0.00881556	0.000871295	1361.64	45.2508	5.60339e-13	3.76728	9.81443	1.48679	1.61661	615	0	0.156549	0	20	20
0.00881602	0.000873733	1365.58	44.5765	4.82289e-13	3.63771	9.57212	1.48656	1.61661	615	0	0.158115	0	20	20
0.00881646	0.000876149	1369.48	43.9098	4.1511e-13	3.51259	9.33578	1.48634	1.61661	615	0	0.159645	0	20	20
0.00881688	0.000878542	1373.34	43.2507	3.57288e-13	3.39178	9.10528	1.48612	1.61661	615	0	0.161138	0	20	20
0.0088173	0.000880911	1377.17	42.5992	3.07521e-13	3.27512	8.88047	1.48591	1.61661	615	0	0.162596	0	20	20
0.00881771	0.000883257	1380.96	41.9552	2.64686e-13	3.16247	8.66121	1.48571	1.61661	615	0	0.164018	0	20	20
0.00881811	0.000885579	1384.72	41.3188	2.27817e-13	3.0537	8.44736	1.48551	1.61661	615	0	0.165404	0	20	20
0.0088185	0.000887877	1388.43	40.6899	1.96084e-13	2.94867	8.2388	1.48531	1.61661	615	0	0.166756	0	20	20
0.00881889	0.00089015	1392.11	40.0684	1.68771e-13	2.84725	8.03538	1.48511	1.61661	615	0	0.168073	0	20	20
0.00881928	0.000892399	1395.75	39.4545	1.45263e-13	2.74932	7.83699	1.48491	1.61661	615	0	0.169357	0	20	20
0.00881967	0.000894622	1399.35	38.8479	1.25029e-13	2.65476	7.64349	1.48472	1.61661	615	0	0.170606	0	20	20
0.00882006	0.000896821	1402.91	38.2488	1.07613e-13	2.56345	7.45477	1.48452	1.61661	615	0	0.171823	0	20	20
0.00882045	0.000898995	1406.44	37.6571	9.26235e-14	2.47528	7.27071	1.48432	1.61661	615	0	0.173008	0	20	20
0.00882085	0.000901144	1409.92	37.0726	7.97218e-14	2.39014	7.0912	1.48412	1.61661	615	0	0.174161	0	20	20
0.00882125	0.000903268	1413.37	36.4955	6.86172e-14	2.30794	6.91612	1.48392	1.61661	615	0	0.175282	0	20	20
0.00882165	0.000905367	1416.78	35.9257	5.90593e-14	2.22856	6.74536	1.48371	1.61661	615	0	0.176374	0	20	20
0.00882207	0.000907442	1420.15	35.3631	5.08329e-14	2.15191	6.57881	1.48351	1.61661	615	0	0.177435	0	20	20
0.00882249	0.000909491	1423.49	34.8077	4.37522e-14	2.07789	6.41638	1.48329	1.61661	615	0	0.178467	0	20	20
0.00882291	0.000911516	1426.79	34.2594	3.76579e-14	2.00642	6.25796	1.48308	1.61661	615	0	0.179471	0	20	20
0.00882335	0.000913516	1430.05	33.7183	3.24125e-14	1.93741	6.10345	1.48286	1.61661	615	0	0.180446	0	20	20
0.0088238	0.000915491	1433.27	33.1842	2.78977e-14	1.87078	5.95276	1.48263	1.61661	615	0	0.181395	0	20	20
0.00882425	0.000917443	1436.46	32.6571	2.40117e-14	1.80643	5.80578	1.4824	1.61661	615	0	0.182317	0	20	20
0.00882472	0.00091937	1439.61	32.137	2.06671e-14	1.7443	5.66244	1.48217	1.61661	615	0	0.183213	0	20	20
0.0088252	0.000921274	1442.73	31.6238	1.77883e-14	1.68431	5.52263	1.48193	1.61661	615	0	0.184084	0	20	20
0.00882568	0.000923153	1445.81	31.1175	1.53106e-14	1.62638	5.38628	1.48168	1.61661	615	0	0.184931	0	20	20
0.00882618	0.00092501	1448.86	30.618	1.31779e-14	1.57044	5.25329	1.48143	1.61661	615	0	0.185753	0	20	20
0.00882669	0.000926843	1451.87	30.1253	1.13423e-14	1.51642	5.12358	1.48117	1.61661	615	0	0.186553	0	20	20
0.00882721	0.000928653	1454.85	29.6393	9.76244e-15	1.46427	4.99708	1.48091	1.61661	615	0	0.18733	0	20	20
0.00882774	0.00093044	1457.79	29.16	8.40261e-15	1.4139	4.8737	1.48064	1.61661	615	0	0.188085	0	20	20
0.00882829	0.000932205	1460.71	28.6873	7.2322e-15	1.36527	4.75337	1.48037	1.61661	615	0	0.188819	0	20	20
0.00882884	0.000933948	1463.58	28.2212	6.22481e-15	1.31831	4.63601	1.48009	1.61661	615	0	0.189532	0	20	20
0.00882941	0.000935669	1466.43	27.7615	5.35774e-15	1.27297	4.52155	1.47981	1.61661	615	0	0.190226	0	20	20
0.00882999	0.000937368	1469.25	27.3083	4.61145e-15	1.22919	4.40991	1.47952	1.61661	615	0	0.1909	0	20	20
0.00883058	0.000939046	1472.03	26.8615	3.96911e-15	1.18691	4.30103	1.47922	1.61661	615	0	0.191556	0	20	20
0.00883118	0.000940703	1474.78	26.4211	3.41625e-15	1.14609	4.19484	1.47892	1.61661	615	0	0.192193	0	20	20
0.00883179	0.000942339	1477.5	25.9869	2.94039e-15	1.10667	4.09127	1.47861	1.61661	615	0	0.192813	0	20	20
0.00883242	0.000943955	1480.19	25.5589	2.53082e-15	1.0686	3.99025	1.4783	1.61661	615	0	0.193416	0	20	20
0.00883305	0.000945551	1482.86	25.1371	2.1783e-15	1.03185	3.89173	1.47798	1.61661	615	0	0.194002	0	20	20
0.0088337	0.000947127	1485.49	24.7214	1.87488e-15	0.996361	3.79564	1.47765	1.61661	615	0	0.194573	0	20	20
0.00883435	0.000948683	1488.09	24.3118	1.61372e-15	0.962091	3.70193	1.47732	1.61661	615	0	0.195128	0	20	20
0.00883502	0.00095022	1490.67	23.9081	1.38894e-15	0.929001	3.61053	1.47699	1.61661	615	0	0.195669	0	20	20
0.0088357	0.000951738	1493.22	23.5103	1.19547e-15	0.897048	3.52138	1.47665	1.61661	615	0	0.196195	0	20	20
0.00883639	0.000953238	1495.74	23.1184	1.02895e-15	0.866194	3.43444	1.4763	1.61661	615	0	0.196708	0	20	20
0.00883709	0.000954719	1498.23	22.7323	8.85629e-16	0.836402	3.34964	1.47595	1.61661	615	0	0.197207	0	20	20
0.00883779	0.000956183	1500.7	22.3519	7.62268e-16	0.807634	3.26694	1.4756	1.61661	615	0	0.197693	0	20	20
0.00883851	0.000957628	1503.14	21.9772	6.5609e-16	0.779856	3.18628	1.47524	1.61661	615	0	0.198167	0	20	20
0.00883924	0.000959056	1505.55	21.6081	5.64702e-16	0.753033	3.10761	1.47488	1.61661	615	0	0.198629	0	20	20
0.00883997	0.000960468	1507.94	21.2446	4.86043e-16	0.727133	3.03088	1.47451	1.61661	615	0	0.199079	0	20	20
0.00884072	0.000961862	1510.31	20.8865	4.18342e-16	0.702123	2.95605	1.47413	1.61661	615	0	0.199518	0	20	20
0.00884147	0.00096324	1512.65	20.5339	3.6007e-16	0.677974	2.88307	1.47376	1.61661	615	0	0.199947	0	20	20
0.00884224	0.000964601	1514.97	20.1867	3.09915e-16	0.654656	2.81188	1.47338	1.61661	615	0	0.200365	0	20	20
0.00884301	0.000965947	1517.26	19.8447	2.66746e-16	0.632139	2.74246	1.47299	1.61661	615	0	0.200773	0	20	20
0.00884379	0.000967277	1519.53	19.508	2.29591e-16	0.610397	2.67475	1.4726	1.61661	615	0	0.201172	0	20	20
0.00884457	0.000968592	1521.78	19.1765	1.97611e-16	0.589402	2.60871	1.47221	1.61661	615	0	0.201561	0	20	20
0.00884537	0.000969892	1524.01	18.8501	1.70085e-16	0.56913	2.5443	1.47181	1.61661	615	0	0.201942	0	20	20
0.00884617	0.000971176	1526.21	18.5287	1.46393e-16	0.549555	2.48148	1.47141	1.61661	615	0	0.202314	0	20	20
0.00884698	0.000972447	1528.39	18.2124	1.26002e-16	0.530654	2.42021	1.47101	1.61661	615	0	0.202678	0	20	20
0.00884779	0.000973703	1530.55	17.9009	1.08451e-16	0.512402	2.36045	1.4706	1.61661	615	0	0.203034	0	20	20
0.00884862	0.000974945	1532.69	17.5944	9.33446e-17	0.494778	2.30217	1.47019	1.61661	615	0	0.203382	0	20	20
0.00884944	0.000976173	1534.81	17.2926	8.03424e-17	0.47776	2.24533	1.46978	1.61661	615	0	0.203723	0	20	20
0.00885028	0.000977388	1536.92	16.9956	6.91514e-17	0.461328	2.1899	1.46936	1.61661	615	0	0.204057	0	20	20
0.00885112	0.00097859	1539	16.7033	5.95191e-17	0.445461	2.13583	1.46894	1.61661	615	0	0.204384	0	20	20
0.00885197	0.000979778	1541.06	16.4157	5.12286e-17	0.430139	2.08309	1.46852	1.61661	615	0	0.204705	0	20	20
0.00885282	0.000980954	1543.1	16.1326	4.40929e-17	0.415345	2.03166	1.4681	1.61661	615	0	0.205019	0	20	20
0.00885368	0.000982118	1545.13	15.854	3.79511e-17	0.401059	1.9815	1.46767	1.61661	615	0	0.205327	0	20	20
0.00885455	0.000983269	1547.13	15.5799	3.26648e-17	0.387265	1.93258	1.46724	1.61661	615	0	0.20563	0	20	20
0.00885542	0.000984408	1549.12	15.3101	2.81149e-17	0.373945	1.88486	1.46681	1.61661	615	0	0.205927	0	20	20
0.00885629	0.000985536	1551.09	15.0447	2.41987e-17	0.361084	1.83832	1.46637	1.61661	615	0	0.206219	0	20	20
0.00885717	0.000986652	1553.05	14.7836	2.0828e-17	0.348664	1.79294	1.46594	1.61661	615	0	0.206505	0	20	20
0.00885805	0.000987756	1554.98	14.5267	1.79268e-17	0.336672	1.74867	1.4655	1.61661	615	0	0.206787	0	20	20
0.00885894	0.000988849	1556.9	14.2739	1.54298e-17	0.325092	1.70549	1.46506	1.61661	615	0	0.207063	0	20	20
0.00885984	0.000989932	1558.81	14.0253	1.32805e-17	0.313911	1.66338	1.46461	1.61661	615	0	0.207336	0	20	20
0.00886073	0.000991004	1560.7	13.7807	1.14306e-17	0.303114	1.62232	1.46417	1.61661	615	0	0.207604	0	20	20
0.00886163	0.000992065	1562.57	13.5401	9.83845e-18	0.292689	1.58226	1.46372	1.61661	615	0	0.207867	0	20	20
0.00886254	0.000993116	1564.43	13.3034	8.46803e-18	0.282622	1.54319	1.46327	1.61661	615	0	0.208127	0	20	20
0.00886345	0.000994157	1566.27	13.0707	7.2885e-18	0.272901	1.50509	1.46282	1.61661	615	0	0.208383	0	20	20
0.00886436	0.000995188	1568.1	12.8417	6.27327e-18	0.263515	1.46793	1.46237	1.61661	615	0	0.208635	0	20	20
0.00886527	0.000996209	1569.91	12.6165	5.39946e-18	0.254451	1.43169	1.46192	1.61661	615	0	0.208883	0	20	20
0.00886619	0.000997221	1571.71	12.3951	4.64735e-18	0.2457	1.39634	1.46147	1.61661	615	0	0.209128	0	20	20
0.00886712	0.000998224	1573.49	12.1773	4.00001e-18	0.237249	1.36186	1.46101	1.61661	615	0	0.20937	0	20	20
0.00886804	0.000999217	1575.27	11.9631	3.44284e-18	0.229089	1.32824	1.46055	1.61661	615	0	0.209608	0	20	20
0.00886897	0.0010002	1577.02	11.7524	2.96328e-18	0.221209	1.29544	1.46009	1.61661	615	0	0.209844	0	20	20
0.0088699	0.00100118	1578.77	11.5453	2.55052e-18	0.213601	1.26346	1.45963	1.61661	615	0	0.210076	0	20	20
0.00887083	0.00100214	1580.5	11.3417	2.19525e-18	0.206254	1.23227	1.45917	1.61661	615	0	0.210306	0	20	20
0.00887177	0.0010031	1582.22	11.1414	1.88947e-18	0.19916	1.20184	1.45871	1.61661	615	0	0.210533	0	20	20
0.00887271	0.00100405	1583.93	10.9445	1.62628e-18	0.19231	1.17217	1.45825	1.61661	615	0	0.210758	0	20	20
0.00887365	0.00100499	1585.62	10.7509	1.39976e-18	0.185696	1.14323	1.45778	1.61661	615	0	0.21098	0	20	20
0.00887459	0.00100593	1587.3	10.5606	1.20478e-18	0.179309	1.115	1.45732	1.61661	615	0	0.211199	0	20	20
0.00887554	0.00100685	1588.98	10.3734	1.03696e-18	0.173142	1.08747	1.45685	1.61661	615	0	0.211417	0	20	20
0.00887649	0.00100777	1590.64	10.1894	8.92524e-19	0.167186	1.06062	1.45639	1.61661	615	0	0.211632	0	20	20
0.00887744	0.00100868	1592.28	10.0086	7.68203e-19	0.161436	1.03443	1.45592	1.61661	615	0	0.211845	0	20	20
0.00887839	0.00100959	1593.92	9.83078	6.61198e-19	0.155884	1.00889	1.45545	1.61661	615	0	0.212056	0	20	20
0.00887934	0.00101048	1595.55	9.65599	5.69098e-19	0.150522	0.983984	1.45498	1.61661	615	0	0.212265	0	20	20
0.0088803	0.00101137	1597.16	9.48418	4.89828e-19	0.145345	0.959689	1.45451	1.61661	615	0	0.212472	0	20	20
0.00888125	0.00101226	1598.77	9.31529	4.21598e-19	0.140346	0.935994	1.45404	1.61661	615	0	0.212677	0	20	20
0.00888221	0.00101313	1600.36	9.14928	3.62873e-19	0.135519	0.912885	1.45357	1.61661	615	0	0.212881	0	20	20
0.00888317	0.001014	1601.95	8.98611	3.12328e-19	0.130858	0.890345	1.4531	1.61661	615	0	0.213083	0	20	20
0.00888413	0.00101486	1603.52	8.82572	2.68823e-19	0.126357	0.868363	1.45263	1.61661	615	0	0.213283	0	20	20
0.00888509	0.00101572	1605.09	8.66809	2.31378e-19	0.122011	0.846923	1.45216	1.61661	615	0	0.213482	0	20	20
0.00888606	0.00101657	1606.64	8.51316	1.99149e-19	0.117814	0.826012	1.45169	1.61661	615	0	0.213679	0	20	20
0.00888702	0.00101741	1608.19	8.36089	1.71409e-19	0.113762	0.805618	1.45121	1.61661	615	0	0.213875	0	20	20
0.00888799	0.00101825	1609.73	8.21124	1.47533e-19	0.109849	0.785727	1.45074	1.61661	615	0	0.21407	0	20	20
0.00888895	0.00101908	1611.25	8.06418	1.26983e-19	0.106071	0.766327	1.45027	1.61661	615	0	0.214263	0	20	20
0.00888992	0.0010199	1612.77	7.91965	1.09295e-19	0.102423	0.747407	1.44979	1.61661	615	0	0.214455	0	20	20
