0.00936804	
0.0074373	
0.0058768	
0.00508708	
0.00460694	
0.00427297	
0.00401592	
0.0038073	
0.0036483	
0.00355549	
0.00355512	
0.00367886	
0.00389629	
0.00418637	
0.00454086	
0.00496061	
0.00545215	
0.0060256	
0.00669322	
0.00746816	
0.00836272	
0.00938548	
0.0105367	
0.0118016	
0.013141	
0.0144953	
0.0158313	
0.0171274	
0.0183635	
0.0195112	
0.0203397	
0.0207486	
0.02074	
0.0203308	
0.0195556	
0.0184724	
0.0171672	
0.0157518	
0.0143459	
0.01305	
0.0119264	
0.0109966	
0.0102528	
0.00967256	
0.00923007	
0.00890214	
0.00867066	
0.00852236	
0.00844702	
0.00843442	
0.00847171	
0.0090443	
0.010052	
0.0115657	
0.0134952	
0.0153996	
0.0170604	
0.0185883	
0.020151	
0.0218701	
0.0238014	
0.025945	
0.0282557	
0.0306513	
0.0330268	
0.0352739	
0.0373012	
0.0390492	
0.0404954	
0.0416499	
0.0425445	
0.0432207	
0.0437211	
