0.00866572	0.000693067	1111.6	256.922	76.5	0	0	1.56526	1.61661	615	0	0.149389	0	20	20
0.00874083	0.000705036	1139.33	256.922	76.4694	18.5315	6.24503	1.52525	1.61661	615	0	-0.0959606	0	20	20
0.00885707	0.000729835	1193.01	256.922	76.4339	54.3225	18.4277	1.46598	1.61661	615	0	-0.54223	0	20	20
0.00893897	0.000754822	1243.71	256.922	76.3927	88.8838	30.31	1.42606	1.61661	615	0	-0.929518	0	20	20
0.00899611	0.000779948	1292.19	256.922	76.3448	122.249	41.8965	1.39906	1.61661	615	0	-1.26962	0	20	20
0.00903436	0.000804827	1338.28	256.922	76.2893	154.452	53.1919	1.38136	1.61661	615	0	-1.5694	0	20	20
0.00905855	0.000829188	1381.98	256.922	76.2249	185.526	64.2011	1.37033	1.61661	615	0	-1.83438	0	20	20
0.00907241	0.000852873	1423.36	256.922	76.1502	215.503	74.9291	1.36405	1.61661	615	0	-2.06966	0	20	20
0.00907875	0.000875817	1462.59	256.922	76.0636	244.416	85.3809	1.3612	1.61661	615	0	-2.27976	0	20	20
0.00907958	0.000898013	1499.87	256.922	75.9633	272.297	95.5621	1.36082	1.61661	615	0	-2.46856	0	20	20
0.0090764	0.00091949	1535.4	256.922	75.847	299.179	105.478	1.36226	1.61661	615	0	-2.63932	0	20	20
0.00907025	0.000940291	1569.38	256.922	75.7124	325.095	115.136	1.36503	1.61661	615	0	-2.79469	0	20	20
0.00906191	0.00096046	1601.96	256.922	75.5566	350.077	124.54	1.3688	1.61661	615	0	-2.93683	0	20	20
0.00905192	0.000980041	1633.28	256.922	75.3764	374.16	133.699	1.37334	1.61661	615	0	-3.06753	0	20	20
0.0090407	0.000999069	1663.45	256.922	75.1681	397.377	142.619	1.37846	1.61661	615	0	-3.18821	0	20	20
0.00902855	0.00101757	1692.56	256.922	74.9275	419.764	151.308	1.38403	1.61661	615	0	-3.30006	0	20	20
0.0090157	0.00103558	1720.67	256.922	74.6499	441.357	159.774	1.38996	1.61661	615	0	-3.40409	0	20	20
0.00900231	0.00105312	1747.86	256.922	74.33	462.191	168.026	1.39617	1.61661	615	0	-3.50114	0	20	20
0.00898853	0.0010702	1774.16	256.922	73.9617	482.307	176.073	1.4026	1.61661	615	0	-3.59194	0	20	20
0.00897443	0.00108684	1799.62	256.922	73.5383	501.741	183.926	1.40922	1.61661	615	0	-3.67711	0	20	20
0.00896011	0.00110307	1824.27	256.922	73.0526	520.535	191.594	1.41599	1.61661	615	0	-3.75723	0	20	20
0.00894561	0.0011189	1848.17	256.922	72.4961	538.73	199.088	1.42289	1.61661	615	0	-3.83278	0	20	20
0.00893098	0.00113434	1871.33	256.922	71.8602	556.365	206.42	1.42989	1.61661	615	0	-3.90423	0	20	20
0.00891623	0.00114943	1893.81	256.922	71.1353	573.484	213.601	1.437	1.61661	615	0	-3.97197	0	20	20
0.00890139	0.00116418	1915.62	256.922	70.3111	590.126	220.643	1.4442	1.61661	615	0	-4.03638	0	20	20
0.00888648	0.00117862	1936.82	256.922	69.3773	606.331	227.557	1.45148	1.61661	615	0	-4.09777	0	20	20
0.00887148	0.00119276	1957.42	256.922	68.323	622.136	234.354	1.45885	1.61661	615	0	-4.15644	0	20	20
0.00885642	0.00120662	1977.45	256.922	67.1377	637.572	241.042	1.46631	1.61661	615	0	-4.21264	0	20	20
0.0088413	0.00122021	1996.94	256.922	65.8111	652.668	247.629	1.47385	1.61661	615	0	-4.2666	0	20	20
0.00882612	0.00123354	2015.89	256.922	64.3342	667.443	254.121	1.48146	1.61661	615	0	-4.31847	0	20	20
0.0088109	0.00124661	2034.31	256.922	62.6995	681.906	260.519	1.48915	1.61661	615	0	-4.3684	0	20	20
0.00879567	0.00125941	2052.18	256.922	60.9015	696.057	266.822	1.4969	1.61661	615	0	-4.41647	0	20	20
0.00878046	0.00127192	2069.47	256.922	58.9379	709.88	273.023	1.5047	1.61661	615	0	-4.46271	0	20	20
0.00876532	0.00128411	2086.15	256.922	56.8097	723.344	279.11	1.5125	1.61661	615	0	-4.50711	0	20	20
0.00875033	0.00129594	2102.16	256.922	54.5225	736.404	285.068	1.52029	1.61661	615	0	-4.54961	0	20	20
0.00873557	0.00130734	2117.41	256.922	52.086	748.997	290.872	1.52801	1.61661	615	0	-4.5901	0	20	20
0.00872113	0.00131824	2131.82	256.922	49.5151	761.045	296.495	1.53561	1.61661	615	0	-4.62843	0	20	20
0.00870714	0.00132856	2145.27	256.922	46.8297	772.458	301.904	1.54303	1.61661	615	0	-4.66442	0	20	20
0.00869372	0.0013382	2157.67	256.922	44.0538	783.134	307.064	1.55019	1.61661	615	0	-4.69786	0	20	20
0.00868099	0.00134709	2168.88	256.922	41.2153	792.969	311.935	1.55701	1.61661	615	0	-4.72854	0	20	20
0.00866909	0.00135511	2178.8	256.922	38.3448	801.858	316.481	1.56343	1.61661	615	0	-4.75623	0	20	20
0.00865815	0.00136219	2187.33	256.922	35.4743	809.702	320.665	1.56937	1.61661	615	0	-4.78074	0	20	20
0.00864828	0.00136825	2194.38	256.922	32.6358	816.416	324.453	1.57475	1.61661	615	0	-4.80191	0	20	20
0.00863957	0.00137322	2199.87	256.922	29.8599	821.928	327.819	1.57951	1.61661	615	0	-4.81958	0	20	20
0.00863211	0.00137706	2203.77	256.922	27.1745	826.188	330.743	1.58362	1.61661	615	0	-4.83367	0	20	20
0.00862593	0.00137976	2206.06	256.922	24.6037	829.17	333.212	1.58702	1.61661	615	0	-4.84414	0	20	20
0.00862106	0.00138129	2206.75	256.922	22.1672	830.869	335.219	1.58971	1.61661	615	0	-4.85099	0	20	20
0.00861741	0.0013817	2205.87	256.922	19.8799	831.303	336.768	1.59173	1.61661	615	0	-4.85367	0	20	20
0.00861413	0.00138114	2203.49	256.922	17.7517	830.508	337.869	1.59355	1.61661	615	0	-4.84707	0	20	20
0.00861118	0.00137965	2199.69	256.922	15.7881	828.541	338.535	1.59519	1.61661	615	0	-4.83169	0	20	20
0.00860855	0.00137729	2194.57	256.922	13.9901	825.469	338.788	1.59665	1.61661	615	0	-4.8081	0	20	20
0.00860622	0.00137414	2188.22	256.922	12.3554	821.369	338.651	1.59795	1.61661	615	0	-4.77694	0	20	20
0.00860415	0.00137024	2180.75	256.922	10.8785	816.326	338.15	1.5991	1.61661	615	0	-4.73891	0	20	20
0.00860233	0.00136568	2172.27	256.922	9.55195	810.424	337.312	1.60011	1.61661	615	0	-4.69469	0	20	20
0.00860074	0.00136052	2162.87	256.922	8.36659	803.75	336.164	1.60101	1.61661	615	0	-4.64498	0	20	20
0.00859934	0.00135481	2152.67	256.922	7.31231	796.387	334.734	1.60179	1.61661	615	0	-4.59043	0	20	20
0.00859811	0.00134863	2141.76	256.922	6.37848	788.416	333.046	1.60248	1.61661	615	0	-4.53169	0	20	20
0.00859704	0.00134202	2130.21	256.922	5.55436	779.91	331.127	1.60308	1.61661	615	0	-4.46933	0	20	20
0.0085961	0.00133504	2118.12	256.922	4.8294	770.938	328.998	1.6036	1.61661	615	0	-4.40389	0	20	20
0.00859528	0.00132774	2105.55	256.922	4.19349	761.563	326.681	1.60406	1.61661	615	0	-4.33585	0	20	20
0.00859456	0.00132016	2092.58	256.922	3.63707	751.841	324.194	1.60446	1.61661	615	0	-4.26566	0	20	20
0.00859393	0.00131233	2079.25	256.922	3.15127	741.822	321.554	1.60481	1.61661	615	0	-4.1937	0	20	20
0.00859338	0.0013043	2065.62	256.922	2.72794	731.551	318.778	1.60512	1.61661	615	0	-4.1203	0	20	20
0.00859289	0.00129608	2051.73	256.922	2.35965	721.068	315.879	1.60539	1.61661	615	0	-4.04577	0	20	20
0.00859247	0.00128771	2037.62	256.922	2.03971	710.406	312.868	1.60563	1.61661	615	0	-3.97037	0	20	20
0.0085921	0.0012792	2023.34	256.922	1.76213	699.596	309.758	1.60584	1.61661	615	0	-3.89432	0	20	20
0.00859178	0.00127058	2008.9	256.922	1.52155	688.664	306.557	1.60602	1.61661	615	0	-3.81783	0	20	20
0.0085915	0.00126187	1994.33	256.922	1.31324	677.633	303.275	1.60618	1.61661	615	0	-3.74105	0	20	20
0.00859125	0.00125308	1979.67	256.922	1.13301	666.524	299.918	1.60631	1.61661	615	0	-3.66414	0	20	20
0.00859105	0.00124422	1964.92	256.922	0.977206	655.352	296.494	1.60643	1.61661	615	0	-3.58724	0	20	20
0.00859088	0.0012353	1950.11	256.922	0.842585	644.134	293.008	1.60652	1.61661	615	0	-3.51044	0	20	20
0.00859075	0.00122634	1935.26	256.922	0.726331	632.884	289.467	1.6066	1.61661	615	0	-3.43384	0	20	20
0.00859065	0.00121735	1920.37	256.922	0.625985	621.611	285.875	1.60665	1.61661	615	0	-3.35754	0	20	20
0.00859059	0.00120833	1905.46	256.922	0.539403	610.328	282.236	1.60669	1.61661	615	0	-3.2816	0	20	20
0.00859056	0.00119929	1890.54	256.922	0.464724	599.042	278.555	1.6067	1.61661	615	0	-3.20608	0	20	20
0.00859057	0.00119023	1875.63	256.922	0.400329	587.764	274.836	1.6067	1.61661	615	0	-3.13106	0	20	20
0.00859062	0.00118117	1860.73	256.922	0.344818	576.499	271.082	1.60667	1.61661	615	0	-3.05658	0	20	20
0.00859072	0.00117211	1845.86	256.922	0.296973	565.254	267.296	1.60661	1.61661	615	0	-2.98269	0	20	20
0.00859086	0.00116305	1831.01	256.922	0.255745	554.037	263.482	1.60654	1.61661	615	0	-2.90942	0	20	20
0.00859105	0.001154	1816.21	256.922	0.220224	542.853	259.643	1.60643	1.61661	615	0	-2.83683	0	20	20
0.00859129	0.00114497	1801.45	256.922	0.189625	531.707	255.781	1.60629	1.61661	615	0	-2.76494	0	20	20
0.00859159	0.00113596	1786.76	256.922	0.163268	520.605	251.9	1.60613	1.61661	615	0	-2.69379	0	20	20
0.00859194	0.00112697	1772.12	256.922	0.140567	509.552	248.001	1.60593	1.61661	615	0	-2.62342	0	20	20
0.00859237	0.00111801	1757.56	256.922	0.121018	498.552	244.088	1.60569	1.61661	615	0	-2.55384	0	20	20
0.00859286	0.00110908	1743.08	256.922	0.104184	487.61	240.164	1.60541	1.61661	615	0	-2.48509	0	20	20
0.00859342	0.00110019	1728.69	256.922	0.0896893	476.731	236.23	1.6051	1.61661	615	0	-2.4172	0	20	20
0.00859407	0.00109134	1714.4	256.922	0.0772089	465.919	232.289	1.60474	1.61661	615	0	-2.35019	0	20	20
0.0085948	0.00108254	1700.2	256.922	0.0664636	455.179	228.344	1.60433	1.61661	615	0	-2.28408	0	20	20
0.00859562	0.00107379	1686.12	256.922	0.0572127	444.515	224.397	1.60387	1.61661	615	0	-2.2189	0	20	20
0.00859653	0.00106509	1672.15	256.922	0.0492485	433.932	220.45	1.60336	1.61661	615	0	-2.15467	0	20	20
0.00859755	0.00105646	1658.31	256.922	0.0423924	423.433	216.507	1.60279	1.61661	615	0	-2.0914	0	20	20
0.00859867	0.00104789	1644.6	256.922	0.0364903	413.024	212.568	1.60216	1.61661	615	0	-2.02914	0	20	20
0.0085999	0.00103938	1631.03	256.922	0.0314096	402.708	208.637	1.60147	1.61661	615	0	-1.96788	0	20	20
0.00860125	0.00103095	1617.61	256.922	0.027036	392.49	204.717	1.60072	1.61661	615	0	-1.90765	0	20	20
0.00860273	0.0010226	1604.34	256.922	0.0232712	382.375	200.808	1.59989	1.61661	615	0	-1.84847	0	20	20
0.00860433	0.00101433	1591.24	256.922	0.0200306	372.365	196.915	1.599	1.61661	615	0	-1.79035	0	20	20
0.00860607	0.00100615	1578.31	256.922	0.0172411	362.467	193.038	1.59803	1.61661	615	0	-1.73331	0	20	20
0.00860796	0.000998055	1565.55	256.922	0.01484	352.683	189.181	1.59698	1.61661	615	0	-1.67737	0	20	20
0.00860999	0.000990058	1552.98	256.922	0.0127733	343.019	185.346	1.59585	1.61661	615	0	-1.62255	0	20	20
0.00861217	0.000982162	1540.6	256.922	0.0109943	333.479	181.534	1.59464	1.61661	615	0	-1.56885	0	20	20
0.00861451	0.00097437	1528.43	256.922	0.00946308	324.066	177.749	1.59334	1.61661	615	0	-1.51628	0	20	20
0.00861701	0.000966688	1516.45	256.922	0.00814509	314.786	173.992	1.59195	1.61661	615	0	-1.46487	0	20	20
0.00861968	0.000959119	1504.7	256.922	0.00701065	305.642	170.267	1.59047	1.61661	615	0	-1.41462	0	20	20
0.00862253	0.000951669	1493.16	256.922	0.0060342	296.639	166.574	1.5889	1.61661	615	0	-1.36554	0	20	20
0.00862555	0.000944341	1481.85	256.922	0.00519374	287.78	162.917	1.58723	1.61661	615	0	-1.31764	0	20	20
0.00862875	0.000937141	1470.77	256.922	0.00447034	279.071	159.297	1.58546	1.61661	615	0	-1.27094	0	20	20
0.00863214	0.000930071	1459.94	256.922	0.00384768	270.514	155.717	1.5836	1.61661	615	0	-1.22543	0	20	20
0.00863571	0.000923138	1449.35	256.922	0.00331176	262.115	152.179	1.58163	1.61661	615	0	-1.18113	0	20	20
0.00863947	0.000916344	1439.02	256.922	0.00285047	253.876	148.685	1.57957	1.61661	615	0	-1.13804	0	20	20
0.00864343	0.000909694	1428.94	256.922	0.00245344	245.803	145.237	1.5774	1.61661	615	0	-1.09618	0	20	20
0.00864757	0.000903192	1419.13	256.922	0.0021117	237.899	141.837	1.57513	1.61661	615	0	-1.05553	0	20	20
0.00865191	0.000896842	1409.6	256.922	0.00181757	230.167	138.488	1.57277	1.61661	615	0	-1.01611	0	20	20
0.00865644	0.000890648	1400.34	256.922	0.0015644	222.612	135.191	1.5703	1.61661	615	0	-0.977929	0	20	20
0.00866115	0.000884615	1391.36	256.922	0.00134649	215.238	131.949	1.56774	1.61661	615	0	-0.940977	0	20	20
0.00866605	0.000878744	1382.66	256.922	0.00115894	208.047	128.763	1.56508	1.61661	615	0	-0.90526	0	20	20
0.00867113	0.000873041	1374.26	256.922	0.000997512	201.043	125.635	1.56233	1.61661	615	0	-0.870781	0	20	20
0.00867638	0.000867508	1366.15	256.922	0.000858568	194.231	122.568	1.5595	1.61661	615	0	-0.837541	0	20	20
0.0086818	0.00086215	1358.34	256.921	0.000738977	187.613	119.563	1.55658	1.61661	615	0	-0.80554	0	20	20
0.00868738	0.000856969	1350.84	256.921	0.000636045	181.193	116.622	1.55358	1.61661	615	0	-0.774777	0	20	20
0.00869311	0.000851969	1343.64	256.921	0.000547449	174.973	113.747	1.55051	1.61661	615	0	-0.745253	0	20	20
0.00869898	0.000847152	1336.75	256.921	0.000471194	168.957	110.939	1.54737	1.61661	615	0	-0.716967	0	20	20
0.00870497	0.00084252	1330.16	256.921	0.000405561	163.146	108.2	1.54418	1.61661	615	0	-0.689904	0	20	20
0.0087111	0.000838067	1323.88	256.921	0.00034907	157.535	105.529	1.54093	1.61661	615	0	-0.664021	0	20	20
0.00871734	0.000833789	1317.89	256.921	0.000300448	152.116	102.923	1.53762	1.61661	615	0	-0.639265	0	20	20
0.00872371	0.000829677	1312.18	256.921	0.000258598	146.884	100.382	1.53425	1.61661	615	0	-0.615584	0	20	20
0.0087302	0.000825727	1306.74	256.921	0.000222577	141.832	97.9036	1.53083	1.61661	615	0	-0.592929	0	20	20
0.00873682	0.000821933	1301.56	256.92	0.000191574	136.954	95.4864	1.52736	1.61661	615	0	-0.571255	0	20	20
0.00874355	0.000818289	1296.63	256.92	0.000164889	132.244	93.1288	1.52383	1.61661	615	0	-0.550516	0	20	20
0.00875039	0.000814789	1291.94	256.92	0.000141922	127.695	90.8294	1.52026	1.61661	615	0	-0.530672	0	20	20
0.00875735	0.000811428	1287.49	256.92	0.000122153	123.303	88.5868	1.51664	1.61661	615	0	-0.511681	0	20	20
0.00876443	0.000808202	1283.26	256.92	0.000105138	119.062	86.3996	1.51297	1.61661	615	0	-0.493507	0	20	20
0.00877161	0.000805106	1279.25	256.919	9.04933e-05	114.967	84.2664	1.50925	1.61661	615	0	-0.476111	0	20	20
0.0087789	0.000802133	1275.45	256.919	7.78883e-05	111.013	82.1859	1.5055	1.61661	615	0	-0.459461	0	20	20
0.00878629	0.000799281	1271.85	256.919	6.70391e-05	107.195	80.1567	1.5017	1.61661	615	0	-0.443522	0	20	20
0.00879378	0.000796545	1268.44	256.918	5.77011e-05	103.508	78.1776	1.49787	1.61661	615	0	-0.428264	0	20	20
0.00880136	0.00079392	1265.22	256.918	4.96638e-05	99.9476	76.2474	1.494	1.61661	615	0	-0.413656	0	20	20
0.00880904	0.000791402	1262.18	256.918	4.2746e-05	96.5099	74.3649	1.49009	1.61661	615	0	-0.39967	0	20	20
0.00881681	0.000788987	1259.32	256.917	3.67919e-05	93.1905	72.5288	1.48616	1.61661	615	0	-0.386279	0	20	20
0.00882467	0.000786672	1256.62	256.917	3.1667e-05	89.9853	70.738	1.48219	1.61661	615	0	-0.373457	0	20	20
0.0088326	0.000784452	1254.08	256.916	2.72561e-05	86.8903	68.9915	1.4782	1.61661	615	0	-0.361179	0	20	20
0.00884061	0.000782325	1251.69	256.916	2.34595e-05	83.9017	67.2881	1.47419	1.61661	615	0	-0.349421	0	20	20
0.0088487	0.000780286	1249.46	256.915	2.01918e-05	81.0159	65.6268	1.47015	1.61661	615	0	-0.33816	0	20	20
0.00885685	0.000778333	1247.36	256.914	1.73792e-05	78.2294	64.0064	1.46609	1.61661	615	0	-0.327377	0	20	20
0.00886507	0.000776462	1245.4	256.914	1.49585e-05	75.5388	62.4261	1.46202	1.61661	615	0	-0.317049	0	20	20
0.00887343	0.00077469	1243.62	256.913	1.28749e-05	72.9406	60.8848	1.45789	1.61661	615	0	-0.307255	0	20	20
0.00888227	0.000773094	1242.18	256.912	1.10815e-05	70.4319	59.3815	1.45355	1.61661	615	0	-0.298333	0	20	20
0.00889179	0.000771719	1241.18	256.911	9.53793e-06	68.0094	57.9154	1.44888	1.61661	615	0	-0.290489	0	20	20
0.00890198	0.000770554	1240.61	256.91	8.20938e-06	65.6702	56.4855	1.44391	1.61661	615	0	-0.283653	0	20	20
0.0089128	0.000769586	1240.44	256.909	7.06588e-06	63.4115	55.0908	1.43866	1.61661	615	0	-0.277758	0	20	20
0.00892424	0.000768805	1240.64	256.908	6.08166e-06	61.2305	53.7306	1.43313	1.61661	615	0	-0.272745	0	20	20
0.00893625	0.0007682	1241.21	256.906	5.23453e-06	59.1245	52.404	1.42736	1.61661	615	0	-0.268557	0	20	20
0.00894883	0.000767763	1242.12	256.905	4.5054e-06	57.091	51.1102	1.42135	1.61661	615	0	-0.265141	0	20	20
0.00896193	0.000767483	1243.35	256.903	3.87783e-06	55.1274	49.8483	1.41513	1.61661	615	0	-0.262448	0	20	20
0.00897553	0.000767352	1244.89	256.902	3.33768e-06	53.2313	48.6175	1.4087	1.61661	615	0	-0.26043	0	20	20
0.00898961	0.000767362	1246.72	256.9	2.87277e-06	51.4004	47.4171	1.4021	1.61661	615	0	-0.259045	0	20	20
0.00900412	0.000767505	1248.83	256.898	2.47262e-06	49.6325	46.2464	1.39533	1.61661	615	0	-0.258251	0	20	20
0.00901905	0.000767774	1251.2	256.895	2.1282e-06	47.9254	45.1046	1.38841	1.61661	615	0	-0.258009	0	20	20
0.00903436	0.000768161	1253.81	256.893	1.83176e-06	46.277	43.9909	1.38136	1.61661	615	0	-0.258281	0	20	20
0.00905003	0.00076866	1256.66	256.89	1.57661e-06	44.6854	42.9048	1.3742	1.61661	615	0	-0.259034	0	20	20
0.00906601	0.000769265	1259.72	256.887	1.357e-06	43.1484	41.8455	1.36694	1.61661	615	0	-0.260232	0	20	20
0.00908229	0.000769968	1262.99	256.884	1.16798e-06	41.6644	40.8123	1.35961	1.61661	615	0	-0.261845	0	20	20
0.00909884	0.000770764	1266.46	256.881	1.00529e-06	40.2313	39.8046	1.35221	1.61661	615	0	-0.263843	0	20	20
0.00911561	0.000771648	1270.1	256.877	8.65262e-07	38.8476	38.8219	1.34475	1.61661	615	0	-0.266196	0	20	20
0.00913258	0.000772613	1273.9	256.873	7.44738e-07	37.5114	37.8633	1.33727	1.61661	615	0	-0.268879	0	20	20
0.00914973	0.000773654	1277.87	256.868	6.41002e-07	36.2213	36.9285	1.32977	1.61661	615	0	-0.271864	0	20	20
0.00916702	0.000774766	1281.97	256.863	5.51715e-07	34.9754	36.0167	1.32226	1.61661	615	0	-0.275129	0	20	20
0.00918441	0.000775944	1286.21	256.858	4.74866e-07	33.7725	35.1275	1.31476	1.61661	615	0	-0.278649	0	20	20
0.0092019	0.000777182	1290.57	256.852	4.08721e-07	32.6109	34.2602	1.30728	1.61661	615	0	-0.282403	0	20	20
0.00921943	0.000778477	1295.03	256.846	3.51789e-07	31.4892	33.4143	1.29983	1.61661	615	0	-0.28637	0	20	20
0.00923699	0.000779823	1299.6	256.839	3.02788e-07	30.4062	32.5893	1.29243	1.61661	615	0	-0.290532	0	20	20
0.00925455	0.000781216	1304.25	256.831	2.60612e-07	29.3604	31.7846	1.28509	1.61661	615	0	-0.29487	0	20	20
0.00927209	0.000782652	1308.98	256.823	2.24311e-07	28.3505	30.9999	1.27781	1.61661	615	0	-0.299366	0	20	20
0.00928957	0.000784125	1313.77	256.814	1.93066e-07	27.3754	30.2345	1.27061	1.61661	615	0	-0.304006	0	20	20
0.00930697	0.000785633	1318.62	256.804	1.66173e-07	26.4339	29.488	1.2635	1.61661	615	0	-0.308775	0	20	20
0.00932426	0.000787171	1323.52	256.793	1.43027e-07	25.5247	28.7599	1.25648	1.61661	615	0	-0.313659	0	20	20
0.00934143	0.000788735	1328.45	256.782	1.23104e-07	24.6468	28.0499	1.24957	1.61661	615	0	-0.318645	0	20	20
0.00935845	0.000790322	1333.41	256.769	1.05957e-07	23.7991	27.3573	1.24276	1.61661	615	0	-0.323721	0	20	20
0.00937531	0.000791926	1338.39	256.755	9.11979e-08	22.9805	26.6818	1.23607	1.61661	615	0	-0.328877	0	20	20
0.00939197	0.000793546	1343.38	256.74	7.84948e-08	22.1901	26.0231	1.22951	1.61661	615	0	-0.334103	0	20	20
0.00940842	0.000795176	1348.37	256.723	6.75611e-08	21.4269	25.3806	1.22307	1.61661	615	0	-0.339389	0	20	20
0.00942465	0.000796814	1353.35	256.705	5.81504e-08	20.6899	24.7539	1.21676	1.61661	615	0	-0.344727	0	20	20
0.00944063	0.000798457	1358.31	256.685	5.00505e-08	19.9783	24.1427	1.21059	1.61661	615	0	-0.350108	0	20	20
0.00945636	0.000800099	1363.25	256.664	4.30789e-08	19.2911	23.5466	1.20456	1.61661	615	0	-0.355525	0	20	20
0.00947181	0.00080174	1368.16	256.64	3.70783e-08	18.6276	22.9653	1.19867	1.61661	615	0	-0.36097	0	20	20
0.00948699	0.000803374	1373.03	256.615	3.19136e-08	17.9869	22.3983	1.19293	1.61661	615	0	-0.366436	0	20	20
0.00950187	0.000804999	1377.85	256.587	2.74683e-08	17.3683	21.8452	1.18733	1.61661	615	0	-0.371917	0	20	20
0.00951645	0.000806612	1382.62	256.557	2.36422e-08	16.7709	21.3059	1.18189	1.61661	615	0	-0.377406	0	20	20
0.00953072	0.00080821	1387.32	256.523	2.0349e-08	16.1941	20.7798	1.17659	1.61661	615	0	-0.382895	0	20	20
0.00954467	0.00080979	1391.96	256.487	1.75146e-08	15.6371	20.2668	1.17143	1.61661	615	0	-0.388379	0	20	20
0.0095583	0.000811348	1396.53	256.448	1.50749e-08	15.0993	19.7664	1.16643	1.61661	615	0	-0.39385	0	20	20
0.00957161	0.000812884	1401.02	256.405	1.29751e-08	14.5799	19.2784	1.16157	1.61661	615	0	-0.399301	0	20	20
0.0095846	0.000814393	1405.43	256.358	1.11678e-08	14.0785	18.8024	1.15685	1.61661	615	0	-0.404726	0	20	20
0.00959725	0.000815874	1409.74	256.306	9.61219e-09	13.5942	18.3381	1.15228	1.61661	615	0	-0.410116	0	20	20
0.00960959	0.000817325	1413.97	256.251	8.27329e-09	13.1267	17.8854	1.14785	1.61661	615	0	-0.415465	0	20	20
0.0096216	0.000818742	1418.1	256.19	7.12089e-09	12.6752	17.4438	1.14356	1.61661	615	0	-0.420764	0	20	20
0.00963329	0.000820125	1422.13	256.123	6.129e-09	12.2392	17.0131	1.1394	1.61661	615	0	-0.426007	0	20	20
0.00964466	0.000821472	1426.05	256.051	5.27528e-09	11.8183	16.593	1.13537	1.61661	615	0	-0.431184	0	20	20
0.00965572	0.000822781	1429.88	255.972	4.54048e-09	11.4118	16.1834	1.13148	1.61661	615	0	-0.436289	0	20	20
0.00966648	0.00082405	1433.59	255.886	3.90803e-09	11.0193	15.7838	1.1277	1.61661	615	0	-0.441313	0	20	20
0.00967694	0.00082528	1437.2	255.792	3.36367e-09	10.6403	15.3941	1.12405	1.61661	615	0	-0.446248	0	20	20
0.00968711	0.000826468	1440.69	255.69	2.89514e-09	10.2743	15.014	1.12051	1.61661	615	0	-0.451086	0	20	20
0.009697	0.000827614	1444.08	255.579	2.49187e-09	9.92092	14.6433	1.11709	1.61661	615	0	-0.45582	0	20	20
0.00970661	0.000828718	1447.35	255.457	2.14477e-09	9.5797	14.2818	1.11378	1.61661	615	0	-0.460442	0	20	20
0.00971595	0.00082978	1450.52	255.325	1.84602e-09	9.25021	13.9291	1.11057	1.61661	615	0	-0.464945	0	20	20
0.00972503	0.000830798	1453.57	255.181	1.58888e-09	8.93205	13.5852	1.10746	1.61661	615	0	-0.469321	0	20	20
0.00973386	0.000831774	1456.51	255.024	1.36757e-09	8.62484	13.2498	1.10445	1.61661	615	0	-0.473563	0	20	20
0.00974245	0.000832708	1459.35	254.852	1.17707e-09	8.32819	12.9227	1.10153	1.61661	615	0	-0.477665	0	20	20
0.00975081	0.0008336	1462.08	254.666	1.01312e-09	8.04174	12.6036	1.0987	1.61661	615	0	-0.48162	0	20	20
0.00975895	0.00083445	1464.7	254.463	8.71998e-10	7.76515	12.2924	1.09595	1.61661	615	0	-0.485422	0	20	20
0.00976686	0.000835259	1467.22	254.242	7.50536e-10	7.49807	11.9889	1.09329	1.61661	615	0	-0.489064	0	20	20
0.00977457	0.000836029	1469.64	254.001	6.45992e-10	7.24018	11.6929	1.0907	1.61661	615	0	-0.49254	0	20	20
0.00978208	0.00083676	1471.97	253.739	5.56011e-10	6.99116	11.4042	1.08819	1.61661	615	0	-0.495845	0	20	20
0.0097894	0.000837454	1474.19	253.453	4.78563e-10	6.7507	11.1226	1.08575	1.61661	615	0	-0.498972	0	20	20
0.00979654	0.000838111	1476.33	253.143	4.11903e-10	6.51851	10.848	1.08338	1.61661	615	0	-0.501917	0	20	20
0.00980349	0.000838733	1478.37	252.805	3.54528e-10	6.29431	10.5802	1.08108	1.61661	615	0	-0.504672	0	20	20
0.00981028	0.000839321	1480.33	252.437	3.05145e-10	6.07782	10.319	1.07884	1.61661	615	0	-0.507232	0	20	20
0.0098169	0.000839877	1482.2	252.037	2.62641e-10	5.86878	10.0642	1.07666	1.61661	615	0	-0.50959	0	20	20
0.00982337	0.000840403	1483.99	251.602	2.26057e-10	5.66692	9.8157	1.07453	1.61661	615	0	-0.511741	0	20	20
0.00982968	0.000840899	1485.7	251.13	1.94569e-10	5.47201	9.57335	1.07246	1.61661	615	0	-0.513678	0	20	20
0.00983585	0.000841367	1487.34	250.616	1.67467e-10	5.2838	9.33699	1.07045	1.61661	615	0	-0.515393	0	20	20
0.00984188	0.00084181	1488.9	250.058	1.4414e-10	5.10207	9.10645	1.06848	1.61661	615	0	-0.51688	0	20	20
0.00984777	0.000842229	1490.4	249.453	1.24063e-10	4.92658	8.88162	1.06656	1.61661	615	0	-0.51813	0	20	20
0.00985353	0.000842625	1491.83	248.795	1.06782e-10	4.75714	8.66233	1.06469	1.61661	615	0	-0.519135	0	20	20
0.00985916	0.000843001	1493.2	248.082	9.1908e-11	4.59352	8.44845	1.06287	1.61661	615	0	-0.519886	0	20	20
0.00986467	0.000843358	1494.51	247.309	7.91059e-11	4.43552	8.23986	1.06109	1.61661	615	0	-0.520373	0	20	20
0.00987006	0.000843698	1495.77	246.47	6.80871e-11	4.28297	8.03642	1.05935	1.61661	615	0	-0.520586	0	20	20
0.00987533	0.000844023	1496.97	245.563	5.86031e-11	4.13566	7.838	1.05766	1.61661	615	0	-0.520515	0	20	20
0.00988049	0.000844335	1498.12	244.58	5.04402e-11	3.99341	7.64448	1.056	1.61661	615	0	-0.520147	0	20	20
0.00988555	0.000844636	1499.22	243.517	4.34142e-11	3.85606	7.45573	1.05438	1.61661	615	0	-0.519471	0	20	20
0.00989049	0.000844928	1500.28	242.367	3.7367e-11	3.72343	7.27165	1.0528	1.61661	615	0	-0.518473	0	20	20
0.00989533	0.000845213	1501.3	241.126	3.21621e-11	3.59537	7.09211	1.05126	1.61661	615	0	-0.51714	0	20	20
0.00990006	0.000845493	1502.29	239.786	2.76821e-11	3.47171	6.91701	1.04975	1.61661	615	0	-0.515458	0	20	20
0.0099047	0.000845771	1503.24	238.341	2.38262e-11	3.3523	6.74623	1.04828	1.61661	615	0	-0.513412	0	20	20
0.00990923	0.000846048	1504.16	236.785	2.05074e-11	3.237	6.57966	1.04684	1.61661	615	0	-0.510988	0	20	20
0.00991367	0.000846329	1505.05	235.11	1.76509e-11	3.12566	6.41721	1.04543	1.61661	615	0	-0.508169	0	20	20
0.00991801	0.000846614	1505.92	233.31	1.51923e-11	3.01816	6.25877	1.04406	1.61661	615	0	-0.504941	0	20	20
0.00992225	0.000846907	1506.77	231.378	1.30761e-11	2.91435	6.10424	1.04272	1.61661	615	0	-0.501287	0	20	20
0.0099264	0.000847211	1507.61	229.306	1.12547e-11	2.81411	5.95352	1.04142	1.61661	615	0	-0.497193	0	20	20
0.00993046	0.000847529	1508.44	227.087	9.68703e-12	2.71732	5.80653	1.04014	1.61661	615	0	-0.492644	0	20	20
0.00993443	0.000847865	1509.27	224.716	8.3377e-12	2.62386	5.66317	1.03889	1.61661	615	0	-0.487625	0	20	20
0.0099383	0.000848222	1510.09	222.185	7.17633e-12	2.53361	5.52334	1.03768	1.61661	615	0	-0.482123	0	20	20
0.00994209	0.000848604	1510.93	219.488	6.17672e-12	2.44647	5.38697	1.0365	1.61661	615	0	-0.476127	0	20	20
0.00994578	0.000849016	1511.79	216.619	5.31635e-12	2.36232	5.25397	1.03534	1.61661	615	0	-0.469625	0	20	20
0.00994938	0.000849461	1512.66	213.574	4.57583e-12	2.28107	5.12425	1.03422	1.61661	615	0	-0.462609	0	20	20
0.0099529	0.000849946	1513.57	210.349	3.93845e-12	2.20262	4.99773	1.03312	1.61661	615	0	-0.455072	0	20	20
0.00995632	0.000850475	1514.52	206.94	3.38986e-12	2.12686	4.87433	1.03206	1.61661	615	0	-0.44701	0	20	20
0.00995966	0.000851054	1515.53	203.345	2.91768e-12	2.05371	4.75399	1.03102	1.61661	615	0	-0.438422	0	20	20
0.0099629	0.000851688	1516.59	199.563	2.51127e-12	1.98307	4.63661	1.03001	1.61661	615	0	-0.429309	0	20	20
0.00996606	0.000852386	1517.73	195.594	2.16147e-12	1.91486	4.52213	1.02903	1.61661	615	0	-0.419676	0	20	20
0.00996912	0.000853153	1518.96	191.441	1.86039e-12	1.849	4.41048	1.02809	1.61661	615	0	-0.409532	0	20	20
0.00997209	0.000853997	1520.29	187.107	1.60125e-12	1.78541	4.30158	1.02717	1.61661	615	0	-0.398888	0	20	20
0.00997497	0.000854925	1521.73	182.598	1.37821e-12	1.724	4.19538	1.02628	1.61661	615	0	-0.38776	0	20	20
0.00997775	0.000855947	1523.3	177.92	1.18624e-12	1.6647	4.09179	1.02542	1.61661	615	0	-0.376167	0	20	20
0.00997734	0.0008576	1525.55	173.083	1.02101e-12	1.60745	3.99077	1.02555	1.61661	615	0	-0.332939	0	20	20
0.00997685	0.000859901	1528.94	168.098	8.78787e-13	1.55216	3.89223	1.0257	1.61661	615	0	-0.291217	0	20	20
0.00997611	0.000862802	1533.37	162.978	7.56379e-13	1.49877	3.79613	1.02593	1.61661	615	0	-0.250964	0	20	20
0.00997499	0.00086626	1538.74	157.736	6.51022e-13	1.44722	3.70241	1.02627	1.61661	615	0	-0.212141	0	20	20
0.00997336	0.000870235	1544.96	152.389	5.60339e-13	1.39745	3.611	1.02678	1.61661	615	0	-0.174754	0	20	20
0.00997114	0.000874684	1551.96	146.955	4.82289e-13	1.34938	3.52184	1.02746	1.61661	615	0	-0.138835	0	20	20
0.00996827	0.000879569	1559.63	141.453	4.1511e-13	1.30297	3.43488	1.02835	1.61661	615	0	-0.104444	0	20	20
0.00996474	0.000884849	1567.93	135.902	3.57288e-13	1.25815	3.35008	1.02944	1.61661	615	0	-0.0716558	0	20	20
0.00996052	0.000890484	1576.76	130.323	3.07521e-13	1.21488	3.26736	1.03075	1.61661	615	0	-0.0405513	0	20	20
0.00995565	0.000896435	1586.07	124.738	2.64686e-13	1.1731	3.18669	1.03226	1.61661	615	0	-0.0112104	0	20	20
0.00995017	0.000902663	1595.78	119.166	2.27817e-13	1.13275	3.10801	1.03397	1.61661	615	0	0.0162968	0	20	20
0.00994413	0.000909129	1605.85	113.629	1.96084e-13	1.09379	3.03128	1.03586	1.61661	615	0	0.0419169	0	20	20
0.00993761	0.000915796	1616.21	108.147	1.68771e-13	1.05617	2.95643	1.0379	1.61661	615	0	0.0656181	0	20	20
0.00993068	0.000922628	1626.82	102.74	1.45263e-13	1.01984	2.88344	1.04007	1.61661	615	0	0.0873942	0	20	20
0.00992344	0.000929593	1637.62	97.4268	1.25029e-13	0.984763	2.81225	1.04235	1.61661	615	0	0.107265	0	20	20
0.00991597	0.000936658	1648.57	92.2237	1.07613e-13	0.950893	2.74281	1.04471	1.61661	615	0	0.125277	0	20	20
0.00990835	0.000943794	1659.65	87.1467	9.26235e-14	0.918187	2.67509	1.04712	1.61661	615	0	0.141501	0	20	20
0.00990069	0.000950976	1670.8	82.2097	7.97218e-14	0.886606	2.60904	1.04955	1.61661	615	0	0.156028	0	20	20
0.00989304	0.000958179	1682.02	77.4248	6.86172e-14	0.856112	2.54463	1.05199	1.61661	615	0	0.168966	0	20	20
0.00988548	0.000965383	1693.26	72.8023	5.90593e-14	0.826666	2.4818	1.0544	1.61661	615	0	0.180433	0	20	20
0.00987808	0.00097257	1704.51	68.3508	5.08329e-14	0.798234	2.42052	1.05678	1.61661	615	0	0.190557	0	20	20
0.00987085	0.000979731	1715.76	64.0767	4.37522e-14	0.770779	2.36076	1.0591	1.61661	615	0	0.199468	0	20	20
0.00986374	0.000986992	1727.23	59.9848	3.76579e-14	0.744268	2.30247	1.06139	1.61661	615	0	0.207317	0	20	20
0.00985666	0.000994473	1739.13	56.0783	3.24125e-14	0.718669	2.24562	1.06368	1.61661	615	0	0.214249	0	20	20
0.00984959	0.00100216	1751.42	52.3585	2.78977e-14	0.693951	2.19018	1.06597	1.61661	615	0	0.220384	0	20	20
0.00984254	0.00101005	1764.1	48.8255	2.40117e-14	0.670083	2.1361	1.06826	1.61661	615	0	0.225831	0	20	20
0.00983548	0.00101813	1777.15	45.4779	2.06671e-14	0.647036	2.08336	1.07057	1.61661	615	0	0.230686	0	20	20
0.00982841	0.00102639	1790.54	42.3132	1.77883e-14	0.624781	2.03192	1.07288	1.61661	615	0	0.235037	0	20	20
0.00982131	0.00103482	1804.27	39.3277	1.53106e-14	0.603292	1.98176	1.07521	1.61661	615	0	0.238959	0	20	20
0.00981416	0.00104342	1818.3	36.517	1.31779e-14	0.582542	1.93283	1.07756	1.61661	615	0	0.242517	0	20	20
0.00980694	0.00105218	1832.63	33.8759	1.13423e-14	0.562506	1.8851	1.07994	1.61661	615	0	0.245768	0	20	20
0.00979965	0.00106108	1847.23	31.3987	9.76244e-15	0.543159	1.83856	1.08235	1.61661	615	0	0.248761	0	20	20
0.00979225	0.00107013	1862.08	29.0789	8.40261e-15	0.524477	1.79317	1.08481	1.61661	615	0	0.251534	0	20	20
0.00978475	0.00107931	1877.17	26.9101	7.2322e-15	0.506438	1.74889	1.08731	1.61661	615	0	0.254123	0	20	20
0.00977711	0.00108862	1892.48	24.8854	6.22481e-15	0.489019	1.70571	1.08985	1.61661	615	0	0.256554	0	20	20
0.00976934	0.00109804	1907.99	22.9978	5.35774e-15	0.472199	1.6636	1.09246	1.61661	615	0	0.258849	0	20	20
0.00976143	0.00110757	1923.68	21.2403	4.61145e-15	0.455958	1.62252	1.09511	1.61661	615	0	0.261029	0	20	20
0.00975336	0.00111721	1939.53	19.6058	3.96911e-15	0.440276	1.58246	1.09783	1.61661	615	0	0.263106	0	20	20
0.00974513	0.00112693	1955.53	18.0874	3.41625e-15	0.425133	1.54339	1.10062	1.61661	615	0	0.265093	0	20	20
0.00973674	0.00113673	1971.65	16.6784	2.94039e-15	0.41051	1.50529	1.10347	1.61661	615	0	0.266999	0	20	20
0.00972817	0.00114661	1987.87	15.3721	2.53082e-15	0.396391	1.46812	1.10638	1.61661	615	0	0.26883	0	20	20
0.00971944	0.00115656	2004.19	14.162	2.1783e-15	0.382757	1.43187	1.10937	1.61661	615	0	0.270593	0	20	20
0.00971053	0.00116656	2020.57	13.0421	1.87488e-15	0.369593	1.39652	1.11243	1.61661	615	0	0.27229	0	20	20
0.00970145	0.00117661	2037	12.0063	1.61372e-15	0.356881	1.36204	1.11555	1.61661	615	0	0.273925	0	20	20
0.0096922	0.00118669	2053.47	11.0491	1.38894e-15	0.344606	1.32841	1.11875	1.61661	615	0	0.2755	0	20	20
0.00968277	0.0011968	2069.94	10.1651	1.19547e-15	0.332753	1.29561	1.12202	1.61661	615	0	0.277016	0	20	20
0.00967318	0.00120694	2086.42	9.34902	1.02895e-15	0.321308	1.26362	1.12536	1.61661	615	0	0.278474	0	20	20
0.00966343	0.00121708	2102.88	8.59622	8.85629e-16	0.310257	1.23242	1.12877	1.61661	615	0	0.279876	0	20	20
0.00965351	0.00122723	2119.29	7.90211	7.62268e-16	0.299586	1.202	1.13226	1.61661	615	0	0.281221	0	20	20
0.00964344	0.00123736	2135.65	7.2624	6.5609e-16	0.289282	1.17232	1.13581	1.61661	615	0	0.28251	0	20	20
0.00963323	0.00124748	2151.94	6.67309	5.64702e-16	0.279332	1.14337	1.13942	1.61661	615	0	0.283743	0	20	20
0.00962287	0.00125757	2168.14	6.13042	4.86043e-16	0.269725	1.11514	1.14311	1.61661	615	0	0.284921	0	20	20
0.00961237	0.00126763	2184.24	5.6309	4.18342e-16	0.260447	1.08761	1.14685	1.61661	615	0	0.286043	0	20	20
0.00960175	0.00127764	2200.21	5.17123	3.6007e-16	0.25149	1.06076	1.15066	1.61661	615	0	0.287111	0	20	20
0.00959102	0.0012876	2216.04	4.74838	3.09915e-16	0.24284	1.03457	1.15453	1.61661	615	0	0.288125	0	20	20
0.00958017	0.0012975	2231.73	4.35951	2.66746e-16	0.234487	1.00902	1.15846	1.61661	615	0	0.289085	0	20	20
0.00956923	0.00130732	2247.25	4.00198	2.29591e-16	0.226422	0.984111	1.16244	1.61661	615	0	0.289993	0	20	20
0.00955819	0.00131707	2262.58	3.67335	1.97611e-16	0.218634	0.959813	1.16647	1.61661	615	0	0.290849	0	20	20
0.00954708	0.00132673	2277.72	3.37134	1.70085e-16	0.211115	0.936115	1.17055	1.61661	615	0	0.291655	0	20	20
0.0095359	0.00133629	2292.66	3.09386	1.46393e-16	0.203853	0.913003	1.17467	1.61661	615	0	0.292411	0	20	20
0.00952466	0.00134575	2307.37	2.83896	1.26002e-16	0.196842	0.89046	1.17883	1.61661	615	0	0.293119	0	20	20
0.00951337	0.00135509	2321.85	2.60485	1.08451e-16	0.190072	0.868475	1.18303	1.61661	615	0	0.293781	0	20	20
0.00950206	0.00136431	2336.08	2.38986	9.33446e-17	0.183534	0.847032	1.18726	1.61661	615	0	0.294398	0	20	20
0.00949071	0.00137341	2350.05	2.19246	8.03424e-17	0.177222	0.826119	1.19153	1.61661	615	0	0.294971	0	20	20
0.00947936	0.00138237	2363.76	2.01124	6.91514e-17	0.171126	0.805722	1.19581	1.61661	615	0	0.295503	0	20	20
0.00946801	0.00139119	2377.2	1.84489	5.95191e-17	0.16524	0.785829	1.20012	1.61661	615	0	0.295994	0	20	20
0.00945667	0.00139987	2390.34	1.6922	5.12286e-17	0.159557	0.766426	1.20444	1.61661	615	0	0.296447	0	20	20
0.00944535	0.00140838	2403.2	1.55208	4.40929e-17	0.154069	0.747503	1.20878	1.61661	615	0	0.296863	0	20	20
0.00943407	0.00141674	2415.75	1.42349	3.79511e-17	0.14877	0.729047	1.21312	1.61661	615	0	0.297244	0	20	20
0.00942283	0.00142493	2427.99	1.3055	3.26648e-17	0.143653	0.711047	1.21746	1.61661	615	0	0.297592	0	20	20
0.00941165	0.00143296	2439.91	1.19725	2.81149e-17	0.138712	0.693491	1.22181	1.61661	615	0	0.297908	0	20	20
0.00940054	0.0014408	2451.51	1.09794	2.41987e-17	0.133941	0.676369	1.22614	1.61661	615	0	0.298194	0	20	20
0.00938951	0.00144847	2462.79	1.00683	2.0828e-17	0.129334	0.659669	1.23047	1.61661	615	0	0.298452	0	20	20
0.00937856	0.00145595	2473.73	0.923249	1.79268e-17	0.124886	0.643382	1.23479	1.61661	615	0	0.298682	0	20	20
0.00936771	0.00146324	2484.34	0.846588	1.54298e-17	0.120591	0.627497	1.23908	1.61661	615	0	0.298887	0	20	20
0.00935696	0.00147035	2494.61	0.776272	1.32805e-17	0.116443	0.612004	1.24336	1.61661	615	0	0.299068	0	20	20
0.00934632	0.00147726	2504.54	0.711781	1.14306e-17	0.112438	0.596893	1.24761	1.61661	615	0	0.299227	0	20	20
0.00933581	0.00148397	2514.13	0.652634	9.83845e-18	0.108571	0.582156	1.25183	1.61661	615	0	0.299364	0	20	20
0.00932543	0.00149048	2523.37	0.59839	8.46803e-18	0.104836	0.567783	1.25601	1.61661	615	0	0.29948	0	20	20
0.00931518	0.0014968	2532.27	0.548645	7.2885e-18	0.101231	0.553764	1.26016	1.61661	615	0	0.299578	0	20	20
0.00930507	0.00150291	2540.82	0.503027	6.27327e-18	0.0977488	0.540092	1.26427	1.61661	615	0	0.299658	0	20	20
0.00929511	0.00150882	2549.03	0.461196	5.39946e-18	0.0943868	0.526757	1.26834	1.61661	615	0	0.29972	0	20	20
0.0092853	0.00151453	2556.89	0.422837	4.64735e-18	0.0911404	0.513751	1.27237	1.61661	615	0	0.299767	0	20	20
0.00927565	0.00152003	2564.41	0.387664	4.00001e-18	0.0880057	0.501066	1.27634	1.61661	615	0	0.299799	0	20	20
0.00926616	0.00152533	2571.6	0.355413	3.44284e-18	0.0849788	0.488695	1.28027	1.61661	615	0	0.299816	0	20	20
0.00925684	0.00153043	2578.44	0.325841	2.96328e-18	0.0820559	0.476629	1.28414	1.61661	615	0	0.29982	0	20	20
0.00924768	0.00153532	2584.96	0.298727	2.55052e-18	0.0792337	0.464861	1.28796	1.61661	615	0	0.299811	0	20	20
0.0092387	0.00154002	2591.14	0.273867	2.19525e-18	0.0765085	0.453384	1.29172	1.61661	615	0	0.299791	0	20	20
0.00922989	0.00154451	2596.99	0.251074	1.88947e-18	0.073877	0.44219	1.29542	1.61661	615	0	0.299759	0	20	20
0.00922126	0.00154881	2602.52	0.230176	1.62628e-18	0.071336	0.431272	1.29906	1.61661	615	0	0.299716	0	20	20
0.0092128	0.00155291	2607.74	0.211016	1.39976e-18	0.0688824	0.420624	1.30264	1.61661	615	0	0.299663	0	20	20
0.00920452	0.00155681	2612.64	0.193449	1.20478e-18	0.0665133	0.410239	1.30616	1.61661	615	0	0.299601	0	20	20
0.00919643	0.00156052	2617.23	0.177344	1.03696e-18	0.0642256	0.40011	1.30961	1.61661	615	0	0.299529	0	20	20
0.00918851	0.00156405	2621.51	0.162579	8.92524e-19	0.0620165	0.390231	1.313	1.61661	615	0	0.299449	0	20	20
0.00918077	0.00156738	2625.5	0.149043	7.68203e-19	0.0598835	0.380596	1.31632	1.61661	615	0	0.299361	0	20	20
0.00917322	0.00157053	2629.2	0.136633	6.61198e-19	0.0578238	0.371199	1.31958	1.61661	615	0	0.299265	0	20	20
0.00916584	0.0015735	2632.61	0.125256	5.69098e-19	0.055835	0.362034	1.32277	1.61661	615	0	0.299161	0	20	20
0.00915864	0.00157629	2635.74	0.114825	4.89828e-19	0.0539146	0.353096	1.32589	1.61661	615	0	0.299051	0	20	20
0.00915162	0.00157891	2638.6	0.105263	4.21598e-19	0.0520602	0.344378	1.32894	1.61661	615	0	0.298934	0	20	20
0.00914477	0.00158136	2641.19	0.0964972	3.62873e-19	0.0502696	0.335875	1.33193	1.61661	615	0	0.29881	0	20	20
0.0091381	0.00158363	2643.52	0.0884608	3.12328e-19	0.0485406	0.327582	1.33485	1.61661	615	0	0.298681	0	20	20
0.0091316	0.00158575	2645.6	0.0810936	2.68823e-19	0.0468711	0.319494	1.3377	1.61661	615	0	0.298546	0	20	20
0.00912527	0.0015877	2647.43	0.0743397	2.31378e-19	0.045259	0.311606	1.34049	1.61661	615	0	0.298406	0	20	20
0.00911911	0.0015895	2649.01	0.0681482	1.99149e-19	0.0437023	0.303912	1.3432	1.61661	615	0	0.29826	0	20	20
0.00911312	0.00159114	2650.37	0.0624722	1.71409e-19	0.0421992	0.296409	1.34586	1.61661	615	0	0.29811	0	20	20
0.00910729	0.00159263	2651.49	0.0572688	1.47533e-19	0.0407478	0.28909	1.34844	1.61661	615	0	0.297955	0	20	20
0.00910163	0.00159398	2652.4	0.0524988	1.26983e-19	0.0393463	0.281953	1.35096	1.61661	615	0	0.297795	0	20	20
0.00909612	0.00159519	2653.09	0.048126	1.09295e-19	0.037993	0.274991	1.35342	1.61661	615	0	0.297632	0	20	20
