0.00890634	
0.00490524	
0.00354566	
0.00288085	
0.00243041	
0.00207968	
0.0017804	
0.00151839	
0.00133066	
0.0012156	
0.0011618	
0.00118176	
0.00126627	
0.00139697	
0.0015666	
0.00177404	
0.0020195	
0.00232512	
0.00268506	
0.00312481	
0.00366451	
0.00431613	
0.00510435	
0.00603824	
0.00711772	
0.00831107	
0.00961128	
0.0109947	
0.0124475	
0.0139418	
0.0154414	
0.0168981	
0.0182464	
0.0193999	
0.0202553	
0.0206886	
0.0205991	
0.0199527	
0.0188289	
0.0174034	
0.0158801	
0.0144214	
0.0131203	
0.0120085	
0.011081	
0.0103157	
0.00968675	
0.00916939	
0.00874249	
0.00838871	
0.0080942	
0.00784786	
0.00764095	
0.00746651	
0.00731896	
0.0071938	
0.00708742	
0.00699683	
0.00691961	
0.00685374	
0.00679755	
0.00674966	
0.0067089	
0.00667427	
0.00664494	
0.0066202	
0.00659943	
0.00658213	
0.00656784	
0.00655616	
0.00654677	
0.00653937	
0.00653371	
