0.00866132	0.000693393	1101	184.5	76.5	0	0	1.56764	1.61661	615	0	0.149314	0	20	20
0.00884026	0.000725053	1172.64	184.247	76.4694	52.3634	17.6462	1.47436	1.61661	615	0	-0.482982	0	20	20
0.00901734	0.000796944	1312.34	183.993	76.4339	153.493	52.069	1.3892	1.61661	615	0	-1.54477	0	20	20
0.00906774	0.000873504	1446.5	183.739	76.3927	251.147	85.6429	1.36617	1.61661	615	0	-2.35229	0	20	20
0.00905412	0.00095139	1574.94	183.485	76.3448	345.435	118.385	1.37234	1.61661	615	0	-2.97931	0	20	20
0.00900758	0.0010291	1698.05	183.23	76.2893	436.464	150.314	1.39372	1.61661	615	0	-3.47749	0	20	20
0.00894328	0.00110607	1816.4	182.974	76.2249	524.344	181.448	1.424	1.61661	615	0	-3.88249	0	20	20
0.00886905	0.00118208	1930.47	182.718	76.1502	609.184	211.808	1.46006	1.61661	615	0	-4.21855	0	20	20
0.00878919	0.00125703	2040.65	182.462	76.0636	691.097	241.414	1.50022	1.61661	615	0	-4.50238	0	20	20
0.00870624	0.00133089	2147.22	182.205	75.9633	770.195	270.291	1.54351	1.61661	615	0	-4.74573	0	20	20
0.00862173	0.00140364	2250.39	181.948	75.847	846.596	298.463	1.58934	1.61661	615	0	-4.95714	0	20	20
0.00853664	0.00147526	2350.35	181.691	75.7124	920.421	325.956	1.63734	1.61661	615	0	-5.1429	0	20	20
0.00845158	0.00154577	2447.25	181.433	75.5566	991.794	352.801	1.68727	1.61661	615	0	-5.30787	0	20	20
0.00836695	0.0016152	2541.26	181.174	75.3764	1060.85	379.027	1.73899	1.61661	615	0	-5.45576	0	20	20
0.00828298	0.00168358	2632.53	180.915	75.1681	1127.71	404.67	1.79242	1.61661	615	0	-5.5895	0	20	20
0.00819979	0.00175098	2721.23	180.656	74.9275	1192.53	429.767	1.84753	1.61661	615	0	-5.71144	0	20	20
0.00811742	0.00181747	2807.54	180.396	74.6499	1255.47	454.359	1.90435	1.61661	615	0	-5.82345	0	20	20
0.00803587	0.00188315	2891.65	180.136	74.33	1316.66	478.488	1.96291	1.61661	615	0	-5.92713	0	20	20
0.00795508	0.00194814	2973.75	179.876	73.9617	1376.29	502.203	2.02333	1.61661	615	0	-6.02376	0	20	20
0.00787496	0.00201256	3054.07	179.615	73.5383	1434.52	525.554	2.08572	1.61661	615	0	-6.11445	0	20	20
0.00779539	0.00207656	3132.83	179.353	73.0526	1491.53	548.596	2.15024	1.61661	615	0	-6.20016	0	20	20
0.00771623	0.0021403	3210.25	179.092	72.4961	1547.52	571.385	2.2171	1.61661	615	0	-6.2817	0	20	20
0.00763732	0.00220395	3286.58	178.829	71.8602	1602.68	593.981	2.28653	1.61661	615	0	-6.35978	0	20	20
0.0075585	0.0022677	3362.07	178.567	71.1353	1657.19	616.446	2.35881	1.61661	615	0	-6.43504	0	20	20
0.0074796	0.00233173	3436.95	178.304	70.3111	1711.27	638.84	2.43425	1.61661	615	0	-6.50802	0	20	20
0.00740045	0.00239623	3511.48	178.04	69.3773	1765.09	661.225	2.5132	1.61661	615	0	-6.5792	0	20	20
0.00732088	0.00246139	3585.86	177.777	68.323	1818.83	683.657	2.59603	1.61661	615	0	-6.649	0	20	20
0.00724077	0.00252738	3660.29	177.512	67.1377	1872.64	706.186	2.68315	1.61661	615	0	-6.71775	0	20	20
0.00716	0.00259433	3734.93	177.248	65.8111	1926.65	728.853	2.77498	1.61661	615	0	-6.78574	0	20	20
0.00707851	0.00266235	3809.88	176.983	64.3342	1980.95	751.687	2.87194	1.61661	615	0	-6.85318	0	20	20
0.00699628	0.00273148	3885.17	176.717	62.6995	2035.57	774.697	2.9744	1.61661	615	0	-6.92017	0	20	20
0.00691336	0.00280171	3960.76	176.451	60.9015	2090.48	797.872	3.08271	1.61661	615	0	-6.98677	0	20	20
0.00682989	0.00287291	4036.5	176.185	58.9379	2145.56	821.175	3.19712	1.61661	615	0	-7.05291	0	20	20
0.00674609	0.00294488	4112.14	175.919	56.8097	2200.63	844.541	3.31775	1.61661	615	0	-7.11846	0	20	20
0.00666226	0.0030173	4187.29	175.652	54.5225	2255.41	867.871	3.44458	1.61661	615	0	-7.18318	0	20	20
0.00657881	0.00308975	4261.46	175.384	52.086	2309.51	891.037	3.57733	1.61661	615	0	-7.24674	0	20	20
0.00649623	0.00316167	4334.05	175.116	49.5151	2362.49	913.879	3.7155	1.61661	615	0	-7.30875	0	20	20
0.00641508	0.00323241	4404.34	174.848	46.8297	2413.79	936.208	3.85828	1.61661	615	0	-7.36874	0	20	20
0.00633599	0.00330123	4471.56	174.58	44.0538	2462.83	957.817	4.00458	1.61661	615	0	-7.4262	0	20	20
0.00625961	0.00336735	4534.89	174.311	41.2153	2508.98	978.485	4.15296	1.61661	615	0	-7.48061	0	20	20
0.00618605	0.00343015	4593.49	174.041	38.3448	2551.6	997.989	4.30289	1.61661	615	0	-7.53265	0	20	20
0.00611609	0.00348878	4646.59	173.772	35.4743	2590.11	1016.11	4.45225	1.61661	615	0	-7.58147	0	20	20
0.00605042	0.00354247	4693.48	173.502	32.6358	2623.96	1032.66	4.59879	1.61661	615	0	-7.62636	0	20	20
0.00598965	0.00359052	4733.57	173.231	29.8599	2652.71	1047.47	4.7402	1.61661	615	0	-7.66668	0	20	20
0.00593426	0.00363238	4766.42	172.96	27.1745	2676.02	1060.4	4.87417	1.61661	615	0	-7.70192	0	20	20
0.00588456	0.00366764	4791.74	172.689	24.6037	2693.66	1071.37	4.99872	1.61661	615	0	-7.73177	0	20	20
0.00584071	0.00369607	4809.42	172.418	22.1672	2705.56	1080.33	5.11214	1.61661	615	0	-7.75609	0	20	20
0.00580269	0.00371763	4819.5	172.146	19.8799	2711.74	1087.27	5.2133	1.61661	615	0	-7.775	0	20	20
0.00577044	0.00373236	4822.16	171.873	17.7517	2712.35	1092.22	5.30118	1.61661	615	0	-7.78845	0	20	20
0.00574384	0.00374046	4817.71	171.601	15.7881	2707.63	1095.25	5.37518	1.61661	615	0	-7.79651	0	20	20
0.00572185	0.00374252	4806.56	171.328	13.9901	2697.89	1096.46	5.43738	1.61661	615	0	-7.79078	0	20	20
0.00570325	0.00373931	4789.21	171.054	12.3554	2683.51	1095.94	5.49078	1.61661	615	0	-7.76181	0	20	20
0.00568772	0.00373127	4766.21	170.781	10.8785	2664.89	1093.84	5.53586	1.61661	615	0	-7.71166	0	20	20
0.00567498	0.00371884	4738.11	170.507	9.55195	2642.46	1090.28	5.57322	1.61661	615	0	-7.64253	0	20	20
0.00566476	0.00370245	4705.48	170.232	8.36659	2616.65	1085.4	5.60346	1.61661	615	0	-7.55664	0	20	20
0.00565673	0.00368256	4668.87	169.957	7.31231	2587.87	1079.34	5.62733	1.61661	615	0	-7.45627	0	20	20
0.00565071	0.00365958	4628.78	169.682	6.37848	2556.53	1072.22	5.64534	1.61661	615	0	-7.34342	0	20	20
0.00564637	0.00363391	4585.72	169.407	5.55436	2522.99	1064.17	5.65837	1.61661	615	0	-7.22026	0	20	20
0.00564357	0.00360591	4540.13	169.131	4.8294	2487.6	1055.31	5.6668	1.61661	615	0	-7.08844	0	20	20
0.00564206	0.00357591	4492.42	168.855	4.19349	2450.68	1045.72	5.67136	1.61661	615	0	-6.94975	0	20	20
0.00564168	0.00354421	4442.94	168.578	3.63707	2412.49	1035.52	5.6725	1.61661	615	0	-6.8056	0	20	20
0.00564229	0.00351107	4392.02	168.301	3.15127	2373.29	1024.78	5.67066	1.61661	615	0	-6.65729	0	20	20
0.0056437	0.00347674	4339.94	168.024	2.72794	2333.3	1013.58	5.66641	1.61661	615	0	-6.50605	0	20	20
0.00564586	0.0034414	4286.96	167.747	2.35965	2292.71	1001.99	5.65992	1.61661	615	0	-6.35273	0	20	20
0.0056486	0.00340526	4233.29	167.469	2.03971	2251.68	990.063	5.65168	1.61661	615	0	-6.19828	0	20	20
0.00565186	0.00336846	4179.11	167.191	1.76213	2210.36	977.852	5.64189	1.61661	615	0	-6.04337	0	20	20
0.0056556	0.00333112	4124.58	166.912	1.52155	2168.86	965.403	5.63073	1.61661	615	0	-5.88856	0	20	20
0.00565966	0.00329339	4069.85	166.633	1.31324	2127.29	952.753	5.6186	1.61661	615	0	-5.73448	0	20	20
0.00566408	0.00325534	4015.02	166.354	1.13301	2085.74	939.938	5.60547	1.61661	615	0	-5.58142	0	20	20
0.00566877	0.00321706	3960.2	166.075	0.977206	2044.28	926.985	5.59156	1.61661	615	0	-5.42978	0	20	20
0.00567369	0.00317863	3905.47	165.795	0.842585	2002.97	913.922	5.57704	1.61661	615	0	-5.27988	0	20	20
0.00567884	0.0031401	3850.9	165.515	0.726331	1961.87	900.769	5.56188	1.61661	615	0	-5.13186	0	20	20
0.00568415	0.00310154	3796.54	165.235	0.625985	1921.02	887.547	5.5463	1.61661	615	0	-4.98598	0	20	20
0.00568963	0.00306297	3742.46	164.954	0.539403	1880.45	874.272	5.5303	1.61661	615	0	-4.84238	0	20	20
0.00569528	0.00302443	3688.69	164.673	0.464724	1840.2	860.959	5.51386	1.61661	615	0	-4.70111	0	20	20
0.00570103	0.00298598	3635.28	164.392	0.400329	1800.29	847.621	5.49717	1.61661	615	0	-4.56235	0	20	20
0.00570693	0.00294762	3582.24	164.11	0.344818	1760.74	834.271	5.48016	1.61661	615	0	-4.42612	0	20	20
0.00571297	0.00290937	3529.61	163.828	0.296973	1721.57	820.917	5.4628	1.61661	615	0	-4.29245	0	20	20
0.00571909	0.00287127	3477.42	163.546	0.255745	1682.79	807.571	5.44526	1.61661	615	0	-4.16144	0	20	20
0.00572535	0.00283333	3425.67	163.263	0.220224	1644.42	794.24	5.42744	1.61661	615	0	-4.03306	0	20	20
0.00573174	0.00279555	3374.39	162.981	0.189625	1606.47	780.932	5.4093	1.61661	615	0	-3.90732	0	20	20
0.00573823	0.00275797	3323.59	162.697	0.163268	1568.94	767.654	5.39098	1.61661	615	0	-3.78428	0	20	20
0.00574484	0.00272058	3273.29	162.414	0.140567	1531.84	754.413	5.37238	1.61661	615	0	-3.6639	0	20	20
0.0057516	0.0026834	3223.5	162.13	0.121018	1495.19	741.216	5.35347	1.61661	615	0	-3.54615	0	20	20
0.00575847	0.00264645	3174.23	161.846	0.104184	1458.97	728.068	5.3343	1.61661	615	0	-3.43107	0	20	20
0.00576547	0.00260973	3125.49	161.562	0.0896893	1423.21	714.975	5.3149	1.61661	615	0	-3.31865	0	20	20
0.00577263	0.00257325	3077.3	161.278	0.0772089	1387.9	701.942	5.29515	1.61661	615	0	-3.20883	0	20	20
0.00577996	0.00253702	3029.65	160.993	0.0664636	1353.05	688.976	5.27504	1.61661	615	0	-3.10159	0	20	20
0.0057874	0.00250106	2982.56	160.708	0.0572127	1318.66	676.08	5.25472	1.61661	615	0	-2.99699	0	20	20
0.00579502	0.00246536	2936.04	160.423	0.0492485	1284.74	663.26	5.23403	1.61661	615	0	-2.89495	0	20	20
0.00580281	0.00242994	2890.11	160.137	0.0423924	1251.29	650.521	5.21296	1.61661	615	0	-2.79543	0	20	20
0.0058108	0.0023948	2844.75	159.851	0.0364903	1218.31	637.867	5.19149	1.61661	615	0	-2.69842	0	20	20
0.00581893	0.00235998	2800	159.565	0.0314096	1185.81	625.304	5.16977	1.61661	615	0	-2.60395	0	20	20
0.00582726	0.00232546	2755.85	159.279	0.027036	1153.8	612.837	5.14763	1.61661	615	0	-2.51195	0	20	20
0.0058358	0.00229125	2712.31	158.992	0.0232712	1122.27	600.468	5.12507	1.61661	615	0	-2.42238	0	20	20
0.00584455	0.00225737	2669.4	158.705	0.0200306	1091.24	588.204	5.10208	1.61661	615	0	-2.33524	0	20	20
0.0058535	0.00222383	2627.12	158.418	0.0172411	1060.69	576.049	5.0787	1.61661	615	0	-2.25051	0	20	20
0.00586265	0.00219064	2585.47	158.13	0.01484	1030.65	564.008	5.05497	1.61661	615	0	-2.16817	0	20	20
0.00587203	0.00215782	2544.48	157.843	0.0127733	1001.11	552.084	5.03079	1.61661	615	0	-2.08817	0	20	20
0.00588164	0.00212536	2504.15	157.555	0.0109943	972.078	540.283	5.00617	1.61661	615	0	-2.01049	0	20	20
0.00589149	0.00209329	2464.49	157.267	0.00946308	943.559	528.608	4.98111	1.61661	615	0	-1.9351	0	20	20
0.00590157	0.00206161	2425.5	156.978	0.00814509	915.556	517.064	4.95561	1.61661	615	0	-1.86197	0	20	20
0.00591189	0.00203033	2387.2	156.69	0.00701065	888.074	505.655	4.92971	1.61661	615	0	-1.7911	0	20	20
0.00592243	0.00199949	2349.59	156.401	0.0060342	861.118	494.387	4.90345	1.61661	615	0	-1.72245	0	20	20
0.00593321	0.00196907	2312.69	156.112	0.00519374	834.693	483.262	4.87677	1.61661	615	0	-1.65597	0	20	20
0.00594423	0.0019391	2276.5	155.822	0.00447034	808.802	472.284	4.84969	1.61661	615	0	-1.59165	0	20	20
0.00595549	0.00190958	2241.03	155.533	0.00384768	783.451	461.459	4.82222	1.61661	615	0	-1.52946	0	20	20
0.00596699	0.00188053	2206.29	155.243	0.00331176	758.643	450.791	4.7944	1.61661	615	0	-1.46935	0	20	20
0.00597872	0.00185197	2172.29	154.953	0.00285047	734.384	440.282	4.76624	1.61661	615	0	-1.41131	0	20	20
0.00599067	0.00182391	2139.03	154.663	0.00245344	710.678	429.937	4.73778	1.61661	615	0	-1.35531	0	20	20
0.00600283	0.00179636	2106.53	154.372	0.0021117	687.528	419.761	4.70904	1.61661	615	0	-1.3013	0	20	20
0.00601519	0.00176933	2074.8	154.082	0.00181757	664.941	409.756	4.68007	1.61661	615	0	-1.24927	0	20	20
0.00602774	0.00174284	2043.83	153.791	0.0015644	642.919	399.926	4.6509	1.61661	615	0	-1.19918	0	20	20
0.00604046	0.00171691	2013.64	153.5	0.00134649	621.466	390.276	4.62158	1.61661	615	0	-1.151	0	20	20
0.00605332	0.00169155	1984.23	153.209	0.00115894	600.588	380.808	4.59217	1.61661	615	0	-1.10469	0	20	20
0.00606632	0.00166677	1955.62	152.917	0.000997512	580.287	371.527	4.56273	1.61661	615	0	-1.06023	0	20	20
0.00607941	0.00164258	1927.8	152.625	0.000858568	560.567	362.435	4.53331	1.61661	615	0	-1.01758	0	20	20
0.00609258	0.00161901	1900.79	152.334	0.000738977	541.432	353.536	4.50398	1.61661	615	0	-0.976713	0	20	20
0.00610578	0.00159606	1874.58	152.041	0.000636045	522.885	344.832	4.47483	1.61661	615	0	-0.937598	0	20	20
0.00611898	0.00157376	1849.19	151.749	0.000547449	504.93	336.328	4.44593	1.61661	615	0	-0.900204	0	20	20
0.00613214	0.00155211	1824.63	151.457	0.000471194	487.568	328.026	4.41738	1.61661	615	0	-0.864499	0	20	20
0.00614521	0.00153112	1800.88	151.164	0.000405561	470.799	319.927	4.38924	1.61661	615	0	-0.830439	0	20	20
0.00615821	0.00151078	1777.92	150.871	0.00034907	454.606	312.028	4.36151	1.61661	615	0	-0.797953	0	20	20
0.00617114	0.00149107	1755.74	150.578	0.000300448	438.97	304.324	4.33416	1.61661	615	0	-0.766956	0	20	20
0.006184	0.00147197	1734.31	150.285	0.000258598	423.872	296.81	4.30717	1.61661	615	0	-0.737372	0	20	20
0.00619681	0.00145345	1713.6	149.992	0.000222577	409.293	289.482	4.28051	1.61661	615	0	-0.709126	0	20	20
0.00620958	0.00143551	1693.58	149.698	0.000191574	395.215	282.335	4.25417	1.61661	615	0	-0.682149	0	20	20
0.00622229	0.00141812	1674.25	149.405	0.000164889	381.622	275.364	4.22814	1.61661	615	0	-0.656381	0	20	20
0.00623497	0.00140127	1655.57	149.111	0.000141922	368.496	268.565	4.2024	1.61661	615	0	-0.631756	0	20	20
0.00624762	0.00138493	1637.53	148.817	0.000122153	355.822	261.934	4.17691	1.61661	615	0	-0.608213	0	20	20
0.00626027	0.0013691	1620.1	148.522	0.000105138	343.584	255.467	4.15166	1.61661	615	0	-0.585696	0	20	20
0.0062729	0.00135374	1603.26	148.228	9.04933e-05	331.766	249.16	4.12663	1.61661	615	0	-0.564152	0	20	20
0.00628553	0.00133886	1587	147.934	7.78883e-05	320.355	243.008	4.1018	1.61661	615	0	-0.543532	0	20	20
0.00629817	0.00132443	1571.29	147.639	6.70391e-05	309.337	237.008	4.07715	1.61661	615	0	-0.523789	0	20	20
0.00631082	0.00131044	1556.12	147.344	5.77011e-05	298.697	231.156	4.05269	1.61661	615	0	-0.504877	0	20	20
0.00632346	0.00129688	1541.48	147.049	4.96638e-05	288.424	225.449	4.02842	1.61661	615	0	-0.486762	0	20	20
0.00633612	0.00128373	1527.33	146.754	4.2746e-05	278.504	219.883	4.00433	1.61661	615	0	-0.4694	0	20	20
0.00634881	0.00127098	1513.68	146.459	3.67919e-05	268.925	214.454	3.98037	1.61661	615	0	-0.45275	0	20	20
0.00636152	0.00125861	1500.5	146.164	3.1667e-05	259.675	209.159	3.95656	1.61661	615	0	-0.436777	0	20	20
0.00637427	0.00124662	1487.77	145.868	2.72561e-05	250.744	203.995	3.93287	1.61661	615	0	-0.421446	0	20	20
0.00638705	0.00123498	1475.49	145.572	2.34595e-05	242.119	198.958	3.90929	1.61661	615	0	-0.406725	0	20	20
0.00639987	0.0012237	1463.64	145.277	2.01918e-05	233.792	194.046	3.88586	1.61661	615	0	-0.392589	0	20	20
0.00641271	0.00121276	1452.2	144.981	1.73792e-05	225.751	189.255	3.86256	1.61661	615	0	-0.379009	0	20	20
0.0064256	0.00120214	1441.16	144.685	1.49585e-05	217.986	184.582	3.83936	1.61661	615	0	-0.365953	0	20	20
0.00643854	0.00119184	1430.51	144.389	1.28749e-05	210.488	180.025	3.81626	1.61661	615	0	-0.353394	0	20	20
0.00645153	0.00118185	1420.24	144.092	1.10815e-05	203.249	175.58	3.79325	1.61661	615	0	-0.341309	0	20	20
0.00646456	0.00117215	1410.33	143.796	9.53793e-06	196.258	171.245	3.77036	1.61661	615	0	-0.329677	0	20	20
0.00647764	0.00116274	1400.77	143.499	8.20938e-06	189.508	167.017	3.74758	1.61661	615	0	-0.31848	0	20	20
0.00649076	0.00115361	1391.56	143.203	7.06588e-06	182.99	162.893	3.72489	1.61661	615	0	-0.307689	0	20	20
0.00650395	0.00114475	1382.67	142.906	6.08166e-06	176.696	158.871	3.70228	1.61661	615	0	-0.297285	0	20	20
0.00651719	0.00113615	1374.1	142.609	5.23453e-06	170.619	154.949	3.67976	1.61661	615	0	-0.28725	0	20	20
0.00653047	0.0011278	1365.84	142.312	4.5054e-06	164.75	151.123	3.65736	1.61661	615	0	-0.277573	0	20	20
0.00654379	0.0011197	1357.88	142.015	3.87783e-06	159.084	147.392	3.63506	1.61661	615	0	-0.268231	0	20	20
0.00655718	0.00111184	1350.21	141.718	3.33768e-06	153.612	143.753	3.61284	1.61661	615	0	-0.259207	0	20	20
0.00657062	0.0011042	1342.82	141.421	2.87277e-06	148.329	140.203	3.59071	1.61661	615	0	-0.250486	0	20	20
0.0065841	0.00109679	1335.71	141.124	2.47262e-06	143.227	136.742	3.5687	1.61661	615	0	-0.242058	0	20	20
0.00659763	0.00108959	1328.85	140.827	2.1282e-06	138.301	133.365	3.5468	1.61661	615	0	-0.233908	0	20	20
0.0066112	0.0010826	1322.25	140.529	1.83176e-06	133.544	130.073	3.525	1.61661	615	0	-0.226019	0	20	20
0.00662483	0.00107581	1315.89	140.232	1.57661e-06	128.951	126.861	3.50329	1.61661	615	0	-0.21838	0	20	20
0.00663848	0.00106922	1309.77	139.934	1.357e-06	124.516	123.729	3.48172	1.61661	615	0	-0.210984	0	20	20
0.00665217	0.00106282	1303.89	139.636	1.16798e-06	120.233	120.674	3.46027	1.61661	615	0	-0.203818	0	20	20
0.00666591	0.0010566	1298.22	139.339	1.00529e-06	116.098	117.695	3.43893	1.61661	615	0	-0.196868	0	20	20
0.00667967	0.00105056	1292.77	139.041	8.65262e-07	112.104	114.789	3.4177	1.61661	615	0	-0.190125	0	20	20
0.00669345	0.00104469	1287.53	138.743	7.44738e-07	108.249	111.955	3.39664	1.61661	615	0	-0.183586	0	20	20
0.00670727	0.001039	1282.49	138.445	6.41002e-07	104.525	109.19	3.3757	1.61661	615	0	-0.177237	0	20	20
0.0067211	0.00103347	1277.65	138.147	5.51715e-07	100.93	106.495	3.3549	1.61661	615	0	-0.171068	0	20	20
0.00673494	0.00102809	1273	137.849	4.74866e-07	97.4589	103.865	3.33425	1.61661	615	0	-0.165076	0	20	20
0.00674879	0.00102287	1268.53	137.551	4.08721e-07	94.1068	101.301	3.31377	1.61661	615	0	-0.159253	0	20	20
0.00676265	0.0010178	1264.23	137.253	3.51789e-07	90.8701	98.7996	3.29344	1.61661	615	0	-0.153589	0	20	20
0.00677651	0.00101288	1260.11	136.955	3.02788e-07	87.7446	96.3602	3.27327	1.61661	615	0	-0.148078	0	20	20
0.00679034	0.0010081	1256.15	136.656	2.60612e-07	84.7267	93.9811	3.2533	1.61661	615	0	-0.14272	0	20	20
0.00680417	0.00100346	1252.36	136.358	2.24311e-07	81.8126	91.6607	3.23351	1.61661	615	0	-0.137503	0	20	20
0.00681798	0.000998948	1248.72	136.06	1.93066e-07	78.9986	89.3976	3.21391	1.61661	615	0	-0.132423	0	20	20
0.00683175	0.000994571	1245.23	135.761	1.66173e-07	76.2815	87.1903	3.19451	1.61661	615	0	-0.127478	0	20	20
0.00684548	0.000990323	1241.88	135.463	1.43027e-07	73.6579	85.0376	3.17532	1.61661	615	0	-0.122663	0	20	20
0.00685917	0.000986199	1238.68	135.165	1.23104e-07	71.1244	82.938	3.15635	1.61661	615	0	-0.117971	0	20	20
0.00687281	0.000982197	1235.61	134.866	1.05957e-07	68.6781	80.8903	3.1376	1.61661	615	0	-0.113401	0	20	20
0.00688637	0.000978315	1232.67	134.568	9.11979e-08	66.316	78.8931	3.11909	1.61661	615	0	-0.108952	0	20	20
0.00689987	0.000974549	1229.86	134.269	7.84948e-08	64.0351	76.9452	3.10083	1.61661	615	0	-0.104617	0	20	20
0.00691328	0.000970896	1227.17	133.971	6.75611e-08	61.8326	75.0454	3.08281	1.61661	615	0	-0.100394	0	20	20
0.0069266	0.000967355	1224.6	133.672	5.81504e-08	59.7059	73.1925	3.06507	1.61661	615	0	-0.0962837	0	20	20
0.00693982	0.000963923	1222.14	133.374	5.00505e-08	57.6523	71.3854	3.04759	1.61661	615	0	-0.0922821	0	20	20
0.00695292	0.000960598	1219.8	133.075	4.30789e-08	55.6694	69.6229	3.03039	1.61661	615	0	-0.0883871	0	20	20
0.0069659	0.000957377	1217.56	132.777	3.70783e-08	53.7547	67.9039	3.01348	1.61661	615	0	-0.0845983	0	20	20
0.00697875	0.00095426	1215.43	132.478	3.19136e-08	51.9058	66.2273	2.99687	1.61661	615	0	-0.0809155	0	20	20
0.00699145	0.000951242	1213.39	132.18	2.74683e-08	50.1205	64.5922	2.98056	1.61661	615	0	-0.077336	0	20	20
0.007004	0.000948323	1211.45	131.881	2.36422e-08	48.3967	62.9974	2.96457	1.61661	615	0	-0.0738593	0	20	20
0.00701638	0.000945502	1209.6	131.583	2.0349e-08	46.7321	61.442	2.9489	1.61661	615	0	-0.0704864	0	20	20
0.00702859	0.000942775	1207.85	131.284	1.75146e-08	45.1247	59.925	2.93356	1.61661	615	0	-0.067216	0	20	20
0.00704061	0.000940141	1206.17	130.986	1.50749e-08	43.5727	58.4454	2.91856	1.61661	615	0	-0.0640471	0	20	20
0.00705245	0.000937598	1204.58	130.687	1.29751e-08	42.074	57.0024	2.90389	1.61661	615	0	-0.0609796	0	20	20
0.00706408	0.000935145	1203.07	130.389	1.11678e-08	40.6269	55.595	2.88958	1.61661	615	0	-0.058015	0	20	20
0.00707549	0.00093278	1201.64	130.09	9.61219e-09	39.2296	54.2224	2.87561	1.61661	615	0	-0.0551515	0	20	20
0.0070867	0.0009305	1200.28	129.792	8.27329e-09	37.8803	52.8836	2.86199	1.61661	615	0	-0.0523887	0	20	20
0.00709768	0.000928304	1198.99	129.494	7.12089e-09	36.5774	51.5779	2.84873	1.61661	615	0	-0.0497263	0	20	20
0.00710843	0.00092619	1197.77	129.195	6.129e-09	35.3193	50.3044	2.83582	1.61661	615	0	-0.0471651	0	20	20
0.00711894	0.000924157	1196.62	128.897	5.27528e-09	34.1045	49.0624	2.82328	1.61661	615	0	-0.0447034	0	20	20
0.00712922	0.000922202	1195.52	128.599	4.54048e-09	32.9315	47.8511	2.81108	1.61661	615	0	-0.0423404	0	20	20
0.00713926	0.000920322	1194.49	128.3	3.90803e-09	31.7989	46.6696	2.79924	1.61661	615	0	-0.0400752	0	20	20
0.00714906	0.000918517	1193.51	128.002	3.36367e-09	30.7052	45.5173	2.78774	1.61661	615	0	-0.0379071	0	20	20
0.00715862	0.000916785	1192.59	127.704	2.89514e-09	29.6491	44.3935	2.7766	1.61661	615	0	-0.0358348	0	20	20
0.00716793	0.000915122	1191.72	127.406	2.49187e-09	28.6293	43.2974	2.76579	1.61661	615	0	-0.0338565	0	20	20
0.007177	0.000913526	1190.9	127.108	2.14477e-09	27.6446	42.2284	2.75532	1.61661	615	0	-0.0319703	0	20	20
0.00718583	0.000911997	1190.13	126.81	1.84602e-09	26.6938	41.1858	2.74517	1.61661	615	0	-0.0301745	0	20	20
0.00719442	0.00091053	1189.41	126.512	1.58888e-09	25.7757	40.1689	2.73535	1.61661	615	0	-0.0284674	0	20	20
0.00720277	0.000909125	1188.73	126.214	1.36757e-09	24.8891	39.1771	2.72584	1.61661	615	0	-0.0268467	0	20	20
0.0072109	0.00090778	1188.09	125.917	1.17707e-09	24.0331	38.2099	2.71664	1.61661	615	0	-0.0253098	0	20	20
0.0072188	0.000906491	1187.49	125.619	1.01312e-09	23.2065	37.2664	2.70773	1.61661	615	0	-0.0238543	0	20	20
0.00722648	0.000905256	1186.93	125.321	8.71998e-10	22.4083	36.3463	2.69911	1.61661	615	0	-0.0224777	0	20	20
0.00723394	0.000904074	1186.41	125.024	7.50536e-10	21.6376	35.4489	2.69077	1.61661	615	0	-0.0211772	0	20	20
0.00724119	0.000902943	1185.91	124.726	6.45992e-10	20.8933	34.5737	2.68269	1.61661	615	0	-0.0199504	0	20	20
0.00724823	0.00090186	1185.46	124.429	5.56011e-10	20.1747	33.7201	2.67488	1.61661	615	0	-0.0187941	0	20	20
0.00725508	0.000900824	1185.03	124.131	4.78563e-10	19.4808	32.8875	2.66731	1.61661	615	0	-0.0177057	0	20	20
0.00726173	0.000899831	1184.63	123.834	4.11903e-10	18.8108	32.0755	2.65999	1.61661	615	0	-0.0166823	0	20	20
0.0072682	0.000898881	1184.26	123.537	3.54528e-10	18.1638	31.2836	2.65289	1.61661	615	0	-0.0157211	0	20	20
0.00727448	0.000897972	1183.92	123.24	3.05145e-10	17.5391	30.5112	2.64602	1.61661	615	0	-0.0148193	0	20	20
0.0072806	0.000897101	1183.6	122.943	2.62641e-10	16.9358	29.7579	2.63936	1.61661	615	0	-0.0139742	0	20	20
0.00728654	0.000896267	1183.31	122.646	2.26057e-10	16.3533	29.0231	2.63291	1.61661	615	0	-0.0131834	0	20	20
0.00729233	0.000895468	1183.04	122.349	1.94569e-10	15.7909	28.3066	2.62665	1.61661	615	0	-0.0124438	0	20	20
0.00729795	0.000894702	1182.78	122.053	1.67467e-10	15.2477	27.6077	2.62058	1.61661	615	0	-0.011753	0	20	20
0.00730343	0.000893969	1182.55	121.756	1.4414e-10	14.7233	26.926	2.61469	1.61661	615	0	-0.0111085	0	20	20
0.00730876	0.000893265	1182.34	121.46	1.24063e-10	14.2169	26.2612	2.60896	1.61661	615	0	-0.0105077	0	20	20
0.00731396	0.000892591	1182.15	121.163	1.06782e-10	13.7279	25.6128	2.60341	1.61661	615	0	-0.00994842	0	20	20
0.00731902	0.000891944	1181.97	120.867	9.1908e-11	13.2557	24.9804	2.59801	1.61661	615	0	-0.00942825	0	20	20
0.00732396	0.000891323	1181.81	120.571	7.91059e-11	12.7998	24.3637	2.59276	1.61661	615	0	-0.00894502	0	20	20
0.00732877	0.000890727	1181.67	120.275	6.80871e-11	12.3596	23.7621	2.58766	1.61661	615	0	-0.00849671	0	20	20
0.00733347	0.000890155	1181.53	119.979	5.86031e-11	11.9345	23.1754	2.58269	1.61661	615	0	-0.00808117	0	20	20
0.00733805	0.000889605	1181.42	119.683	5.04402e-11	11.524	22.6032	2.57785	1.61661	615	0	-0.00769645	0	20	20
0.00734252	0.000889076	1181.31	119.388	4.34142e-11	11.1276	22.0452	2.57314	1.61661	615	0	-0.00734066	0	20	20
0.00734689	0.000888567	1181.22	119.092	3.7367e-11	10.7449	21.5009	2.56856	1.61661	615	0	-0.00701202	0	20	20
0.00735116	0.000888077	1181.13	118.797	3.21621e-11	10.3753	20.97	2.56408	1.61661	615	0	-0.00670882	0	20	20
0.00735534	0.000887606	1181.06	118.502	2.76821e-11	10.0185	20.4523	2.55972	1.61661	615	0	-0.00642942	0	20	20
0.00735942	0.000887151	1180.99	118.207	2.38262e-11	9.67389	19.9473	2.55546	1.61661	615	0	-0.00617228	0	20	20
0.00736342	0.000886713	1180.94	117.912	2.05074e-11	9.34116	19.4548	2.5513	1.61661	615	0	-0.0059359	0	20	20
0.00736733	0.000886291	1180.89	117.617	1.76509e-11	9.01988	18.9745	2.54724	1.61661	615	0	-0.0057189	0	20	20
0.00737116	0.000885882	1180.85	117.323	1.51923e-11	8.70964	18.506	2.54327	1.61661	615	0	-0.00551994	0	20	20
0.00737491	0.000885488	1180.82	117.028	1.30761e-11	8.41008	18.0491	2.53939	1.61661	615	0	-0.00533773	0	20	20
0.00737859	0.000885107	1180.8	116.734	1.12547e-11	8.12082	17.6034	2.53559	1.61661	615	0	-0.00517106	0	20	20
0.0073822	0.000884738	1180.78	116.44	9.68703e-12	7.8415	17.1688	2.53188	1.61661	615	0	-0.00501877	0	20	20
0.00738574	0.000884381	1180.77	116.146	8.3377e-12	7.5718	16.7449	2.52824	1.61661	615	0	-0.00487978	0	20	20
0.00738921	0.000884035	1180.76	115.852	7.17633e-12	7.31137	16.3315	2.52468	1.61661	615	0	-0.00475308	0	20	20
0.00739262	0.0008837	1180.75	115.558	6.17672e-12	7.0599	15.9282	2.52119	1.61661	615	0	-0.00463767	0	20	20
0.00739596	0.000883374	1180.76	115.265	5.31635e-12	6.81708	15.535	2.51777	1.61661	615	0	-0.00453264	0	20	20
0.00739925	0.000883058	1180.76	114.972	4.57583e-12	6.58261	15.1514	2.51441	1.61661	615	0	-0.00443712	0	20	20
0.00740249	0.00088275	1180.77	114.678	3.93845e-12	6.3562	14.7773	2.51112	1.61661	615	0	-0.00435029	0	20	20
0.00740566	0.000882451	1180.78	114.385	3.38986e-12	6.13758	14.4125	2.50789	1.61661	615	0	-0.00427138	0	20	20
0.00740879	0.00088216	1180.8	114.093	2.91768e-12	5.92648	14.0566	2.50471	1.61661	615	0	-0.00419966	0	20	20
0.00741187	0.000881877	1180.81	113.8	2.51127e-12	5.72264	13.7096	2.5016	1.61661	615	0	-0.00413444	0	20	20
0.00741489	0.0008816	1180.84	113.508	2.16147e-12	5.52581	13.3711	2.49853	1.61661	615	0	-0.00407504	0	20	20
0.00741788	0.00088133	1180.86	113.216	1.86039e-12	5.33576	13.0409	2.49552	1.61661	615	0	-0.00402085	0	20	20
0.00742081	0.000881066	1180.88	112.924	1.60125e-12	5.15224	12.719	2.49256	1.61661	615	0	-0.0039713	0	20	20
0.00742371	0.000880809	1180.91	112.632	1.37821e-12	4.97503	12.4049	2.48965	1.61661	615	0	-0.00392583	0	20	20
0.00742656	0.000880556	1180.93	112.34	1.18624e-12	4.80391	12.0986	2.48678	1.61661	615	0	-0.00388394	0	20	20
0.00742937	0.000880309	1180.96	112.049	1.02101e-12	4.63868	11.7999	2.48396	1.61661	615	0	-0.00384514	0	20	20
0.00743214	0.000880067	1180.99	111.758	8.78787e-13	4.47914	11.5086	2.48118	1.61661	615	0	-0.00380898	0	20	20
0.00743488	0.00087983	1181.02	111.467	7.56379e-13	4.32508	11.2244	2.47844	1.61661	615	0	-0.00377503	0	20	20
0.00743758	0.000879597	1181.05	111.176	6.51022e-13	4.17632	10.9473	2.47574	1.61661	615	0	-0.00374289	0	20	20
0.00744024	0.000879368	1181.09	110.885	5.60339e-13	4.03268	10.677	2.47308	1.61661	615	0	-0.0037122	0	20	20
0.00744288	0.000879143	1181.12	110.595	4.82289e-13	3.89398	10.4134	2.47046	1.61661	615	0	-0.00368259	0	20	20
0.00744548	0.000878921	1181.15	110.305	4.1511e-13	3.76004	10.1563	2.46787	1.61661	615	0	-0.00365374	0	20	20
0.00744804	0.000878703	1181.18	110.015	3.57288e-13	3.63072	9.90553	2.46532	1.61661	615	0	-0.00362535	0	20	20
0.00745058	0.000878488	1181.21	109.725	3.07521e-13	3.50584	9.66096	2.4628	1.61661	615	0	-0.00359713	0	20	20
0.00745309	0.000878276	1181.24	109.436	2.64686e-13	3.38526	9.42243	2.46031	1.61661	615	0	-0.0035688	0	20	20
0.00745557	0.000878067	1181.27	109.146	2.27817e-13	3.26883	9.18979	2.45786	1.61661	615	0	-0.00354012	0	20	20
0.00745803	0.000877861	1181.31	108.857	1.96084e-13	3.1564	8.9629	2.45543	1.61661	615	0	-0.00351085	0	20	20
0.00746045	0.000877657	1181.34	108.568	1.68771e-13	3.04783	8.7416	2.45304	1.61661	615	0	-0.00348077	0	20	20
0.00746286	0.000877455	1181.36	108.28	1.45263e-13	2.943	8.52577	2.45067	1.61661	615	0	-0.00344969	0	20	20
0.00746523	0.000877255	1181.39	107.992	1.25029e-13	2.84178	8.31527	2.44833	1.61661	615	0	-0.00341742	0	20	20
0.00746759	0.000877058	1181.42	107.704	1.07613e-13	2.74404	8.10996	2.44601	1.61661	615	0	-0.00338378	0	20	20
0.00746992	0.000876862	1181.45	107.416	9.26235e-14	2.64966	7.90973	2.44373	1.61661	615	0	-0.00334862	0	20	20
0.00747223	0.000876669	1181.47	107.128	7.97218e-14	2.55852	7.71444	2.44146	1.61661	615	0	-0.00331179	0	20	20
0.00747451	0.000876476	1181.5	106.841	6.86172e-14	2.47053	7.52397	2.43922	1.61661	615	0	-0.00327315	0	20	20
0.00747678	0.000876286	1181.52	106.554	5.90593e-14	2.38555	7.3382	2.43701	1.61661	615	0	-0.00323257	0	20	20
0.00747902	0.000876096	1181.55	106.267	5.08329e-14	2.3035	7.15702	2.43481	1.61661	615	0	-0.00318995	0	20	20
0.00748125	0.000875909	1181.57	105.98	4.37522e-14	2.22427	6.98031	2.43264	1.61661	615	0	-0.00314517	0	20	20
0.00748345	0.000875722	1181.59	105.694	3.76579e-14	2.14777	6.80797	2.43049	1.61661	615	0	-0.00309815	0	20	20
0.00748564	0.000875537	1181.61	105.408	3.24125e-14	2.0739	6.63988	2.42836	1.61661	615	0	-0.00304879	0	20	20
0.00748781	0.000875352	1181.63	105.122	2.78977e-14	2.00257	6.47594	2.42625	1.61661	615	0	-0.00299702	0	20	20
0.00748996	0.000875169	1181.64	104.837	2.40117e-14	1.93369	6.31605	2.42416	1.61661	615	0	-0.00294276	0	20	20
0.0074921	0.000874986	1181.66	104.551	2.06671e-14	1.86718	6.1601	2.42209	1.61661	615	0	-0.00288595	0	20	20
0.00749422	0.000874805	1181.67	104.266	1.77883e-14	1.80296	6.00801	2.42003	1.61661	615	0	-0.00282654	0	20	20
0.00749632	0.000874624	1181.69	103.982	1.53106e-14	1.74095	5.85967	2.418	1.61661	615	0	-0.00276447	0	20	20
0.0074984	0.000874444	1181.7	103.697	1.31779e-14	1.68107	5.715	2.41598	1.61661	615	0	-0.0026997	0	20	20
0.00750048	0.000874264	1181.71	103.413	1.13423e-14	1.62325	5.57389	2.41398	1.61661	615	0	-0.0026322	0	20	20
0.00750253	0.000874086	1181.72	103.129	9.76244e-15	1.56742	5.43627	2.412	1.61661	615	0	-0.00256192	0	20	20
0.00750457	0.000873907	1181.73	102.846	8.40261e-15	1.51351	5.30205	2.41003	1.61661	615	0	-0.00248886	0	20	20
0.0075066	0.00087373	1181.73	102.563	7.2322e-15	1.46145	5.17114	2.40808	1.61661	615	0	-0.00241297	0	20	20
0.00750861	0.000873553	1181.74	102.28	6.22481e-15	1.41119	5.04347	2.40614	1.61661	615	0	-0.00233424	0	20	20
0.00751062	0.000873376	1181.74	101.997	5.35774e-15	1.36265	4.91894	2.40422	1.61661	615	0	-0.00225267	0	20	20
0.0075126	0.0008732	1181.74	101.714	4.61145e-15	1.31578	4.79749	2.40231	1.61661	615	0	-0.00216823	0	20	20
0.00751458	0.000873024	1181.74	101.432	3.96911e-15	1.27053	4.67904	2.40041	1.61661	615	0	-0.00208093	0	20	20
0.00751654	0.000872848	1181.74	101.15	3.41625e-15	1.22683	4.56352	2.39853	1.61661	615	0	-0.00199076	0	20	20
0.00751849	0.000872673	1181.74	100.869	2.94039e-15	1.18463	4.45084	2.39667	1.61661	615	0	-0.00189773	0	20	20
0.00752043	0.000872498	1181.74	100.588	2.53082e-15	1.14389	4.34095	2.39481	1.61661	615	0	-0.00180183	0	20	20
0.00752236	0.000872324	1181.73	100.307	2.1783e-15	1.10454	4.23377	2.39297	1.61661	615	0	-0.00170307	0	20	20
0.00752428	0.000872149	1181.73	100.026	1.87488e-15	1.06655	4.12924	2.39115	1.61661	615	0	-0.00160146	0	20	20
0.00752618	0.000871975	1181.72	99.7459	1.61372e-15	1.02987	4.02729	2.38933	1.61661	615	0	-0.00149703	0	20	20
0.00752808	0.000871802	1181.71	99.4659	1.38894e-15	0.994446	3.92785	2.38753	1.61661	615	0	-0.00138977	0	20	20
0.00752996	0.000871628	1181.7	99.1863	1.19547e-15	0.960243	3.83088	2.38573	1.61661	615	0	-0.00127971	0	20	20
0.00753184	0.000871454	1181.69	98.9069	1.02895e-15	0.927215	3.73629	2.38395	1.61661	615	0	-0.00116686	0	20	20
0.0075337	0.000871281	1181.68	98.6279	8.85629e-16	0.895324	3.64404	2.38218	1.61661	615	0	-0.00105125	0	20	20
0.00753555	0.000871108	1181.66	98.3492	7.62268e-16	0.86453	3.55407	2.38042	1.61661	615	0	-0.000932902	0	20	20
0.0075374	0.000870935	1181.65	98.0708	6.5609e-16	0.834795	3.46632	2.37868	1.61661	615	0	-0.000811834	0	20	20
0.00753924	0.000870762	1181.63	97.7928	5.64702e-16	0.806082	3.38074	2.37694	1.61661	615	0	-0.000688074	0	20	20
0.00754106	0.000870589	1181.61	97.5151	4.86043e-16	0.778358	3.29727	2.37521	1.61661	615	0	-0.000561649	0	20	20
0.00754288	0.000870417	1181.59	97.2377	4.18342e-16	0.751586	3.21586	2.3735	1.61661	615	0	-0.000432587	0	20	20
0.00754469	0.000870244	1181.57	96.9606	3.6007e-16	0.725736	3.13646	2.37179	1.61661	615	0	-0.000300917	0	20	20
0.00754649	0.000870072	1181.55	96.6839	3.09915e-16	0.700774	3.05902	2.37009	1.61661	615	0	-0.000166671	0	20	20
0.00754828	0.0008699	1181.53	96.4075	2.66746e-16	0.676672	2.98349	2.3684	1.61661	615	0	-2.98779e-05	0	20	20
0.00755007	0.000869727	1181.51	96.1315	2.29591e-16	0.653398	2.90983	2.36672	1.61661	615	0	0.000109429	0	20	20
0.00755184	0.000869555	1181.48	95.8558	1.97611e-16	0.630924	2.83798	2.36505	1.61661	615	0	0.000251216	0	20	20
0.00755361	0.000869383	1181.46	95.5804	1.70085e-16	0.609224	2.76791	2.36339	1.61661	615	0	0.00039545	0	20	20
0.00755537	0.000869212	1181.43	95.3054	1.46393e-16	0.58827	2.69957	2.36174	1.61661	615	0	0.000542097	0	20	20
0.00755713	0.00086904	1181.41	95.0307	1.26002e-16	0.568037	2.63292	2.3601	1.61661	615	0	0.000691122	0	20	20
0.00755887	0.000868868	1181.38	94.7564	1.08451e-16	0.548499	2.56791	2.35846	1.61661	615	0	0.00084249	0	20	20
0.00756061	0.000868697	1181.35	94.4825	9.33446e-17	0.529634	2.50451	2.35684	1.61661	615	0	0.000996164	0	20	20
0.00756234	0.000868525	1181.32	94.2088	8.03424e-17	0.511417	2.44267	2.35522	1.61661	615	0	0.00115211	0	20	20
0.00756407	0.000868354	1181.29	93.9356	6.91514e-17	0.493827	2.38236	2.35361	1.61661	615	0	0.00131029	0	20	20
0.00756579	0.000868182	1181.25	93.6627	5.95191e-17	0.476842	2.32354	2.352	1.61661	615	0	0.00147066	0	20	20
0.0075675	0.000868011	1181.22	93.3902	5.12286e-17	0.460442	2.26618	2.35041	1.61661	615	0	0.0016332	0	20	20
0.0075692	0.00086784	1181.19	93.118	4.40929e-17	0.444605	2.21022	2.34882	1.61661	615	0	0.00179785	0	20	20
0.0075709	0.000867669	1181.15	92.8462	3.79511e-17	0.429313	2.15565	2.34724	1.61661	615	0	0.0019646	0	20	20
0.00757259	0.000867498	1181.12	92.5748	3.26648e-17	0.414547	2.10243	2.34567	1.61661	615	0	0.00213339	0	20	20
0.00757428	0.000867327	1181.08	92.3037	2.81149e-17	0.400289	2.05052	2.3441	1.61661	615	0	0.00230419	0	20	20
0.00757595	0.000867157	1181.04	92.033	2.41987e-17	0.386521	1.99989	2.34255	1.61661	615	0	0.00247696	0	20	20
0.00757763	0.000866986	1181.01	91.7627	2.0828e-17	0.373227	1.95051	2.34099	1.61661	615	0	0.00265167	0	20	20
0.00757929	0.000866816	1180.97	91.4927	1.79268e-17	0.36039	1.90236	2.33945	1.61661	615	0	0.00282828	0	20	20
0.00758096	0.000866646	1180.93	91.2232	1.54298e-17	0.347994	1.85539	2.33791	1.61661	615	0	0.00300675	0	20	20
0.00758261	0.000866475	1180.89	90.954	1.32805e-17	0.336025	1.80958	2.33638	1.61661	615	0	0.00318704	0	20	20
0.00758426	0.000866305	1180.85	90.6852	1.14306e-17	0.324468	1.7649	2.33486	1.61661	615	0	0.00336911	0	20	20
0.0075859	0.000866135	1180.81	90.4167	9.83845e-18	0.313308	1.72132	2.33334	1.61661	615	0	0.00355294	0	20	20
0.00758754	0.000865966	1180.76	90.1487	8.46803e-18	0.302532	1.67882	2.33183	1.61661	615	0	0.00373848	0	20	20
0.00758918	0.000865796	1180.72	89.881	7.2885e-18	0.292126	1.63737	2.33032	1.61661	615	0	0.00392569	0	20	20
0.0075908	0.000865627	1180.68	89.6138	6.27327e-18	0.282079	1.59695	2.32882	1.61661	615	0	0.00411454	0	20	20
0.00759243	0.000865457	1180.64	89.3469	5.39946e-18	0.272377	1.55752	2.32733	1.61661	615	0	0.004305	0	20	20
0.00759404	0.000865288	1180.59	89.0804	4.64735e-18	0.263008	1.51906	2.32585	1.61661	615	0	0.00449702	0	20	20
0.00759566	0.000865119	1180.55	88.8143	4.00001e-18	0.253962	1.48156	2.32437	1.61661	615	0	0.00469057	0	20	20
0.00759726	0.00086495	1180.5	88.5486	3.44284e-18	0.245227	1.44498	2.32289	1.61661	615	0	0.00488562	0	20	20
0.00759886	0.000864782	1180.46	88.2833	2.96328e-18	0.236793	1.4093	2.32142	1.61661	615	0	0.00508213	0	20	20
0.00760046	0.000864613	1180.41	88.0184	2.55052e-18	0.228649	1.3745	2.31996	1.61661	615	0	0.00528006	0	20	20
0.00760205	0.000864445	1180.36	87.7539	2.19525e-18	0.220784	1.34057	2.3185	1.61661	615	0	0.00547939	0	20	20
0.00760364	0.000864277	1180.32	87.4898	1.88947e-18	0.21319	1.30747	2.31705	1.61661	615	0	0.00568008	0	20	20
0.00760522	0.000864109	1180.27	87.2261	1.62628e-18	0.205858	1.27519	2.3156	1.61661	615	0	0.00588208	0	20	20
0.0076068	0.000863941	1180.22	86.9628	1.39976e-18	0.198777	1.2437	2.31416	1.61661	615	0	0.00608538	0	20	20
0.00760838	0.000863774	1180.17	86.6999	1.20478e-18	0.191941	1.213	2.31273	1.61661	615	0	0.00628994	0	20	20
0.00760995	0.000863606	1180.12	86.4375	1.03696e-18	0.185339	1.18305	2.3113	1.61661	615	0	0.00649571	0	20	20
0.00761151	0.000863439	1180.07	86.1754	8.92524e-19	0.178964	1.15384	2.30987	1.61661	615	0	0.00670268	0	20	20
0.00761307	0.000863273	1180.02	85.9138	7.68203e-19	0.172809	1.12535	2.30845	1.61661	615	0	0.00691082	0	20	20
0.00761463	0.000863106	1179.97	85.6525	6.61198e-19	0.166865	1.09756	2.30704	1.61661	615	0	0.00712007	0	20	20
0.00761618	0.00086294	1179.92	85.3917	5.69098e-19	0.161126	1.07047	2.30563	1.61661	615	0	0.00733043	0	20	20
0.00761773	0.000862773	1179.87	85.1313	4.89828e-19	0.155584	1.04404	2.30422	1.61661	615	0	0.00754185	0	20	20
0.00761927	0.000862607	1179.82	84.8714	4.21598e-19	0.150233	1.01826	2.30282	1.61661	615	0	0.00775431	0	20	20
0.00762081	0.000862442	1179.77	84.6118	3.62873e-19	0.145066	0.993117	2.30143	1.61661	615	0	0.00796777	0	20	20
0.00762234	0.000862276	1179.72	84.3527	3.12328e-19	0.140076	0.968597	2.30004	1.61661	615	0	0.00818221	0	20	20
0.00762387	0.000862111	1179.67	84.094	2.68823e-19	0.135258	0.944682	2.29865	1.61661	615	0	0.00839759	0	20	20
0.0076254	0.000861946	1179.62	83.8357	2.31378e-19	0.130606	0.921358	2.29727	1.61661	615	0	0.00861389	0	20	20
0.00762692	0.000861782	1179.56	83.5778	1.99149e-19	0.126114	0.89861	2.2959	1.61661	615	0	0.00883108	0	20	20
0.00762844	0.000861617	1179.51	83.3204	1.71409e-19	0.121776	0.876423	2.29452	1.61661	615	0	0.00904913	0	20	20
0.00762996	0.000861453	1179.46	83.0634	1.47533e-19	0.117588	0.854784	2.29316	1.61661	615	0	0.00926802	0	20	20
0.00763147	0.000861289	1179.41	82.8068	1.26983e-19	0.113543	0.833679	2.2918	1.61661	615	0	0.0094877	0	20	20
0.00763298	0.000861125	1179.35	82.5507	1.09295e-19	0.109638	0.813096	2.29044	1.61661	615	0	0.00970817	0	20	20
