0.00141004	
0.00164766	
0.000615187	
0.000394236	
0.000328546	
0.000302097	
0.000292093	
0.000292444	
0.000300414	
0.000311917	
0.000322651	
0.000346803	
0.000397693	
0.000475985	
0.000587834	
0.000745802	
0.000970993	
0.00129614	
0.00176746	
0.00243852	
0.00334752	
0.00448933	
0.00582491	
0.0073241	
0.00896956	
0.0107248	
0.0125645	
0.0144464	
0.0161796	
0.0177359	
0.0191217	
0.0203351	
0.0213654	
0.022192	
0.0227843	
0.0231036	
0.0231063	
0.0227519	
0.0220143	
0.0209007	
0.0194677	
0.017826	
0.0161189	
0.0149529	
0.013666	
0.0127447	
0.0123048	
0.0122763	
0.0125429	
0.0131368	
0.0140976	
0.0154673	
0.0172882	
0.0195871	
0.0223463	
0.0254731	
0.0287885	
0.0320552	
0.0350426	
0.0375941	
0.0396563	
0.0412591	
0.0424724	
0.0433731	
0.0440293	
0.0444967	
0.0448192	
0.0450313	
0.04516	
0.0452262	
0.0452462	
0.0452324	
0.0451944	
