0.00858744	0.000698912	1123.05	335.175	76.5	0	0	1.60846	1.61661	615	0	0.148047	0	20	20
0.00877184	0.000715761	1171.53	334.978	76.4694	34.8801	11.7544	1.50914	1.61661	615	0	-1.95785	0	20	20
0.00909162	0.000748442	1263.93	334.777	76.4339	102.297	34.7018	1.35543	1.61661	615	0	-5.2138	0	20	20
0.00934924	0.000779675	1349.4	334.572	76.3927	167.502	57.1188	1.24644	1.61661	615	0	-7.58209	0	20	20
0.00955988	0.000811306	1432.03	334.364	76.3448	230.564	79.0162	1.16585	1.61661	615	0	-9.47405	0	20	20
0.00972478	0.000844202	1512.82	334.152	76.2893	291.553	100.405	1.10754	1.61661	615	0	-11.0711	0	20	20
0.00984188	0.000878676	1591.42	333.937	76.2249	350.539	121.298	1.06848	1.61661	615	0	-12.4961	0	20	20
0.0099164	0.000914609	1667.69	333.717	76.1502	407.592	141.708	1.04457	1.61661	615	0	-13.8155	0	20	20
0.00996038	0.000951341	1741.65	333.494	76.0636	462.783	161.648	1.0308	1.61661	615	0	-15.0317	0	20	20
0.00998519	0.000988174	1813.39	333.267	75.9633	516.187	181.133	1.02313	1.61661	615	0	-16.1308	0	20	20
0.00999831	0.00102465	1882.97	333.036	75.847	567.877	200.178	1.01911	1.61661	615	0	-17.1094	0	20	20
0.0100041	0.00106051	1950.49	332.801	75.7124	617.932	218.802	1.01733	1.61661	615	0	-17.9744	0	20	20
0.0100052	0.00109563	2016.04	332.562	75.5566	666.432	237.022	1.01699	1.61661	615	0	-18.7368	0	20	20
0.0100032	0.00112996	2079.72	332.318	75.3764	713.461	254.86	1.01761	1.61661	615	0	-19.4087	0	20	20
0.00999901	0.00116348	2141.63	332.071	75.1681	759.107	272.336	1.01889	1.61661	615	0	-20.0017	0	20	20
0.00999329	0.00119622	2201.9	331.819	74.9275	803.463	289.475	1.02064	1.61661	615	0	-20.5262	0	20	20
0.00998649	0.00122821	2260.62	331.562	74.6499	846.625	306.304	1.02273	1.61661	615	0	-20.9912	0	20	20
0.00997889	0.00125949	2317.94	331.302	74.33	888.698	322.851	1.02507	1.61661	615	0	-21.4045	0	20	20
0.0099707	0.00129014	2373.98	331.036	73.9617	929.787	339.146	1.0276	1.61661	615	0	-21.7729	0	20	20
0.00996206	0.0013202	2428.88	330.766	73.5383	970.008	355.223	1.03027	1.61661	615	0	-22.1023	0	20	20
0.00995306	0.00134977	2482.79	330.492	73.0526	1009.48	371.118	1.03307	1.61661	615	0	-22.3975	0	20	20
0.00994376	0.00137891	2535.87	330.213	72.4961	1048.32	386.868	1.03597	1.61661	615	0	-22.6628	0	20	20
0.0099342	0.00140772	2588.26	329.929	71.8602	1086.66	402.511	1.03897	1.61661	615	0	-22.902	0	20	20
0.00992438	0.00143627	2640.13	329.64	71.1353	1124.64	418.089	1.04205	1.61661	615	0	-23.1182	0	20	20
0.00991433	0.00146466	2691.64	329.346	70.3111	1162.37	433.643	1.04523	1.61661	615	0	-23.314	0	20	20
0.00990402	0.00149297	2742.94	329.047	69.3773	1199.98	449.211	1.04849	1.61661	615	0	-23.4919	0	20	20
0.00989345	0.00152129	2794.18	328.743	68.323	1237.58	464.833	1.05186	1.61661	615	0	-23.6536	0	20	20
0.00988261	0.00154967	2845.47	328.434	67.1377	1275.29	480.541	1.05532	1.61661	615	0	-23.8009	0	20	20
0.00987148	0.00157819	2896.93	328.119	65.8111	1313.19	496.363	1.0589	1.61661	615	0	-23.935	0	20	20
0.00986005	0.00160688	2948.62	327.8	64.3342	1351.33	512.319	1.06258	1.61661	615	0	-24.0569	0	20	20
0.00984834	0.00163575	3000.56	327.474	62.6995	1389.73	528.416	1.06638	1.61661	615	0	-24.1674	0	20	20
0.00983636	0.00166479	3052.73	327.144	60.9015	1428.39	544.648	1.07028	1.61661	615	0	-24.2669	0	20	20
0.00982414	0.00169395	3105.03	326.807	58.9379	1467.23	560.99	1.07428	1.61661	615	0	-24.3556	0	20	20
0.00981174	0.00172313	3157.3	326.466	56.8097	1506.13	577.403	1.07836	1.61661	615	0	-24.4338	0	20	20
0.00979923	0.0017522	3209.29	326.118	54.5225	1544.91	593.821	1.08249	1.61661	615	0	-24.5012	0	20	20
0.00978671	0.00178099	3260.69	325.764	52.086	1583.32	610.161	1.08665	1.61661	615	0	-24.5576	0	20	20
0.00977432	0.00180926	3311.11	325.405	49.5151	1621.05	626.318	1.09079	1.61661	615	0	-24.6028	0	20	20
0.00976219	0.00183676	3360.08	325.04	46.8297	1657.77	642.169	1.09486	1.61661	615	0	-24.6363	0	20	20
0.00975049	0.0018632	3407.11	324.668	44.0538	1693.06	657.578	1.09881	1.61661	615	0	-24.6579	0	20	20
0.00973939	0.00188828	3451.65	324.291	41.2153	1726.53	672.399	1.10257	1.61661	615	0	-24.6672	0	20	20
0.00972907	0.00191169	3493.19	323.907	38.3448	1757.75	686.483	1.10608	1.61661	615	0	-24.664	0	20	20
0.00971969	0.00193314	3531.2	323.517	35.4743	1786.33	699.687	1.10928	1.61661	615	0	-24.6483	0	20	20
0.00971143	0.00195237	3565.23	323.12	32.6358	1811.9	711.881	1.11212	1.61661	615	0	-24.6198	0	20	20
0.0097044	0.00196914	3594.88	322.717	29.8599	1834.16	722.951	1.11454	1.61661	615	0	-24.5788	0	20	20
0.00969872	0.00198329	3619.87	322.308	27.1745	1852.88	732.808	1.11649	1.61661	615	0	-24.5255	0	20	20
0.00969447	0.0019947	3639.99	321.891	24.6037	1867.9	741.387	1.11796	1.61661	615	0	-24.4602	0	20	20
0.00969169	0.00200332	3655.17	321.468	22.1672	1879.15	748.652	1.11893	1.61661	615	0	-24.3833	0	20	20
0.00969037	0.00200914	3665.4	321.038	19.8799	1886.64	754.594	1.11938	1.61661	615	0	-24.2952	0	20	20
0.00969051	0.00201223	3670.8	320.601	17.7517	1890.44	759.23	1.11933	1.61661	615	0	-24.1966	0	20	20
0.00969205	0.0020127	3671.55	320.157	15.7881	1890.71	762.596	1.1188	1.61661	615	0	-24.088	0	20	20
0.00969492	0.00201067	3667.9	319.706	13.9901	1887.62	764.749	1.11781	1.61661	615	0	-23.97	0	20	20
0.00969875	0.00200637	3660.16	319.248	12.3554	1881.42	765.757	1.11648	1.61661	615	0	-23.8175	0	20	20
0.0097032	0.00200003	3648.64	318.782	10.8785	1872.36	765.698	1.11495	1.61661	615	0	-23.609	0	20	20
0.00970819	0.00199183	3633.7	318.309	9.55195	1860.7	764.656	1.11323	1.61661	615	0	-23.3505	0	20	20
0.00971367	0.00198195	3615.67	317.828	8.36659	1846.71	762.716	1.11135	1.61661	615	0	-23.0478	0	20	20
0.00971957	0.0019706	3594.91	317.34	7.31231	1830.66	759.963	1.10933	1.61661	615	0	-22.7068	0	20	20
0.00972582	0.00195793	3571.72	316.844	6.37848	1812.81	756.478	1.10719	1.61661	615	0	-22.3331	0	20	20
0.00973236	0.00194413	3546.43	316.34	5.55436	1793.38	752.34	1.10496	1.61661	615	0	-21.932	0	20	20
0.00973914	0.00192933	3519.3	315.829	4.8294	1772.61	747.619	1.10265	1.61661	615	0	-21.5083	0	20	20
0.0097461	0.00191368	3490.59	315.309	4.19349	1750.68	742.382	1.10029	1.61661	615	0	-21.0664	0	20	20
0.0097532	0.00189731	3460.54	314.782	3.63707	1727.77	736.69	1.09789	1.61661	615	0	-20.6101	0	20	20
0.00976039	0.00188033	3429.34	314.246	3.15127	1704.06	730.595	1.09547	1.61661	615	0	-20.1429	0	20	20
0.00976764	0.00186283	3397.18	313.702	2.72794	1679.67	724.147	1.09303	1.61661	615	0	-19.6677	0	20	20
0.0097749	0.0018449	3364.21	313.149	2.35965	1654.72	717.387	1.09059	1.61661	615	0	-19.1872	0	20	20
0.00978216	0.00182662	3330.57	312.588	2.03971	1629.34	710.353	1.08817	1.61661	615	0	-18.7036	0	20	20
0.00978937	0.00180805	3296.39	312.019	1.76213	1603.6	703.078	1.08576	1.61661	615	0	-18.2189	0	20	20
0.00979652	0.00178925	3261.76	311.441	1.52155	1577.59	695.59	1.08339	1.61661	615	0	-17.7345	0	20	20
0.00980358	0.00177027	3226.77	310.854	1.31324	1551.38	687.916	1.08105	1.61661	615	0	-17.252	0	20	20
0.00981054	0.00175115	3191.5	310.258	1.13301	1525.02	680.076	1.07875	1.61661	615	0	-16.7724	0	20	20
0.00981737	0.00173193	3156.02	309.653	0.977206	1498.57	672.091	1.0765	1.61661	615	0	-16.2967	0	20	20
0.00982405	0.00171263	3120.38	309.04	0.842585	1472.06	663.976	1.07431	1.61661	615	0	-15.8257	0	20	20
0.00983057	0.00169328	3084.62	308.417	0.726331	1445.53	655.746	1.07217	1.61661	615	0	-15.3601	0	20	20
0.00983691	0.00167391	3048.79	307.785	0.625985	1419.02	647.415	1.0701	1.61661	615	0	-14.9004	0	20	20
0.00984306	0.00165454	3012.93	307.144	0.539403	1392.54	638.993	1.06809	1.61661	615	0	-14.4471	0	20	20
0.009849	0.00163519	2977.06	306.493	0.464724	1366.13	630.491	1.06616	1.61661	615	0	-14.0006	0	20	20
0.00985471	0.00161586	2941.21	305.833	0.400329	1339.79	621.918	1.06431	1.61661	615	0	-13.5612	0	20	20
0.00986019	0.00159657	2905.41	305.163	0.344818	1313.55	613.282	1.06254	1.61661	615	0	-13.1292	0	20	20
0.00986541	0.00157734	2869.67	304.483	0.296973	1287.41	604.591	1.06085	1.61661	615	0	-12.7047	0	20	20
0.00987035	0.00155817	2834.01	303.794	0.255745	1261.4	595.851	1.05926	1.61661	615	0	-12.2879	0	20	20
0.00987501	0.00153908	2798.46	303.095	0.220224	1235.52	587.069	1.05776	1.61661	615	0	-11.879	0	20	20
0.00987937	0.00152008	2763.02	302.386	0.189625	1209.79	578.25	1.05636	1.61661	615	0	-11.4781	0	20	20
0.0098834	0.00150116	2727.71	301.667	0.163268	1184.2	569.401	1.05507	1.61661	615	0	-11.0853	0	20	20
0.00988708	0.00148235	2692.55	300.938	0.140567	1158.78	560.526	1.05389	1.61661	615	0	-10.7006	0	20	20
0.00989041	0.00146365	2657.54	300.199	0.121018	1133.52	551.63	1.05283	1.61661	615	0	-10.3242	0	20	20
0.00989336	0.00144507	2622.7	299.449	0.104184	1108.43	542.72	1.05189	1.61661	615	0	-9.95601	0	20	20
0.0098959	0.00142661	2588.04	298.69	0.0896893	1083.53	533.798	1.05108	1.61661	615	0	-9.59613	0	20	20
0.00989803	0.00140829	2553.58	297.919	0.0772089	1058.82	524.871	1.0504	1.61661	615	0	-9.24458	0	20	20
0.0098997	0.0013901	2519.32	297.139	0.0664636	1034.3	515.942	1.04987	1.61661	615	0	-8.90136	0	20	20
0.00990091	0.00137207	2485.27	296.347	0.0572127	1009.98	507.016	1.04948	1.61661	615	0	-8.56648	0	20	20
0.00990163	0.00135418	2451.46	295.545	0.0492485	985.876	498.099	1.04925	1.61661	615	0	-8.23994	0	20	20
0.00990183	0.00133647	2417.89	294.732	0.0423924	961.985	489.194	1.04919	1.61661	615	0	-7.92173	0	20	20
0.0099015	0.00131892	2384.57	293.909	0.0364903	938.316	480.306	1.04929	1.61661	615	0	-7.61182	0	20	20
0.00990061	0.00130155	2351.52	293.074	0.0314096	914.878	471.44	1.04958	1.61661	615	0	-7.31018	0	20	20
0.00989914	0.00128437	2318.74	292.229	0.027036	891.677	462.599	1.05004	1.61661	615	0	-7.01678	0	20	20
0.00989707	0.00126738	2286.26	291.373	0.0232712	868.721	453.79	1.0507	1.61661	615	0	-6.73156	0	20	20
0.00989438	0.0012506	2254.08	290.505	0.0200306	846.016	445.016	1.05156	1.61661	615	0	-6.45448	0	20	20
0.00989106	0.00123402	2222.23	289.627	0.0172411	823.571	436.282	1.05262	1.61661	615	0	-6.18545	0	20	20
0.00988709	0.00121765	2190.7	288.737	0.01484	801.393	427.593	1.05389	1.61661	615	0	-5.92441	0	20	20
0.00988246	0.00120151	2159.52	287.836	0.0127733	779.491	418.954	1.05537	1.61661	615	0	-5.67127	0	20	20
0.00987717	0.0011856	2128.71	286.924	0.0109943	757.872	410.368	1.05707	1.61661	615	0	-5.42593	0	20	20
0.00987121	0.00116992	2098.26	286	0.00946308	736.544	401.841	1.05898	1.61661	615	0	-5.1883	0	20	20
0.0098646	0.00115448	2068.21	285.065	0.00814509	715.516	393.378	1.06111	1.61661	615	0	-4.95826	0	20	20
0.00985732	0.0011393	2038.57	284.119	0.00701065	694.796	384.983	1.06346	1.61661	615	0	-4.7357	0	20	20
0.00984941	0.00112436	2009.34	283.161	0.0060342	674.394	376.662	1.06603	1.61661	615	0	-4.5205	0	20	20
0.00984086	0.00110969	1980.55	282.192	0.00519374	654.316	368.418	1.06881	1.61661	615	0	-4.31254	0	20	20
0.00983171	0.00109528	1952.21	281.211	0.00447034	634.572	360.257	1.0718	1.61661	615	0	-4.1117	0	20	20
0.00982196	0.00108114	1924.34	280.218	0.00384768	615.171	352.184	1.07499	1.61661	615	0	-3.91785	0	20	20
0.00981166	0.00106727	1896.95	279.214	0.00331176	596.121	344.203	1.07838	1.61661	615	0	-3.73087	0	20	20
0.00980083	0.00105369	1870.06	278.198	0.00285047	577.432	336.319	1.08196	1.61661	615	0	-3.55064	0	20	20
0.00978949	0.0010404	1843.69	277.171	0.00245344	559.112	328.537	1.08573	1.61661	615	0	-3.37704	0	20	20
0.00977768	0.0010274	1817.84	276.132	0.0021117	541.169	320.862	1.08966	1.61661	615	0	-3.20997	0	20	20
0.00976543	0.0010147	1792.54	275.081	0.00181757	523.614	313.298	1.09377	1.61661	615	0	-3.0493	0	20	20
0.00975278	0.0010023	1767.81	274.019	0.0015644	506.454	305.851	1.09803	1.61661	615	0	-2.89493	0	20	20
0.00973976	0.000990222	1743.65	272.945	0.00134649	489.698	298.524	1.10244	1.61661	615	0	-2.74675	0	20	20
0.00972639	0.000978459	1720.09	271.859	0.00115894	473.355	291.323	1.10699	1.61661	615	0	-2.60466	0	20	20
0.00971273	0.000967021	1697.13	270.761	0.000997512	457.433	284.252	1.11167	1.61661	615	0	-2.46857	0	20	20
0.00969879	0.000955915	1674.8	269.652	0.000858568	441.942	277.316	1.11647	1.61661	615	0	-2.33838	0	20	20
0.0096846	0.000945147	1653.11	268.531	0.000738977	426.889	270.519	1.12138	1.61661	615	0	-2.21398	0	20	20
0.00967021	0.000934726	1632.07	267.399	0.000636045	412.284	263.866	1.1264	1.61661	615	0	-2.09529	0	20	20
0.00965564	0.000924656	1611.69	266.255	0.000547449	398.133	257.361	1.13151	1.61661	615	0	-1.98221	0	20	20
0.00964091	0.000914946	1592	265.099	0.000471194	384.445	251.009	1.1367	1.61661	615	0	-1.87465	0	20	20
0.00962606	0.000905597	1572.98	263.931	0.000405561	371.222	244.811	1.14197	1.61661	615	0	-1.77247	0	20	20
0.00961112	0.000896602	1554.64	262.752	0.00034907	358.454	238.767	1.1473	1.61661	615	0	-1.67545	0	20	20
0.0095961	0.00088795	1536.95	261.562	0.000300448	346.125	232.872	1.1527	1.61661	615	0	-1.58333	0	20	20
0.00958104	0.000879631	1519.89	260.36	0.000258598	334.221	227.122	1.15814	1.61661	615	0	-1.49587	0	20	20
0.00956595	0.000871633	1503.44	259.146	0.000222577	322.725	221.515	1.16363	1.61661	615	0	-1.41283	0	20	20
0.00955088	0.000863946	1487.59	257.921	0.000191574	311.625	216.045	1.16915	1.61661	615	0	-1.334	0	20	20
0.00953583	0.000856561	1472.32	256.685	0.000164889	300.907	210.711	1.17469	1.61661	615	0	-1.25917	0	20	20
0.00952083	0.000849467	1457.6	255.438	0.000141922	290.557	205.509	1.18025	1.61661	615	0	-1.18815	0	20	20
0.00950591	0.000842655	1443.43	254.179	0.000122153	280.564	200.435	1.18582	1.61661	615	0	-1.12074	0	20	20
0.00949109	0.000836115	1429.79	252.909	0.000105138	270.914	195.486	1.19138	1.61661	615	0	-1.05676	0	20	20
0.00947639	0.000829838	1416.66	251.628	9.04933e-05	261.596	190.659	1.19694	1.61661	615	0	-0.996058	0	20	20
0.00946183	0.000823816	1404.02	250.336	7.78883e-05	252.598	185.952	1.20247	1.61661	615	0	-0.938457	0	20	20
0.00944743	0.000818038	1391.87	249.034	6.70391e-05	243.91	181.361	1.20798	1.61661	615	0	-0.883808	0	20	20
0.00943379	0.000812623	1380.47	247.72	5.77011e-05	235.521	176.883	1.21322	1.61661	615	0	-0.832974	0	20	20
0.00942148	0.000807663	1370.06	246.396	4.96638e-05	227.421	172.516	1.21799	1.61661	615	0	-0.7866	0	20	20
0.00941042	0.000803122	1360.57	245.061	4.2746e-05	219.599	168.256	1.22229	1.61661	615	0	-0.744262	0	20	20
0.00940058	0.000798966	1351.91	243.716	3.67919e-05	212.046	164.102	1.22613	1.61661	615	0	-0.705589	0	20	20
0.00939191	0.000795167	1344.04	242.361	3.1667e-05	204.752	160.05	1.22953	1.61661	615	0	-0.670254	0	20	20
0.00938435	0.000791697	1336.9	240.995	2.72561e-05	197.71	156.099	1.2325	1.61661	615	0	-0.637966	0	20	20
0.00937788	0.000788535	1330.43	239.619	2.34595e-05	190.91	152.245	1.23505	1.61661	615	0	-0.608465	0	20	20
0.00937246	0.000785657	1324.59	238.233	2.01918e-05	184.344	148.486	1.2372	1.61661	615	0	-0.581515	0	20	20
0.00936804	0.000783046	1319.35	236.837	1.73792e-05	178.003	144.82	1.23895	1.61661	615	0	-0.556906	0	20	20
0.00936459	0.000780681	1314.66	235.432	1.49585e-05	171.881	141.244	1.24032	1.61661	615	0	-0.534446	0	20	20
0.00936209	0.000778549	1310.48	234.017	1.28749e-05	165.969	137.757	1.24132	1.61661	615	0	-0.51396	0	20	20
0.00936048	0.000776632	1306.8	232.593	1.10815e-05	160.261	134.355	1.24195	1.61661	615	0	-0.495288	0	20	20
0.00935975	0.000774917	1303.57	231.159	9.53793e-06	154.748	131.038	1.24225	1.61661	615	0	-0.478286	0	20	20
0.00935986	0.000773392	1300.78	229.716	8.20938e-06	149.426	127.803	1.2422	1.61661	615	0	-0.462818	0	20	20
0.00936077	0.000772044	1298.39	228.265	7.06588e-06	144.287	124.647	1.24184	1.61661	615	0	-0.448763	0	20	20
0.00936246	0.000770862	1296.38	226.805	6.08166e-06	139.324	121.57	1.24117	1.61661	615	0	-0.436007	0	20	20
0.00936489	0.000769836	1294.73	225.336	5.23453e-06	134.532	118.568	1.2402	1.61661	615	0	-0.424448	0	20	20
0.00936805	0.000768956	1293.42	223.858	4.5054e-06	129.905	115.641	1.23895	1.61661	615	0	-0.41399	0	20	20
0.00937188	0.000768214	1292.44	222.373	3.87783e-06	125.437	112.786	1.23743	1.61661	615	0	-0.404543	0	20	20
0.00937638	0.000767602	1291.75	220.88	3.33768e-06	121.122	110.001	1.23565	1.61661	615	0	-0.396028	0	20	20
0.00938151	0.000767111	1291.36	219.379	2.87277e-06	116.956	107.285	1.23362	1.61661	615	0	-0.388369	0	20	20
0.00938724	0.000766735	1291.24	217.87	2.47262e-06	112.934	104.636	1.23136	1.61661	615	0	-0.381495	0	20	20
0.00939355	0.000766467	1291.37	216.354	2.1282e-06	109.049	102.053	1.22888	1.61661	615	0	-0.375344	0	20	20
0.00940041	0.000766302	1291.75	214.831	1.83176e-06	105.299	99.5329	1.2262	1.61661	615	0	-0.369856	0	20	20
0.0094078	0.000766233	1292.36	213.301	1.57661e-06	101.677	97.0754	1.22331	1.61661	615	0	-0.364975	0	20	20
0.00941569	0.000766255	1293.19	211.764	1.357e-06	98.1799	94.6786	1.22024	1.61661	615	0	-0.36065	0	20	20
0.00942406	0.000766363	1294.23	210.221	1.16798e-06	94.803	92.341	1.21699	1.61661	615	0	-0.356834	0	20	20
0.00943289	0.000766554	1295.46	208.671	1.00529e-06	91.5423	90.0611	1.21357	1.61661	615	0	-0.353484	0	20	20
0.00944215	0.000766823	1296.89	207.116	8.65262e-07	88.3937	87.8375	1.21	1.61661	615	0	-0.350558	0	20	20
0.00945183	0.000767165	1298.5	205.554	7.44738e-07	85.3535	85.6688	1.20629	1.61661	615	0	-0.348018	0	20	20
0.0094619	0.000767578	1300.28	203.987	6.41002e-07	82.4178	83.5536	1.20244	1.61661	615	0	-0.345831	0	20	20
0.00947235	0.000768058	1302.22	202.415	5.51715e-07	79.583	81.4906	1.19847	1.61661	615	0	-0.343963	0	20	20
0.00948314	0.000768603	1304.32	200.838	4.74866e-07	76.8458	79.4786	1.19438	1.61661	615	0	-0.342383	0	20	20
0.00949428	0.000769208	1306.57	199.256	4.08721e-07	74.2027	77.5163	1.19019	1.61661	615	0	-0.341065	0	20	20
0.00950573	0.000769873	1308.97	197.67	3.51789e-07	71.6506	75.6024	1.18589	1.61661	615	0	-0.339982	0	20	20
0.00951747	0.000770594	1311.51	196.079	3.02788e-07	69.1862	73.7358	1.1815	1.61661	615	0	-0.339109	0	20	20
0.0095295	0.00077137	1314.17	194.485	2.60612e-07	66.8065	71.9152	1.17703	1.61661	615	0	-0.338425	0	20	20
0.0095418	0.000772198	1316.97	192.886	2.24311e-07	64.5088	70.1396	1.17249	1.61661	615	0	-0.337908	0	20	20
0.00955434	0.000773077	1319.89	191.284	1.93066e-07	62.29	68.4079	1.16788	1.61661	615	0	-0.337539	0	20	20
0.00956711	0.000774004	1322.93	189.679	1.66173e-07	60.1476	66.7189	1.16321	1.61661	615	0	-0.337301	0	20	20
0.0095801	0.00077498	1326.08	188.071	1.43027e-07	58.0788	65.0716	1.15848	1.61661	615	0	-0.337176	0	20	20
0.0095933	0.000776001	1329.34	186.461	1.23104e-07	56.0812	63.465	1.15371	1.61661	615	0	-0.337149	0	20	20
0.00960668	0.000777068	1332.71	184.848	1.05957e-07	54.1523	61.898	1.1489	1.61661	615	0	-0.337206	0	20	20
0.00962023	0.000778178	1336.19	183.233	9.11979e-08	52.2898	60.3698	1.14405	1.61661	615	0	-0.337334	0	20	20
0.00963393	0.000779331	1339.76	181.616	7.84948e-08	50.4913	58.8792	1.13917	1.61661	615	0	-0.33752	0	20	20
0.00964778	0.000780527	1343.44	179.998	6.75611e-08	48.7547	57.4255	1.13427	1.61661	615	0	-0.337754	0	20	20
0.00966176	0.000781763	1347.2	178.378	5.81504e-08	47.0778	56.0076	1.12936	1.61661	615	0	-0.338024	0	20	20
0.00967585	0.000783041	1351.07	176.758	5.00505e-08	45.4586	54.6248	1.12443	1.61661	615	0	-0.338321	0	20	20
0.00969005	0.000784358	1355.02	175.137	4.30789e-08	43.895	53.2761	1.1195	1.61661	615	0	-0.338637	0	20	20
0.00970433	0.000785715	1359.05	173.515	3.70783e-08	42.3853	51.9607	1.11456	1.61661	615	0	-0.338964	0	20	20
0.00971868	0.000787111	1363.18	171.894	3.19136e-08	40.9275	50.6778	1.10963	1.61661	615	0	-0.339293	0	20	20
0.00973309	0.000788545	1367.38	170.272	2.74683e-08	39.5198	49.4266	1.10471	1.61661	615	0	-0.339619	0	20	20
0.00974755	0.000790018	1371.67	168.651	2.36422e-08	38.1605	48.2062	1.0998	1.61661	615	0	-0.339936	0	20	20
0.00976204	0.000791529	1376.04	167.031	2.0349e-08	36.848	47.016	1.09491	1.61661	615	0	-0.340239	0	20	20
0.00977654	0.000793077	1380.48	165.412	1.75146e-08	35.5806	45.8552	1.09004	1.61661	615	0	-0.340522	0	20	20
0.00979105	0.000794663	1385	163.794	1.50749e-08	34.3568	44.723	1.08521	1.61661	615	0	-0.340782	0	20	20
0.00980555	0.000796286	1389.6	162.178	1.29751e-08	33.1752	43.6188	1.0804	1.61661	615	0	-0.341014	0	20	20
0.00982002	0.000797946	1394.26	160.563	1.11678e-08	32.0341	42.5418	1.07563	1.61661	615	0	-0.341217	0	20	20
0.00983445	0.000799643	1398.99	158.951	9.61219e-09	30.9323	41.4915	1.0709	1.61661	615	0	-0.341388	0	20	20
0.00984883	0.000801377	1403.79	157.342	8.27329e-09	29.8684	40.4671	1.06622	1.61661	615	0	-0.341524	0	20	20
0.00986313	0.000803147	1408.66	155.735	7.12089e-09	28.8411	39.4679	1.06159	1.61661	615	0	-0.341625	0	20	20
0.00987736	0.000804952	1413.59	154.131	6.129e-09	27.8491	38.4935	1.05701	1.61661	615	0	-0.341689	0	20	20
0.00989148	0.000806794	1418.58	152.53	5.27528e-09	26.8913	37.543	1.05248	1.61661	615	0	-0.341715	0	20	20
0.0099055	0.000808671	1423.62	150.933	4.54048e-09	25.9663	36.6161	1.04802	1.61661	615	0	-0.341705	0	20	20
0.00991938	0.000810583	1428.73	149.339	3.90803e-09	25.0732	35.7121	1.04363	1.61661	615	0	-0.341657	0	20	20
0.00993313	0.000812529	1433.88	147.75	3.36367e-09	24.2109	34.8303	1.0393	1.61661	615	0	-0.341574	0	20	20
0.00994671	0.00081451	1439.09	146.165	2.89514e-09	23.3781	33.9704	1.03505	1.61661	615	0	-0.341455	0	20	20
0.00996013	0.000816524	1444.34	144.585	2.49187e-09	22.5741	33.1316	1.03087	1.61661	615	0	-0.341302	0	20	20
0.00997337	0.000818571	1449.64	143.009	2.14477e-09	21.7976	32.3136	1.02677	1.61661	615	0	-0.341116	0	20	20
0.00998641	0.000820649	1454.98	141.439	1.84602e-09	21.0479	31.5158	1.02276	1.61661	615	0	-0.340899	0	20	20
0.00999924	0.000822759	1460.36	139.874	1.58888e-09	20.324	30.7376	1.01882	1.61661	615	0	-0.340654	0	20	20
0.0100118	0.000824899	1465.77	138.315	1.36757e-09	19.6249	29.9787	1.01498	1.61661	615	0	-0.34038	0	20	20
0.0100242	0.000827069	1471.22	136.761	1.17707e-09	18.9499	29.2386	1.01122	1.61661	615	0	-0.340082	0	20	20
0.0100364	0.000829266	1476.69	135.213	1.01312e-09	18.2982	28.5167	1.00756	1.61661	615	0	-0.339759	0	20	20
0.0100483	0.00083149	1482.19	133.672	8.71998e-10	17.6688	27.8126	1.00399	1.61661	615	0	-0.339414	0	20	20
0.0100599	0.00083374	1487.71	132.138	7.50536e-10	17.0611	27.1259	1.00051	1.61661	615	0	-0.339047	0	20	20
0.0100712	0.000836014	1493.25	130.61	6.45992e-10	16.4743	26.4561	0.997129	1.61661	615	0	-0.338661	0	20	20
0.0100815	0.000838518	1499.07	129.089	5.56011e-10	15.9077	25.8029	0.994087	1.61661	615	0	-0.323231	0	20	20
0.0100916	0.000841334	1505.45	127.575	4.78563e-10	15.3605	25.1659	0.9911	1.61661	615	0	-0.305753	0	20	20
0.0101017	0.00084446	1512.4	126.069	4.11903e-10	14.8322	24.5445	0.988147	1.61661	615	0	-0.288862	0	20	20
0.0101115	0.000847881	1519.88	124.571	3.54528e-10	14.3221	23.9385	0.985267	1.61661	615	0	-0.27251	0	20	20
0.010121	0.000851586	1527.85	123.08	3.05145e-10	13.8295	23.3475	0.982493	1.61661	615	0	-0.256656	0	20	20
0.0101301	0.000855561	1536.27	121.597	2.62641e-10	13.3538	22.771	0.979854	1.61661	615	0	-0.24126	0	20	20
0.0101387	0.000859791	1545.11	120.123	2.26057e-10	12.8945	22.2088	0.977368	1.61661	615	0	-0.226285	0	20	20
0.0101467	0.000864262	1554.32	118.657	1.94569e-10	12.451	21.6605	0.975052	1.61661	615	0	-0.211698	0	20	20
0.0101541	0.000868959	1563.89	117.2	1.67467e-10	12.0228	21.1257	0.972915	1.61661	615	0	-0.197467	0	20	20
0.0101609	0.000873868	1573.78	115.751	1.4414e-10	11.6092	20.6041	0.970963	1.61661	615	0	-0.18356	0	20	20
0.0101671	0.000878974	1583.95	114.311	1.24063e-10	11.2099	20.0953	0.969196	1.61661	615	0	-0.169952	0	20	20
0.0101726	0.000884262	1594.39	112.881	1.06782e-10	10.8244	19.5992	0.967615	1.61661	615	0	-0.156616	0	20	20
0.0101775	0.000889719	1605.06	111.46	9.1908e-11	10.4521	19.1153	0.966216	1.61661	615	0	-0.143531	0	20	20
0.0101818	0.000895331	1615.94	110.048	7.91059e-11	10.0926	18.6433	0.964994	1.61661	615	0	-0.130678	0	20	20
0.0101855	0.000901084	1627.01	108.646	6.80871e-11	9.74546	18.183	0.963942	1.61661	615	0	-0.11804	0	20	20
0.0101887	0.000906967	1638.25	107.253	5.86031e-11	9.41026	17.7341	0.963053	1.61661	615	0	-0.105603	0	20	20
0.0101912	0.000912967	1649.64	105.871	5.04402e-11	9.0866	17.2962	0.96232	1.61661	615	0	-0.093357	0	20	20
0.0101933	0.000919073	1661.16	104.498	4.34142e-11	8.77407	16.8692	0.961735	1.61661	615	0	-0.0812936	0	20	20
0.0101949	0.000925275	1672.8	103.136	3.7367e-11	8.47229	16.4527	0.96129	1.61661	615	0	-0.069407	0	20	20
0.010196	0.000931562	1684.53	101.783	3.21621e-11	8.18089	16.0465	0.960978	1.61661	615	0	-0.0576934	0	20	20
0.0101966	0.000937924	1696.34	100.442	2.76821e-11	7.89951	15.6503	0.960791	1.61661	615	0	-0.0461511	0	20	20
0.0101969	0.000944353	1708.22	99.1105	2.38262e-11	7.62781	15.2639	0.960723	1.61661	615	0	-0.0347798	0	20	20
0.0101967	0.000950932	1720.33	97.7899	2.05074e-11	7.36546	14.887	0.960766	1.61661	615	0	-0.0236034	0	20	20
0.0101962	0.000957773	1732.87	96.48	1.76509e-11	7.11213	14.5194	0.960922	1.61661	615	0	-0.0126421	0	20	20
0.0101952	0.000964895	1745.89	95.1809	1.51923e-11	6.86751	14.1609	0.961191	1.61661	615	0	-0.00188975	0	20	20
0.0101939	0.000972296	1759.36	93.8927	1.30761e-11	6.6313	13.8113	0.961574	1.61661	615	0	0.00866428	0	20	20
0.0101921	0.000979972	1773.3	92.6156	1.12547e-11	6.40322	13.4703	0.962073	1.61661	615	0	0.0190291	0	20	20
0.0101899	0.000987921	1787.69	91.3495	9.68703e-12	6.18298	13.1377	0.962689	1.61661	615	0	0.0292121	0	20	20
0.0101874	0.000996139	1802.52	90.0945	8.3377e-12	5.97032	12.8134	0.963421	1.61661	615	0	0.0392192	0	20	20
0.0101844	0.00100462	1817.79	88.8508	7.17633e-12	5.76498	12.497	0.964271	1.61661	615	0	0.049055	0	20	20
0.0101809	0.00101337	1833.49	87.6184	6.17672e-12	5.56669	12.1884	0.96524	1.61661	615	0	0.0587226	0	20	20
0.0101771	0.00102238	1849.61	86.3973	5.31635e-12	5.37523	11.8875	0.966327	1.61661	615	0	0.068224	0	20	20
0.0101729	0.00103164	1866.14	85.1876	4.57583e-12	5.19035	11.594	0.967534	1.61661	615	0	0.0775603	0	20	20
0.0101683	0.00104115	1883.08	83.9894	3.93845e-12	5.01183	11.3077	0.96886	1.61661	615	0	0.0867312	0	20	20
0.0101632	0.00105092	1900.42	82.8027	3.38986e-12	4.83945	11.0286	0.970307	1.61661	615	0	0.095736	0	20	20
0.0101577	0.00106093	1918.15	81.6275	2.91768e-12	4.673	10.7563	0.971875	1.61661	615	0	0.104573	0	20	20
0.0101518	0.00107117	1936.25	80.4639	2.51127e-12	4.51227	10.4907	0.973565	1.61661	615	0	0.11324	0	20	20
0.0101456	0.00108165	1954.73	79.312	2.16147e-12	4.35708	10.2317	0.975378	1.61661	615	0	0.121733	0	20	20
0.0101388	0.00109237	1973.55	78.1716	1.86039e-12	4.20722	9.97905	0.977314	1.61661	615	0	0.13005	0	20	20
0.0101317	0.0011033	1992.73	77.0429	1.60125e-12	4.06251	9.73267	0.979375	1.61661	615	0	0.138186	0	20	20
0.0101242	0.00111446	2012.23	75.9259	1.37821e-12	3.92278	9.49237	0.981562	1.61661	615	0	0.146138	0	20	20
0.0101163	0.00112582	2032.05	74.8206	1.18624e-12	3.78786	9.258	0.983875	1.61661	615	0	0.153902	0	20	20
0.0101079	0.0011374	2052.18	73.727	1.02101e-12	3.65758	9.02942	0.986318	1.61661	615	0	0.161472	0	20	20
0.0100991	0.00114917	2072.59	72.645	8.78787e-13	3.53178	8.80648	0.988889	1.61661	615	0	0.168845	0	20	20
0.01009	0.00116113	2093.28	71.5748	7.56379e-13	3.4103	8.58905	0.991592	1.61661	615	0	0.176016	0	20	20
0.0100804	0.00117328	2114.22	70.5163	6.51022e-13	3.29301	8.37699	0.994427	1.61661	615	0	0.182982	0	20	20
0.0100703	0.00118561	2135.4	69.4695	5.60339e-13	3.17975	8.17016	0.997396	1.61661	615	0	0.189737	0	20	20
0.0100599	0.0011981	2156.8	68.4343	4.82289e-13	3.07038	7.96844	1.0005	1.61661	615	0	0.19628	0	20	20
0.0100491	0.00121075	2178.39	67.4108	4.1511e-13	2.96477	7.77169	1.00374	1.61661	615	0	0.202605	0	20	20
0.0100378	0.00122355	2200.17	66.399	3.57288e-13	2.8628	7.57981	1.00712	1.61661	615	0	0.208711	0	20	20
0.0100262	0.00123648	2222.1	65.3988	3.07521e-13	2.76434	7.39266	1.01064	1.61661	615	0	0.214595	0	20	20
0.0100141	0.00124955	2244.17	64.4101	2.64686e-13	2.66926	7.21014	1.0143	1.61661	615	0	0.220256	0	20	20
0.0100016	0.00126273	2266.35	63.4331	2.27817e-13	2.57745	7.03212	1.0181	1.61661	615	0	0.225692	0	20	20
0.00998874	0.00127601	2288.62	62.4676	1.96084e-13	2.4888	6.8585	1.02204	1.61661	615	0	0.230903	0	20	20
0.00997547	0.00128939	2310.95	61.5135	1.68771e-13	2.4032	6.68916	1.02613	1.61661	615	0	0.23589	0	20	20
0.0099618	0.00130285	2333.32	60.571	1.45263e-13	2.32054	6.524	1.03035	1.61661	615	0	0.240653	0	20	20
0.00994776	0.00131637	2355.7	59.6398	1.25029e-13	2.24073	6.36292	1.03472	1.61661	615	0	0.245195	0	20	20
0.00993335	0.00132995	2378.07	58.72	1.07613e-13	2.16366	6.20582	1.03923	1.61661	615	0	0.249518	0	20	20
0.00991857	0.00134356	2400.39	57.8115	9.26235e-14	2.08924	6.0526	1.04389	1.61661	615	0	0.253625	0	20	20
0.00990344	0.0013572	2422.64	56.9143	7.97218e-14	2.01738	5.90316	1.04868	1.61661	615	0	0.257521	0	20	20
0.00988797	0.00137085	2444.8	56.0284	6.86172e-14	1.948	5.75741	1.05361	1.61661	615	0	0.26121	0	20	20
0.00987218	0.00138449	2466.83	55.1535	5.90593e-14	1.881	5.61526	1.05867	1.61661	615	0	0.264699	0	20	20
0.00985608	0.00139811	2488.71	54.2898	5.08329e-14	1.8163	5.47662	1.06387	1.61661	615	0	0.267993	0	20	20
0.0098397	0.00141169	2510.4	53.4371	4.37522e-14	1.75383	5.3414	1.06919	1.61661	615	0	0.271099	0	20	20
0.00982304	0.00142522	2531.89	52.5954	3.76579e-14	1.69351	5.20952	1.07464	1.61661	615	0	0.274023	0	20	20
0.00980613	0.00143867	2553.14	51.7646	3.24125e-14	1.63526	5.0809	1.08021	1.61661	615	0	0.276774	0	20	20
0.009789	0.00145205	2574.13	50.9447	2.78977e-14	1.57901	4.95545	1.08589	1.61661	615	0	0.279359	0	20	20
0.00977166	0.00146531	2594.83	50.1355	2.40117e-14	1.52471	4.8331	1.09168	1.61661	615	0	0.281786	0	20	20
0.00975414	0.00147846	2615.21	49.3371	2.06671e-14	1.47226	4.71377	1.09757	1.61661	615	0	0.284062	0	20	20
0.00973646	0.00149148	2635.25	48.5492	1.77883e-14	1.42163	4.59739	1.10356	1.61661	615	0	0.286196	0	20	20
0.00971865	0.00150434	2654.93	47.7719	1.53106e-14	1.37273	4.48388	1.10964	1.61661	615	0	0.288195	0	20	20
0.00970073	0.00151704	2674.21	47.0051	1.31779e-14	1.32552	4.37317	1.1158	1.61661	615	0	0.290067	0	20	20
0.00968273	0.00152955	2693.08	46.2487	1.13423e-14	1.27992	4.2652	1.12203	1.61661	615	0	0.29182	0	20	20
0.00966468	0.00154187	2711.52	45.5026	9.76244e-15	1.2359	4.15989	1.12834	1.61661	615	0	0.29346	0	20	20
0.00964659	0.00155397	2729.51	44.7668	8.40261e-15	1.19339	4.05718	1.13469	1.61661	615	0	0.294994	0	20	20
0.00962851	0.00156586	2747.03	44.0411	7.2322e-15	1.15235	3.95701	1.1411	1.61661	615	0	0.296429	0	20	20
0.00961044	0.0015775	2764.05	43.3255	6.22481e-15	1.11271	3.85931	1.14755	1.61661	615	0	0.297771	0	20	20
0.00959242	0.00158889	2780.57	42.6198	5.35774e-15	1.07444	3.76402	1.15402	1.61661	615	0	0.299026	0	20	20
0.00957448	0.00160002	2796.56	41.9241	4.61145e-15	1.03749	3.67109	1.16053	1.61661	615	0	0.300198	0	20	20
0.00955663	0.00161087	2812.03	41.2382	3.96911e-15	1.0018	3.58045	1.16704	1.61661	615	0	0.301294	0	20	20
0.00953889	0.00162143	2826.94	40.562	3.41625e-15	0.967346	3.49205	1.17356	1.61661	615	0	0.302318	0	20	20
0.0095213	0.0016317	2841.3	39.8954	2.94039e-15	0.934075	3.40583	1.18008	1.61661	615	0	0.303274	0	20	20
0.00950388	0.00164167	2855.09	39.2384	2.53082e-15	0.901948	3.32174	1.18658	1.61661	615	0	0.304166	0	20	20
0.00948663	0.00165133	2868.3	38.5908	2.1783e-15	0.870925	3.23972	1.19307	1.61661	615	0	0.304998	0	20	20
0.00946959	0.00166066	2880.93	37.9526	1.87488e-15	0.84097	3.15974	1.19952	1.61661	615	0	0.305773	0	20	20
0.00945276	0.00166967	2892.98	37.3237	1.61372e-15	0.812046	3.08172	1.20594	1.61661	615	0	0.306494	0	20	20
0.00943617	0.00167835	2904.44	36.704	1.38894e-15	0.784116	3.00563	1.21231	1.61661	615	0	0.307165	0	20	20
0.00941984	0.00168669	2915.31	36.0933	1.19547e-15	0.757146	2.93142	1.21862	1.61661	615	0	0.307787	0	20	20
0.00940377	0.00169469	2925.59	35.4916	1.02895e-15	0.731104	2.85905	1.22488	1.61661	615	0	0.308364	0	20	20
0.00938798	0.00170235	2935.28	34.8989	8.85629e-16	0.705958	2.78846	1.23107	1.61661	615	0	0.308898	0	20	20
0.00937249	0.00170966	2944.38	34.3149	7.62268e-16	0.681677	2.71961	1.23719	1.61661	615	0	0.30939	0	20	20
0.0093573	0.00171663	2952.9	33.7397	6.5609e-16	0.658231	2.65246	1.24322	1.61661	615	0	0.309842	0	20	20
0.00934242	0.00172325	2960.84	33.173	5.64702e-16	0.635592	2.58697	1.24917	1.61661	615	0	0.310257	0	20	20
0.00932786	0.00172953	2968.2	32.6149	4.86043e-16	0.613731	2.5231	1.25503	1.61661	615	0	0.310635	0	20	20
0.00931362	0.00173546	2975	32.0653	4.18342e-16	0.592622	2.4608	1.26079	1.61661	615	0	0.310979	0	20	20
0.00929973	0.00174105	2981.23	31.5239	3.6007e-16	0.572239	2.40005	1.26645	1.61661	615	0	0.31129	0	20	20
0.00928617	0.0017463	2986.91	30.9908	3.09915e-16	0.552557	2.34079	1.27201	1.61661	615	0	0.311569	0	20	20
0.00927295	0.00175121	2992.06	30.4658	2.66746e-16	0.533552	2.28299	1.27746	1.61661	615	0	0.311817	0	20	20
0.00926007	0.00175579	2996.67	29.9489	2.29591e-16	0.515201	2.22663	1.28279	1.61661	615	0	0.312036	0	20	20
0.00924755	0.00176004	3000.76	29.4399	1.97611e-16	0.497481	2.17165	1.28801	1.61661	615	0	0.312227	0	20	20
0.00923536	0.00176396	3004.34	28.9388	1.70085e-16	0.48037	2.11803	1.29312	1.61661	615	0	0.312391	0	20	20
0.00922353	0.00176757	3007.43	28.4455	1.46393e-16	0.463848	2.06574	1.2981	1.61661	615	0	0.312529	0	20	20
0.00921204	0.00177087	3010.03	27.9598	1.26002e-16	0.447894	2.01474	1.30296	1.61661	615	0	0.312642	0	20	20
0.0092009	0.00177386	3012.16	27.4817	1.08451e-16	0.432489	1.96499	1.3077	1.61661	615	0	0.312731	0	20	20
0.00919009	0.00177656	3013.83	27.0111	9.33446e-17	0.417614	1.91648	1.31232	1.61661	615	0	0.312797	0	20	20
0.00917962	0.00177896	3015.06	26.5478	8.03424e-17	0.40325	1.86916	1.31682	1.61661	615	0	0.312841	0	20	20
0.00916949	0.00178107	3015.86	26.0919	6.91514e-17	0.38938	1.82301	1.32119	1.61661	615	0	0.312863	0	20	20
0.00915969	0.00178292	3016.25	25.6432	5.95191e-17	0.375988	1.778	1.32543	1.61661	615	0	0.312866	0	20	20
0.00915021	0.00178449	3016.23	25.2015	5.12286e-17	0.363056	1.7341	1.32956	1.61661	615	0	0.312848	0	20	20
0.00914104	0.0017858	3015.83	24.7669	4.40929e-17	0.350569	1.69128	1.33356	1.61661	615	0	0.312812	0	20	20
0.0091322	0.00178686	3015.06	24.3392	3.79511e-17	0.338511	1.64953	1.33744	1.61661	615	0	0.312758	0	20	20
0.00912365	0.00178767	3013.92	23.9184	3.26648e-17	0.326868	1.6088	1.3412	1.61661	615	0	0.312687	0	20	20
0.00911541	0.00178825	3012.44	23.5043	2.81149e-17	0.315625	1.56908	1.34484	1.61661	615	0	0.312599	0	20	20
0.00910746	0.0017886	3010.64	23.0968	2.41987e-17	0.30477	1.53034	1.34837	1.61661	615	0	0.312496	0	20	20
0.0090998	0.00178873	3008.51	22.6959	2.0828e-17	0.294287	1.49255	1.35178	1.61661	615	0	0.312378	0	20	20
0.00909242	0.00178865	3006.09	22.3015	1.79268e-17	0.284165	1.4557	1.35507	1.61661	615	0	0.312245	0	20	20
0.00908531	0.00178837	3003.37	21.9135	1.54298e-17	0.274392	1.41976	1.35825	1.61661	615	0	0.312099	0	20	20
0.00907846	0.00178789	3000.39	21.5318	1.32805e-17	0.264954	1.38471	1.36133	1.61661	615	0	0.311941	0	20	20
0.00907187	0.00178722	2997.14	21.1563	1.14306e-17	0.255841	1.35052	1.3643	1.61661	615	0	0.311769	0	20	20
0.00906553	0.00178638	2993.64	20.7869	9.83845e-18	0.247042	1.31717	1.36716	1.61661	615	0	0.311587	0	20	20
0.00905944	0.00178536	2989.9	20.4236	8.46803e-18	0.238545	1.28465	1.36992	1.61661	615	0	0.311393	0	20	20
0.00905357	0.00178418	2985.94	20.0662	7.2885e-18	0.23034	1.25293	1.37259	1.61661	615	0	0.311189	0	20	20
0.00904794	0.00178285	2981.77	19.7147	6.27327e-18	0.222418	1.222	1.37515	1.61661	615	0	0.310975	0	20	20
0.00904252	0.00178136	2977.39	19.369	5.39946e-18	0.214768	1.19183	1.37763	1.61661	615	0	0.310752	0	20	20
0.00903732	0.00177974	2972.83	19.029	4.64735e-18	0.207381	1.1624	1.38001	1.61661	615	0	0.31052	0	20	20
0.00903232	0.00177798	2968.09	18.6947	4.00001e-18	0.200248	1.1337	1.3823	1.61661	615	0	0.310279	0	20	20
0.00902752	0.00177609	2963.18	18.3658	3.44284e-18	0.193361	1.10571	1.3845	1.61661	615	0	0.310031	0	20	20
0.00902292	0.00177409	2958.11	18.0425	2.96328e-18	0.18671	1.07841	1.38663	1.61661	615	0	0.309776	0	20	20
0.0090185	0.00177196	2952.9	17.7245	2.55052e-18	0.180288	1.05178	1.38867	1.61661	615	0	0.309514	0	20	20
0.00901425	0.00176973	2947.55	17.4118	2.19525e-18	0.174087	1.02582	1.39063	1.61661	615	0	0.309245	0	20	20
0.00901018	0.0017674	2942.06	17.1044	1.88947e-18	0.1681	1.00049	1.39252	1.61661	615	0	0.308971	0	20	20
0.00900627	0.00176497	2936.46	16.8021	1.62628e-18	0.162318	0.975786	1.39433	1.61661	615	0	0.308691	0	20	20
0.00900252	0.00176245	2930.75	16.5049	1.39976e-18	0.156735	0.951694	1.39607	1.61661	615	0	0.308406	0	20	20
0.00899893	0.00175985	2924.93	16.2127	1.20478e-18	0.151344	0.928196	1.39775	1.61661	615	0	0.308116	0	20	20
0.00899548	0.00175717	2919.01	15.9254	1.03696e-18	0.146139	0.905279	1.39935	1.61661	615	0	0.307822	0	20	20
0.00899217	0.00175441	2913.01	15.6429	8.92524e-19	0.141112	0.882928	1.4009	1.61661	615	0	0.307524	0	20	20
0.008989	0.00175158	2906.93	15.3653	7.68203e-19	0.136259	0.861128	1.40238	1.61661	615	0	0.307222	0	20	20
0.00898596	0.00174869	2900.77	15.0923	6.61198e-19	0.131572	0.839867	1.40381	1.61661	615	0	0.306917	0	20	20
0.00898304	0.00174573	2894.54	14.824	5.69098e-19	0.127047	0.819131	1.40517	1.61661	615	0	0.306608	0	20	20
0.00898024	0.00174272	2888.25	14.5602	4.89828e-19	0.122677	0.798906	1.40649	1.61661	615	0	0.306297	0	20	20
0.00897756	0.00173966	2881.91	14.3009	4.21598e-19	0.118458	0.779181	1.40775	1.61661	615	0	0.305984	0	20	20
0.00897499	0.00173655	2875.52	14.0461	3.62873e-19	0.114383	0.759943	1.40896	1.61661	615	0	0.305668	0	20	20
0.00897253	0.00173339	2869.08	13.7956	3.12328e-19	0.110449	0.74118	1.41012	1.61661	615	0	0.30535	0	20	20
0.00897017	0.00173019	2862.61	13.5493	2.68823e-19	0.10665	0.72288	1.41123	1.61661	615	0	0.305031	0	20	20
0.00896791	0.00172696	2856.1	13.3073	2.31378e-19	0.102982	0.705032	1.4123	1.61661	615	0	0.30471	0	20	20
0.00896574	0.00172369	2849.56	13.0695	1.99149e-19	0.0994402	0.687625	1.41332	1.61661	615	0	0.304388	0	20	20
0.00896366	0.00172039	2843	12.8357	1.71409e-19	0.09602	0.670647	1.41431	1.61661	615	0	0.304065	0	20	20
0.00896167	0.00171706	2836.41	12.606	1.47533e-19	0.0927174	0.654089	1.41525	1.61661	615	0	0.303741	0	20	20
0.00895976	0.00171371	2829.81	12.3802	1.26983e-19	0.0895284	0.637939	1.41616	1.61661	615	0	0.303416	0	20	20
0.00895792	0.00171034	2823.2	12.1583	1.09295e-19	0.0864492	0.622189	1.41703	1.61661	615	0	0.303091	0	20	20
