0.00936804	
0.00744301	
0.00588717	
0.00510358	
0.00463393	
0.00431766	
0.0040881	
0.00391611	
0.00379601	
0.00373443	
0.00376461	
0.0038979	
0.00411094	
0.00439	
0.00473125	
0.00513774	
0.005617	
0.00617938	
0.00683708	
0.00760309	
0.00848988	
0.0095075	
0.0106613	
0.0119508	
0.0133726	
0.0149488	
0.0168321	
0.0193976	
0.0233938	
0.0297829	
0.0471429	
0.0575323	
0.0560298	
0.0524513	
0.0490969	
0.0462374	
0.0438792	
0.04197	
0.0404428	
0.0392322	
0.0382802	
0.0375379	
0.0369649	
0.036528	
0.0362006	
0.035961	
0.0357918	
0.0356788	
0.0356106	
0.0355799	
0.0356068	
0.0356915	
0.0358239	
0.0359951	
0.0361971	
0.036423	
0.0366668	
0.0369231	
0.0371873	
0.0374553	
0.0377239	
0.0379902	
0.0382517	
0.0385066	
0.0387534	
0.0389909	
0.0392182	
0.0394347	
0.0396402	
0.0398344	
0.0400174	
0.0401892	
0.0403501	
