0.00866572	0.000693067	1111.6	256.922	76.5	0	0	1.56526	1.61661	615	0	0.149389	0	20	20
0.00874072	0.000705015	1139.29	256.922	76.4694	18.4947	6.23265	1.52531	1.61661	615	0	-0.0955522	0	20	20
0.00885683	0.000729763	1192.87	256.922	76.4339	54.209	18.3892	1.4661	1.61661	615	0	-0.541029	0	20	20
0.00893866	0.000754687	1243.45	256.922	76.3927	88.6836	30.2418	1.42621	1.61661	615	0	-0.927542	0	20	20
0.0089958	0.000779736	1291.8	256.922	76.3448	121.951	41.7944	1.3992	1.61661	615	0	-1.26689	0	20	20
0.00903409	0.000804526	1337.75	256.922	76.2893	154.043	53.0512	1.38149	1.61661	615	0	-1.56591	0	20	20
0.00905836	0.000828784	1381.28	256.922	76.2249	184.99	64.0162	1.37041	1.61661	615	0	-1.83012	0	20	20
0.00907233	0.00085235	1422.47	256.922	76.1502	214.822	74.6935	1.36409	1.61661	615	0	-2.06459	0	20	20
0.0090788	0.000875155	1461.49	256.922	76.0636	243.57	85.0874	1.36118	1.61661	615	0	-2.27383	0	20	20
0.00907979	0.000897192	1498.52	256.922	75.9633	271.262	95.2021	1.36073	1.61661	615	0	-2.46171	0	20	20
0.0090768	0.000918484	1533.77	256.922	75.847	297.929	105.042	1.36208	1.61661	615	0	-2.63144	0	20	20
0.00907087	0.00093907	1567.42	256.922	75.7124	323.597	114.612	1.36475	1.61661	615	0	-2.78568	0	20	20
0.00906279	0.00095899	1599.62	256.922	75.5566	348.296	123.916	1.3684	1.61661	615	0	-2.92658	0	20	20
0.00905311	0.000978284	1630.51	256.922	75.3764	372.054	132.959	1.3728	1.61661	615	0	-3.05588	0	20	20
0.00904225	0.00099698	1660.18	256.922	75.1681	394.9	141.747	1.37775	1.61661	615	0	-3.17501	0	20	20
0.00903052	0.0010151	1688.72	256.922	74.9275	416.862	150.285	1.38313	1.61661	615	0	-3.28514	0	20	20
0.00901815	0.00103267	1716.18	256.922	74.6499	437.969	158.578	1.38883	1.61661	615	0	-3.38724	0	20	20
0.00900533	0.0010497	1742.62	256.922	74.33	458.25	166.633	1.39477	1.61661	615	0	-3.48213	0	20	20
0.00899219	0.0010662	1768.06	256.922	73.9617	477.733	174.455	1.40089	1.61661	615	0	-3.57052	0	20	20
0.00897885	0.00108219	1792.55	256.922	73.5383	496.449	182.05	1.40714	1.61661	615	0	-3.65301	0	20	20
0.0089654	0.00109766	1816.1	256.922	73.0526	514.425	189.426	1.41349	1.61661	615	0	-3.73014	0	20	20
0.00895189	0.00111262	1838.73	256.922	72.4961	531.694	196.589	1.41989	1.61661	615	0	-3.80236	0	20	20
0.00893839	0.0011271	1860.48	256.922	71.8602	548.282	203.547	1.42634	1.61661	615	0	-3.8701	0	20	20
0.00892493	0.00114108	1881.35	256.922	71.1353	564.221	210.306	1.4328	1.61661	615	0	-3.93374	0	20	20
0.00891156	0.00115459	1901.37	256.922	70.3111	579.538	216.872	1.43926	1.61661	615	0	-3.9936	0	20	20
0.00889829	0.00116763	1920.56	256.922	69.3773	594.26	223.254	1.44571	1.61661	615	0	-4.04999	0	20	20
0.00888515	0.00118021	1938.92	256.922	68.323	608.414	229.457	1.45213	1.61661	615	0	-4.10316	0	20	20
0.00887216	0.00119234	1956.47	256.922	67.1377	622.021	235.487	1.45852	1.61661	615	0	-4.15336	0	20	20
0.00885933	0.00120401	1973.22	256.922	65.8111	635.102	241.348	1.46486	1.61661	615	0	-4.20079	0	20	20
0.00884669	0.00121523	1989.17	256.922	64.3342	647.671	247.044	1.47115	1.61661	615	0	-4.24561	0	20	20
0.00883425	0.00122601	2004.33	256.922	62.6995	659.737	252.575	1.47738	1.61661	615	0	-4.28796	0	20	20
0.00882203	0.00123632	2018.68	256.922	60.9015	671.303	257.94	1.48352	1.61661	615	0	-4.32796	0	20	20
0.00881008	0.00124617	2032.21	256.922	58.9379	682.363	263.137	1.48957	1.61661	615	0	-4.36567	0	20	20
0.00879842	0.00125552	2044.9	256.922	56.8097	692.903	268.158	1.4955	1.61661	615	0	-4.40113	0	20	20
0.00878709	0.00126436	2056.73	256.922	54.5225	702.901	272.994	1.50129	1.61661	615	0	-4.43435	0	20	20
0.00877616	0.00127266	2067.64	256.922	52.086	712.324	277.633	1.50691	1.61661	615	0	-4.46531	0	20	20
0.00876569	0.00128037	2077.62	256.922	49.5151	721.132	282.058	1.51231	1.61661	615	0	-4.49395	0	20	20
0.00875573	0.00128746	2086.6	256.922	46.8297	729.278	286.253	1.51748	1.61661	615	0	-4.5202	0	20	20
0.00874636	0.00129388	2094.53	256.922	44.0538	736.711	290.198	1.52236	1.61661	615	0	-4.54397	0	20	20
0.00873766	0.00129959	2101.38	256.922	41.2153	743.376	293.872	1.52691	1.61661	615	0	-4.56516	0	20	20
0.0087297	0.00130455	2107.1	256.922	38.3448	749.221	297.255	1.5311	1.61661	615	0	-4.58368	0	20	20
0.00872253	0.00130871	2111.65	256.922	35.4743	754.198	300.329	1.53487	1.61661	615	0	-4.59944	0	20	20
0.00871623	0.00131206	2115.01	256.922	32.6358	758.266	303.077	1.5382	1.61661	615	0	-4.61236	0	20	20
0.00871083	0.00131456	2117.17	256.922	29.8599	761.395	305.486	1.54106	1.61661	615	0	-4.62238	0	20	20
0.00870638	0.00131621	2118.12	256.922	27.1745	763.567	307.549	1.54343	1.61661	615	0	-4.62948	0	20	20
0.00870289	0.00131701	2117.89	256.922	24.6037	764.777	309.26	1.54529	1.61661	615	0	-4.63366	0	20	20
0.00869997	0.00131702	2116.49	256.922	22.1672	765.034	310.62	1.54684	1.61661	615	0	-4.63263	0	20	20
0.00869729	0.00131631	2113.99	256.922	19.8799	764.36	311.635	1.54828	1.61661	615	0	-4.6245	0	20	20
0.00869483	0.00131491	2110.43	256.922	17.7517	762.788	312.312	1.54959	1.61661	615	0	-4.60961	0	20	20
0.00869259	0.00131287	2105.88	256.922	15.7881	760.361	312.665	1.55079	1.61661	615	0	-4.58837	0	20	20
0.00869055	0.00131022	2100.41	256.922	13.9901	757.13	312.709	1.55188	1.61661	615	0	-4.56119	0	20	20
0.0086887	0.00130701	2094.09	256.922	12.3554	753.148	312.459	1.55287	1.61661	615	0	-4.52856	0	20	20
0.00868702	0.00130328	2086.99	256.922	10.8785	748.475	311.935	1.55377	1.61661	615	0	-4.49095	0	20	20
0.0086855	0.00129907	2079.18	256.922	9.55195	743.17	311.156	1.55459	1.61661	615	0	-4.44884	0	20	20
0.00868413	0.00129444	2070.73	256.922	8.36659	737.289	310.139	1.55533	1.61661	615	0	-4.40269	0	20	20
0.00868288	0.00128941	2061.7	256.922	7.31231	730.891	308.903	1.556	1.61661	615	0	-4.35297	0	20	20
0.00868174	0.00128403	2052.15	256.922	6.37848	724.028	307.466	1.55661	1.61661	615	0	-4.30008	0	20	20
0.00868071	0.00127834	2042.14	256.922	5.55436	716.75	305.844	1.55716	1.61661	615	0	-4.24441	0	20	20
0.00867976	0.00127237	2031.71	256.922	4.8294	709.104	304.053	1.55767	1.61661	615	0	-4.18633	0	20	20
0.00867889	0.00126614	2020.92	256.922	4.19349	701.131	302.106	1.55814	1.61661	615	0	-4.12615	0	20	20
0.00867809	0.00125969	2009.79	256.922	3.63707	692.869	300.016	1.55857	1.61661	615	0	-4.06418	0	20	20
0.00867735	0.00125304	1998.38	256.922	3.15127	684.353	297.796	1.55897	1.61661	615	0	-4.00066	0	20	20
0.00867666	0.00124621	1986.71	256.922	2.72794	675.613	295.455	1.55934	1.61661	615	0	-3.93584	0	20	20
0.00867602	0.00123923	1974.8	256.922	2.35965	666.676	293.004	1.55969	1.61661	615	0	-3.86992	0	20	20
0.00867542	0.0012321	1962.7	256.921	2.03971	657.566	290.45	1.56002	1.61661	615	0	-3.80308	0	20	20
0.00867485	0.00122484	1950.41	256.921	1.76213	648.305	287.802	1.56032	1.61661	615	0	-3.73549	0	20	20
0.00867431	0.00121747	1937.96	256.921	1.52155	638.911	285.067	1.56061	1.61661	615	0	-3.66729	0	20	20
0.0086738	0.00121	1925.38	256.921	1.31324	629.402	282.251	1.56089	1.61661	615	0	-3.59861	0	20	20
0.00867332	0.00120243	1912.66	256.921	1.13301	619.792	279.359	1.56115	1.61661	615	0	-3.52956	0	20	20
0.00867287	0.00119479	1899.84	256.92	0.977206	610.095	276.397	1.56139	1.61661	615	0	-3.46026	0	20	20
0.00867244	0.00118708	1886.92	256.92	0.842585	600.323	273.37	1.56162	1.61661	615	0	-3.39078	0	20	20
0.00867204	0.0011793	1873.91	256.92	0.726331	590.486	270.283	1.56184	1.61661	615	0	-3.32121	0	20	20
0.00867166	0.00117146	1860.84	256.919	0.625985	580.595	267.138	1.56205	1.61661	615	0	-3.25163	0	20	20
0.0086713	0.00116358	1847.7	256.919	0.539403	570.659	263.94	1.56224	1.61661	615	0	-3.18212	0	20	20
0.00867098	0.00115565	1834.52	256.918	0.464724	560.685	260.693	1.56241	1.61661	615	0	-3.11272	0	20	20
0.00867068	0.00114769	1821.29	256.917	0.400329	550.681	257.4	1.56257	1.61661	615	0	-3.04351	0	20	20
0.00867041	0.0011397	1808.03	256.916	0.344818	540.656	254.064	1.56272	1.61661	615	0	-2.97453	0	20	20
0.00867018	0.00113168	1794.75	256.915	0.296973	530.615	250.689	1.56285	1.61661	615	0	-2.90585	0	20	20
0.00866998	0.00112364	1781.46	256.914	0.255745	520.565	247.277	1.56295	1.61661	615	0	-2.8375	0	20	20
0.00866982	0.00111559	1768.17	256.913	0.220224	510.512	243.831	1.56304	1.61661	615	0	-2.76954	0	20	20
0.0086697	0.00110752	1754.88	256.911	0.189625	500.462	240.354	1.5631	1.61661	615	0	-2.70201	0	20	20
0.00866963	0.00109946	1741.61	256.91	0.163268	490.422	236.849	1.56314	1.61661	615	0	-2.63495	0	20	20
0.00866961	0.00109139	1728.36	256.908	0.140567	480.396	233.319	1.56315	1.61661	615	0	-2.56841	0	20	20
0.00866963	0.00108334	1715.14	256.905	0.121018	470.391	229.766	1.56314	1.61661	615	0	-2.50242	0	20	20
0.00866972	0.00107529	1701.96	256.902	0.104184	460.412	226.193	1.56309	1.61661	615	0	-2.43703	0	20	20
0.00866987	0.00106726	1688.83	256.899	0.0896893	450.464	222.602	1.56301	1.61661	615	0	-2.37226	0	20	20
0.00867008	0.00105924	1675.76	256.895	0.0772089	440.553	218.997	1.5629	1.61661	615	0	-2.30815	0	20	20
0.00867036	0.00105126	1662.75	256.891	0.0664636	430.683	215.379	1.56275	1.61661	615	0	-2.24474	0	20	20
0.00867072	0.0010433	1649.81	256.886	0.0572127	420.861	211.752	1.56255	1.61661	615	0	-2.18206	0	20	20
0.00867116	0.00103539	1636.96	256.88	0.0492485	411.091	208.117	1.56232	1.61661	615	0	-2.12014	0	20	20
0.00867168	0.00102751	1624.2	256.873	0.0423924	401.379	204.479	1.56203	1.61661	615	0	-2.05901	0	20	20
0.00867229	0.00101968	1611.53	256.865	0.0364903	391.73	200.838	1.5617	1.61661	615	0	-1.99871	0	20	20
0.008673	0.00101189	1598.98	256.856	0.0314096	382.149	197.197	1.56132	1.61661	615	0	-1.93925	0	20	20
0.00867381	0.00100417	1586.54	256.845	0.027036	372.641	193.56	1.56088	1.61661	615	0	-1.88067	0	20	20
0.00867472	0.000996503	1574.22	256.833	0.0232712	363.211	189.928	1.56039	1.61661	615	0	-1.82299	0	20	20
0.00867574	0.000988903	1562.04	256.818	0.0200306	353.865	186.305	1.55984	1.61661	615	0	-1.76624	0	20	20
0.00867688	0.000981373	1549.99	256.802	0.0172411	344.607	182.692	1.55923	1.61661	615	0	-1.71044	0	20	20
0.00867814	0.000973919	1538.1	256.782	0.01484	335.443	179.092	1.55855	1.61661	615	0	-1.65561	0	20	20
0.00867953	0.000966545	1526.36	256.759	0.0127733	326.377	175.507	1.5578	1.61661	615	0	-1.60177	0	20	20
0.00868104	0.000959257	1514.78	256.733	0.0109943	317.415	171.94	1.55699	1.61661	615	0	-1.54895	0	20	20
0.00868269	0.000952058	1503.38	256.702	0.00946308	308.561	168.394	1.5561	1.61661	615	0	-1.49715	0	20	20
0.00868447	0.000944954	1492.16	256.667	0.00814509	299.821	164.871	1.55514	1.61661	615	0	-1.4464	0	20	20
0.0086864	0.000937949	1481.12	256.625	0.00701065	291.199	161.373	1.55411	1.61661	615	0	-1.3967	0	20	20
0.00868846	0.000931047	1470.27	256.577	0.0060342	282.699	157.902	1.553	1.61661	615	0	-1.34808	0	20	20
0.00869068	0.000924254	1459.63	256.522	0.00519374	274.328	154.461	1.55181	1.61661	615	0	-1.30055	0	20	20
0.00869304	0.000917574	1449.19	256.457	0.00447034	266.089	151.053	1.55055	1.61661	615	0	-1.25411	0	20	20
0.00869554	0.00091101	1438.96	256.382	0.00384768	257.987	147.679	1.54921	1.61661	615	0	-1.20877	0	20	20
0.00869819	0.000904567	1428.95	256.294	0.00331176	250.026	144.342	1.54779	1.61661	615	0	-1.16454	0	20	20
0.00870099	0.000898249	1419.16	256.193	0.00285047	242.212	141.044	1.5463	1.61661	615	0	-1.12142	0	20	20
0.00870392	0.00089206	1409.6	256.075	0.00245344	234.548	137.788	1.54474	1.61661	615	0	-1.07942	0	20	20
0.00870699	0.000886002	1400.27	255.939	0.0021117	227.038	134.575	1.54311	1.61661	615	0	-1.03853	0	20	20
0.00871019	0.000880079	1391.17	255.78	0.00181757	219.687	131.407	1.54141	1.61661	615	0	-0.998759	0	20	20
0.00871351	0.000874295	1382.31	255.596	0.0015644	212.499	128.288	1.53964	1.61661	615	0	-0.960091	0	20	20
0.00871695	0.000868652	1373.68	255.383	0.00134649	205.479	125.218	1.53783	1.61661	615	0	-0.922525	0	20	20
0.00872047	0.000863152	1365.3	255.136	0.00115894	198.629	122.2	1.53596	1.61661	615	0	-0.88605	0	20	20
0.00872408	0.000857798	1357.16	254.849	0.000997512	191.954	119.236	1.53405	1.61661	615	0	-0.850655	0	20	20
0.00872775	0.000852592	1349.25	254.517	0.000858568	185.458	116.328	1.53212	1.61661	615	0	-0.816324	0	20	20
0.00873147	0.000847535	1341.58	254.132	0.000738977	179.144	113.478	1.53017	1.61661	615	0	-0.783041	0	20	20
0.00873519	0.000842628	1334.14	253.686	0.000636045	173.016	110.687	1.52821	1.61661	615	0	-0.750785	0	20	20
0.00873889	0.000837873	1326.93	253.169	0.000547449	167.078	107.959	1.52627	1.61661	615	0	-0.719532	0	20	20
0.00874255	0.000833269	1319.95	252.572	0.000471194	161.334	105.294	1.52435	1.61661	615	0	-0.689255	0	20	20
0.00874611	0.000828815	1313.18	251.882	0.000405561	155.785	102.695	1.52249	1.61661	615	0	-0.659911	0	20	20
0.00874954	0.000824502	1306.59	251.085	0.00034907	150.427	100.159	1.5207	1.61661	615	0	-0.63142	0	20	20
0.00875281	0.00082032	1300.18	250.165	0.000300448	145.253	97.6862	1.519	1.61661	615	0	-0.603687	0	20	20
0.00875587	0.000816258	1293.91	249.105	0.000258598	140.257	95.2743	1.51741	1.61661	615	0	-0.576618	0	20	20
0.00875867	0.000812304	1287.75	247.884	0.000222577	135.433	92.922	1.51595	1.61661	615	0	-0.550114	0	20	20
0.00876116	0.000808447	1281.68	246.481	0.000191574	130.775	90.6277	1.51466	1.61661	615	0	-0.52408	0	20	20
0.00876329	0.000804672	1275.66	244.87	0.000164889	126.277	88.3901	1.51356	1.61661	615	0	-0.498417	0	20	20
0.00876498	0.000800969	1269.66	243.025	0.000141922	121.934	86.2078	1.51268	1.61661	615	0	-0.473028	0	20	20
0.00876616	0.000797322	1263.65	240.916	0.000122153	117.74	84.0793	1.51207	1.61661	615	0	-0.447819	0	20	20
0.00876677	0.000793716	1257.58	238.512	0.000105138	113.69	82.0033	1.51175	1.61661	615	0	-0.422697	0	20	20
0.00876672	0.000790138	1251.43	235.778	9.04933e-05	109.78	79.9787	1.51178	1.61661	615	0	-0.397579	0	20	20
0.00876594	0.000786571	1245.14	232.678	7.78883e-05	106.004	78.004	1.51218	1.61661	615	0	-0.372388	0	20	20
0.00876434	0.000782999	1238.68	229.179	6.70391e-05	102.358	76.0781	1.51301	1.61661	615	0	-0.34706	0	20	20
0.00876184	0.000779407	1232.02	225.242	5.77011e-05	98.8376	74.1997	1.51431	1.61661	615	0	-0.321549	0	20	20
0.00875839	0.000775778	1225.1	220.836	4.96638e-05	95.4382	72.3677	1.5161	1.61661	615	0	-0.295833	0	20	20
0.00875391	0.000772097	1217.9	215.927	4.2746e-05	92.1556	70.5809	1.51843	1.61661	615	0	-0.269913	0	20	20
0.00874836	0.000768349	1210.39	210.492	3.67919e-05	88.986	68.8383	1.52132	1.61661	615	0	-0.243824	0	20	20
0.00874174	0.000764522	1202.55	204.511	3.1667e-05	85.9253	67.1387	1.52478	1.61661	615	0	-0.217638	0	20	20
0.00873406	0.000760606	1194.35	197.975	2.72561e-05	82.97	65.481	1.5288	1.61661	615	0	-0.191463	0	20	20
0.00872538	0.00075659	1185.8	190.887	2.34595e-05	80.1162	63.8643	1.53337	1.61661	615	0	-0.16545	0	20	20
0.00871609	0.000752551	1177.07	183.264	2.01918e-05	77.3607	62.2875	1.53828	1.61661	615	0	-0.140057	0	20	20
0.00870663	0.00074856	1168.34	175.138	1.73792e-05	74.6999	60.7496	1.5433	1.61661	615	0	-0.115704	0	20	20
0.00869717	0.000744615	1159.63	166.558	1.49585e-05	72.1306	59.2497	1.54834	1.61661	615	0	-0.0925149	0	20	20
0.0086879	0.000740714	1150.97	157.588	1.28749e-05	69.6497	57.7868	1.5533	1.61661	615	0	-0.0706197	0	20	20
0.00867908	0.000736861	1142.42	148.308	1.10815e-05	67.2541	56.36	1.55804	1.61661	615	0	-0.0501521	0	20	20
0.00867101	0.000733067	1134.03	138.811	9.53793e-06	64.941	54.9685	1.5624	1.61661	615	0	-0.031236	0	20	20
0.00865533	0.000730018	1125.88	129.199	8.20938e-06	62.7073	53.6113	1.5709	1.61661	615	0	-0.00683014	0	20	20
0.00864244	0.000726939	1118.04	119.579	7.06588e-06	60.5505	52.2876	1.57794	1.61661	615	0	0.013633	0	20	20
0.00863409	0.000723737	1110.59	110.058	6.08166e-06	58.4679	50.9967	1.58253	1.61661	615	0	0.0298703	0	20	20
0.00863096	0.000720423	1103.63	100.738	5.23453e-06	56.457	49.7375	1.58425	1.61661	615	0	0.0424793	0	20	20
0.00863337	0.000717047	1097.3	91.7153	4.5054e-06	54.5151	48.5095	1.58292	1.61661	615	0	0.0520945	0	20	20
0.00864113	0.000713703	1091.71	83.0707	3.87783e-06	52.6401	47.3118	1.57866	1.61661	615	0	0.0593563	0	20	20
0.00865352	0.000710516	1086.98	74.8717	3.33768e-06	50.8296	46.1437	1.57189	1.61661	615	0	0.0648736	0	20	20
0.00866942	0.000707626	1083.19	67.1692	2.87277e-06	49.0813	45.0044	1.56325	1.61661	615	0	0.0691857	0	20	20
0.00868757	0.000705163	1080.41	59.9979	2.47262e-06	47.3932	43.8932	1.55348	1.61661	615	0	0.0727333	0	20	20
0.00870681	0.000703225	1078.66	53.377	2.1282e-06	45.7631	42.8095	1.5432	1.61661	615	0	0.0758456	0	20	20
0.00872624	0.000701871	1077.92	47.3111	1.83176e-06	44.1891	41.7525	1.53292	1.61661	615	0	0.0787462	0	20	20
0.00874525	0.000701124	1078.17	41.793	1.57661e-06	42.6692	40.7217	1.52294	1.61661	615	0	0.0815726	0	20	20
0.00876349	0.000700977	1079.36	36.8055	1.357e-06	41.2017	39.7162	1.51345	1.61661	615	0	0.0843999	0	20	20
0.00878081	0.000701405	1081.42	32.3238	1.16798e-06	39.7845	38.7356	1.50452	1.61661	615	0	0.0872635	0	20	20
0.00879717	0.000702368	1084.3	28.3176	1.00529e-06	38.4162	37.7793	1.49614	1.61661	615	0	0.0901754	0	20	20
0.00881259	0.000703826	1087.94	24.7532	8.65262e-07	37.0949	36.8465	1.4883	1.61661	615	0	0.0931355	0	20	20
0.00882713	0.000705734	1092.25	21.5951	7.44738e-07	35.819	35.9367	1.48095	1.61661	615	0	0.0961385	0	20	20
0.00884085	0.000708048	1097.18	18.8073	6.41002e-07	34.587	35.0495	1.47407	1.61661	615	0	0.0991771	0	20	20
0.0088538	0.000710728	1102.68	16.3543	5.51715e-07	33.3974	34.1841	1.46761	1.61661	615	0	0.102244	0	20	20
0.00886605	0.000713737	1108.67	14.2022	4.74866e-07	32.2487	33.3401	1.46154	1.61661	615	0	0.105331	0	20	20
0.00887763	0.000717038	1115.11	12.3188	4.08721e-07	31.1395	32.5169	1.45582	1.61661	615	0	0.108433	0	20	20
0.0088886	0.0007206	1121.94	10.6742	3.51789e-07	30.0685	31.7141	1.45044	1.61661	615	0	0.111544	0	20	20
0.00889897	0.000724393	1129.12	9.24085	3.02788e-07	29.0343	30.931	1.44537	1.61661	615	0	0.114656	0	20	20
0.0089088	0.000728391	1136.61	7.99372	2.60612e-07	28.0357	30.1673	1.4406	1.61661	615	0	0.117766	0	20	20
0.00891811	0.000732569	1144.37	6.91021	2.24311e-07	27.0714	29.4225	1.43609	1.61661	615	0	0.120868	0	20	20
0.00892691	0.000736905	1152.36	5.97004	1.93066e-07	26.1403	28.6961	1.43185	1.61661	615	0	0.123958	0	20	20
0.00893525	0.000741379	1160.55	5.15514	1.66173e-07	25.2412	27.9876	1.42784	1.61661	615	0	0.127031	0	20	20
0.00894314	0.000745973	1168.91	4.44951	1.43027e-07	24.3731	27.2965	1.42407	1.61661	615	0	0.130083	0	20	20
0.0089506	0.00075067	1177.41	3.83899	1.23104e-07	23.5348	26.6226	1.42051	1.61661	615	0	0.133111	0	20	20
0.00895766	0.000755455	1186.04	3.31114	1.05957e-07	22.7253	25.9653	1.41715	1.61661	615	0	0.13611	0	20	20
0.00896434	0.000760315	1194.76	2.85505	9.11979e-08	21.9437	25.3242	1.41399	1.61661	615	0	0.139077	0	20	20
0.00897065	0.000765238	1203.57	2.46117	7.84948e-08	21.1889	24.6989	1.41101	1.61661	615	0	0.142011	0	20	20
0.00897661	0.000770212	1212.43	2.12118	6.75611e-08	20.4601	24.0891	1.4082	1.61661	615	0	0.144907	0	20	20
0.00898224	0.000775227	1221.34	1.82782	5.81504e-08	19.7564	23.4944	1.40555	1.61661	615	0	0.147764	0	20	20
0.00898756	0.000780274	1230.28	1.57478	5.00505e-08	19.0769	22.9143	1.40305	1.61661	615	0	0.150579	0	20	20
0.00899258	0.000785345	1239.24	1.35658	4.30789e-08	18.4208	22.3485	1.4007	1.61661	615	0	0.153351	0	20	20
0.00899732	0.000790431	1248.21	1.16848	3.70783e-08	17.7872	21.7967	1.39849	1.61661	615	0	0.156077	0	20	20
0.00900179	0.000795527	1257.17	1.00636	3.19136e-08	17.1754	21.2586	1.39641	1.61661	615	0	0.158758	0	20	20
0.00900601	0.000800626	1266.12	0.866655	2.74683e-08	16.5847	20.7337	1.39445	1.61661	615	0	0.16139	0	20	20
0.00900998	0.000805722	1275.04	0.746287	2.36422e-08	16.0142	20.2218	1.39261	1.61661	615	0	0.163974	0	20	20
0.00901373	0.00081081	1283.93	0.642595	2.0349e-08	15.4634	19.7225	1.39087	1.61661	615	0	0.166509	0	20	20
0.00901726	0.000815884	1292.79	0.55328	1.75146e-08	14.9316	19.2355	1.38924	1.61661	615	0	0.168994	0	20	20
0.00902058	0.000820942	1301.6	0.476355	1.50749e-08	14.418	18.7606	1.3877	1.61661	615	0	0.171429	0	20	20
0.00902371	0.000825978	1310.35	0.410109	1.29751e-08	13.9221	18.2974	1.38626	1.61661	615	0	0.173812	0	20	20
0.00902665	0.00083099	1319.06	0.353062	1.11678e-08	13.4433	17.8457	1.3849	1.61661	615	0	0.176145	0	20	20
0.00902942	0.000835973	1327.7	0.303942	9.61219e-09	12.9809	17.405	1.38363	1.61661	615	0	0.178427	0	20	20
0.00903203	0.000840925	1336.28	0.261648	8.27329e-09	12.5344	16.9753	1.38243	1.61661	615	0	0.180658	0	20	20
0.00903447	0.000845844	1344.78	0.225235	7.12089e-09	12.1033	16.5562	1.38131	1.61661	615	0	0.182839	0	20	20
0.00903677	0.000850726	1353.22	0.193885	6.129e-09	11.687	16.1474	1.38026	1.61661	615	0	0.184969	0	20	20
0.00903893	0.000855569	1361.58	0.166896	5.27528e-09	11.285	15.7487	1.37927	1.61661	615	0	0.187049	0	20	20
0.00904096	0.000860372	1369.86	0.143662	4.54048e-09	10.8969	15.3599	1.37834	1.61661	615	0	0.189079	0	20	20
0.00904286	0.000865132	1378.06	0.12366	3.90803e-09	10.5221	14.9807	1.37747	1.61661	615	0	0.19106	0	20	20
0.00904465	0.000869848	1386.17	0.106443	3.36367e-09	10.1602	14.6108	1.37665	1.61661	615	0	0.192993	0	20	20
0.00904632	0.000874518	1394.2	0.0916212	2.89514e-09	9.81075	14.25	1.37589	1.61661	615	0	0.194878	0	20	20
0.00904789	0.000879141	1402.14	0.078863	2.49187e-09	9.47331	13.8982	1.37517	1.61661	615	0	0.196716	0	20	20
0.00904936	0.000883715	1410	0.0678809	2.14477e-09	9.14748	13.5551	1.3745	1.61661	615	0	0.198507	0	20	20
0.00905074	0.000888241	1417.76	0.0584278	1.84602e-09	8.83286	13.2204	1.37388	1.61661	615	0	0.200252	0	20	20
0.00905203	0.000892715	1425.43	0.0502909	1.58888e-09	8.52905	12.894	1.37329	1.61661	615	0	0.201952	0	20	20
0.00905324	0.000897139	1433.01	0.0432869	1.36757e-09	8.2357	12.5756	1.37274	1.61661	615	0	0.203608	0	20	20
0.00905438	0.00090151	1440.49	0.0372583	1.17707e-09	7.95244	12.2651	1.37222	1.61661	615	0	0.20522	0	20	20
0.00905544	0.000905829	1447.88	0.0320692	1.01312e-09	7.67892	11.9623	1.37174	1.61661	615	0	0.20679	0	20	20
0.00905643	0.000910094	1455.18	0.0276027	8.71998e-10	7.4148	11.667	1.37129	1.61661	615	0	0.208319	0	20	20
0.00905736	0.000914306	1462.38	0.0237582	7.50536e-10	7.15977	11.3789	1.37087	1.61661	615	0	0.209806	0	20	20
0.00905822	0.000918464	1469.48	0.0204491	6.45992e-10	6.91352	11.0979	1.37047	1.61661	615	0	0.211253	0	20	20
0.00905904	0.000922568	1476.49	0.0176009	5.56011e-10	6.67573	10.8239	1.37011	1.61661	615	0	0.212661	0	20	20
0.0090598	0.000926617	1483.41	0.0151494	4.78563e-10	6.44612	10.5567	1.36976	1.61661	615	0	0.214031	0	20	20
0.00906051	0.000930611	1490.22	0.0130393	4.11903e-10	6.22441	10.296	1.36944	1.61661	615	0	0.215364	0	20	20
0.00906118	0.00093455	1496.95	0.0112231	3.54528e-10	6.01032	10.0418	1.36914	1.61661	615	0	0.216659	0	20	20
0.0090618	0.000938435	1503.57	0.00965989	3.05145e-10	5.8036	9.7939	1.36885	1.61661	615	0	0.21792	0	20	20
0.00906239	0.000942265	1510.1	0.00831438	2.62641e-10	5.60399	9.55209	1.36859	1.61661	615	0	0.219145	0	20	20
0.00906294	0.00094604	1516.54	0.00715629	2.26057e-10	5.41124	9.31625	1.36834	1.61661	615	0	0.220337	0	20	20
0.00906345	0.00094976	1522.88	0.0061595	1.94569e-10	5.22512	9.08623	1.36811	1.61661	615	0	0.221495	0	20	20
0.00906393	0.000953426	1529.13	0.00530155	1.67467e-10	5.04541	8.86189	1.36789	1.61661	615	0	0.222622	0	20	20
0.00906439	0.000957037	1535.29	0.0045631	1.4414e-10	4.87187	8.64309	1.36768	1.61661	615	0	0.223717	0	20	20
0.00906482	0.000960595	1541.35	0.0039275	1.24063e-10	4.70431	8.42969	1.36749	1.61661	615	0	0.224781	0	20	20
0.00906522	0.000964099	1547.32	0.00338044	1.06782e-10	4.5425	8.22156	1.3673	1.61661	615	0	0.225815	0	20	20
0.0090656	0.000967549	1553.2	0.00290958	9.1908e-11	4.38627	8.01857	1.36713	1.61661	615	0	0.226821	0	20	20
0.00906596	0.000970946	1558.99	0.0025043	7.91059e-11	4.2354	7.82059	1.36697	1.61661	615	0	0.227798	0	20	20
0.00906631	0.000974291	1564.69	0.00215547	6.80871e-11	4.08973	7.6275	1.36681	1.61661	615	0	0.228748	0	20	20
0.00906663	0.000977583	1570.3	0.00185524	5.86031e-11	3.94906	7.43918	1.36666	1.61661	615	0	0.229671	0	20	20
0.00906694	0.000980823	1575.83	0.00159682	5.04402e-11	3.81324	7.2555	1.36652	1.61661	615	0	0.230569	0	20	20
0.00906724	0.000984012	1581.26	0.0013744	4.34142e-11	3.68208	7.07636	1.36639	1.61661	615	0	0.231441	0	20	20
0.00906753	0.00098715	1586.61	0.00118295	3.7367e-11	3.55544	6.90165	1.36626	1.61661	615	0	0.232288	0	20	20
0.0090678	0.000990237	1591.88	0.00101818	3.21621e-11	3.43315	6.73124	1.36614	1.61661	615	0	0.233112	0	20	20
0.00906807	0.000993274	1597.06	0.000876355	2.76821e-11	3.31507	6.56505	1.36602	1.61661	615	0	0.233913	0	20	20
0.00906832	0.000996262	1602.16	0.000754286	2.38262e-11	3.20105	6.40296	1.3659	1.61661	615	0	0.234691	0	20	20
0.00906857	0.000999201	1607.17	0.00064922	2.05074e-11	3.09095	6.24487	1.36579	1.61661	615	0	0.235448	0	20	20
0.00906881	0.00100209	1612.1	0.000558789	1.76509e-11	2.98464	6.09068	1.36568	1.61661	615	0	0.236183	0	20	20
0.00906905	0.00100493	1616.96	0.000480955	1.51923e-11	2.88198	5.9403	1.36557	1.61661	615	0	0.236898	0	20	20
0.00906929	0.00100773	1621.73	0.000413962	1.30761e-11	2.78286	5.79364	1.36547	1.61661	615	0	0.237592	0	20	20
0.00906952	0.00101048	1626.43	0.0003563	1.12547e-11	2.68714	5.65059	1.36536	1.61661	615	0	0.238268	0	20	20
0.00906974	0.00101318	1631.05	0.00030667	9.68703e-12	2.59472	5.51108	1.36526	1.61661	615	0	0.238924	0	20	20
0.00906997	0.00101584	1635.59	0.000263954	8.3377e-12	2.50548	5.37501	1.36516	1.61661	615	0	0.239563	0	20	20
0.0090702	0.00101845	1640.06	0.000227187	7.17633e-12	2.4193	5.2423	1.36505	1.61661	615	0	0.240183	0	20	20
0.00907042	0.00102102	1644.46	0.000195542	6.17672e-12	2.33609	5.11287	1.36495	1.61661	615	0	0.240787	0	20	20
0.00907065	0.00102354	1648.78	0.000168304	5.31635e-12	2.25574	4.98663	1.36485	1.61661	615	0	0.241374	0	20	20
0.00907088	0.00102603	1653.03	0.000144861	4.57583e-12	2.17816	4.86351	1.36475	1.61661	615	0	0.241945	0	20	20
0.0090711	0.00102847	1657.22	0.000124683	3.93845e-12	2.10324	4.74343	1.36465	1.61661	615	0	0.2425	0	20	20
0.00907128	0.00103091	1661.4	0.000107316	3.38986e-12	2.0309	4.62631	1.36457	1.61661	615	0	0.243041	0	20	20
0.00907139	0.00103337	1665.58	9.23674e-05	2.91768e-12	1.96105	4.51209	1.36451	1.61661	615	0	0.243569	0	20	20
0.00907145	0.00103583	1669.78	7.95014e-05	2.51127e-12	1.8936	4.40068	1.36449	1.61661	615	0	0.244083	0	20	20
0.00907145	0.0010383	1673.97	6.84275e-05	2.16147e-12	1.82847	4.29203	1.36449	1.61661	615	0	0.244585	0	20	20
0.0090714	0.00104078	1678.18	5.88961e-05	1.86039e-12	1.76558	4.18606	1.36451	1.61661	615	0	0.245074	0	20	20
0.00907129	0.00104326	1682.38	5.06923e-05	1.60125e-12	1.70485	4.08271	1.36456	1.61661	615	0	0.245551	0	20	20
0.00907113	0.00104575	1686.59	4.36313e-05	1.37821e-12	1.64621	3.9819	1.36463	1.61661	615	0	0.246016	0	20	20
0.00907093	0.00104824	1690.79	3.75538e-05	1.18624e-12	1.58959	3.88359	1.36472	1.61661	615	0	0.246469	0	20	20
0.00907068	0.00105074	1694.99	3.23229e-05	1.02101e-12	1.53492	3.7877	1.36484	1.61661	615	0	0.246911	0	20	20
0.00907038	0.00105324	1699.19	2.78205e-05	8.78787e-13	1.48213	3.69419	1.36497	1.61661	615	0	0.247342	0	20	20
0.00907004	0.00105574	1703.38	2.39454e-05	7.56379e-13	1.43115	3.60298	1.36513	1.61661	615	0	0.247762	0	20	20
0.00906965	0.00105824	1707.57	2.061e-05	6.51022e-13	1.38193	3.51402	1.3653	1.61661	615	0	0.248172	0	20	20
0.00906923	0.00106074	1711.75	1.77392e-05	5.60339e-13	1.3344	3.42726	1.36549	1.61661	615	0	0.248572	0	20	20
0.00906877	0.00106323	1715.92	1.52682e-05	4.82289e-13	1.2885	3.34264	1.3657	1.61661	615	0	0.248962	0	20	20
0.00906827	0.00106573	1720.08	1.31415e-05	4.1511e-13	1.24418	3.26011	1.36592	1.61661	615	0	0.249343	0	20	20
0.00906774	0.00106822	1724.23	1.1311e-05	3.57288e-13	1.20139	3.17961	1.36616	1.61661	615	0	0.249713	0	20	20
0.00906717	0.00107071	1728.37	9.73546e-06	3.07521e-13	1.16007	3.10111	1.36642	1.61661	615	0	0.250075	0	20	20
0.00906658	0.00107319	1732.49	8.37939e-06	2.64686e-13	1.12017	3.02454	1.36669	1.61661	615	0	0.250428	0	20	20
0.00906595	0.00107566	1736.6	7.2122e-06	2.27817e-13	1.08164	2.94987	1.36697	1.61661	615	0	0.250772	0	20	20
0.00906529	0.00107813	1740.69	6.2076e-06	1.96084e-13	1.04444	2.87703	1.36727	1.61661	615	0	0.251108	0	20	20
0.0090646	0.00108059	1744.76	5.34293e-06	1.68771e-13	1.00851	2.806	1.36758	1.61661	615	0	0.251435	0	20	20
0.00906389	0.00108305	1748.82	4.5987e-06	1.45263e-13	0.973827	2.73672	1.36791	1.61661	615	0	0.251755	0	20	20
0.00906315	0.00108549	1752.85	3.95814e-06	1.25029e-13	0.940333	2.66915	1.36824	1.61661	615	0	0.252066	0	20	20
0.00906239	0.00108793	1756.87	3.4068e-06	1.07613e-13	0.90799	2.60325	1.36858	1.61661	615	0	0.25237	0	20	20
0.00906161	0.00109036	1760.87	2.93226e-06	9.26235e-14	0.87676	2.53897	1.36894	1.61661	615	0	0.252667	0	20	20
0.0090608	0.00109277	1764.84	2.52382e-06	7.97218e-14	0.846605	2.47629	1.36931	1.61661	615	0	0.252956	0	20	20
0.00905997	0.00109518	1768.79	2.17227e-06	6.86172e-14	0.817486	2.41515	1.36968	1.61661	615	0	0.253239	0	20	20
0.00905913	0.00109757	1772.72	1.86969e-06	5.90593e-14	0.789369	2.35552	1.37006	1.61661	615	0	0.253514	0	20	20
0.00905826	0.00109995	1776.63	1.60926e-06	5.08329e-14	0.762219	2.29736	1.37046	1.61661	615	0	0.253783	0	20	20
0.00905738	0.00110232	1780.51	1.3851e-06	4.37522e-14	0.736003	2.24064	1.37086	1.61661	615	0	0.254045	0	20	20
0.00905648	0.00110467	1784.36	1.19217e-06	3.76579e-14	0.710688	2.18532	1.37126	1.61661	615	0	0.254301	0	20	20
0.00905557	0.00110701	1788.19	1.02611e-06	3.24125e-14	0.686244	2.13136	1.37168	1.61661	615	0	0.25455	0	20	20
0.00905464	0.00110933	1791.99	8.83181e-07	2.78977e-14	0.662641	2.07874	1.3721	1.61661	615	0	0.254794	0	20	20
0.0090537	0.00111164	1795.76	7.60161e-07	2.40117e-14	0.63985	2.02741	1.37253	1.61661	615	0	0.255031	0	20	20
0.00905275	0.00111394	1799.5	6.54276e-07	2.06671e-14	0.617843	1.97735	1.37296	1.61661	615	0	0.255263	0	20	20
0.00905179	0.00111622	1803.22	5.63141e-07	1.77883e-14	0.596592	1.92853	1.3734	1.61661	615	0	0.25549	0	20	20
0.00905081	0.00111848	1806.91	4.847e-07	1.53106e-14	0.576073	1.88092	1.37384	1.61661	615	0	0.255711	0	20	20
0.00904983	0.00112073	1810.56	4.17185e-07	1.31779e-14	0.556259	1.83448	1.37429	1.61661	615	0	0.255926	0	20	20
0.00904884	0.00112296	1814.19	3.59075e-07	1.13423e-14	0.537127	1.78918	1.37474	1.61661	615	0	0.256136	0	20	20
0.00904783	0.00112517	1817.78	3.09058e-07	9.76244e-15	0.518652	1.74501	1.3752	1.61661	615	0	0.256342	0	20	20
0.00904683	0.00112737	1821.34	2.66009e-07	8.40261e-15	0.500813	1.70193	1.37566	1.61661	615	0	0.256542	0	20	20
0.00904581	0.00112954	1824.88	2.28956e-07	7.2322e-15	0.483588	1.6599	1.37612	1.61661	615	0	0.256738	0	20	20
0.00904479	0.0011317	1828.38	1.97064e-07	6.22481e-15	0.466955	1.61892	1.37659	1.61661	615	0	0.256929	0	20	20
0.00904376	0.00113384	1831.84	1.69615e-07	5.35774e-15	0.450895	1.57895	1.37706	1.61661	615	0	0.257115	0	20	20
0.00904273	0.00113597	1835.28	1.45989e-07	4.61145e-15	0.435386	1.53997	1.37753	1.61661	615	0	0.257297	0	20	20
0.0090417	0.00113807	1838.68	1.25654e-07	3.96911e-15	0.420411	1.50194	1.378	1.61661	615	0	0.257474	0	20	20
0.00904066	0.00114015	1842.04	1.08151e-07	3.41625e-15	0.405952	1.46486	1.37848	1.61661	615	0	0.257648	0	20	20
0.00903962	0.00114222	1845.38	9.30866e-08	2.94039e-15	0.391989	1.42869	1.37895	1.61661	615	0	0.257817	0	20	20
0.00903858	0.00114426	1848.68	8.01204e-08	2.53082e-15	0.378507	1.39342	1.37943	1.61661	615	0	0.257982	0	20	20
0.00903754	0.00114629	1851.94	6.89602e-08	2.1783e-15	0.365488	1.35901	1.37991	1.61661	615	0	0.258143	0	20	20
0.00903649	0.00114829	1855.17	5.93546e-08	1.87488e-15	0.352917	1.32546	1.38038	1.61661	615	0	0.2583	0	20	20
0.00903545	0.00115027	1858.37	5.1087e-08	1.61372e-15	0.340779	1.29273	1.38086	1.61661	615	0	0.258454	0	20	20
0.00903441	0.00115224	1861.53	4.3971e-08	1.38894e-15	0.329058	1.26082	1.38134	1.61661	615	0	0.258604	0	20	20
0.00903336	0.00115418	1864.65	3.78462e-08	1.19547e-15	0.31774	1.22969	1.38182	1.61661	615	0	0.25875	0	20	20
0.00903232	0.0011561	1867.75	3.25745e-08	1.02895e-15	0.306812	1.19933	1.3823	1.61661	615	0	0.258893	0	20	20
0.00903128	0.00115801	1870.8	2.80371e-08	8.85629e-16	0.296259	1.16971	1.38278	1.61661	615	0	0.259032	0	20	20
0.00903024	0.00115989	1873.82	2.41318e-08	7.62268e-16	0.286069	1.14083	1.38325	1.61661	615	0	0.259168	0	20	20
0.00902921	0.00116175	1876.81	2.07704e-08	6.5609e-16	0.27623	1.11267	1.38373	1.61661	615	0	0.259301	0	20	20
0.00902817	0.00116359	1879.76	1.78773e-08	5.64702e-16	0.266729	1.0852	1.38421	1.61661	615	0	0.259431	0	20	20
0.00902714	0.00116541	1882.67	1.53871e-08	4.86043e-16	0.257555	1.0584	1.38468	1.61661	615	0	0.259558	0	20	20
0.00902612	0.0011672	1885.55	1.32438e-08	4.18342e-16	0.248697	1.03227	1.38515	1.61661	615	0	0.259682	0	20	20
0.00902509	0.00116898	1888.39	1.1399e-08	3.6007e-16	0.240143	1.00678	1.38562	1.61661	615	0	0.259802	0	20	20
0.00902408	0.00117074	1891.2	9.81125e-09	3.09915e-16	0.231883	0.981925	1.38609	1.61661	615	0	0.25992	0	20	20
0.00902306	0.00117247	1893.97	8.44462e-09	2.66746e-16	0.223908	0.957682	1.38656	1.61661	615	0	0.260035	0	20	20
0.00902206	0.00117418	1896.71	7.26835e-09	2.29591e-16	0.216206	0.934036	1.38702	1.61661	615	0	0.260148	0	20	20
0.00902105	0.00117587	1899.41	6.25593e-09	1.97611e-16	0.20877	0.910975	1.38748	1.61661	615	0	0.260258	0	20	20
0.00902006	0.00117754	1902.08	5.38453e-09	1.70085e-16	0.20159	0.888483	1.38795	1.61661	615	0	0.260365	0	20	20
0.00901907	0.00117919	1904.71	4.63451e-09	1.46393e-16	0.194656	0.866546	1.3884	1.61661	615	0	0.260469	0	20	20
0.00901808	0.00118082	1907.31	3.98896e-09	1.26002e-16	0.187961	0.845151	1.38886	1.61661	615	0	0.260571	0	20	20
0.0090171	0.00118243	1909.87	3.43333e-09	1.08451e-16	0.181496	0.824284	1.38931	1.61661	615	0	0.260671	0	20	20
0.00901613	0.00118402	1912.39	2.95509e-09	9.33446e-17	0.175254	0.803933	1.38976	1.61661	615	0	0.260769	0	20	20
0.00901517	0.00118558	1914.88	2.54347e-09	8.03424e-17	0.169226	0.784083	1.39021	1.61661	615	0	0.260864	0	20	20
0.00901421	0.00118713	1917.34	2.18919e-09	6.91514e-17	0.163405	0.764724	1.39065	1.61661	615	0	0.260956	0	20	20
0.00901326	0.00118865	1919.76	1.88425e-09	5.95191e-17	0.157785	0.745843	1.39109	1.61661	615	0	0.261047	0	20	20
0.00901231	0.00119015	1922.15	1.62179e-09	5.12286e-17	0.152358	0.727428	1.39153	1.61661	615	0	0.261136	0	20	20
0.00901138	0.00119163	1924.51	1.39589e-09	4.40929e-17	0.147118	0.709468	1.39196	1.61661	615	0	0.261222	0	20	20
0.00901045	0.00119309	1926.83	1.20145e-09	3.79511e-17	0.142058	0.691951	1.39239	1.61661	615	0	0.261306	0	20	20
0.00900953	0.00119454	1929.12	1.0341e-09	3.26648e-17	0.137172	0.674867	1.39282	1.61661	615	0	0.261389	0	20	20
0.00900862	0.00119596	1931.37	8.90057e-10	2.81149e-17	0.132454	0.658204	1.39324	1.61661	615	0	0.261469	0	20	20
0.00900771	0.00119736	1933.59	7.66079e-10	2.41987e-17	0.127898	0.641953	1.39366	1.61661	615	0	0.261548	0	20	20
0.00900682	0.00119874	1935.78	6.5937e-10	2.0828e-17	0.123499	0.626103	1.39407	1.61661	615	0	0.261624	0	20	20
0.00900593	0.0012001	1937.93	5.67525e-10	1.79268e-17	0.119251	0.610645	1.39449	1.61661	615	0	0.261699	0	20	20
0.00900505	0.00120144	1940.05	4.88473e-10	1.54298e-17	0.11515	0.595568	1.39489	1.61661	615	0	0.261772	0	20	20
0.00900418	0.00120276	1942.14	4.20433e-10	1.32805e-17	0.111189	0.580863	1.3953	1.61661	615	0	0.261844	0	20	20
0.00900332	0.00120406	1944.2	3.6187e-10	1.14306e-17	0.107365	0.566522	1.3957	1.61661	615	0	0.261913	0	20	20
0.00900247	0.00120534	1946.23	3.11464e-10	9.83845e-18	0.103672	0.552534	1.3961	1.61661	615	0	0.261981	0	20	20
0.00900163	0.0012066	1948.22	2.6808e-10	8.46803e-18	0.100106	0.538892	1.39649	1.61661	615	0	0.262048	0	20	20
0.00900079	0.00120784	1950.18	2.30739e-10	7.2885e-18	0.0966633	0.525587	1.39688	1.61661	615	0	0.262113	0	20	20
0.00899997	0.00120907	1952.11	1.98599e-10	6.27327e-18	0.0933386	0.51261	1.39726	1.61661	615	0	0.262176	0	20	20
0.00899915	0.00121027	1954.02	1.70935e-10	5.39946e-18	0.0901283	0.499954	1.39764	1.61661	615	0	0.262238	0	20	20
0.00899834	0.00121146	1955.89	1.47125e-10	4.64735e-18	0.0870283	0.48761	1.39802	1.61661	615	0	0.262298	0	20	20
0.00899754	0.00121262	1957.73	1.26632e-10	4.00001e-18	0.084035	0.475571	1.39839	1.61661	615	0	0.262357	0	20	20
0.00899676	0.00121377	1959.54	1.08993e-10	3.44284e-18	0.0811447	0.463829	1.39876	1.61661	615	0	0.262414	0	20	20
0.00899598	0.0012149	1961.32	9.38113e-11	2.96328e-18	0.0783537	0.452377	1.39912	1.61661	615	0	0.262471	0	20	20
0.0089952	0.00121602	1963.07	8.07441e-11	2.55052e-18	0.0756588	0.441208	1.39948	1.61661	615	0	0.262525	0	20	20
0.00899444	0.00121711	1964.79	6.94971e-11	2.19525e-18	0.0730565	0.430314	1.39984	1.61661	615	0	0.262579	0	20	20
0.00899369	0.00121819	1966.49	5.98167e-11	1.88947e-18	0.0705438	0.41969	1.40019	1.61661	615	0	0.262631	0	20	20
0.00899295	0.00121925	1968.15	5.14847e-11	1.62628e-18	0.0681175	0.409327	1.40053	1.61661	615	0	0.262682	0	20	20
0.00899221	0.00122029	1969.79	4.43133e-11	1.39976e-18	0.0657746	0.399221	1.40088	1.61661	615	0	0.262732	0	20	20
0.00899149	0.00122131	1971.4	3.81408e-11	1.20478e-18	0.0635123	0.389364	1.40122	1.61661	615	0	0.262781	0	20	20
0.00899077	0.00122232	1972.98	3.28281e-11	1.03696e-18	0.0613278	0.379751	1.40155	1.61661	615	0	0.262828	0	20	20
0.00899007	0.00122331	1974.54	2.82554e-11	8.92524e-19	0.0592185	0.370375	1.40188	1.61661	615	0	0.262874	0	20	20
0.00898937	0.00122428	1976.07	2.43197e-11	7.68203e-19	0.0571817	0.36123	1.40221	1.61661	615	0	0.262919	0	20	20
0.00898868	0.00122524	1977.57	2.09321e-11	6.61198e-19	0.055215	0.352311	1.40253	1.61661	615	0	0.262964	0	20	20
0.008988	0.00122618	1979.05	1.80164e-11	5.69098e-19	0.0533159	0.343613	1.40285	1.61661	615	0	0.263007	0	20	20
0.00898733	0.00122711	1980.5	1.55069e-11	4.89828e-19	0.0514821	0.335129	1.40316	1.61661	615	0	0.263049	0	20	20
0.00898667	0.00122802	1981.92	1.33469e-11	4.21598e-19	0.0497114	0.326855	1.40347	1.61661	615	0	0.26309	0	20	20
0.00898602	0.00122891	1983.32	1.14878e-11	3.62873e-19	0.0480016	0.318785	1.40378	1.61661	615	0	0.26313	0	20	20
0.00898538	0.00122979	1984.7	9.88764e-12	3.12328e-19	0.0463506	0.310914	1.40408	1.61661	615	0	0.263169	0	20	20
0.00898475	0.00123065	1986.05	8.51037e-12	2.68823e-19	0.0447564	0.303237	1.40437	1.61661	615	0	0.263207	0	20	20
0.00898412	0.0012315	1987.37	7.32494e-12	2.31378e-19	0.043217	0.29575	1.40467	1.61661	615	0	0.263244	0	20	20
0.0089835	0.00123233	1988.67	6.30464e-12	1.99149e-19	0.0417306	0.288448	1.40496	1.61661	615	0	0.26328	0	20	20
0.0089829	0.00123315	1989.95	5.42645e-12	1.71409e-19	0.0402953	0.281326	1.40524	1.61661	615	0	0.263316	0	20	20
0.0089823	0.00123395	1991.21	4.67059e-12	1.47533e-19	0.0389093	0.27438	1.40552	1.61661	615	0	0.26335	0	20	20
0.00898171	0.00123474	1992.44	4.02001e-12	1.26983e-19	0.037571	0.267606	1.4058	1.61661	615	0	0.263384	0	20	20
0.00898113	0.00123551	1993.65	3.46006e-12	1.09295e-19	0.0362788	0.260999	1.40607	1.61661	615	0	0.263417	0	20	20
