0.00890634	
0.00506596	
0.00367143	
0.00301461	
0.00259029	
0.0022817	
0.00204193	
0.00185061	
0.00170559	
0.00161291	
0.00158324	
0.00162517	
0.001719	
0.00185295	
0.00202319	
0.00223155	
0.00248382	
0.00278966	
0.00317532	
0.0036365	
0.0041902	
0.00485775	
0.00565725	
0.00659583	
0.00766217	
0.00881654	
0.0100363	
0.0113242	
0.0126655	
0.0140202	
0.0153627	
0.0166791	
0.0179885	
0.0193906	
0.0211514	
0.0237975	
0.028032	
0.0340928	
0.0421871	
0.0523607	
0.0512289	
0.0472001	
0.0428984	
0.0388379	
0.0351744	
0.0319635	
0.0292044	
0.0268624	
0.0248865	
0.0232218	
0.0218162	
0.0206242	
0.019607	
0.018733	
0.0179797	
0.0173504	
0.0168242	
0.0163795	
0.0160001	
0.0156734	
0.0153898	
0.0151415	
0.0149225	
0.0147281	
0.0145544	
0.0143982	
0.014257	
0.0141287	
0.0140116	
0.0139042	
0.0138054	
0.0137142	
0.0136298	
