0.00866132	0.000693393	1101	184.5	76.5	0	0	1.56764	1.61661	615	0	0.149314	0	20	20
0.00882645	0.000722157	1166.34	184.5	76.4694	47.4656	15.9957	1.4813	1.61661	615	0	-0.432659	0	20	20
0.00900409	0.000786627	1293.65	184.5	76.4339	139.131	47.1969	1.39534	1.61661	615	0	-1.42549	0	20	20
0.00906896	0.000854994	1415.88	184.5	76.3927	227.629	77.6231	1.36561	1.61661	615	0	-2.20011	0	20	20
0.00907334	0.000924418	1532.77	184.5	76.3448	313.045	107.285	1.36364	1.61661	615	0	-2.81552	0	20	20
0.00904533	0.000993509	1644.59	184.5	76.2893	395.463	136.194	1.37634	1.61661	615	0	-3.31436	0	20	20
0.00899936	0.0010617	1751.84	184.5	76.2249	474.963	164.361	1.39754	1.61661	615	0	-3.72727	0	20	20
0.0089431	0.00112879	1854.98	184.5	76.1502	551.627	191.799	1.42408	1.61661	615	0	-4.07569	0	20	20
0.00888089	0.00119467	1954.38	184.5	76.0636	625.533	218.518	1.45422	1.61661	615	0	-4.37462	0	20	20
0.0088153	0.00125931	2050.3	184.5	75.9633	696.761	244.531	1.48692	1.61661	615	0	-4.63481	0	20	20
0.00874794	0.00132267	2142.92	184.5	75.847	765.39	269.851	1.52154	1.61661	615	0	-4.86408	0	20	20
0.00867986	0.0013847	2232.37	184.5	75.7124	831.496	294.492	1.55762	1.61661	615	0	-5.06829	0	20	20
0.00861174	0.0014454	2318.77	184.5	75.5566	895.16	318.467	1.59488	1.61661	615	0	-5.25192	0	20	20
0.00854405	0.00150473	2402.2	184.5	75.3764	956.46	341.79	1.63308	1.61661	615	0	-5.41843	0	20	20
0.00847711	0.0015627	2482.76	184.5	75.1681	1015.48	364.479	1.67208	1.61661	615	0	-5.57059	0	20	20
0.00841114	0.0016193	2560.51	184.5	74.9275	1072.29	386.548	1.71173	1.61661	615	0	-5.7106	0	20	20
0.00834626	0.00167454	2635.56	184.5	74.6499	1126.98	408.015	1.75196	1.61661	615	0	-5.84026	0	20	20
0.00828257	0.00172843	2707.99	184.5	74.33	1179.63	428.899	1.79269	1.61661	615	0	-5.96101	0	20	20
0.00822011	0.001781	2777.88	184.5	73.9617	1230.32	449.219	1.83386	1.61661	615	0	-6.07407	0	20	20
0.00815891	0.00183229	2845.33	184.5	73.5383	1279.15	468.995	1.87545	1.61661	615	0	-6.18045	0	20	20
0.00809894	0.00188231	2910.44	184.5	73.0526	1326.2	488.249	1.91741	1.61661	615	0	-6.28101	0	20	20
0.00804021	0.00193113	2973.31	184.5	72.4961	1371.56	507.002	1.95974	1.61661	615	0	-6.37648	0	20	20
0.00798266	0.00197878	3034.03	184.5	71.8602	1415.31	525.278	2.00243	1.61661	615	0	-6.46747	0	20	20
0.00792626	0.00202531	3092.7	184.5	71.1353	1457.55	543.099	2.04548	1.61661	615	0	-6.55454	0	20	20
0.00787095	0.00207078	3149.43	184.5	70.3111	1498.36	560.488	2.0889	1.61661	615	0	-6.63813	0	20	20
0.0078167	0.00211522	3204.29	184.5	69.3773	1537.82	577.467	2.1327	1.61661	615	0	-6.71866	0	20	20
0.00776345	0.0021587	3257.38	184.5	68.323	1576.01	594.056	2.17689	1.61661	615	0	-6.79647	0	20	20
0.00771116	0.00220124	3308.77	184.5	67.1377	1613	610.273	2.22147	1.61661	615	0	-6.87185	0	20	20
0.0076598	0.00224288	3358.52	184.5	65.8111	1648.84	626.131	2.26646	1.61661	615	0	-6.94505	0	20	20
0.00760936	0.00228363	3406.66	184.5	64.3342	1683.58	641.64	2.31183	1.61661	615	0	-7.01625	0	20	20
0.00755982	0.00232348	3453.22	184.5	62.6995	1717.22	656.802	2.35757	1.61661	615	0	-7.08561	0	20	20
0.00751123	0.00236242	3498.16	184.5	60.9015	1749.77	671.611	2.40363	1.61661	615	0	-7.15322	0	20	20
0.00746362	0.00240037	3541.46	184.5	58.9379	1781.2	686.053	2.44992	1.61661	615	0	-7.21912	0	20	20
0.00741708	0.00243726	3583.01	184.5	56.8097	1811.43	700.102	2.49632	1.61661	615	0	-7.28331	0	20	20
0.00737173	0.00247296	3622.69	184.5	54.5225	1840.39	713.723	2.54268	1.61661	615	0	-7.34572	0	20	20
0.0073277	0.00250733	3660.34	184.5	52.086	1867.93	726.867	2.58879	1.61661	615	0	-7.40625	0	20	20
0.00728518	0.00254016	3695.75	184.5	49.5151	1893.91	739.477	2.63439	1.61661	615	0	-7.46475	0	20	20
0.00724435	0.00257126	3728.7	184.5	46.8297	1918.15	751.487	2.67918	1.61661	615	0	-7.52102	0	20	20
0.00720544	0.00260038	3758.95	184.5	44.0538	1940.43	762.824	2.72282	1.61661	615	0	-7.57485	0	20	20
0.00716866	0.00262729	3786.23	184.5	41.2153	1960.57	773.413	2.76494	1.61661	615	0	-7.62602	0	20	20
0.00713424	0.00265174	3810.29	184.5	38.3448	1978.35	783.178	2.80516	1.61661	615	0	-7.67427	0	20	20
0.00710237	0.00267351	3830.92	184.5	35.4743	1993.59	792.049	2.84309	1.61661	615	0	-7.71939	0	20	20
0.00707324	0.0026924	3847.93	184.5	32.6358	2006.14	799.964	2.87836	1.61661	615	0	-7.76118	0	20	20
0.00704699	0.00270826	3861.16	184.5	29.8599	2015.85	806.873	2.91065	1.61661	615	0	-7.79947	0	20	20
0.00702371	0.00272097	3870.53	184.5	27.1745	2022.67	812.742	2.93968	1.61661	615	0	-7.83414	0	20	20
0.00700348	0.00273048	3876.01	184.5	24.6037	2026.55	817.551	2.96524	1.61661	615	0	-7.8651	0	20	20
0.00698628	0.00273677	3877.64	184.5	22.1672	2027.5	821.298	2.98719	1.61661	615	0	-7.89232	0	20	20
0.00697159	0.00274005	3875.51	184.5	19.8799	2025.6	823.995	3.0061	1.61661	615	0	-7.91073	0	20	20
0.00695854	0.00274062	3869.77	184.5	17.7517	2020.95	825.672	3.02305	1.61661	615	0	-7.91226	0	20	20
0.00694703	0.00273863	3860.6	184.5	15.7881	2013.68	826.366	3.03811	1.61661	615	0	-7.89773	0	20	20
0.00693694	0.00273423	3848.24	184.5	13.9901	2003.95	826.127	3.05138	1.61661	615	0	-7.86816	0	20	20
0.00692818	0.00272759	3832.92	184.5	12.3554	1991.96	825.012	3.06296	1.61661	615	0	-7.82469	0	20	20
0.00692064	0.00271889	3814.9	184.5	10.8785	1977.89	823.081	3.07299	1.61661	615	0	-7.76855	0	20	20
0.0069142	0.00270831	3794.41	184.5	9.55195	1961.93	820.396	3.08158	1.61661	615	0	-7.70098	0	20	20
0.00690876	0.00269603	3771.72	184.5	8.36659	1944.29	817.021	3.08887	1.61661	615	0	-7.62323	0	20	20
0.00690422	0.00268222	3747.07	184.5	7.31231	1925.15	813.015	3.09497	1.61661	615	0	-7.53651	0	20	20
0.00690048	0.00266705	3720.67	184.5	6.37848	1904.69	808.439	3.1	1.61661	615	0	-7.44197	0	20	20
0.00689747	0.00265066	3692.74	184.5	5.55436	1883.07	803.346	3.10407	1.61661	615	0	-7.34067	0	20	20
0.00689509	0.00263321	3663.46	184.5	4.8294	1860.46	797.787	3.10728	1.61661	615	0	-7.23361	0	20	20
0.00689328	0.00261481	3633.02	184.5	4.19349	1836.98	791.81	3.10973	1.61661	615	0	-7.12166	0	20	20
0.00689198	0.00259557	3601.57	184.5	3.63707	1812.76	785.456	3.11149	1.61661	615	0	-7.00564	0	20	20
0.00689113	0.00257561	3569.24	184.5	3.15127	1787.91	778.765	3.11264	1.61661	615	0	-6.88625	0	20	20
0.00689069	0.00255501	3536.17	184.5	2.72794	1762.53	771.769	3.11324	1.61661	615	0	-6.76412	0	20	20
0.0068906	0.00253385	3502.46	184.5	2.35965	1736.71	764.5	3.11336	1.61661	615	0	-6.63981	0	20	20
0.00689084	0.0025122	3468.2	184.5	2.03971	1710.52	756.985	3.11303	1.61661	615	0	-6.51381	0	20	20
0.00689137	0.00249012	3433.48	184.5	1.76213	1684.02	749.248	3.11231	1.61661	615	0	-6.38652	0	20	20
0.00689217	0.00246767	3398.37	184.5	1.52155	1657.29	741.31	3.11123	1.61661	615	0	-6.25833	0	20	20
0.00689322	0.00244489	3362.94	184.5	1.31324	1630.35	733.191	3.10982	1.61661	615	0	-6.12955	0	20	20
0.00689448	0.00242183	3327.24	184.5	1.13301	1603.27	724.907	3.1081	1.61661	615	0	-6.00045	0	20	20
0.00689596	0.00239851	3291.32	184.5	0.977206	1576.07	716.474	3.1061	1.61661	615	0	-5.87128	0	20	20
0.00689764	0.00237498	3255.22	184.5	0.842585	1548.79	707.905	3.10384	1.61661	615	0	-5.74225	0	20	20
0.0068995	0.00235126	3218.99	184.5	0.726331	1521.46	699.212	3.10132	1.61661	615	0	-5.61354	0	20	20
0.00690154	0.00232737	3182.65	184.5	0.625985	1494.1	690.407	3.09857	1.61661	615	0	-5.48531	0	20	20
0.00690376	0.00230333	3146.24	184.5	0.539403	1466.74	681.499	3.09559	1.61661	615	0	-5.3577	0	20	20
0.00690614	0.00227917	3109.79	184.5	0.464724	1439.4	672.499	3.09239	1.61661	615	0	-5.23085	0	20	20
0.00690869	0.00225491	3073.32	184.5	0.400329	1412.09	663.414	3.08897	1.61661	615	0	-5.10485	0	20	20
0.0069114	0.00223055	3036.85	184.5	0.344818	1384.84	654.253	3.08534	1.61661	615	0	-4.97981	0	20	20
0.00691427	0.00220613	3000.4	184.5	0.296973	1357.65	645.023	3.0815	1.61661	615	0	-4.85582	0	20	20
0.0069173	0.00218164	2964.01	184.5	0.255745	1330.54	635.731	3.07745	1.61661	615	0	-4.73296	0	20	20
0.00692049	0.0021571	2927.67	184.5	0.220224	1303.53	626.385	3.07319	1.61661	615	0	-4.61131	0	20	20
0.00692385	0.00213253	2891.42	184.5	0.189625	1276.62	616.991	3.06872	1.61661	615	0	-4.49093	0	20	20
0.00692737	0.00210794	2855.27	184.5	0.163268	1249.83	607.555	3.06405	1.61661	615	0	-4.3719	0	20	20
0.00693105	0.00208334	2819.24	184.5	0.140567	1223.16	598.083	3.05916	1.61661	615	0	-4.25426	0	20	20
0.00693491	0.00205874	2783.35	184.5	0.121018	1196.64	588.582	3.05406	1.61661	615	0	-4.13808	0	20	20
0.00693894	0.00203416	2747.61	184.5	0.104184	1170.27	579.058	3.04874	1.61661	615	0	-4.0234	0	20	20
0.00694314	0.0020096	2712.03	184.5	0.0896893	1144.05	569.516	3.04321	1.61661	615	0	-3.91029	0	20	20
0.0069475	0.00198509	2676.64	184.5	0.0772089	1118.01	559.962	3.03749	1.61661	615	0	-3.79881	0	20	20
0.00695203	0.00196063	2641.45	184.5	0.0664636	1092.15	550.401	3.03155	1.61661	615	0	-3.68899	0	20	20
0.00695675	0.00193623	2606.48	184.5	0.0572127	1066.48	540.841	3.02538	1.61661	615	0	-3.58085	0	20	20
0.00696166	0.0019119	2571.73	184.5	0.0492485	1041.01	531.285	3.01899	1.61661	615	0	-3.47444	0	20	20
0.00696676	0.00188766	2537.24	184.5	0.0423924	1015.75	521.74	3.01237	1.61661	615	0	-3.3698	0	20	20
0.00697206	0.00186352	2503.01	184.5	0.0364903	990.718	512.211	3.0055	1.61661	615	0	-3.26696	0	20	20
0.00697756	0.00183948	2469.06	184.5	0.0314096	965.912	502.704	2.99839	1.61661	615	0	-3.16594	0	20	20
0.00698328	0.00181557	2435.41	184.5	0.027036	941.347	493.225	2.99104	1.61661	615	0	-3.06679	0	20	20
0.00698921	0.00179179	2402.07	184.5	0.0232712	917.033	483.778	2.98343	1.61661	615	0	-2.96952	0	20	20
0.00699537	0.00176816	2369.06	184.5	0.0200306	892.98	474.37	2.97556	1.61661	615	0	-2.87416	0	20	20
0.00700176	0.00174468	2336.39	184.5	0.0172411	869.198	465.006	2.96742	1.61661	615	0	-2.78073	0	20	20
0.00700838	0.00172137	2304.08	184.5	0.01484	845.697	455.691	2.95901	1.61661	615	0	-2.68926	0	20	20
0.00701524	0.00169825	2272.15	184.499	0.0127733	822.487	446.431	2.95035	1.61661	615	0	-2.59977	0	20	20
0.00702234	0.00167532	2240.61	184.499	0.0109943	799.578	437.231	2.94141	1.61661	615	0	-2.51227	0	20	20
0.00702968	0.00165261	2209.48	184.499	0.00946308	776.98	428.096	2.93219	1.61661	615	0	-2.42679	0	20	20
0.00703728	0.00163011	2178.78	184.499	0.00814509	754.702	419.033	2.92271	1.61661	615	0	-2.34333	0	20	20
0.00704514	0.00160785	2148.51	184.499	0.00701065	732.755	410.045	2.91294	1.61661	615	0	-2.26191	0	20	20
0.00705324	0.00158585	2118.7	184.499	0.0060342	711.149	401.14	2.90291	1.61661	615	0	-2.18254	0	20	20
0.00706161	0.0015641	2089.36	184.499	0.00519374	689.893	392.321	2.8926	1.61661	615	0	-2.10523	0	20	20
0.00707024	0.00154263	2060.5	184.499	0.00447034	668.996	383.594	2.88203	1.61661	615	0	-2.02998	0	20	20
0.00707912	0.00152146	2032.15	184.498	0.00384768	648.47	374.964	2.87119	1.61661	615	0	-1.95679	0	20	20
0.00708826	0.00150058	2004.32	184.498	0.00331176	628.322	366.437	2.8601	1.61661	615	0	-1.88568	0	20	20
0.00709765	0.00148003	1977.01	184.498	0.00285047	608.563	358.017	2.84876	1.61661	615	0	-1.81665	0	20	20
0.0071073	0.00145981	1950.25	184.497	0.00245344	589.201	349.709	2.83718	1.61661	615	0	-1.74968	0	20	20
0.00711719	0.00143993	1924.05	184.497	0.0021117	570.247	341.519	2.82537	1.61661	615	0	-1.68478	0	20	20
0.00712732	0.00142041	1898.43	184.496	0.00181757	551.708	333.451	2.81334	1.61661	615	0	-1.62194	0	20	20
0.00713767	0.00140127	1873.39	184.496	0.0015644	533.593	325.51	2.80111	1.61661	615	0	-1.56116	0	20	20
0.00714825	0.00138251	1848.96	184.495	0.00134649	515.913	317.701	2.7887	1.61661	615	0	-1.50243	0	20	20
0.00715902	0.00136416	1825.14	184.494	0.00115894	498.674	310.028	2.77612	1.61661	615	0	-1.44575	0	20	20
0.00716998	0.00134622	1801.94	184.493	0.000997512	481.885	302.496	2.76341	1.61661	615	0	-1.3911	0	20	20
0.00718111	0.00132871	1779.39	184.492	0.000858568	465.555	295.11	2.75059	1.61661	615	0	-1.33847	0	20	20
0.00719238	0.00131165	1757.48	184.491	0.000738977	449.691	287.875	2.73768	1.61661	615	0	-1.28785	0	20	20
0.00720377	0.00129504	1736.24	184.49	0.000636045	434.302	280.793	2.72471	1.61661	615	0	-1.23924	0	20	20
0.00721525	0.0012789	1715.68	184.488	0.000547449	419.394	273.87	2.71173	1.61661	615	0	-1.19261	0	20	20
0.00722678	0.00126325	1695.79	184.486	0.000471194	404.975	267.111	2.69877	1.61661	615	0	-1.14795	0	20	20
0.00723835	0.00124808	1676.6	184.484	0.000405561	391.046	260.516	2.68585	1.61661	615	0	-1.10522	0	20	20
0.00724994	0.0012334	1658.07	184.481	0.00034907	377.596	254.083	2.67299	1.61661	615	0	-1.06436	0	20	20
0.00726156	0.00121919	1640.2	184.478	0.000300448	364.609	247.81	2.66018	1.61661	615	0	-1.02527	0	20	20
0.00727322	0.00120542	1622.95	184.475	0.000258598	352.068	241.692	2.64741	1.61661	615	0	-0.98786	0	20	20
0.00728491	0.00119209	1606.32	184.471	0.000222577	339.959	235.724	2.63467	1.61661	615	0	-0.952047	0	20	20
0.00729666	0.00117919	1590.27	184.466	0.000191574	328.266	229.904	2.62197	1.61661	615	0	-0.917751	0	20	20
0.00730846	0.0011667	1574.79	184.461	0.000164889	316.976	224.228	2.60929	1.61661	615	0	-0.884897	0	20	20
0.00732033	0.0011546	1559.87	184.454	0.000141922	306.073	218.692	2.59662	1.61661	615	0	-0.853416	0	20	20
0.00733224	0.00114288	1545.48	184.447	0.000122153	295.546	213.292	2.58398	1.61661	615	0	-0.823242	0	20	20
0.00734422	0.00113154	1531.61	184.438	0.000105138	285.381	208.026	2.57136	1.61661	615	0	-0.794309	0	20	20
0.00735627	0.00112056	1518.24	184.428	9.04933e-05	275.565	202.89	2.55875	1.61661	615	0	-0.766557	0	20	20
0.00736838	0.00110992	1505.36	184.416	7.78883e-05	266.087	197.88	2.54615	1.61661	615	0	-0.739929	0	20	20
0.00738057	0.00109963	1492.94	184.403	6.70391e-05	256.935	192.995	2.53356	1.61661	615	0	-0.714372	0	20	20
0.00739282	0.00108966	1480.98	184.387	5.77011e-05	248.098	188.23	2.52098	1.61661	615	0	-0.68983	0	20	20
0.00740515	0.00108	1469.45	184.369	4.96638e-05	239.565	183.582	2.50841	1.61661	615	0	-0.666256	0	20	20
0.00741755	0.00107065	1458.35	184.348	4.2746e-05	231.325	179.05	2.49585	1.61661	615	0	-0.643605	0	20	20
0.00743002	0.0010616	1447.66	184.323	3.67919e-05	223.369	174.629	2.4833	1.61661	615	0	-0.621831	0	20	20
0.00744257	0.00105283	1437.37	184.295	3.1667e-05	215.686	170.317	2.47076	1.61661	615	0	-0.600887	0	20	20
0.0074552	0.00104434	1427.46	184.262	2.72561e-05	208.268	166.112	2.45823	1.61661	615	0	-0.580731	0	20	20
0.0074679	0.00103611	1417.92	184.223	2.34595e-05	201.105	162.011	2.44571	1.61661	615	0	-0.561325	0	20	20
0.00748068	0.00102815	1408.74	184.178	2.01918e-05	194.188	158.011	2.43319	1.61661	615	0	-0.54263	0	20	20
0.00749354	0.00102043	1399.9	184.126	1.73792e-05	187.509	154.109	2.42069	1.61661	615	0	-0.524612	0	20	20
0.00750646	0.00101295	1391.4	184.066	1.49585e-05	181.059	150.304	2.40821	1.61661	615	0	-0.507234	0	20	20
0.00751946	0.00100571	1383.22	183.996	1.28749e-05	174.832	146.593	2.39575	1.61661	615	0	-0.490463	0	20	20
0.00753251	0.000998693	1375.34	183.915	1.10815e-05	168.819	142.974	2.38331	1.61661	615	0	-0.474268	0	20	20
0.00754562	0.000991893	1367.77	183.82	9.53793e-06	163.012	139.444	2.37091	1.61661	615	0	-0.458616	0	20	20
0.00755878	0.000985302	1360.48	183.711	8.20938e-06	157.405	136.001	2.35855	1.61661	615	0	-0.443478	0	20	20
0.00757198	0.000978913	1353.46	183.584	7.06588e-06	151.992	132.643	2.34624	1.61661	615	0	-0.428824	0	20	20
0.00758521	0.00097272	1346.7	183.436	6.08166e-06	146.764	129.368	2.33398	1.61661	615	0	-0.414624	0	20	20
0.00759846	0.000966714	1340.19	183.265	5.23453e-06	141.716	126.174	2.32179	1.61661	615	0	-0.40085	0	20	20
0.00761173	0.000960889	1333.92	183.067	4.5054e-06	136.842	123.059	2.30967	1.61661	615	0	-0.387474	0	20	20
0.00762498	0.000955237	1327.87	182.837	3.87783e-06	132.135	120.021	2.29765	1.61661	615	0	-0.374468	0	20	20
0.00763822	0.000949752	1322.04	182.571	3.33768e-06	127.59	117.057	2.28572	1.61661	615	0	-0.361803	0	20	20
0.00765141	0.000944427	1316.4	182.262	2.87277e-06	123.202	114.167	2.27392	1.61661	615	0	-0.349452	0	20	20
0.00766455	0.000939254	1310.95	181.905	2.47262e-06	118.964	111.348	2.26225	1.61661	615	0	-0.337386	0	20	20
0.00767761	0.000934226	1305.67	181.492	2.1282e-06	114.873	108.599	2.25073	1.61661	615	0	-0.325577	0	20	20
0.00769055	0.000929335	1300.55	181.015	1.83176e-06	110.922	105.918	2.23938	1.61661	615	0	-0.313994	0	20	20
0.00770336	0.000924575	1295.56	180.463	1.57661e-06	107.107	103.303	2.22823	1.61661	615	0	-0.302609	0	20	20
0.007716	0.000919937	1290.7	179.826	1.357e-06	103.423	100.752	2.21729	1.61661	615	0	-0.29139	0	20	20
0.00772844	0.000915413	1285.94	179.092	1.16798e-06	99.8656	98.2645	2.20661	1.61661	615	0	-0.280307	0	20	20
0.00774063	0.000910995	1281.26	178.246	1.00529e-06	96.4307	95.8383	2.1962	1.61661	615	0	-0.269326	0	20	20
0.00775253	0.000906675	1276.65	177.274	8.65262e-07	93.114	93.4721	2.1861	1.61661	615	0	-0.258414	0	20	20
0.00776409	0.000902442	1272.08	176.157	7.44738e-07	89.9114	91.1642	2.17635	1.61661	615	0	-0.247538	0	20	20
0.00777527	0.000898287	1267.53	174.878	6.41002e-07	86.8189	88.9134	2.16698	1.61661	615	0	-0.236665	0	20	20
0.00778599	0.000894202	1262.97	173.414	5.51715e-07	83.8328	86.7181	2.15803	1.61661	615	0	-0.225758	0	20	20
0.00779621	0.000890174	1258.38	171.744	4.74866e-07	80.9495	84.577	2.14956	1.61661	615	0	-0.214786	0	20	20
0.00780585	0.000886193	1253.73	169.844	4.08721e-07	78.1652	82.4888	2.1416	1.61661	615	0	-0.203716	0	20	20
0.00781485	0.000882249	1248.99	167.688	3.51789e-07	75.4768	80.4522	2.13421	1.61661	615	0	-0.192518	0	20	20
0.00782314	0.00087833	1244.13	165.251	3.02788e-07	72.8808	78.4658	2.12744	1.61661	615	0	-0.181166	0	20	20
0.00783064	0.000874425	1239.12	162.507	2.60612e-07	70.3741	76.5285	2.12133	1.61661	615	0	-0.169641	0	20	20
0.00783728	0.000870525	1233.93	159.431	2.24311e-07	67.9536	74.639	2.11595	1.61661	615	0	-0.157927	0	20	20
0.00784299	0.000866618	1228.54	156.001	1.93066e-07	65.6163	72.7961	2.11133	1.61661	615	0	-0.14602	0	20	20
0.00784771	0.000862697	1222.93	152.197	1.66173e-07	63.3595	70.9988	2.10751	1.61661	615	0	-0.133928	0	20	20
0.0078514	0.000858755	1217.08	148.003	1.43027e-07	61.1803	69.2458	2.10455	1.61661	615	0	-0.121667	0	20	20
0.007854	0.000854788	1210.97	143.412	1.23104e-07	59.076	67.5361	2.10246	1.61661	615	0	-0.109273	0	20	20
0.0078555	0.000850793	1204.61	138.423	1.05957e-07	57.0441	65.8687	2.10125	1.61661	615	0	-0.0967914	0	20	20
0.00785591	0.000846772	1198	133.046	9.11979e-08	55.0821	64.2424	2.10093	1.61661	615	0	-0.0842865	0	20	20
0.00785524	0.00084273	1191.15	127.3	7.84948e-08	53.1876	62.6562	2.10146	1.61661	615	0	-0.0718343	0	20	20
0.00785356	0.000838676	1184.1	121.218	6.75611e-08	51.3582	61.1092	2.10281	1.61661	615	0	-0.0595223	0	20	20
0.00785096	0.000834621	1176.88	114.844	5.81504e-08	49.5918	59.6004	2.1049	1.61661	615	0	-0.0474456	0	20	20
0.00784757	0.000830582	1169.54	108.231	5.00505e-08	47.8861	58.1289	2.10763	1.61661	615	0	-0.0357016	0	20	20
0.00784354	0.000826575	1162.14	101.444	4.30789e-08	46.2391	56.6937	2.11088	1.61661	615	0	-0.0243856	0	20	20
0.00783907	0.000822621	1154.75	94.5558	3.70783e-08	44.6487	55.2939	2.1145	1.61661	615	0	-0.0135845	0	20	20
0.00783435	0.000818741	1147.44	87.6413	3.19136e-08	43.113	53.9287	2.11831	1.61661	615	0	-0.00337244	0	20	20
0.00782963	0.000814952	1140.28	80.7784	2.74683e-08	41.6302	52.5972	2.12215	1.61661	615	0	0.0061934	0	20	20
0.00782513	0.000811275	1133.34	74.0421	2.36422e-08	40.1983	51.2986	2.12581	1.61661	615	0	0.0150751	0	20	20
0.00782109	0.000807725	1126.68	67.502	2.0349e-08	38.8157	50.032	2.12911	1.61661	615	0	0.0232548	0	20	20
0.00781772	0.000804315	1120.36	61.2194	1.75146e-08	37.4807	48.7967	2.13187	1.61661	615	0	0.0307341	0	20	20
0.00781522	0.000801053	1114.42	55.2454	1.50749e-08	36.1915	47.5919	2.13391	1.61661	615	0	0.0375318	0	20	20
0.00779576	0.00079962	1108.91	49.6197	1.29751e-08	34.9467	46.4169	2.14993	1.61661	615	0	0.0465723	0	20	20
0.0077715	0.000798899	1103.84	44.3702	1.11678e-08	33.7448	45.2708	2.17013	1.61661	615	0	0.0553613	0	20	20
0.00775542	0.00079769	1099.23	39.5134	9.61219e-09	32.5841	44.1531	2.18365	1.61661	615	0	0.0621479	0	20	20
0.00774716	0.000796024	1095.08	35.0553	8.27329e-09	31.4634	43.0629	2.19065	1.61661	615	0	0.0673824	0	20	20
0.00774579	0.000793985	1091.37	30.9926	7.12089e-09	30.3812	41.9997	2.19181	1.61661	615	0	0.0714533	0	20	20
0.00775007	0.000791681	1088.1	27.3147	6.129e-09	29.3363	40.9627	2.18818	1.61661	615	0	0.0746821	0	20	20
0.00775871	0.000789224	1085.23	24.005	5.27528e-09	28.3273	39.9514	2.18087	1.61661	615	0	0.0773222	0	20	20
0.00777052	0.000786715	1082.76	21.0427	4.54048e-09	27.353	38.965	2.17095	1.61661	615	0	0.0795646	0	20	20
0.00778451	0.000784229	1080.64	18.404	3.90803e-09	26.4122	38.0029	2.15927	1.61661	615	0	0.0815469	0	20	20
0.00779991	0.000781824	1078.86	16.0636	3.36367e-09	25.5037	37.0646	2.14651	1.61661	615	0	0.0833644	0	20	20
0.00781616	0.000779532	1077.38	13.9958	2.89514e-09	24.6265	36.1495	2.13315	1.61661	615	0	0.085081	0	20	20
0.00783286	0.000777376	1076.18	12.175	2.49187e-09	23.7795	35.257	2.11953	1.61661	615	0	0.0867383	0	20	20
0.00784974	0.000775362	1075.23	10.5763	2.14477e-09	22.9616	34.3865	2.10588	1.61661	615	0	0.0883623	0	20	20
0.00786662	0.000773492	1074.51	9.17639	1.84602e-09	22.1719	33.5375	2.09235	1.61661	615	0	0.0899689	0	20	20
0.00788338	0.000771762	1073.99	7.95329	1.58888e-09	21.4093	32.7094	2.07904	1.61661	615	0	0.0915671	0	20	20
0.00789993	0.000770166	1073.66	6.88681	1.36757e-09	20.6729	31.9018	2.066	1.61661	615	0	0.0931616	0	20	20
0.00791623	0.000768696	1073.48	5.95851	1.17707e-09	19.9619	31.1142	2.05327	1.61661	615	0	0.0947543	0	20	20
0.00793223	0.000767343	1073.46	5.15171	1.01312e-09	19.2753	30.3459	2.04086	1.61661	615	0	0.0963454	0	20	20
0.00794793	0.000766098	1073.56	4.45144	8.71998e-10	18.6123	29.5967	2.02879	1.61661	615	0	0.0979339	0	20	20
0.00796331	0.000764955	1073.77	3.84431	7.50536e-10	17.9722	28.866	2.01706	1.61661	615	0	0.0995183	0	20	20
0.00797836	0.000763904	1074.08	3.31846	6.45992e-10	17.354	28.1532	2.00567	1.61661	615	0	0.101097	0	20	20
0.00799308	0.000762939	1074.49	2.8634	5.56011e-10	16.7571	27.4581	1.99461	1.61661	615	0	0.102667	0	20	20
0.00800746	0.000762054	1074.97	2.46989	4.78563e-10	16.1808	26.7802	1.98388	1.61661	615	0	0.104226	0	20	20
0.00802151	0.000761243	1075.52	2.12982	4.11903e-10	15.6243	26.119	1.97348	1.61661	615	0	0.105772	0	20	20
0.00803522	0.0007605	1076.13	1.83611	3.54528e-10	15.0869	25.4741	1.96339	1.61661	615	0	0.107303	0	20	20
0.00804861	0.00075982	1076.8	1.58255	3.05145e-10	14.568	24.8452	1.95361	1.61661	615	0	0.108816	0	20	20
0.00806166	0.0007592	1077.52	1.36374	2.62641e-10	14.0669	24.2317	1.94414	1.61661	615	0	0.110309	0	20	20
0.00807439	0.000758636	1078.28	1.17499	2.26057e-10	13.5831	23.6334	1.93496	1.61661	615	0	0.111781	0	20	20
0.00808679	0.000758123	1079.07	1.01222	1.94569e-10	13.1159	23.0499	1.92607	1.61661	615	0	0.113228	0	20	20
0.00809888	0.000757659	1079.9	0.871894	1.67467e-10	12.6648	22.4808	1.91746	1.61661	615	0	0.11465	0	20	20
0.00811065	0.00075724	1080.76	0.75094	1.4414e-10	12.2292	21.9258	1.90912	1.61661	615	0	0.116044	0	20	20
0.00812211	0.000756864	1081.64	0.646707	1.24063e-10	11.8086	21.3844	1.90105	1.61661	615	0	0.117409	0	20	20
0.00813328	0.000756529	1082.55	0.556898	1.06782e-10	11.4024	20.8564	1.89323	1.61661	615	0	0.118744	0	20	20
0.00814414	0.000756232	1083.47	0.479528	9.1908e-11	11.0102	20.3415	1.88566	1.61661	615	0	0.120046	0	20	20
0.00815472	0.000755971	1084.42	0.412883	7.91059e-11	10.6315	19.8393	1.87834	1.61661	615	0	0.121316	0	20	20
0.00816501	0.000755744	1085.38	0.355483	6.80871e-11	10.2659	19.3494	1.87124	1.61661	615	0	0.122553	0	20	20
0.00817502	0.000755549	1086.35	0.306049	5.86031e-11	9.91278	18.8717	1.86438	1.61661	615	0	0.123754	0	20	20
0.00818476	0.000755384	1087.33	0.26348	5.04402e-11	9.57183	18.4057	1.85773	1.61661	615	0	0.12492	0	20	20
0.00819424	0.000755248	1088.32	0.226824	4.34142e-11	9.24262	17.9513	1.85129	1.61661	615	0	0.126051	0	20	20
0.00820346	0.000755138	1089.33	0.195263	3.7367e-11	8.92472	17.5081	1.84506	1.61661	615	0	0.127146	0	20	20
0.00821243	0.000755055	1090.33	0.168089	3.21621e-11	8.61776	17.0758	1.83902	1.61661	615	0	0.128204	0	20	20
0.00822115	0.000754995	1091.35	0.144694	2.76821e-11	8.32135	16.6542	1.83317	1.61661	615	0	0.129225	0	20	20
0.00822964	0.000754958	1092.37	0.124553	2.38262e-11	8.03514	16.243	1.8275	1.61661	615	0	0.130211	0	20	20
0.00823791	0.000754943	1093.39	0.107214	2.05074e-11	7.75878	15.842	1.822	1.61661	615	0	0.13116	0	20	20
0.00824595	0.000754948	1094.42	0.0922871	1.76509e-11	7.49192	15.4508	1.81668	1.61661	615	0	0.132072	0	20	20
0.00825378	0.000754973	1095.44	0.0794378	1.51923e-11	7.23424	15.0693	1.81152	1.61661	615	0	0.132949	0	20	20
0.0082614	0.000755015	1096.47	0.0683768	1.30761e-11	6.98542	14.6973	1.80651	1.61661	615	0	0.133791	0	20	20
0.00826881	0.000755074	1097.5	0.0588555	1.12547e-11	6.74516	14.3344	1.80165	1.61661	615	0	0.134597	0	20	20
0.00827604	0.000755149	1098.53	0.0506597	9.68703e-12	6.51316	13.9805	1.79693	1.61661	615	0	0.135369	0	20	20
0.00828308	0.000755239	1099.56	0.0436048	8.3377e-12	6.28914	13.6353	1.79236	1.61661	615	0	0.136107	0	20	20
0.00828994	0.000755343	1100.59	0.0375323	7.17633e-12	6.07283	13.2987	1.78791	1.61661	615	0	0.136812	0	20	20
0.00829662	0.000755461	1101.62	0.0323052	6.17672e-12	5.86396	12.9703	1.78359	1.61661	615	0	0.137484	0	20	20
0.00830314	0.00075559	1102.64	0.0278061	5.31635e-12	5.66227	12.6501	1.7794	1.61661	615	0	0.138124	0	20	20
0.0083095	0.000755731	1103.66	0.0239334	4.57583e-12	5.46752	12.3377	1.77532	1.61661	615	0	0.138733	0	20	20
0.0083157	0.000755883	1104.68	0.0206	3.93845e-12	5.27947	12.0331	1.77135	1.61661	615	0	0.139312	0	20	20
0.00832175	0.000756045	1105.7	0.0177309	3.38986e-12	5.09788	11.736	1.76749	1.61661	615	0	0.139861	0	20	20
0.00832765	0.000756216	1106.71	0.0152613	2.91768e-12	4.92254	11.4463	1.76373	1.61661	615	0	0.140381	0	20	20
0.00833342	0.000756396	1107.72	0.0131357	2.51127e-12	4.75323	11.1636	1.76007	1.61661	615	0	0.140873	0	20	20
0.00833905	0.000756583	1108.72	0.0113061	2.16147e-12	4.58975	10.888	1.75651	1.61661	615	0	0.141337	0	20	20
0.00834455	0.000756778	1109.72	0.00973134	1.86039e-12	4.43188	10.6192	1.75304	1.61661	615	0	0.141775	0	20	20
0.00834993	0.00075698	1110.71	0.00837591	1.60125e-12	4.27945	10.357	1.74965	1.61661	615	0	0.142188	0	20	20
0.00835519	0.000757188	1111.7	0.00720926	1.37821e-12	4.13226	10.1013	1.74635	1.61661	615	0	0.142575	0	20	20
0.00836034	0.000757401	1112.68	0.0062051	1.18624e-12	3.99013	9.85188	1.74313	1.61661	615	0	0.142939	0	20	20
0.00836537	0.00075762	1113.66	0.0053408	1.02101e-12	3.8529	9.60864	1.73998	1.61661	615	0	0.143279	0	20	20
0.0083703	0.000757843	1114.63	0.00459689	8.78787e-13	3.72038	9.3714	1.73691	1.61661	615	0	0.143596	0	20	20
0.00837512	0.000758071	1115.59	0.00395659	7.56379e-13	3.59242	9.14002	1.73391	1.61661	615	0	0.143892	0	20	20
0.00837985	0.000758302	1116.55	0.00340548	6.51022e-13	3.46886	8.91435	1.73098	1.61661	615	0	0.144167	0	20	20
0.00838448	0.000758537	1117.5	0.00293113	5.60339e-13	3.34955	8.69426	1.72811	1.61661	615	0	0.144421	0	20	20
0.00838902	0.000758775	1118.44	0.00252285	4.82289e-13	3.23434	8.4796	1.7253	1.61661	615	0	0.144656	0	20	20
0.00839348	0.000759015	1119.38	0.00217145	4.1511e-13	3.1231	8.27023	1.72256	1.61661	615	0	0.144872	0	20	20
0.00839785	0.000759258	1120.31	0.00186898	3.57288e-13	3.01568	8.06604	1.71987	1.61661	615	0	0.14507	0	20	20
0.00840213	0.000759502	1121.24	0.00160865	3.07521e-13	2.91196	7.86689	1.71724	1.61661	615	0	0.14525	0	20	20
0.00840634	0.000759748	1122.15	0.00138458	2.64686e-13	2.8118	7.67266	1.71466	1.61661	615	0	0.145414	0	20	20
0.00841048	0.000759995	1123.06	0.00119172	2.27817e-13	2.71509	7.48322	1.71214	1.61661	615	0	0.145561	0	20	20
0.00841454	0.000760243	1123.96	0.00102572	1.96084e-13	2.62171	7.29846	1.70966	1.61661	615	0	0.145692	0	20	20
0.00841853	0.000760492	1124.86	0.00088285	1.68771e-13	2.53153	7.11826	1.70723	1.61661	615	0	0.145809	0	20	20
0.00842245	0.000760741	1125.74	0.000759876	1.45263e-13	2.44446	6.94251	1.70484	1.61661	615	0	0.145911	0	20	20
0.00842631	0.000760991	1126.62	0.000654032	1.25029e-13	2.36039	6.77109	1.7025	1.61661	615	0	0.145999	0	20	20
0.0084301	0.000761242	1127.49	0.000562931	1.07613e-13	2.2792	6.60392	1.70021	1.61661	615	0	0.146074	0	20	20
0.00843381	0.000761523	1128.4	0.000484519	9.26235e-14	2.20081	6.44086	1.69797	1.61661	615	0	0.146142	0	20	20
0.00843741	0.000761858	1129.38	0.00041703	7.97218e-14	2.12511	6.28184	1.69579	1.61661	615	0	0.146207	0	20	20
0.0084409	0.000762244	1130.43	0.000358941	6.86172e-14	2.05202	6.12674	1.69369	1.61661	615	0	0.146269	0	20	20
0.0084443	0.000762678	1131.53	0.000308943	5.90593e-14	1.98144	5.97547	1.69165	1.61661	615	0	0.146329	0	20	20
0.0084476	0.000763157	1132.7	0.00026591	5.08329e-14	1.91329	5.82794	1.68966	1.61661	615	0	0.146387	0	20	20
0.00845082	0.000763678	1133.92	0.000228871	4.37522e-14	1.84748	5.68404	1.68773	1.61661	615	0	0.146442	0	20	20
0.00845395	0.000764239	1135.19	0.000196991	3.76579e-14	1.78394	5.5437	1.68586	1.61661	615	0	0.146496	0	20	20
0.00845701	0.000764837	1136.51	0.000169552	3.24125e-14	1.72258	5.40683	1.68403	1.61661	615	0	0.146548	0	20	20
0.00845998	0.000765469	1137.87	0.000145935	2.78977e-14	1.66334	5.27333	1.68225	1.61661	615	0	0.146598	0	20	20
0.00846289	0.000766135	1139.28	0.000125607	2.40117e-14	1.60613	5.14313	1.68052	1.61661	615	0	0.146647	0	20	20
0.00846572	0.00076683	1140.72	0.000108111	2.06671e-14	1.55088	5.01615	1.67884	1.61661	615	0	0.146694	0	20	20
0.00846849	0.000767554	1142.2	9.30521e-05	1.77883e-14	1.49754	4.8923	1.67719	1.61661	615	0	0.14674	0	20	20
0.00847119	0.000768305	1143.72	8.00907e-05	1.53106e-14	1.44603	4.77151	1.67559	1.61661	615	0	0.146784	0	20	20
0.00847383	0.000769081	1145.27	6.89347e-05	1.31779e-14	1.3963	4.6537	1.67402	1.61661	615	0	0.146828	0	20	20
0.00847642	0.00076988	1146.84	5.93326e-05	1.13423e-14	1.34827	4.5388	1.67249	1.61661	615	0	0.146871	0	20	20
0.00847895	0.0007707	1148.45	5.10681e-05	9.76244e-15	1.3019	4.42674	1.67099	1.61661	615	0	0.146912	0	20	20
0.00848143	0.000771541	1150.07	4.39547e-05	8.40261e-15	1.25712	4.31744	1.66953	1.61661	615	0	0.146953	0	20	20
0.00848386	0.0007724	1151.73	3.78322e-05	7.2322e-15	1.21388	4.21084	1.66809	1.61661	615	0	0.146994	0	20	20
0.00848624	0.000773277	1153.4	3.25625e-05	6.22481e-15	1.17213	4.10688	1.66669	1.61661	615	0	0.147033	0	20	20
0.00848857	0.00077417	1155.09	2.80268e-05	5.35774e-15	1.13182	4.00548	1.66531	1.61661	615	0	0.147072	0	20	20
0.00849086	0.000775078	1156.81	2.41229e-05	4.61145e-15	1.09289	3.90658	1.66397	1.61661	615	0	0.14711	0	20	20
0.00849311	0.000776	1158.54	2.07627e-05	3.96911e-15	1.0553	3.81013	1.66265	1.61661	615	0	0.147148	0	20	20
0.00849532	0.000776934	1160.28	1.78707e-05	3.41625e-15	1.019	3.71606	1.66135	1.61661	615	0	0.147185	0	20	20
0.00849749	0.000777881	1162.04	1.53814e-05	2.94039e-15	0.983955	3.62431	1.66008	1.61661	615	0	0.147222	0	20	20
0.00849962	0.000778838	1163.81	1.32389e-05	2.53082e-15	0.950112	3.53482	1.65883	1.61661	615	0	0.147259	0	20	20
0.00850172	0.000779805	1165.59	1.13948e-05	2.1783e-15	0.917434	3.44755	1.6576	1.61661	615	0	0.147296	0	20	20
0.00850378	0.000780781	1167.39	9.80762e-06	1.87488e-15	0.885879	3.36243	1.6564	1.61661	615	0	0.147332	0	20	20
0.00850581	0.000781766	1169.19	8.4415e-06	1.61372e-15	0.855409	3.27941	1.65521	1.61661	615	0	0.147368	0	20	20
0.00850781	0.000782757	1171	7.26567e-06	1.38894e-15	0.825988	3.19844	1.65404	1.61661	615	0	0.147404	0	20	20
0.00850978	0.000783756	1172.82	6.25362e-06	1.19547e-15	0.797578	3.11947	1.6529	1.61661	615	0	0.14744	0	20	20
0.00851172	0.000784761	1174.65	5.38254e-06	1.02895e-15	0.770146	3.04245	1.65177	1.61661	615	0	0.147476	0	20	20
0.00851363	0.000785771	1176.48	4.63279e-06	8.85629e-16	0.743657	2.96733	1.65065	1.61661	615	0	0.147512	0	20	20
0.00851552	0.000786787	1178.32	3.98748e-06	7.62268e-16	0.718079	2.89407	1.64955	1.61661	615	0	0.147548	0	20	20
0.00851738	0.000787806	1180.16	3.43206e-06	6.5609e-16	0.693381	2.82261	1.64847	1.61661	615	0	0.147584	0	20	20
0.00851922	0.00078883	1182	2.954e-06	5.64702e-16	0.669533	2.75292	1.64741	1.61661	615	0	0.14762	0	20	20
0.00852103	0.000789856	1183.85	2.54253e-06	4.86043e-16	0.646505	2.68495	1.64636	1.61661	615	0	0.147656	0	20	20
0.00852282	0.000790886	1185.7	2.18838e-06	4.18342e-16	0.624268	2.61866	1.64532	1.61661	615	0	0.147693	0	20	20
0.00852459	0.000791917	1187.55	1.88355e-06	3.6007e-16	0.602797	2.55401	1.64429	1.61661	615	0	0.14773	0	20	20
0.00852634	0.000792951	1189.4	1.62119e-06	3.09915e-16	0.582064	2.49095	1.64328	1.61661	615	0	0.147767	0	20	20
0.00852807	0.000793986	1191.25	1.39537e-06	2.66746e-16	0.562044	2.42944	1.64228	1.61661	615	0	0.147804	0	20	20
0.00852978	0.000795022	1193.11	1.20101e-06	2.29591e-16	0.542713	2.36946	1.6413	1.61661	615	0	0.147842	0	20	20
0.00853147	0.000796059	1194.96	1.03372e-06	1.97611e-16	0.524046	2.31096	1.64032	1.61661	615	0	0.14788	0	20	20
0.00853314	0.000797097	1196.81	8.89728e-07	1.70085e-16	0.506022	2.2539	1.63935	1.61661	615	0	0.147918	0	20	20
0.0085348	0.000798135	1198.66	7.65796e-07	1.46393e-16	0.488618	2.19825	1.6384	1.61661	615	0	0.147956	0	20	20
0.00853644	0.000799172	1200.51	6.59126e-07	1.26002e-16	0.471812	2.14398	1.63746	1.61661	615	0	0.147996	0	20	20
0.00853806	0.000800209	1202.35	5.67315e-07	1.08451e-16	0.455584	2.09104	1.63652	1.61661	615	0	0.148035	0	20	20
0.00853967	0.000801246	1204.2	4.88293e-07	9.33446e-17	0.439914	2.03941	1.6356	1.61661	615	0	0.148075	0	20	20
0.00854127	0.000802281	1206.04	4.20278e-07	8.03424e-17	0.424784	1.98906	1.63468	1.61661	615	0	0.148115	0	20	20
0.00854284	0.000803315	1207.88	3.61736e-07	6.91514e-17	0.410173	1.93995	1.63378	1.61661	615	0	0.148156	0	20	20
0.00854441	0.000804348	1209.71	3.11349e-07	5.95191e-17	0.396066	1.89205	1.63288	1.61661	615	0	0.148198	0	20	20
0.00854596	0.00080538	1211.54	2.67981e-07	5.12286e-17	0.382443	1.84534	1.63199	1.61661	615	0	0.148239	0	20	20
0.0085475	0.000806409	1213.37	2.30653e-07	4.40929e-17	0.369289	1.79978	1.63111	1.61661	615	0	0.148282	0	20	20
0.00854903	0.000807437	1215.19	1.98525e-07	3.79511e-17	0.356588	1.75534	1.63023	1.61661	615	0	0.148325	0	20	20
0.00855054	0.000808463	1217.01	1.70872e-07	3.26648e-17	0.344323	1.712	1.62937	1.61661	615	0	0.148368	0	20	20
0.00855205	0.000809486	1218.83	1.47071e-07	2.81149e-17	0.33248	1.66973	1.62851	1.61661	615	0	0.148412	0	20	20
0.00855354	0.000810507	1220.64	1.26585e-07	2.41987e-17	0.321045	1.62851	1.62766	1.61661	615	0	0.148457	0	20	20
0.00855502	0.000811525	1222.44	1.08953e-07	2.0828e-17	0.310002	1.5883	1.62681	1.61661	615	0	0.148502	0	20	20
0.00855649	0.000812541	1224.24	9.37766e-08	1.79268e-17	0.29934	1.54908	1.62597	1.61661	615	0	0.148548	0	20	20
0.00855795	0.000813554	1226.04	8.07143e-08	1.54298e-17	0.289044	1.51084	1.62514	1.61661	615	0	0.148595	0	20	20
0.0085594	0.000814564	1227.83	6.94714e-08	1.32805e-17	0.279103	1.47353	1.62431	1.61661	615	0	0.148642	0	20	20
0.00856085	0.000815572	1229.61	5.97946e-08	1.14306e-17	0.269503	1.43715	1.62349	1.61661	615	0	0.14869	0	20	20
0.00856228	0.000816576	1231.39	5.14657e-08	9.83845e-18	0.260234	1.40167	1.62268	1.61661	615	0	0.148738	0	20	20
0.0085637	0.000817577	1233.17	4.42969e-08	8.46803e-18	0.251283	1.36706	1.62187	1.61661	615	0	0.148788	0	20	20
0.00856512	0.000818575	1234.94	3.81267e-08	7.2885e-18	0.24264	1.33331	1.62106	1.61661	615	0	0.148838	0	20	20
0.00856652	0.00081957	1236.7	3.2816e-08	6.27327e-18	0.234295	1.30039	1.62027	1.61661	615	0	0.148888	0	20	20
0.00856792	0.000820561	1238.46	2.8245e-08	5.39946e-18	0.226236	1.26828	1.61947	1.61661	615	0	0.148939	0	20	20
0.00856931	0.000821549	1240.21	2.43107e-08	4.64735e-18	0.218455	1.23697	1.61868	1.61661	615	0	0.148991	0	20	20
0.0085707	0.000822533	1241.95	2.09244e-08	4.00001e-18	0.210941	1.20643	1.6179	1.61661	615	0	0.149044	0	20	20
0.00857207	0.000823515	1243.69	1.80098e-08	3.44284e-18	0.203686	1.17664	1.61712	1.61661	615	0	0.149098	0	20	20
0.00857344	0.000824492	1245.43	1.55012e-08	2.96328e-18	0.19668	1.14759	1.61635	1.61661	615	0	0.149152	0	20	20
0.0085748	0.000825466	1247.15	1.3342e-08	2.55052e-18	0.189916	1.11925	1.61558	1.61661	615	0	0.149207	0	20	20
0.00857616	0.000826437	1248.88	1.14835e-08	2.19525e-18	0.183384	1.09162	1.61481	1.61661	615	0	0.149262	0	20	20
0.0085775	0.000827404	1250.59	9.88398e-09	1.88947e-18	0.177076	1.06467	1.61405	1.61661	615	0	0.149319	0	20	20
0.00857884	0.000828367	1252.3	8.50722e-09	1.62628e-18	0.170986	1.03838	1.61329	1.61661	615	0	0.149376	0	20	20
0.00858018	0.000829326	1254.01	7.32223e-09	1.39976e-18	0.165105	1.01274	1.61254	1.61661	615	0	0.149434	0	20	20
0.00858151	0.000830282	1255.7	6.3023e-09	1.20478e-18	0.159426	0.987739	1.61179	1.61661	615	0	0.149493	0	20	20
0.00858283	0.000831235	1257.39	5.42444e-09	1.03696e-18	0.153943	0.963351	1.61105	1.61661	615	0	0.149552	0	20	20
0.00858415	0.000832183	1259.08	4.66886e-09	8.92524e-19	0.148648	0.939566	1.61031	1.61661	615	0	0.149613	0	20	20
0.00858546	0.000833128	1260.76	4.01853e-09	7.68203e-19	0.143535	0.916368	1.60957	1.61661	615	0	0.149674	0	20	20
0.00858677	0.000834069	1262.43	3.45878e-09	6.61198e-19	0.138598	0.893743	1.60883	1.61661	615	0	0.149735	0	20	20
0.00858807	0.000835007	1264.1	2.977e-09	5.69098e-19	0.133831	0.871676	1.6081	1.61661	615	0	0.149798	0	20	20
0.00858936	0.000835941	1265.76	2.56233e-09	4.89828e-19	0.129228	0.850154	1.60738	1.61661	615	0	0.149862	0	20	20
0.00859065	0.000836871	1267.42	2.20541e-09	4.21598e-19	0.124783	0.829164	1.60665	1.61661	615	0	0.149926	0	20	20
0.00859194	0.000837798	1269.07	1.89822e-09	3.62873e-19	0.120492	0.808692	1.60593	1.61661	615	0	0.149991	0	20	20
0.00859322	0.00083872	1270.71	1.63381e-09	3.12328e-19	0.116347	0.788725	1.60521	1.61661	615	0	0.150057	0	20	20
0.00859449	0.00083964	1272.35	1.40623e-09	2.68823e-19	0.112346	0.769252	1.6045	1.61661	615	0	0.150124	0	20	20
0.00859576	0.000840555	1273.98	1.21036e-09	2.31378e-19	0.108482	0.750259	1.60379	1.61661	615	0	0.150191	0	20	20
0.00859703	0.000841467	1275.6	1.04176e-09	1.99149e-19	0.10475	0.731735	1.60308	1.61661	615	0	0.150259	0	20	20
0.00859829	0.000842375	1277.22	8.96654e-10	1.71409e-19	0.101148	0.713668	1.60237	1.61661	615	0	0.150329	0	20	20
0.00859955	0.00084328	1278.84	7.71758e-10	1.47533e-19	0.0976686	0.696048	1.60167	1.61661	615	0	0.150399	0	20	20
0.0086008	0.000844181	1280.45	6.64258e-10	1.26983e-19	0.0943093	0.678862	1.60097	1.61661	615	0	0.150469	0	20	20
0.00860205	0.000845078	1282.05	5.71732e-10	1.09295e-19	0.0910656	0.662101	1.60028	1.61661	615	0	0.150541	0	20	20
