0.00776936	
0.00465131	
0.00342099	
0.00283288	
0.00243138	
0.00211219	
0.00183317	
0.00158348	
0.00137997	
0.00124683	
0.00119667	
0.0012315	
0.00132316	
0.00145813	
0.00163329	
0.00184902	
0.00210512	
0.00241327	
0.00279082	
0.00324817	
0.00381187	
0.00450313	
0.00534808	
0.00636714	
0.00756217	
0.00891447	
0.0104063	
0.0120335	
0.0137877	
0.0156455	
0.0175733	
0.0195319	
0.0214586	
0.0232752	
0.0248855	
0.026176	
0.0270294	
0.0273541	
0.027118	
0.0263727	
0.0252467	
0.0238956	
0.0224658	
0.0210714	
0.0197835	
0.0186348	
0.0176337	
0.0167737	
0.0160408	
0.0154181	
0.0148891	
0.014856	
0.0148378	
0.0147632	
0.0146449	
0.0144942	
0.0143212	
0.014134	
0.0139391	
0.0137413	
0.0135444	
0.0133509	
0.0131625	
0.0129801	
0.0128045	
0.0126359	
0.0124742	
0.0123194	
0.012171	
0.0120289	
0.0118926	
0.0117619	
0.0116362	
