0.00865042	0.000694202	1101	184.5	76.5	0	0	1.57358	1.61661	615	0	0.149128	0	20	20
0.00883497	0.00072341	1169.37	184.391	76.4694	49.8132	16.7868	1.47702	1.61661	615	0	-0.519415	0	20	20
0.00904267	0.000789008	1302.66	184.281	76.4339	146.077	49.553	1.37756	1.61661	615	0	-1.64284	0	20	20
0.0091264	0.000858888	1430.62	184.168	76.3927	239.149	81.5509	1.33999	1.61661	615	0	-2.50694	0	20	20
0.00914252	0.000930104	1553.08	184.054	76.3448	329.132	112.796	1.33292	1.61661	615	0	-3.18578	0	20	20
0.00912214	0.00100123	1670.47	183.937	76.2893	416.127	143.307	1.34187	1.61661	615	0	-3.73072	0	20	20
0.00908121	0.00107172	1783.44	183.818	76.2249	500.236	173.1	1.36009	1.61661	615	0	-4.17782	0	20	20
0.00902818	0.00114138	1892.52	183.698	76.1502	581.563	202.195	1.3842	1.61661	615	0	-4.55192	0	20	20
0.00896777	0.00121012	1998.1	183.575	76.0636	660.213	230.612	1.41236	1.61661	615	0	-4.87025	0	20	20
0.00890282	0.0012779	2100.45	183.45	75.9633	736.294	258.374	1.4435	1.61661	615	0	-5.14505	0	20	20
0.00883508	0.0013447	2199.78	183.323	75.847	809.917	285.504	1.47696	1.61661	615	0	-5.38525	0	20	20
0.00876568	0.0014105	2296.23	183.193	75.7124	881.198	312.029	1.51232	1.61661	615	0	-5.5975	0	20	20
0.00869537	0.00147531	2389.96	183.061	75.5566	950.255	337.976	1.5493	1.61661	615	0	-5.78694	0	20	20
0.00862466	0.00153917	2481.09	182.927	75.3764	1017.22	363.376	1.58772	1.61661	615	0	-5.95759	0	20	20
0.00855386	0.00160209	2569.79	182.791	75.1681	1082.21	388.263	1.62748	1.61661	615	0	-6.11259	0	20	20
0.00848316	0.00166416	2656.21	182.652	74.9275	1145.37	412.674	1.6685	1.61661	615	0	-6.25449	0	20	20
0.00841268	0.00172545	2740.52	182.511	74.6499	1206.86	436.648	1.71079	1.61661	615	0	-6.38536	0	20	20
0.00834246	0.00178605	2822.9	182.368	74.33	1266.81	460.228	1.75435	1.61661	615	0	-6.50692	0	20	20
0.00827249	0.00184607	2903.55	182.222	73.9617	1325.4	483.462	1.79925	1.61661	615	0	-6.6206	0	20	20
0.0082027	0.00190565	2982.68	182.073	73.5383	1382.8	506.4	1.84557	1.61661	615	0	-6.72763	0	20	20
0.00813302	0.00196493	3060.51	181.922	73.0526	1439.17	529.096	1.89341	1.61661	615	0	-6.82904	0	20	20
0.00806334	0.00202405	3137.26	181.768	72.4961	1494.72	551.606	1.94292	1.61661	615	0	-6.92574	0	20	20
0.00799352	0.0020832	3213.19	181.612	71.8602	1549.62	573.99	1.99428	1.61661	615	0	-7.01853	0	20	20
0.00792343	0.00214255	3288.52	181.453	71.1353	1604.08	596.31	2.04767	1.61661	615	0	-7.10808	0	20	20
0.00785291	0.00220229	3363.51	181.291	70.3111	1658.28	618.626	2.10334	1.61661	615	0	-7.19501	0	20	20
0.00778181	0.00226259	3438.39	181.127	69.3773	1712.42	640.999	2.16152	1.61661	615	0	-7.27983	0	20	20
0.00770999	0.00232364	3513.37	180.959	68.323	1766.65	663.485	2.22249	1.61661	615	0	-7.36301	0	20	20
0.00763732	0.00238559	3588.65	180.789	67.1377	1821.15	686.135	2.28653	1.61661	615	0	-7.4449	0	20	20
0.00756372	0.00244858	3664.39	180.616	65.8111	1876.02	708.989	2.35393	1.61661	615	0	-7.52582	0	20	20
0.00748911	0.00251271	3740.67	180.44	64.3342	1931.36	732.073	2.42498	1.61661	615	0	-7.60597	0	20	20
0.0074135	0.00257802	3817.52	180.261	62.6995	1987.18	755.398	2.49994	1.61661	615	0	-7.68547	0	20	20
0.00733695	0.00264448	3894.9	180.079	60.9015	2043.45	778.948	2.57901	1.61661	615	0	-7.76435	0	20	20
0.00725959	0.00271199	3972.65	179.894	58.9379	2100.06	802.687	2.66234	1.61661	615	0	-7.84253	0	20	20
0.00718164	0.00278034	4050.48	179.706	56.8097	2156.8	826.543	2.74998	1.61661	615	0	-7.91984	0	20	20
0.00710341	0.00284922	4128.02	179.514	54.5225	2213.37	850.418	2.84184	1.61661	615	0	-7.99601	0	20	20
0.00702531	0.00291822	4204.75	179.32	52.086	2269.4	874.175	2.93768	1.61661	615	0	-8.07065	0	20	20
0.00694782	0.00298679	4280.04	179.122	49.5151	2324.4	897.651	3.03707	1.61661	615	0	-8.1433	0	20	20
0.0068715	0.00305433	4353.15	178.921	46.8297	2377.81	920.651	3.13939	1.61661	615	0	-8.21344	0	20	20
0.00679698	0.0031201	4423.28	178.717	44.0538	2429.02	942.961	3.24378	1.61661	615	0	-8.28048	0	20	20
0.00672491	0.00318336	4489.59	178.509	41.2153	2477.39	964.354	3.3492	1.61661	615	0	-8.34384	0	20	20
0.00665592	0.00324332	4551.21	178.297	38.3448	2522.26	984.6	3.45443	1.61661	615	0	-8.40292	0	20	20
0.00659065	0.00329922	4607.35	178.083	35.4743	2563.03	1003.48	3.55808	1.61661	615	0	-8.45717	0	20	20
0.00652964	0.00335033	4657.27	177.864	32.6358	2599.12	1020.78	3.65874	1.61661	615	0	-8.5061	0	20	20
0.0064734	0.00339605	4700.37	177.643	29.8599	2630.08	1036.34	3.75494	1.61661	615	0	-8.54929	0	20	20
0.00642227	0.00343588	4736.18	177.417	27.1745	2655.56	1050.02	3.84533	1.61661	615	0	-8.58643	0	20	20
0.00637654	0.00346945	4764.39	177.188	24.6037	2675.32	1061.73	3.92867	1.61661	615	0	-8.61731	0	20	20
0.00633632	0.00349656	4784.89	176.955	22.1672	2689.28	1071.4	4.00394	1.61661	615	0	-8.64182	0	20	20
0.00630166	0.00351714	4797.7	176.718	19.8799	2697.45	1079.05	4.07039	1.61661	615	0	-8.65996	0	20	20
0.00627245	0.00353127	4803	176.478	17.7517	2699.97	1084.69	4.12751	1.61661	615	0	-8.67182	0	20	20
0.00624853	0.00353915	4801.1	176.233	15.7881	2697.1	1088.39	4.1751	1.61661	615	0	-8.67756	0	20	20
0.00622915	0.00354125	4792.42	175.985	13.9901	2689.15	1090.24	4.21418	1.61661	615	0	-8.6733	0	20	20
0.0062127	0.00353843	4777.45	175.733	12.3554	2676.48	1090.36	4.24774	1.61661	615	0	-8.64337	0	20	20
0.00619898	0.00353106	4756.74	175.476	10.8785	2659.51	1088.87	4.27602	1.61661	615	0	-8.58989	0	20	20
0.00618768	0.0035196	4730.85	175.216	9.55195	2638.68	1085.91	4.29949	1.61661	615	0	-8.51535	0	20	20
0.00617857	0.00350444	4700.36	174.951	8.36659	2614.4	1081.62	4.31854	1.61661	615	0	-8.42218	0	20	20
0.00617142	0.003486	4665.82	174.683	7.31231	2587.11	1076.13	4.33357	1.61661	615	0	-8.31277	0	20	20
0.00616599	0.00346468	4627.74	174.41	6.37848	2557.21	1069.57	4.34502	1.61661	615	0	-8.18949	0	20	20
0.00616206	0.00344084	4586.63	174.132	5.55436	2525.07	1062.07	4.35333	1.61661	615	0	-8.05456	0	20	20
0.00615945	0.00341483	4542.93	173.851	4.8294	2491.05	1053.74	4.35888	1.61661	615	0	-7.90998	0	20	20
0.00615792	0.00338698	4497.05	173.565	4.19349	2455.45	1044.68	4.36212	1.61661	615	0	-7.75768	0	20	20
0.00615736	0.00335754	4449.36	173.274	3.63707	2418.55	1035	4.36331	1.61661	615	0	-7.59922	0	20	20
0.00615762	0.00332678	4400.18	172.979	3.15127	2380.62	1024.77	4.36276	1.61661	615	0	-7.43603	0	20	20
0.00615858	0.0032949	4349.8	172.68	2.72794	2341.86	1014.07	4.36072	1.61661	615	0	-7.26939	0	20	20
0.00616014	0.00326211	4298.47	172.376	2.35965	2302.47	1002.97	4.35741	1.61661	615	0	-7.10036	0	20	20
0.00616218	0.00322857	4246.41	172.067	2.03971	2262.61	991.533	4.35308	1.61661	615	0	-6.92991	0	20	20
0.00616466	0.00319442	4193.79	171.753	1.76213	2222.42	979.799	4.34783	1.61661	615	0	-6.75876	0	20	20
0.00616747	0.00315979	4140.78	171.435	1.52155	2182.03	967.818	4.3419	1.61661	615	0	-6.58767	0	20	20
0.00617058	0.00312478	4087.51	171.112	1.31324	2141.54	955.628	4.33532	1.61661	615	0	-6.41711	0	20	20
0.00617393	0.00308949	4034.11	170.784	1.13301	2101.04	943.262	4.32828	1.61661	615	0	-6.24762	0	20	20
0.00617748	0.00305399	3980.66	170.451	0.977206	2060.59	930.75	4.32081	1.61661	615	0	-6.07951	0	20	20
0.00618121	0.00301834	3927.24	170.114	0.842585	2020.27	918.116	4.313	1.61661	615	0	-5.91313	0	20	20
0.00618507	0.00298261	3873.94	169.771	0.726331	1980.11	905.381	4.30493	1.61661	615	0	-5.74875	0	20	20
0.00618908	0.00294683	3820.81	169.423	0.625985	1940.17	892.566	4.29658	1.61661	615	0	-5.58652	0	20	20
0.00619313	0.00291106	3767.89	169.07	0.539403	1900.47	879.685	4.28814	1.61661	615	0	-5.42673	0	20	20
0.00619731	0.00287531	3715.22	168.712	0.464724	1861.06	866.754	4.27948	1.61661	615	0	-5.26937	0	20	20
0.00620156	0.00283962	3662.85	168.348	0.400329	1821.94	853.785	4.27068	1.61661	615	0	-5.1146	0	20	20
0.00620589	0.002804	3610.8	167.98	0.344818	1783.14	840.789	4.26174	1.61661	615	0	-4.96249	0	20	20
0.00621032	0.00276848	3559.09	167.606	0.296973	1744.68	827.777	4.25265	1.61661	615	0	-4.81306	0	20	20
0.00621479	0.00273308	3507.75	167.226	0.255745	1706.57	814.755	4.24347	1.61661	615	0	-4.66642	0	20	20
0.00621936	0.0026978	3456.8	166.841	0.220224	1668.82	801.734	4.23412	1.61661	615	0	-4.52254	0	20	20
0.006224	0.00266267	3406.25	166.451	0.189625	1631.45	788.721	4.22466	1.61661	615	0	-4.38147	0	20	20
0.00622872	0.00262769	3356.11	166.055	0.163268	1594.45	775.721	4.21506	1.61661	615	0	-4.24322	0	20	20
0.00623354	0.00259286	3306.4	165.654	0.140567	1557.83	762.741	4.20528	1.61661	615	0	-4.10776	0	20	20
0.00623843	0.00255822	3257.13	165.247	0.121018	1521.61	749.788	4.19541	1.61661	615	0	-3.97516	0	20	20
0.00624343	0.00252375	3208.31	164.835	0.104184	1485.78	736.868	4.18533	1.61661	615	0	-3.84535	0	20	20
0.00624855	0.00248946	3159.96	164.416	0.0896893	1450.36	723.984	4.17506	1.61661	615	0	-3.71834	0	20	20
0.00625375	0.00245538	3112.07	163.992	0.0772089	1415.34	711.144	4.16464	1.61661	615	0	-3.59415	0	20	20
0.0062591	0.00242149	3064.67	163.562	0.0664636	1380.73	698.351	4.15398	1.61661	615	0	-3.47273	0	20	20
0.00626457	0.00238782	3017.75	163.127	0.0572127	1346.53	685.611	4.1431	1.61661	615	0	-3.35408	0	20	20
0.00627017	0.00235436	2971.33	162.685	0.0492485	1312.76	672.93	4.13202	1.61661	615	0	-3.23821	0	20	20
0.00627593	0.00232113	2925.43	162.238	0.0423924	1279.4	660.311	4.12066	1.61661	615	0	-3.12507	0	20	20
0.00628184	0.00228813	2880.04	161.785	0.0364903	1246.47	647.76	4.10902	1.61661	615	0	-3.01464	0	20	20
0.0062879	0.00225539	2835.18	161.325	0.0314096	1213.98	635.281	4.09715	1.61661	615	0	-2.90696	0	20	20
0.00629415	0.00222289	2790.86	160.86	0.027036	1181.92	622.88	4.08497	1.61661	615	0	-2.80195	0	20	20
0.00630059	0.00219064	2747.08	160.389	0.0232712	1150.3	610.561	4.07245	1.61661	615	0	-2.6996	0	20	20
0.00630721	0.00215868	2703.87	159.911	0.0200306	1119.13	598.33	4.05966	1.61661	615	0	-2.59993	0	20	20
0.00631402	0.00212699	2661.22	159.428	0.0172411	1088.41	586.19	4.04653	1.61661	615	0	-2.50289	0	20	20
0.00632105	0.00209559	2619.16	158.938	0.01484	1058.15	574.147	4.03304	1.61661	615	0	-2.40847	0	20	20
0.0063283	0.0020645	2577.68	158.442	0.0127733	1028.36	562.206	4.01919	1.61661	615	0	-2.31663	0	20	20
0.00633576	0.00203372	2536.81	157.94	0.0109943	999.027	550.372	4.00501	1.61661	615	0	-2.22739	0	20	20
0.00634345	0.00200326	2496.56	157.431	0.00946308	970.174	538.649	3.99047	1.61661	615	0	-2.1407	0	20	20
0.00635138	0.00197314	2456.92	156.917	0.00814509	941.803	527.042	3.97554	1.61661	615	0	-2.05655	0	20	20
0.00635956	0.00194337	2417.93	156.396	0.00701065	913.92	515.557	3.96022	1.61661	615	0	-1.97489	0	20	20
0.00636798	0.00191396	2379.58	155.868	0.0060342	886.531	504.199	3.94452	1.61661	615	0	-1.89573	0	20	20
0.00637664	0.00188492	2341.9	155.335	0.00519374	859.644	492.971	3.92847	1.61661	615	0	-1.81903	0	20	20
0.00638555	0.00185628	2304.89	154.795	0.00447034	833.266	481.88	3.91206	1.61661	615	0	-1.74478	0	20	20
0.00639471	0.00182804	2268.56	154.249	0.00384768	807.402	470.929	3.89526	1.61661	615	0	-1.67294	0	20	20
0.00640413	0.00180021	2232.93	153.696	0.00331176	782.061	460.125	3.87811	1.61661	615	0	-1.60348	0	20	20
0.00641379	0.00177282	2198.01	153.137	0.00285047	757.249	449.471	3.86061	1.61661	615	0	-1.53637	0	20	20
0.0064237	0.00174587	2163.82	152.571	0.00245344	732.973	438.973	3.84277	1.61661	615	0	-1.4716	0	20	20
0.00643384	0.00171939	2130.35	151.999	0.0021117	709.24	428.636	3.82463	1.61661	615	0	-1.40912	0	20	20
0.0064442	0.00169338	2097.63	151.421	0.00181757	686.058	418.463	3.80621	1.61661	615	0	-1.34892	0	20	20
0.00645478	0.00166787	2065.66	150.836	0.0015644	663.433	408.461	3.78753	1.61661	615	0	-1.29095	0	20	20
0.00646554	0.00164287	2034.47	150.245	0.00134649	641.372	398.633	3.76865	1.61661	615	0	-1.2352	0	20	20
0.00647647	0.0016184	2004.05	149.647	0.00115894	619.883	388.984	3.74959	1.61661	615	0	-1.18163	0	20	20
0.00648756	0.00159447	1974.42	149.043	0.000997512	598.972	379.518	3.73041	1.61661	615	0	-1.1302	0	20	20
0.00649877	0.00157111	1945.59	148.432	0.000858568	578.646	370.242	3.71114	1.61661	615	0	-1.08088	0	20	20
0.00651007	0.00154832	1917.57	147.815	0.000738977	558.912	361.157	3.69185	1.61661	615	0	-1.03364	0	20	20
0.00652142	0.00152613	1890.37	147.192	0.000636045	539.776	352.27	3.6726	1.61661	615	0	-0.988448	0	20	20
0.00653278	0.00150455	1864	146.562	0.000547449	521.244	343.584	3.65347	1.61661	615	0	-0.945268	0	20	20
0.0065441	0.00148361	1838.48	145.926	0.000471194	503.322	335.103	3.63454	1.61661	615	0	-0.904068	0	20	20
0.00655535	0.00146331	1813.79	145.283	0.000405561	486.011	326.829	3.61587	1.61661	615	0	-0.864797	0	20	20
0.00656651	0.00144364	1789.92	144.634	0.00034907	469.295	318.76	3.59746	1.61661	615	0	-0.827373	0	20	20
0.00657759	0.00142459	1766.85	143.979	0.000300448	453.154	310.889	3.57931	1.61661	615	0	-0.791699	0	20	20
0.00658861	0.00140612	1744.55	143.317	0.000258598	437.567	303.213	3.56139	1.61661	615	0	-0.757681	0	20	20
0.00659956	0.00138823	1722.98	142.649	0.000222577	422.518	295.727	3.54368	1.61661	615	0	-0.725233	0	20	20
0.00661047	0.00137089	1702.14	141.975	0.000191574	407.985	288.426	3.52617	1.61661	615	0	-0.694273	0	20	20
0.00662133	0.00135409	1682	141.295	0.000164889	393.953	281.304	3.50884	1.61661	615	0	-0.664725	0	20	20
0.00663217	0.00133781	1662.53	140.608	0.000141922	380.403	274.359	3.49168	1.61661	615	0	-0.636514	0	20	20
0.00664297	0.00132203	1643.71	139.915	0.000122153	367.319	267.585	3.47467	1.61661	615	0	-0.609571	0	20	20
0.00665375	0.00130674	1625.52	139.216	0.000105138	354.685	260.978	3.45781	1.61661	615	0	-0.583832	0	20	20
0.00666452	0.00129191	1607.94	138.511	9.04933e-05	342.486	254.535	3.44107	1.61661	615	0	-0.559234	0	20	20
0.00667528	0.00127755	1590.95	137.8	7.78883e-05	330.706	248.25	3.42446	1.61661	615	0	-0.535719	0	20	20
0.00668604	0.00126363	1574.53	137.083	6.70391e-05	319.332	242.121	3.40796	1.61661	615	0	-0.513232	0	20	20
0.0066968	0.00125013	1558.67	136.36	5.77011e-05	308.349	236.143	3.39156	1.61661	615	0	-0.491721	0	20	20
0.00670755	0.00123705	1543.34	135.631	4.96638e-05	297.743	230.313	3.37526	1.61661	615	0	-0.471139	0	20	20
0.00671832	0.00122437	1528.53	134.896	4.2746e-05	287.502	224.626	3.35906	1.61661	615	0	-0.451439	0	20	20
0.0067291	0.00121208	1514.22	134.156	3.67919e-05	277.614	219.08	3.34294	1.61661	615	0	-0.432573	0	20	20
0.00673991	0.00120016	1500.39	133.41	3.1667e-05	268.065	213.671	3.32689	1.61661	615	0	-0.4145	0	20	20
0.00675074	0.00118861	1487.03	132.658	2.72561e-05	258.845	208.395	3.3109	1.61661	615	0	-0.39718	0	20	20
0.0067616	0.0011774	1474.13	131.9	2.34595e-05	249.943	203.25	3.29498	1.61661	615	0	-0.380576	0	20	20
0.00677249	0.00116654	1461.66	131.137	2.01918e-05	241.346	198.232	3.2791	1.61661	615	0	-0.364651	0	20	20
0.00678341	0.001156	1449.62	130.369	1.73792e-05	233.045	193.337	3.26329	1.61661	615	0	-0.349375	0	20	20
0.00679436	0.00114579	1437.99	129.596	1.49585e-05	225.029	188.564	3.24754	1.61661	615	0	-0.334715	0	20	20
0.00680535	0.00113588	1426.76	128.817	1.28749e-05	217.29	183.908	3.23183	1.61661	615	0	-0.320639	0	20	20
0.00681639	0.00112627	1415.91	128.033	1.10815e-05	209.816	179.368	3.21616	1.61661	615	0	-0.307118	0	20	20
0.00682747	0.00111694	1405.43	127.243	9.53793e-06	202.599	174.939	3.20052	1.61661	615	0	-0.294124	0	20	20
0.0068386	0.0011079	1395.32	126.449	8.20938e-06	195.631	170.62	3.18492	1.61661	615	0	-0.281631	0	20	20
0.00684976	0.00109913	1385.55	125.65	7.06588e-06	188.902	166.407	3.16938	1.61661	615	0	-0.269621	0	20	20
0.00686097	0.00109061	1376.12	124.847	6.08166e-06	182.405	162.298	3.15386	1.61661	615	0	-0.258065	0	20	20
0.00687224	0.00108235	1367.01	124.038	5.23453e-06	176.132	158.291	3.13838	1.61661	615	0	-0.246941	0	20	20
0.00688355	0.00107434	1358.23	123.225	4.5054e-06	170.074	154.383	3.12293	1.61661	615	0	-0.236227	0	20	20
0.00689492	0.00106656	1349.74	122.407	3.87783e-06	164.224	150.571	3.10751	1.61661	615	0	-0.225905	0	20	20
0.00690632	0.00105901	1341.55	121.585	3.33768e-06	158.576	146.854	3.09215	1.61661	615	0	-0.215959	0	20	20
0.00691778	0.00105168	1333.65	120.759	2.87277e-06	153.121	143.228	3.07681	1.61661	615	0	-0.206368	0	20	20
0.00692928	0.00104456	1326.02	119.928	2.47262e-06	147.855	139.692	3.06151	1.61661	615	0	-0.197115	0	20	20
0.00694085	0.00103766	1318.66	119.094	2.1282e-06	142.769	136.243	3.04623	1.61661	615	0	-0.188182	0	20	20
0.00695244	0.00103095	1311.56	118.255	1.83176e-06	137.859	132.879	3.03101	1.61661	615	0	-0.17956	0	20	20
0.00696409	0.00102444	1304.7	117.413	1.57661e-06	133.117	129.598	3.01583	1.61661	615	0	-0.17123	0	20	20
0.00697578	0.00101812	1298.09	116.567	1.357e-06	128.539	126.398	3.00069	1.61661	615	0	-0.163178	0	20	20
0.00698753	0.00101198	1291.72	115.718	1.16798e-06	124.118	123.277	2.98559	1.61661	615	0	-0.155391	0	20	20
0.0069993	0.00100601	1285.57	114.865	1.00529e-06	119.849	120.234	2.97054	1.61661	615	0	-0.14786	0	20	20
0.00701112	0.00100022	1279.64	114.009	8.65262e-07	115.727	117.265	2.95555	1.61661	615	0	-0.14057	0	20	20
0.00702297	0.000994592	1273.92	113.149	7.44738e-07	111.746	114.37	2.94061	1.61661	615	0	-0.133511	0	20	20
0.00703487	0.000989124	1268.4	112.287	6.41002e-07	107.903	111.546	2.92571	1.61661	615	0	-0.12667	0	20	20
0.00704679	0.000983814	1263.08	111.421	5.51715e-07	104.192	108.792	2.91089	1.61661	615	0	-0.120043	0	20	20
0.00705874	0.000978653	1257.96	110.553	4.74866e-07	100.608	106.106	2.89613	1.61661	615	0	-0.113616	0	20	20
0.00707072	0.000973639	1253.02	109.682	4.08721e-07	97.1475	103.486	2.88143	1.61661	615	0	-0.107379	0	20	20
0.00708273	0.000968767	1248.26	108.809	3.51789e-07	93.8062	100.931	2.86681	1.61661	615	0	-0.101327	0	20	20
0.00709474	0.000964032	1243.67	107.933	3.02788e-07	90.5798	98.439	2.85227	1.61661	615	0	-0.0954509	0	20	20
0.00710678	0.000959431	1239.26	107.056	2.60612e-07	87.4643	96.0085	2.8378	1.61661	615	0	-0.0897417	0	20	20
0.00711884	0.000954959	1235	106.176	2.24311e-07	84.456	93.6381	2.82341	1.61661	615	0	-0.0841921	0	20	20
0.00713089	0.000950613	1230.9	105.294	1.93066e-07	81.5512	91.3261	2.80911	1.61661	615	0	-0.0787989	0	20	20
0.00714295	0.00094639	1226.95	104.411	1.66173e-07	78.7463	89.0713	2.79491	1.61661	615	0	-0.0735521	0	20	20
0.00715501	0.000942285	1223.15	103.526	1.43027e-07	76.0378	86.8721	2.7808	1.61661	615	0	-0.0684458	0	20	20
0.00716706	0.000938295	1219.49	102.639	1.23104e-07	73.4225	84.7272	2.7668	1.61661	615	0	-0.0634764	0	20	20
0.00717909	0.000934418	1215.97	101.751	1.05957e-07	70.8972	82.6353	2.75291	1.61661	615	0	-0.0586376	0	20	20
0.00719112	0.000930649	1212.59	100.862	9.11979e-08	68.4587	80.595	2.73912	1.61661	615	0	-0.0539232	0	20	20
0.00720312	0.000926987	1209.33	99.9722	7.84948e-08	66.1041	78.6051	2.72545	1.61661	615	0	-0.0493302	0	20	20
0.00721508	0.000923429	1206.19	99.0814	6.75611e-08	63.8305	76.6644	2.71192	1.61661	615	0	-0.0448553	0	20	20
0.00722702	0.000919972	1203.18	98.1899	5.81504e-08	61.6351	74.7715	2.6985	1.61661	615	0	-0.0404918	0	20	20
0.00723891	0.000916612	1200.28	97.2979	5.00505e-08	59.5152	72.9254	2.68522	1.61661	615	0	-0.036236	0	20	20
0.00725076	0.000913348	1197.49	96.4055	4.30789e-08	57.4682	71.1249	2.67208	1.61661	615	0	-0.0320864	0	20	20
0.00726256	0.000910177	1194.82	95.5129	3.70783e-08	55.4916	69.3688	2.65908	1.61661	615	0	-0.0280374	0	20	20
0.0072743	0.000907096	1192.25	94.6203	3.19136e-08	53.583	67.6561	2.64622	1.61661	615	0	-0.024086	0	20	20
0.00728598	0.000904105	1189.78	93.7278	2.74683e-08	51.74	65.9856	2.63352	1.61661	615	0	-0.0202312	0	20	20
0.00729758	0.0009012	1187.41	92.8355	2.36422e-08	49.9604	64.3564	2.62098	1.61661	615	0	-0.016469	0	20	20
0.00730911	0.000898379	1185.13	91.9436	2.0349e-08	48.242	62.7675	2.60859	1.61661	615	0	-0.0127965	0	20	20
0.00732056	0.000895641	1182.94	91.0524	1.75146e-08	46.5828	61.2177	2.59637	1.61661	615	0	-0.00921276	0	20	20
0.00733191	0.000892984	1180.85	90.1618	1.50749e-08	44.9806	59.7063	2.58433	1.61661	615	0	-0.00571542	0	20	20
0.00734317	0.000890405	1178.84	89.2721	1.29751e-08	43.4335	58.2321	2.57246	1.61661	615	0	-0.00230188	0	20	20
0.00735433	0.000887903	1176.91	88.3835	1.11678e-08	41.9396	56.7944	2.56077	1.61661	615	0	0.00102906	0	20	20
0.00736538	0.000885477	1175.07	87.4961	9.61219e-09	40.4971	55.3921	2.54927	1.61661	615	0	0.00427817	0	20	20
0.00737631	0.000883125	1173.3	86.61	8.27329e-09	39.1042	54.0245	2.53795	1.61661	615	0	0.00744799	0	20	20
0.00738712	0.000880845	1171.6	85.7254	7.12089e-09	37.7593	52.6906	2.52683	1.61661	615	0	0.0105397	0	20	20
0.0073978	0.000878636	1169.98	84.8425	6.129e-09	36.4606	51.3897	2.5159	1.61661	615	0	0.0135533	0	20	20
0.00740834	0.000876495	1168.43	83.9614	5.27528e-09	35.2065	50.1209	2.50517	1.61661	615	0	0.0164909	0	20	20
0.00741875	0.000874423	1166.94	83.0822	4.54048e-09	33.9956	48.8834	2.49464	1.61661	615	0	0.0193535	0	20	20
0.00742901	0.000872417	1165.52	82.2051	3.90803e-09	32.8263	47.6764	2.48432	1.61661	615	0	0.0221414	0	20	20
0.00743912	0.000870475	1164.17	81.3303	3.36367e-09	31.6973	46.4993	2.4742	1.61661	615	0	0.0248547	0	20	20
0.00744908	0.000868598	1162.87	80.4579	2.89514e-09	30.6071	45.3512	2.4643	1.61661	615	0	0.0274957	0	20	20
0.00745887	0.000866782	1161.63	79.588	2.49187e-09	29.5543	44.2315	2.4546	1.61661	615	0	0.0300649	0	20	20
0.00746851	0.000865027	1160.45	78.7207	2.14477e-09	28.5378	43.1394	2.44511	1.61661	615	0	0.0325622	0	20	20
0.00747798	0.000863331	1159.32	77.8563	1.84602e-09	27.5563	42.0743	2.43583	1.61661	615	0	0.0349893	0	20	20
0.00748728	0.000861692	1158.25	76.9948	1.58888e-09	26.6085	41.0355	2.42677	1.61661	615	0	0.0373469	0	20	20
0.00749641	0.000860111	1157.22	76.1364	1.36757e-09	25.6933	40.0223	2.41791	1.61661	615	0	0.0396354	0	20	20
0.00750536	0.000858585	1156.24	75.2813	1.17707e-09	24.8096	39.0342	2.40927	1.61661	615	0	0.0418555	0	20	20
0.00751414	0.000857112	1155.31	74.4294	1.01312e-09	23.9563	38.0704	2.40083	1.61661	615	0	0.0440084	0	20	20
0.00752275	0.000855692	1154.43	73.5811	8.71998e-10	23.1323	37.1304	2.3926	1.61661	615	0	0.046095	0	20	20
0.00753117	0.000854323	1153.59	72.7364	7.50536e-10	22.3367	36.2137	2.38458	1.61661	615	0	0.0481156	0	20	20
0.00753942	0.000853004	1152.79	71.8953	6.45992e-10	21.5684	35.3196	2.37677	1.61661	615	0	0.0500716	0	20	20
0.00754749	0.000851733	1152.03	71.0582	5.56011e-10	20.8266	34.4475	2.36915	1.61661	615	0	0.0519639	0	20	20
0.00755538	0.000850509	1151.31	70.225	4.78563e-10	20.1103	33.597	2.36173	1.61661	615	0	0.0537936	0	20	20
0.0075631	0.000849331	1150.62	69.3959	4.11903e-10	19.4186	32.7675	2.35451	1.61661	615	0	0.0555618	0	20	20
0.00757064	0.000848198	1149.97	68.571	3.54528e-10	18.7507	31.9585	2.34748	1.61661	615	0	0.0572699	0	20	20
0.00757801	0.000847107	1149.36	67.7505	3.05145e-10	18.1058	31.1694	2.34064	1.61661	615	0	0.0589189	0	20	20
0.00758521	0.000846059	1148.78	66.9343	2.62641e-10	17.483	30.3998	2.33398	1.61661	615	0	0.0605099	0	20	20
0.00759224	0.000845051	1148.23	66.1227	2.26057e-10	16.8817	29.6493	2.32751	1.61661	615	0	0.0620444	0	20	20
0.0075991	0.000844082	1147.71	65.3158	1.94569e-10	16.3011	28.9172	2.32121	1.61661	615	0	0.0635236	0	20	20
0.00760579	0.000843151	1147.22	64.5135	1.67467e-10	15.7404	28.2032	2.31508	1.61661	615	0	0.064949	0	20	20
0.00761233	0.000842256	1146.76	63.7161	1.4414e-10	15.199	27.5069	2.30912	1.61661	615	0	0.0663222	0	20	20
0.00761871	0.000841397	1146.33	62.9236	1.24063e-10	14.6763	26.8278	2.30333	1.61661	615	0	0.0676445	0	20	20
0.00762494	0.000840573	1145.92	62.1362	1.06782e-10	14.1715	26.1654	2.29769	1.61661	615	0	0.0689175	0	20	20
0.00763102	0.000839781	1145.54	61.3539	9.1908e-11	13.6841	25.5194	2.2922	1.61661	615	0	0.0701425	0	20	20
0.00763695	0.00083902	1145.18	60.5767	7.91059e-11	13.2134	24.8893	2.28686	1.61661	615	0	0.071321	0	20	20
0.00764274	0.000838291	1144.84	59.8049	6.80871e-11	12.7589	24.2748	2.28167	1.61661	615	0	0.0724545	0	20	20
0.00764838	0.000837591	1144.52	59.0384	5.86031e-11	12.3201	23.6754	2.27662	1.61661	615	0	0.0735443	0	20	20
0.0076539	0.000836919	1144.23	58.2773	5.04402e-11	11.8963	23.0909	2.27171	1.61661	615	0	0.0745919	0	20	20
0.00765928	0.000836275	1143.96	57.5218	4.34142e-11	11.4872	22.5208	2.26692	1.61661	615	0	0.0755988	0	20	20
0.00766453	0.000835657	1143.7	56.7719	3.7367e-11	11.0921	21.9647	2.26226	1.61661	615	0	0.0765663	0	20	20
0.00766966	0.000835065	1143.47	56.0276	3.21621e-11	10.7106	21.4224	2.25773	1.61661	615	0	0.0774958	0	20	20
0.00767467	0.000834497	1143.25	55.289	2.76821e-11	10.3422	20.8935	2.25331	1.61661	615	0	0.0783888	0	20	20
0.00767956	0.000833952	1143.05	54.5562	2.38262e-11	9.98647	20.3776	2.24901	1.61661	615	0	0.0792464	0	20	20
0.00768434	0.00083343	1142.86	53.8293	2.05074e-11	9.64299	19.8745	2.24482	1.61661	615	0	0.0800701	0	20	20
0.007689	0.00083293	1142.7	53.1082	1.76509e-11	9.31132	19.3838	2.24073	1.61661	615	0	0.0808612	0	20	20
0.00769356	0.00083245	1142.54	52.3932	1.51923e-11	8.99106	18.9052	2.23675	1.61661	615	0	0.0816208	0	20	20
0.00769802	0.000831991	1142.4	51.6841	1.30761e-11	8.68182	18.4384	2.23287	1.61661	615	0	0.0823503	0	20	20
0.00770238	0.00083155	1142.28	50.981	1.12547e-11	8.38321	17.9832	2.22908	1.61661	615	0	0.0830507	0	20	20
0.00770665	0.000831128	1142.17	50.2841	9.68703e-12	8.09487	17.5392	2.22538	1.61661	615	0	0.0837232	0	20	20
0.00771082	0.000830724	1142.07	49.5933	8.3377e-12	7.81645	17.1061	2.22177	1.61661	615	0	0.084369	0	20	20
0.0077149	0.000830336	1141.98	48.9087	7.17633e-12	7.54761	16.6838	2.21825	1.61661	615	0	0.0849892	0	20	20
0.00771889	0.000829965	1141.91	48.2303	6.17672e-12	7.28801	16.2719	2.2148	1.61661	615	0	0.0855847	0	20	20
0.0077228	0.000829609	1141.84	47.5582	5.31635e-12	7.03734	15.8701	2.21144	1.61661	615	0	0.0861566	0	20	20
0.00772663	0.000829268	1141.79	46.8923	4.57583e-12	6.7953	15.4783	2.20815	1.61661	615	0	0.0867059	0	20	20
0.00773039	0.000828942	1141.74	46.2327	3.93845e-12	6.56158	15.0961	2.20494	1.61661	615	0	0.0872335	0	20	20
0.00773406	0.000828629	1141.71	45.5795	3.38986e-12	6.33589	14.7234	2.20179	1.61661	615	0	0.0877402	0	20	20
0.00773767	0.000828329	1141.69	44.9326	2.91768e-12	6.11797	14.3599	2.19872	1.61661	615	0	0.0882271	0	20	20
0.0077412	0.000828042	1141.67	44.2921	2.51127e-12	5.90755	14.0053	2.19571	1.61661	615	0	0.0886948	0	20	20
0.00774467	0.000827767	1141.67	43.658	2.16147e-12	5.70436	13.6595	2.19276	1.61661	615	0	0.0891442	0	20	20
0.00774807	0.000827504	1141.67	43.0302	1.86039e-12	5.50816	13.3223	2.18987	1.61661	615	0	0.0895761	0	20	20
0.00775141	0.000827251	1141.68	42.409	1.60125e-12	5.31871	12.9933	2.18704	1.61661	615	0	0.0899912	0	20	20
0.00775434	0.000827044	1141.7	41.7941	1.37821e-12	5.13578	12.6725	2.18457	1.61661	615	0	0.0905755	0	20	20
0.00775622	0.000826944	1141.72	41.1856	1.18624e-12	4.95913	12.3597	2.18298	1.61661	615	0	0.0916598	0	20	20
0.00775812	0.000826848	1141.76	40.5837	1.02101e-12	4.78857	12.0545	2.18138	1.61661	615	0	0.0926962	0	20	20
0.00776004	0.000826756	1141.81	39.9881	8.78787e-13	4.62386	11.7569	2.17976	1.61661	615	0	0.0936865	0	20	20
0.00776197	0.000826669	1141.86	39.399	7.56379e-13	4.46483	11.4666	2.17813	1.61661	615	0	0.0946323	0	20	20
0.00776392	0.000826586	1141.93	38.8163	6.51022e-13	4.31126	11.1835	2.17649	1.61661	615	0	0.0955352	0	20	20
0.00776588	0.000826507	1142	38.2401	5.60339e-13	4.16298	10.9074	2.17484	1.61661	615	0	0.0963968	0	20	20
0.00776786	0.000826431	1142.09	37.6703	4.82289e-13	4.0198	10.638	2.17318	1.61661	615	0	0.0972187	0	20	20
0.00776986	0.000826359	1142.18	37.1069	4.1511e-13	3.88154	10.3754	2.17151	1.61661	615	0	0.0980022	0	20	20
0.00777186	0.00082629	1142.27	36.5499	3.57288e-13	3.74803	10.1192	2.16983	1.61661	615	0	0.0987488	0	20	20
0.00777388	0.000826224	1142.38	35.9993	3.07521e-13	3.61912	9.86938	2.16814	1.61661	615	0	0.0994598	0	20	20
0.0077759	0.00082616	1142.49	35.4551	2.64686e-13	3.49464	9.62571	2.16644	1.61661	615	0	0.100137	0	20	20
0.00777794	0.000826099	1142.6	34.9173	2.27817e-13	3.37445	9.38805	2.16474	1.61661	615	0	0.10078	0	20	20
0.00777999	0.000826041	1142.73	34.3858	1.96084e-13	3.25838	9.15625	2.16303	1.61661	615	0	0.101392	0	20	20
0.00778204	0.000825985	1142.85	33.8607	1.68771e-13	3.14631	8.93019	2.16132	1.61661	615	0	0.101974	0	20	20
0.0077841	0.000825931	1142.99	33.3418	1.45263e-13	3.0381	8.7097	2.1596	1.61661	615	0	0.102526	0	20	20
0.00778617	0.000825879	1143.12	32.8292	1.25029e-13	2.9336	8.49466	2.15788	1.61661	615	0	0.10305	0	20	20
0.00778825	0.000825829	1143.26	32.3229	1.07613e-13	2.8327	8.28492	2.15616	1.61661	615	0	0.103547	0	20	20
0.00779033	0.000825781	1143.41	31.8229	9.26235e-14	2.73527	8.08037	2.15443	1.61661	615	0	0.104017	0	20	20
0.00779241	0.000825734	1143.56	31.329	7.97218e-14	2.64119	7.88086	2.1527	1.61661	615	0	0.104463	0	20	20
0.0077945	0.000825689	1143.71	30.8413	6.86172e-14	2.55035	7.68628	2.15097	1.61661	615	0	0.104884	0	20	20
0.0077966	0.000825646	1143.87	30.3597	5.90593e-14	2.46263	7.49651	2.14924	1.61661	615	0	0.105282	0	20	20
0.00779869	0.000825604	1144.03	29.8843	5.08329e-14	2.37793	7.31142	2.14751	1.61661	615	0	0.105657	0	20	20
0.00780079	0.000825563	1144.19	29.4149	4.37522e-14	2.29614	7.1309	2.14578	1.61661	615	0	0.106011	0	20	20
0.00780289	0.000825524	1144.36	28.9516	3.76579e-14	2.21717	6.95484	2.14405	1.61661	615	0	0.106345	0	20	20
0.00780499	0.000825485	1144.53	28.4943	3.24125e-14	2.14091	6.78312	2.14232	1.61661	615	0	0.106658	0	20	20
0.00780708	0.000825448	1144.7	28.0429	2.78977e-14	2.06727	6.61564	2.14059	1.61661	615	0	0.106953	0	20	20
0.00780918	0.000825411	1144.87	27.5975	2.40117e-14	1.99617	6.4523	2.13886	1.61661	615	0	0.10723	0	20	20
0.00781128	0.000825376	1145.05	27.158	2.06671e-14	1.92751	6.293	2.13714	1.61661	615	0	0.107489	0	20	20
0.00781338	0.000825341	1145.22	26.7243	1.77883e-14	1.86122	6.13762	2.13542	1.61661	615	0	0.107731	0	20	20
0.00781548	0.000825307	1145.4	26.2965	1.53106e-14	1.7972	5.98608	2.1337	1.61661	615	0	0.107957	0	20	20
0.00781757	0.000825273	1145.58	25.8744	1.31779e-14	1.73539	5.83829	2.13199	1.61661	615	0	0.108167	0	20	20
0.00781966	0.000825241	1145.77	25.458	1.13423e-14	1.6757	5.69414	2.13028	1.61661	615	0	0.108363	0	20	20
0.00782175	0.000825209	1145.95	25.0473	9.76244e-15	1.61806	5.55355	2.12857	1.61661	615	0	0.108545	0	20	20
0.00782384	0.000825177	1146.13	24.6423	8.40261e-15	1.56241	5.41643	2.12687	1.61661	615	0	0.108713	0	20	20
0.00782592	0.000825146	1146.32	24.2428	7.2322e-15	1.50867	5.2827	2.12517	1.61661	615	0	0.108868	0	20	20
0.007828	0.000825115	1146.5	23.8489	6.22481e-15	1.45678	5.15227	2.12348	1.61661	615	0	0.109011	0	20	20
0.00783007	0.000825084	1146.69	23.4604	5.35774e-15	1.40668	5.02506	2.12179	1.61661	615	0	0.109141	0	20	20
0.00783214	0.000825054	1146.88	23.0775	4.61145e-15	1.3583	4.90099	2.12011	1.61661	615	0	0.109261	0	20	20
0.00783421	0.000825024	1147.06	22.6999	3.96911e-15	1.31158	4.77998	2.11843	1.61661	615	0	0.109369	0	20	20
0.00783627	0.000824994	1147.25	22.3277	3.41625e-15	1.26647	4.66197	2.11676	1.61661	615	0	0.109467	0	20	20
0.00783833	0.000824965	1147.44	21.9608	2.94039e-15	1.22291	4.54686	2.1151	1.61661	615	0	0.109555	0	20	20
0.00784038	0.000824935	1147.63	21.5991	2.53082e-15	1.18085	4.4346	2.11344	1.61661	615	0	0.109634	0	20	20
0.00784242	0.000824906	1147.82	21.2427	2.1783e-15	1.14023	4.32511	2.11178	1.61661	615	0	0.109703	0	20	20
0.00784446	0.000824877	1148.01	20.8914	1.87488e-15	1.10101	4.21832	2.11014	1.61661	615	0	0.109764	0	20	20
0.0078465	0.000824847	1148.2	20.5452	1.61372e-15	1.06314	4.11417	2.10849	1.61661	615	0	0.109816	0	20	20
0.00784853	0.000824818	1148.38	20.204	1.38894e-15	1.02658	4.01259	2.10686	1.61661	615	0	0.109861	0	20	20
0.00785055	0.000824788	1148.57	19.8679	1.19547e-15	0.991269	3.91352	2.10523	1.61661	615	0	0.109898	0	20	20
0.00785257	0.000824759	1148.76	19.5367	1.02895e-15	0.957175	3.81689	2.10361	1.61661	615	0	0.109928	0	20	20
0.00785458	0.000824729	1148.95	19.2104	8.85629e-16	0.924253	3.72266	2.10199	1.61661	615	0	0.109951	0	20	20
0.00785658	0.000824699	1149.14	18.8889	7.62268e-16	0.892464	3.63074	2.10039	1.61661	615	0	0.109967	0	20	20
0.00785858	0.000824669	1149.32	18.5723	6.5609e-16	0.861768	3.5411	2.09878	1.61661	615	0	0.109977	0	20	20
0.00786057	0.000824639	1149.51	18.2604	5.64702e-16	0.832128	3.45367	2.09719	1.61661	615	0	0.109982	0	20	20
0.00786256	0.000824608	1149.69	17.9532	4.86043e-16	0.803507	3.3684	2.0956	1.61661	615	0	0.10998	0	20	20
0.00786454	0.000824577	1149.88	17.6506	4.18342e-16	0.775871	3.28523	2.09402	1.61661	615	0	0.109974	0	20	20
0.00786651	0.000824546	1150.06	17.3526	3.6007e-16	0.749185	3.20412	2.09244	1.61661	615	0	0.109962	0	20	20
0.00786848	0.000824515	1150.25	17.0592	3.09915e-16	0.723417	3.12501	2.09087	1.61661	615	0	0.109946	0	20	20
0.00787044	0.000824483	1150.43	16.7702	2.66746e-16	0.698536	3.04785	2.08931	1.61661	615	0	0.109924	0	20	20
0.00787239	0.000824451	1150.61	16.4856	2.29591e-16	0.67451	2.9726	2.08776	1.61661	615	0	0.109899	0	20	20
0.00787434	0.000824418	1150.79	16.2055	1.97611e-16	0.65131	2.89921	2.08621	1.61661	615	0	0.109869	0	20	20
0.00787628	0.000824385	1150.97	15.9296	1.70085e-16	0.628909	2.82763	2.08467	1.61661	615	0	0.109836	0	20	20
0.00787821	0.000824351	1151.15	15.6581	1.46393e-16	0.607278	2.75781	2.08313	1.61661	615	0	0.109798	0	20	20
0.00788014	0.000824317	1151.33	15.3907	1.26002e-16	0.586391	2.68972	2.0816	1.61661	615	0	0.109758	0	20	20
0.00788206	0.000824283	1151.51	15.1275	1.08451e-16	0.566222	2.62331	2.08008	1.61661	615	0	0.109714	0	20	20
0.00788398	0.000824248	1151.69	14.8685	9.33446e-17	0.546747	2.55854	2.07857	1.61661	615	0	0.109666	0	20	20
0.00788589	0.000824213	1151.86	14.6135	8.03424e-17	0.527942	2.49537	2.07706	1.61661	615	0	0.109616	0	20	20
0.00788779	0.000824177	1152.03	14.3625	6.91514e-17	0.509784	2.43376	2.07555	1.61661	615	0	0.109563	0	20	20
0.00788969	0.00082414	1152.21	14.1155	5.95191e-17	0.49225	2.37367	2.07406	1.61661	615	0	0.109507	0	20	20
0.00789158	0.000824103	1152.38	13.8724	5.12286e-17	0.475319	2.31506	2.07257	1.61661	615	0	0.109449	0	20	20
0.00789346	0.000824066	1152.55	13.6332	4.40929e-17	0.458971	2.2579	2.07108	1.61661	615	0	0.109389	0	20	20
0.00789534	0.000824027	1152.72	13.3977	3.79511e-17	0.443185	2.20216	2.06961	1.61661	615	0	0.109326	0	20	20
0.00789721	0.000823989	1152.89	13.1661	3.26648e-17	0.427941	2.14779	2.06814	1.61661	615	0	0.109261	0	20	20
0.00789908	0.000823949	1153.06	12.9381	2.81149e-17	0.413223	2.09476	2.06667	1.61661	615	0	0.109194	0	20	20
0.00790094	0.000823909	1153.22	12.7138	2.41987e-17	0.39901	2.04304	2.06521	1.61661	615	0	0.109126	0	20	20
0.00790279	0.000823869	1153.39	12.4932	2.0828e-17	0.385286	1.99259	2.06376	1.61661	615	0	0.109055	0	20	20
0.00790464	0.000823828	1153.55	12.2761	1.79268e-17	0.372034	1.9434	2.06231	1.61661	615	0	0.108983	0	20	20
0.00790648	0.000823786	1153.71	12.0625	1.54298e-17	0.359238	1.89541	2.06087	1.61661	615	0	0.10891	0	20	20
0.00790831	0.000823743	1153.87	11.8524	1.32805e-17	0.346883	1.84862	2.05944	1.61661	615	0	0.108835	0	20	20
0.00791015	0.0008237	1154.03	11.6457	1.14306e-17	0.334952	1.80297	2.05801	1.61661	615	0	0.108759	0	20	20
0.00791197	0.000823656	1154.19	11.4423	9.83845e-18	0.323431	1.75846	2.05658	1.61661	615	0	0.108681	0	20	20
0.00791379	0.000823612	1154.35	11.2423	8.46803e-18	0.312307	1.71504	2.05517	1.61661	615	0	0.108603	0	20	20
0.0079156	0.000823567	1154.51	11.0456	7.2885e-18	0.301565	1.6727	2.05375	1.61661	615	0	0.108523	0	20	20
0.00791741	0.000823521	1154.66	10.8521	6.27327e-18	0.291193	1.6314	2.05235	1.61661	615	0	0.108443	0	20	20
0.00791921	0.000823475	1154.81	10.6619	5.39946e-18	0.281178	1.59112	2.05095	1.61661	615	0	0.108361	0	20	20
0.00792101	0.000823428	1154.97	10.4747	4.64735e-18	0.271507	1.55183	2.04955	1.61661	615	0	0.108279	0	20	20
0.0079228	0.00082338	1155.12	10.2906	4.00001e-18	0.262168	1.51352	2.04816	1.61661	615	0	0.108196	0	20	20
0.00792459	0.000823331	1155.27	10.1096	3.44284e-18	0.253151	1.47615	2.04677	1.61661	615	0	0.108112	0	20	20
0.00792637	0.000823282	1155.42	9.93164	2.96328e-18	0.244444	1.4397	2.04539	1.61661	615	0	0.108028	0	20	20
0.00792815	0.000823233	1155.56	9.75661	2.55052e-18	0.236036	1.40416	2.04402	1.61661	615	0	0.107943	0	20	20
0.00792992	0.000823182	1155.71	9.5845	2.19525e-18	0.227918	1.36949	2.04265	1.61661	615	0	0.107858	0	20	20
0.00793168	0.000823131	1155.85	9.41527	1.88947e-18	0.220079	1.33568	2.04129	1.61661	615	0	0.107772	0	20	20
0.00793345	0.000823079	1156	9.24887	1.62628e-18	0.212509	1.3027	2.03993	1.61661	615	0	0.107686	0	20	20
0.0079352	0.000823027	1156.14	9.08527	1.39976e-18	0.2052	1.27053	2.03857	1.61661	615	0	0.107599	0	20	20
0.00793695	0.000822973	1156.28	8.92441	1.20478e-18	0.198142	1.23916	2.03722	1.61661	615	0	0.107512	0	20	20
0.0079387	0.00082292	1156.42	8.76627	1.03696e-18	0.191327	1.20857	2.03588	1.61661	615	0	0.107425	0	20	20
0.00794044	0.000822865	1156.56	8.6108	8.92524e-19	0.184747	1.17873	2.03454	1.61661	615	0	0.107337	0	20	20
0.00794218	0.00082281	1156.69	8.45795	7.68203e-19	0.178393	1.14963	2.0332	1.61661	615	0	0.10725	0	20	20
0.00794391	0.000822754	1156.83	8.3077	6.61198e-19	0.172257	1.12124	2.03187	1.61661	615	0	0.107162	0	20	20
0.00794564	0.000822697	1156.96	8.15999	5.69098e-19	0.166332	1.09356	2.03055	1.61661	615	0	0.107074	0	20	20
0.00794736	0.00082264	1157.09	8.0148	4.89828e-19	0.160611	1.06656	2.02923	1.61661	615	0	0.106986	0	20	20
0.00794908	0.000822582	1157.23	7.87207	4.21598e-19	0.155087	1.04023	2.02791	1.61661	615	0	0.106898	0	20	20
0.0079508	0.000822523	1157.36	7.73179	3.62873e-19	0.149753	1.01454	2.0266	1.61661	615	0	0.10681	0	20	20
0.00795251	0.000822464	1157.48	7.59389	3.12328e-19	0.144602	0.989493	2.02529	1.61661	615	0	0.106722	0	20	20
0.00795422	0.000822404	1157.61	7.45836	2.68823e-19	0.139629	0.965062	2.02399	1.61661	615	0	0.106634	0	20	20
0.00795592	0.000822344	1157.74	7.32515	2.31378e-19	0.134826	0.941235	2.02269	1.61661	615	0	0.106546	0	20	20
0.00795762	0.000822282	1157.86	7.19422	1.99149e-19	0.130189	0.917995	2.0214	1.61661	615	0	0.106458	0	20	20
0.00795931	0.00082222	1157.99	7.06554	1.71409e-19	0.125711	0.89533	2.0201	1.61661	615	0	0.10637	0	20	20
0.007961	0.000822158	1158.11	6.93908	1.47533e-19	0.121387	0.873224	2.01882	1.61661	615	0	0.106283	0	20	20
0.00796268	0.000822095	1158.23	6.8148	1.26983e-19	0.117212	0.851664	2.01754	1.61661	615	0	0.106195	0	20	20
0.00796437	0.000822031	1158.35	6.69266	1.09295e-19	0.113181	0.830637	2.01626	1.61661	615	0	0.106108	0	20	20
