0.00936804	
0.00744261	
0.00588644	
0.00510241	
0.00463202	
0.00431448	
0.00408292	
0.00390822	
0.0037852	
0.00372123	
0.00374886	
0.00388147	
0.00409492	
0.00437491	
0.00471724	
0.00512482	
0.0056051	
0.00616845	
0.00682714	
0.00759434	
0.00848289	
0.00950357	
0.0106633	
0.0119643	
0.0134077	
0.0150212	
0.0169622	
0.0195977	
0.0236264	
0.0298961	
0.0465054	
0.0571153	
0.0560217	
0.0525083	
0.0491492	
0.0462753	
0.0439027	
0.0419809	
0.0404433	
0.039224	
0.038265	
0.0375169	
0.0369392	
0.0364984	
0.0361678	
0.0359256	
0.0357542	
0.0356394	
0.0355698	
0.0355368	
0.0355586	
0.0356387	
0.035767	
0.0359346	
0.0361336	
0.036357	
0.0365988	
0.0368535	
0.0371167	
0.0373841	
0.0376525	
0.037919	
0.0381811	
0.038437	
0.0386849	
0.0389238	
0.0391528	
0.0393712	
0.0395787	
0.039775	
0.0399601	
0.0401341	
0.0402974	
