0.00866572	0.000693067	1111.6	256.922	76.5	0	0	1.56526	1.61661	615	0	0.149389	0	20	20
0.00874073	0.000705017	1139.29	256.922	76.4694	18.4973	6.23352	1.52531	1.61661	615	0	-0.095581	0	20	20
0.00885685	0.000729768	1192.88	256.922	76.4339	54.217	18.3919	1.4661	1.61661	615	0	-0.541113	0	20	20
0.00893868	0.000754696	1243.47	256.922	76.3927	88.6977	30.2466	1.4262	1.61661	615	0	-0.927681	0	20	20
0.00899582	0.000779751	1291.83	256.922	76.3448	121.972	41.8016	1.39919	1.61661	615	0	-1.26708	0	20	20
0.00903411	0.000804547	1337.79	256.922	76.2893	154.072	53.0611	1.38148	1.61661	615	0	-1.56616	0	20	20
0.00905837	0.000828812	1381.33	256.922	76.2249	185.027	64.0292	1.37041	1.61661	615	0	-1.83042	0	20	20
0.00907234	0.000852386	1422.54	256.922	76.1502	214.87	74.7101	1.36409	1.61661	615	0	-2.06495	0	20	20
0.00907879	0.000875202	1461.57	256.922	76.0636	243.63	85.108	1.36118	1.61661	615	0	-2.27425	0	20	20
0.00907978	0.00089725	1498.62	256.922	75.9633	271.335	95.2274	1.36074	1.61661	615	0	-2.46219	0	20	20
0.00907677	0.000918555	1533.89	256.922	75.847	298.017	105.073	1.36209	1.61661	615	0	-2.63199	0	20	20
0.00907083	0.000939156	1567.56	256.922	75.7124	323.702	114.649	1.36477	1.61661	615	0	-2.78631	0	20	20
0.00906273	0.000959094	1599.79	256.922	75.5566	348.421	123.96	1.36843	1.61661	615	0	-2.9273	0	20	20
0.00905303	0.000978407	1630.7	256.922	75.3764	372.202	133.011	1.37284	1.61661	615	0	-3.0567	0	20	20
0.00904214	0.000997127	1660.41	256.922	75.1681	395.075	141.809	1.3778	1.61661	615	0	-3.17594	0	20	20
0.00903038	0.00101528	1688.99	256.922	74.9275	417.067	150.357	1.38319	1.61661	615	0	-3.28619	0	20	20
0.00901798	0.00103288	1716.5	256.922	74.6499	438.208	158.663	1.38891	1.61661	615	0	-3.38843	0	20	20
0.00900512	0.00104994	1742.98	256.922	74.33	458.527	166.731	1.39486	1.61661	615	0	-3.48348	0	20	20
0.00899194	0.00106649	1768.49	256.922	73.9617	478.055	174.569	1.40101	1.61661	615	0	-3.57203	0	20	20
0.00897855	0.00108251	1793.04	256.922	73.5383	496.821	182.182	1.40729	1.61661	615	0	-3.65472	0	20	20
0.00896503	0.00109804	1816.67	256.922	73.0526	514.855	189.579	1.41366	1.61661	615	0	-3.73205	0	20	20
0.00895145	0.00111306	1839.4	256.922	72.4961	532.189	196.765	1.4201	1.61661	615	0	-3.80451	0	20	20
0.00893787	0.00112761	1861.24	256.922	71.8602	548.851	203.749	1.42659	1.61661	615	0	-3.87252	0	20	20
0.00892432	0.00114167	1882.23	256.922	71.1353	564.873	210.537	1.43309	1.61661	615	0	-3.93645	0	20	20
0.00891085	0.00115527	1902.38	256.922	70.3111	580.283	217.138	1.4396	1.61661	615	0	-3.99663	0	20	20
0.00889746	0.0011684	1921.7	256.922	69.3773	595.11	223.557	1.44611	1.61661	615	0	-4.05337	0	20	20
0.0088842	0.00118109	1940.22	256.922	68.323	609.379	229.802	1.4526	1.61661	615	0	-4.10694	0	20	20
0.00887106	0.00119334	1957.94	256.922	67.1377	623.115	235.878	1.45906	1.61661	615	0	-4.15757	0	20	20
0.00885807	0.00120515	1974.89	256.922	65.8111	636.338	241.79	1.46549	1.61661	615	0	-4.20547	0	20	20
0.00884525	0.00121652	1991.05	256.922	64.3342	649.062	247.542	1.47187	1.61661	615	0	-4.2508	0	20	20
0.00883262	0.00122745	2006.43	256.922	62.6995	661.297	253.134	1.4782	1.61661	615	0	-4.2937	0	20	20
0.00882019	0.00123794	2021.03	256.922	60.9015	673.045	258.565	1.48445	1.61661	615	0	-4.33428	0	20	20
0.00880801	0.00124797	2034.83	256.922	58.9379	684.299	263.832	1.49062	1.61661	615	0	-4.37261	0	20	20
0.00879611	0.00125753	2047.8	256.922	56.8097	695.045	268.928	1.49668	1.61661	615	0	-4.40872	0	20	20
0.00878453	0.00126658	2059.92	256.922	54.5225	705.258	273.843	1.5026	1.61661	615	0	-4.44262	0	20	20
0.00877334	0.00127509	2071.15	256.922	52.086	714.904	278.564	1.50836	1.61661	615	0	-4.47427	0	20	20
0.00876258	0.00128302	2081.43	256.922	49.5151	723.94	283.074	1.51392	1.61661	615	0	-4.50362	0	20	20
0.00875235	0.00129034	2090.72	256.922	46.8297	732.316	287.354	1.51924	1.61661	615	0	-4.53059	0	20	20
0.0087427	0.00129698	2098.97	256.922	44.0538	739.977	291.384	1.52428	1.61661	615	0	-4.55508	0	20	20
0.00873372	0.00130292	2106.13	256.922	41.2153	746.866	295.143	1.52898	1.61661	615	0	-4.57697	0	20	20
0.00872548	0.00130809	2112.14	256.922	38.3448	752.925	298.608	1.53332	1.61661	615	0	-4.59617	0	20	20
0.00871806	0.00131245	2116.98	256.922	35.4743	758.104	301.76	1.53724	1.61661	615	0	-4.61258	0	20	20
0.00871151	0.00131599	2120.6	256.922	32.6358	762.358	304.581	1.54071	1.61661	615	0	-4.62611	0	20	20
0.00870588	0.00131866	2122.99	256.922	29.8599	765.654	307.058	1.5437	1.61661	615	0	-4.6367	0	20	20
0.00870122	0.00132046	2124.15	256.922	27.1745	767.973	309.181	1.54618	1.61661	615	0	-4.64432	0	20	20
0.00869754	0.00132139	2124.09	256.922	24.6037	769.308	310.945	1.54814	1.61661	615	0	-4.64897	0	20	20
0.00869456	0.0013215	2122.84	256.922	22.1672	769.666	312.351	1.54973	1.61661	615	0	-4.64889	0	20	20
0.00869182	0.00132087	2120.45	256.922	19.8799	769.07	313.403	1.5512	1.61661	615	0	-4.64153	0	20	20
0.00868931	0.00131953	2116.97	256.922	17.7517	767.553	314.111	1.55255	1.61661	615	0	-4.62723	0	20	20
0.00868702	0.00131752	2112.48	256.922	15.7881	765.159	314.486	1.55377	1.61661	615	0	-4.60639	0	20	20
0.00868494	0.0013149	2107.03	256.922	13.9901	761.938	314.544	1.55489	1.61661	615	0	-4.57947	0	20	20
0.00868306	0.00131169	2100.71	256.922	12.3554	757.949	314.302	1.5559	1.61661	615	0	-4.54693	0	20	20
0.00868136	0.00130794	2093.58	256.922	10.8785	753.25	313.78	1.55681	1.61661	615	0	-4.50928	0	20	20
0.00867982	0.00130371	2085.73	256.922	9.55195	747.902	312.996	1.55764	1.61661	615	0	-4.46701	0	20	20
0.00867843	0.00129904	2077.21	256.922	8.36659	741.966	311.97	1.55839	1.61661	615	0	-4.4206	0	20	20
0.00867717	0.00129396	2068.1	256.922	7.31231	735.5	310.721	1.55907	1.61661	615	0	-4.37052	0	20	20
0.00867603	0.00128853	2058.45	256.922	6.37848	728.559	309.266	1.55968	1.61661	615	0	-4.3172	0	20	20
0.008675	0.00128277	2048.33	256.922	5.55436	721.195	307.624	1.56024	1.61661	615	0	-4.26104	0	20	20
0.00867405	0.00127673	2037.79	256.922	4.8294	713.455	305.808	1.56075	1.61661	615	0	-4.20242	0	20	20
0.00867319	0.00127043	2026.87	256.922	4.19349	705.384	303.835	1.56122	1.61661	615	0	-4.14167	0	20	20
0.00867239	0.0012639	2015.61	256.921	3.63707	697.019	301.718	1.56165	1.61661	615	0	-4.07909	0	20	20
0.00867166	0.00125717	2004.06	256.921	3.15127	688.398	299.468	1.56205	1.61661	615	0	-4.01496	0	20	20
0.00867098	0.00125025	1992.25	256.921	2.72794	679.55	297.096	1.56241	1.61661	615	0	-3.94951	0	20	20
0.00867034	0.00124318	1980.21	256.921	2.35965	670.504	294.613	1.56276	1.61661	615	0	-3.88296	0	20	20
0.00866975	0.00123596	1967.96	256.921	2.03971	661.285	292.028	1.56308	1.61661	615	0	-3.8155	0	20	20
0.0086692	0.00122862	1955.54	256.92	1.76213	651.915	289.347	1.56338	1.61661	615	0	-3.74729	0	20	20
0.00866867	0.00122116	1942.95	256.92	1.52155	642.413	286.58	1.56366	1.61661	615	0	-3.67848	0	20	20
0.00866818	0.0012136	1930.22	256.92	1.31324	632.797	283.731	1.56393	1.61661	615	0	-3.60921	0	20	20
0.00866772	0.00120595	1917.37	256.919	1.13301	623.082	280.806	1.56418	1.61661	615	0	-3.53959	0	20	20
0.00866728	0.00119823	1904.41	256.919	0.977206	613.282	277.812	1.56441	1.61661	615	0	-3.46972	0	20	20
0.00866687	0.00119043	1891.36	256.918	0.842585	603.408	274.753	1.56464	1.61661	615	0	-3.39971	0	20	20
0.00866648	0.00118257	1878.22	256.917	0.726331	593.472	271.633	1.56485	1.61661	615	0	-3.32962	0	20	20
0.00866612	0.00117465	1865.02	256.917	0.625985	583.484	268.457	1.56504	1.61661	615	0	-3.25955	0	20	20
0.00866579	0.00116669	1851.76	256.916	0.539403	573.453	265.229	1.56522	1.61661	615	0	-3.18956	0	20	20
0.00866548	0.00115868	1838.45	256.915	0.464724	563.387	261.951	1.56539	1.61661	615	0	-3.11971	0	20	20
0.0086652	0.00115065	1825.11	256.914	0.400329	553.295	258.628	1.56554	1.61661	615	0	-3.05007	0	20	20
0.00866495	0.00114258	1811.74	256.912	0.344818	543.182	255.263	1.56567	1.61661	615	0	-2.98068	0	20	20
0.00866474	0.00113449	1798.35	256.911	0.296973	533.057	251.859	1.56579	1.61661	615	0	-2.91161	0	20	20
0.00866456	0.00112638	1784.95	256.909	0.255745	522.925	248.419	1.56589	1.61661	615	0	-2.8429	0	20	20
0.00866443	0.00111826	1771.55	256.907	0.220224	512.793	244.945	1.56596	1.61661	615	0	-2.77459	0	20	20
0.00866433	0.00111013	1758.16	256.905	0.189625	502.667	241.442	1.56601	1.61661	615	0	-2.70673	0	20	20
0.00866428	0.00110199	1744.78	256.902	0.163268	492.553	237.911	1.56604	1.61661	615	0	-2.63937	0	20	20
0.00866428	0.00109387	1731.44	256.899	0.140567	482.456	234.355	1.56604	1.61661	615	0	-2.57254	0	20	20
0.00866433	0.00108574	1718.12	256.895	0.121018	472.382	230.777	1.56601	1.61661	615	0	-2.50627	0	20	20
0.00866444	0.00107764	1704.85	256.891	0.104184	462.335	227.179	1.56595	1.61661	615	0	-2.44062	0	20	20
0.00866461	0.00106954	1691.63	256.886	0.0896893	452.323	223.565	1.56586	1.61661	615	0	-2.3756	0	20	20
0.00866485	0.00106148	1678.47	256.88	0.0772089	442.349	219.936	1.56573	1.61661	615	0	-2.31127	0	20	20
0.00866515	0.00105343	1665.38	256.874	0.0664636	432.42	216.296	1.56557	1.61661	615	0	-2.24764	0	20	20
0.00866553	0.00104542	1652.36	256.866	0.0572127	422.539	212.647	1.56536	1.61661	615	0	-2.18476	0	20	20
0.008666	0.00103745	1639.43	256.858	0.0492485	412.714	208.991	1.56511	1.61661	615	0	-2.12265	0	20	20
0.00866654	0.00102952	1626.59	256.848	0.0423924	402.948	205.331	1.56481	1.61661	615	0	-2.06134	0	20	20
0.00866718	0.00102164	1613.85	256.837	0.0364903	393.246	201.67	1.56447	1.61661	615	0	-2.00087	0	20	20
0.00866791	0.00101381	1601.22	256.823	0.0314096	383.615	198.009	1.56407	1.61661	615	0	-1.94125	0	20	20
0.00866874	0.00100603	1588.71	256.808	0.027036	374.058	194.353	1.56362	1.61661	615	0	-1.88252	0	20	20
0.00866968	0.000998318	1576.32	256.791	0.0232712	364.582	190.702	1.56312	1.61661	615	0	-1.82469	0	20	20
0.00867072	0.000990672	1564.07	256.77	0.0200306	355.191	187.06	1.56255	1.61661	615	0	-1.7678	0	20	20
0.00867188	0.000983097	1551.96	256.747	0.0172411	345.89	183.429	1.56192	1.61661	615	0	-1.71186	0	20	20
0.00867316	0.000975598	1540	256.72	0.01484	336.684	179.812	1.56123	1.61661	615	0	-1.6569	0	20	20
0.00867456	0.000968181	1528.19	256.689	0.0127733	327.578	176.21	1.56048	1.61661	615	0	-1.60293	0	20	20
0.00867609	0.000960849	1516.55	256.654	0.0109943	318.577	172.627	1.55965	1.61661	615	0	-1.54998	0	20	20
0.00867775	0.000953608	1505.09	256.612	0.00946308	309.686	169.065	1.55876	1.61661	615	0	-1.49806	0	20	20
0.00867955	0.000946462	1493.8	256.565	0.00814509	300.91	165.526	1.55779	1.61661	615	0	-1.44718	0	20	20
0.00868148	0.000939416	1482.7	256.51	0.00701065	292.253	162.013	1.55675	1.61661	615	0	-1.39736	0	20	20
0.00868355	0.000932475	1471.79	256.447	0.0060342	283.72	158.527	1.55564	1.61661	615	0	-1.34861	0	20	20
0.00868576	0.000925642	1461.08	256.374	0.00519374	275.317	155.072	1.55445	1.61661	615	0	-1.30095	0	20	20
0.00868812	0.000918921	1450.58	256.291	0.00447034	267.046	151.65	1.55319	1.61661	615	0	-1.25437	0	20	20
0.00869061	0.000912318	1440.29	256.194	0.00384768	258.914	148.262	1.55185	1.61661	615	0	-1.20889	0	20	20
0.00869325	0.000905836	1430.21	256.082	0.00331176	250.924	144.912	1.55044	1.61661	615	0	-1.16451	0	20	20
0.00869602	0.000899478	1420.36	255.954	0.00285047	243.082	141.6	1.54895	1.61661	615	0	-1.12123	0	20	20
0.00869892	0.000893249	1410.73	255.806	0.00245344	235.39	138.331	1.5474	1.61661	615	0	-1.07906	0	20	20
0.00870196	0.000887151	1401.32	255.636	0.0021117	227.854	135.105	1.54578	1.61661	615	0	-1.038	0	20	20
0.00870511	0.000881188	1392.15	255.44	0.00181757	220.477	131.926	1.54411	1.61661	615	0	-0.998029	0	20	20
0.00870838	0.000875363	1383.22	255.214	0.0015644	213.264	128.794	1.54237	1.61661	615	0	-0.959156	0	20	20
0.00871174	0.000869678	1374.51	254.953	0.00134649	206.219	125.712	1.54058	1.61661	615	0	-0.921371	0	20	20
0.00871519	0.000864136	1366.05	254.654	0.00115894	199.345	122.682	1.53875	1.61661	615	0	-0.884661	0	20	20
0.00871871	0.000858738	1357.82	254.31	0.000997512	192.647	119.707	1.53689	1.61661	615	0	-0.849015	0	20	20
0.00872228	0.000853488	1349.82	253.913	0.000858568	186.127	116.788	1.53501	1.61661	615	0	-0.814416	0	20	20
0.00872587	0.000848385	1342.05	253.458	0.000738977	179.791	113.926	1.53311	1.61661	615	0	-0.780847	0	20	20
0.00872946	0.000843431	1334.51	252.935	0.000636045	173.641	111.125	1.53122	1.61661	615	0	-0.748287	0	20	20
0.00873301	0.000838627	1327.2	252.334	0.000547449	167.682	108.386	1.52936	1.61661	615	0	-0.716712	0	20	20
0.00873649	0.000833974	1320.1	251.645	0.000471194	161.918	105.711	1.52753	1.61661	615	0	-0.686097	0	20	20
0.00873986	0.000829468	1313.21	250.854	0.000405561	156.349	103.101	1.52576	1.61661	615	0	-0.656398	0	20	20
0.00874309	0.000825103	1306.5	249.948	0.00034907	150.971	100.555	1.52407	1.61661	615	0	-0.627538	0	20	20
0.00874613	0.000820867	1299.96	248.912	0.000300448	145.778	98.0724	1.52248	1.61661	615	0	-0.599426	0	20	20
0.00874894	0.000816749	1293.55	247.727	0.000258598	140.764	95.651	1.52102	1.61661	615	0	-0.571967	0	20	20
0.00875148	0.000812738	1287.25	246.374	0.000222577	135.923	93.2893	1.51969	1.61661	615	0	-0.54507	0	20	20
0.0087537	0.000808823	1281.03	244.832	0.000191574	131.248	90.986	1.51854	1.61661	615	0	-0.518643	0	20	20
0.00875554	0.00080499	1274.86	243.077	0.000164889	126.734	88.7396	1.51758	1.61661	615	0	-0.492595	0	20	20
0.00875693	0.000801227	1268.71	241.084	0.000141922	122.375	86.5486	1.51686	1.61661	615	0	-0.466838	0	20	20
0.00875782	0.000797521	1262.55	238.825	0.000122153	118.166	84.4117	1.51639	1.61661	615	0	-0.441287	0	20	20
0.00875814	0.000793859	1256.33	236.272	0.000105138	114.101	82.3275	1.51623	1.61661	615	0	-0.415862	0	20	20
0.00875782	0.000790225	1250.04	233.394	9.04933e-05	110.177	80.2949	1.51639	1.61661	615	0	-0.390491	0	20	20
0.00875679	0.000786605	1243.62	230.161	7.78883e-05	106.387	78.3124	1.51693	1.61661	615	0	-0.365112	0	20	20
0.00875498	0.000782986	1237.05	226.541	6.70391e-05	102.728	76.3788	1.51787	1.61661	615	0	-0.339678	0	20	20
0.00875233	0.000779352	1230.28	222.504	5.77011e-05	99.195	74.493	1.51925	1.61661	615	0	-0.314156	0	20	20
0.00874879	0.000775689	1223.3	218.023	4.96638e-05	95.7833	72.6538	1.52109	1.61661	615	0	-0.288539	0	20	20
0.00874431	0.000771985	1216.06	213.074	4.2746e-05	92.4888	70.86	1.52343	1.61661	615	0	-0.26284	0	20	20
0.00873887	0.000768226	1208.55	207.638	3.67919e-05	89.3077	69.1104	1.52628	1.61661	615	0	-0.237103	0	20	20
0.00873248	0.000764402	1200.75	201.702	3.1667e-05	86.236	67.4041	1.52964	1.61661	615	0	-0.211401	0	20	20
0.00872515	0.000760505	1192.65	195.264	2.72561e-05	83.27	65.7399	1.53349	1.61661	615	0	-0.185843	0	20	20
0.00871695	0.000756526	1184.25	188.33	2.34595e-05	80.4059	64.1168	1.53782	1.61661	615	0	-0.160564	0	20	20
0.00870822	0.000752524	1175.69	180.92	2.01918e-05	77.6404	62.5337	1.54245	1.61661	615	0	-0.135937	0	20	20
0.00869938	0.000748572	1167.15	173.065	1.73792e-05	74.97	60.9897	1.54716	1.61661	615	0	-0.112362	0	20	20
0.00869065	0.000744685	1158.67	164.813	1.49585e-05	72.3914	59.4839	1.55183	1.61661	615	0	-0.0899958	0	20	20
0.00868221	0.000740861	1150.3	156.221	1.28749e-05	69.9016	58.0152	1.55636	1.61661	615	0	-0.0689366	0	20	20
0.00867428	0.000737102	1142.07	147.36	1.10815e-05	67.4973	56.5828	1.56063	1.61661	615	0	-0.0492826	0	20	20
0.00866711	0.000733417	1134.03	138.311	9.53793e-06	65.1758	55.1858	1.5645	1.61661	615	0	-0.0311238	0	20	20
0.00865244	0.000730479	1126.25	129.163	8.20938e-06	62.9341	53.8233	1.57248	1.61661	615	0	-0.00761961	0	20	20
0.0086404	0.000727525	1118.78	120.008	7.06588e-06	60.7695	52.4944	1.57906	1.61661	615	0	0.0122137	0	20	20
0.00863253	0.000724472	1111.68	110.939	6.08166e-06	58.6794	51.1983	1.58338	1.61661	615	0	0.0281438	0	20	20
0.00862943	0.000721326	1105.06	102.044	5.23453e-06	56.6611	49.9342	1.58509	1.61661	615	0	0.0406983	0	20	20
0.00863143	0.000718129	1099.01	93.4054	4.5054e-06	54.7123	48.7013	1.58399	1.61661	615	0	0.0504345	0	20	20
0.00863841	0.000714957	1093.65	85.0967	3.87783e-06	52.8305	47.4989	1.58015	1.61661	615	0	0.0579167	0	20	20
0.00864983	0.000711918	1089.08	77.1782	3.33768e-06	51.0134	46.3261	1.5739	1.61661	615	0	0.0636873	0	20	20
0.00866477	0.000709134	1085.38	69.6977	2.87277e-06	49.2588	45.1823	1.56578	1.61661	615	0	0.0682367	0	20	20
0.00868211	0.000706724	1082.62	62.6893	2.47262e-06	47.5646	44.0668	1.55641	1.61661	615	0	0.0719774	0	20	20
0.0087008	0.000704785	1080.82	56.1743	2.1282e-06	45.9286	42.9787	1.5464	1.61661	615	0	0.0752295	0	20	20
0.00871992	0.000703381	1079.98	50.1614	1.83176e-06	44.3489	41.9176	1.53625	1.61661	615	0	0.0782209	0	20	20
0.00873884	0.000702544	1080.09	44.649	1.57661e-06	42.8235	40.8826	1.52629	1.61661	615	0	0.0811	0	20	20
0.00875715	0.000702277	1081.09	39.6263	1.357e-06	41.3506	39.8733	1.51674	1.61661	615	0	0.0839539	0	20	20
0.00877464	0.000702565	1082.95	35.0753	1.16798e-06	39.9284	38.8888	1.50769	1.61661	615	0	0.086828	0	20	20
0.00879121	0.000703378	1085.6	30.9724	1.00529e-06	38.5551	37.9286	1.49918	1.61661	615	0	0.0897415	0	20	20
0.00880687	0.000704678	1088.99	27.2904	8.65262e-07	37.229	36.9921	1.4912	1.61661	615	0	0.092699	0	20	20
0.00882164	0.000706427	1093.06	23.9997	7.44738e-07	35.9485	36.0788	1.48372	1.61661	615	0	0.0956976	0	20	20
0.00883559	0.000708584	1097.75	21.0693	6.41002e-07	34.7121	35.188	1.47671	1.61661	615	0	0.0987314	0	20	20
0.00884875	0.000711111	1103	18.4684	5.51715e-07	33.5182	34.3192	1.47013	1.61661	615	0	0.101793	0	20	20
0.00886119	0.000713971	1108.75	16.1665	4.74866e-07	32.3653	33.4719	1.46394	1.61661	615	0	0.104877	0	20	20
0.00887295	0.000717131	1114.96	14.1345	4.08721e-07	31.2521	32.6455	1.45813	1.61661	615	0	0.107974	0	20	20
0.00888409	0.00072056	1121.57	12.3449	3.51789e-07	30.1772	31.8394	1.45265	1.61661	615	0	0.111081	0	20	20
0.00889462	0.000724227	1128.55	10.7717	3.02788e-07	29.1393	31.0533	1.4475	1.61661	615	0	0.11419	0	20	20
0.00890459	0.000728108	1135.84	9.39139	2.60612e-07	28.1371	30.2866	1.44264	1.61661	615	0	0.117297	0	20	20
0.00891403	0.000732176	1143.42	8.18205	2.24311e-07	27.1693	29.5388	1.43806	1.61661	615	0	0.120396	0	20	20
0.00892297	0.000736411	1151.24	7.12395	1.93066e-07	26.2348	28.8095	1.43375	1.61661	615	0	0.123484	0	20	20
0.00893142	0.000740792	1159.27	6.19927	1.66173e-07	25.3325	28.0982	1.42968	1.61661	615	0	0.126555	0	20	20
0.00893943	0.000745301	1167.49	5.39203	1.43027e-07	24.4612	27.4045	1.42584	1.61661	615	0	0.129606	0	20	20
0.008947	0.00074992	1175.86	4.68793	1.23104e-07	23.6199	26.7278	1.42223	1.61661	615	0	0.132633	0	20	20
0.00895415	0.000754634	1184.36	4.07429	1.05957e-07	22.8075	26.0679	1.41882	1.61661	615	0	0.135632	0	20	20
0.00896092	0.000759429	1192.98	3.53985	9.11979e-08	22.023	25.4243	1.4156	1.61661	615	0	0.1386	0	20	20
0.00896732	0.000764294	1201.68	3.07465	7.84948e-08	21.2655	24.7966	1.41258	1.61661	615	0	0.141533	0	20	20
0.00897336	0.000769215	1210.46	2.66995	6.75611e-08	20.5341	24.1843	1.40972	1.61661	615	0	0.144431	0	20	20
0.00897907	0.000774182	1219.29	2.31803	5.81504e-08	19.8279	23.5872	1.40704	1.61661	615	0	0.147289	0	20	20
0.00898447	0.000779187	1228.16	2.01213	5.00505e-08	19.1459	23.0049	1.40451	1.61661	615	0	0.150106	0	20	20
0.00898955	0.00078422	1237.05	1.74632	4.30789e-08	18.4874	22.4369	1.40212	1.61661	615	0	0.15288	0	20	20
0.00899436	0.000789272	1245.96	1.51542	3.70783e-08	17.8515	21.8829	1.39988	1.61661	615	0	0.15561	0	20	20
0.00899889	0.000794338	1254.87	1.31489	3.19136e-08	17.2375	21.3426	1.39776	1.61661	615	0	0.158293	0	20	20
0.00900316	0.00079941	1263.77	1.14077	2.74683e-08	16.6446	20.8157	1.39577	1.61661	615	0	0.160929	0	20	20
0.00900719	0.000804482	1272.65	0.989627	2.36422e-08	16.0722	20.3017	1.3939	1.61661	615	0	0.163517	0	20	20
0.00901098	0.000809549	1281.51	0.858439	2.0349e-08	15.5194	19.8005	1.39214	1.61661	615	0	0.166055	0	20	20
0.00901456	0.000814606	1290.33	0.744591	1.75146e-08	14.9856	19.3116	1.39049	1.61661	615	0	0.168544	0	20	20
0.00901793	0.000819648	1299.11	0.645804	1.50749e-08	14.4702	18.8348	1.38893	1.61661	615	0	0.170982	0	20	20
0.0090211	0.000824671	1307.85	0.560094	1.29751e-08	13.9725	18.3698	1.38747	1.61661	615	0	0.17337	0	20	20
0.00902408	0.000829671	1316.53	0.485738	1.11678e-08	13.4919	17.9162	1.38609	1.61661	615	0	0.175707	0	20	20
0.00902689	0.000834644	1325.16	0.421237	9.61219e-09	13.0278	17.4739	1.3848	1.61661	615	0	0.177993	0	20	20
0.00902953	0.000839588	1333.72	0.365289	8.27329e-09	12.5797	17.0424	1.38358	1.61661	615	0	0.180229	0	20	20
0.00903201	0.0008445	1342.22	0.316763	7.12089e-09	12.1471	16.6216	1.38244	1.61661	615	0	0.182414	0	20	20
0.00903434	0.000849376	1350.64	0.274676	6.129e-09	11.7293	16.2113	1.38137	1.61661	615	0	0.184548	0	20	20
0.00903653	0.000854215	1358.99	0.238176	5.27528e-09	11.3259	15.811	1.38037	1.61661	615	0	0.186633	0	20	20
0.00903858	0.000859014	1367.27	0.206522	4.54048e-09	10.9363	15.4206	1.37943	1.61661	615	0	0.188668	0	20	20
0.00904052	0.000863772	1375.46	0.179072	3.90803e-09	10.5602	15.0399	1.37854	1.61661	615	0	0.190653	0	20	20
0.00904233	0.000868487	1383.57	0.155269	3.36367e-09	10.1969	14.6685	1.37772	1.61661	615	0	0.192591	0	20	20
0.00904403	0.000873156	1391.6	0.134628	2.89514e-09	9.84622	14.3064	1.37694	1.61661	615	0	0.19448	0	20	20
0.00904562	0.000877779	1399.54	0.116729	2.49187e-09	9.50757	13.9532	1.37621	1.61661	615	0	0.196322	0	20	20
0.00904711	0.000882354	1407.39	0.10121	2.14477e-09	9.18056	13.6087	1.37553	1.61661	615	0	0.198118	0	20	20
0.00904851	0.000886881	1415.16	0.0877525	1.84602e-09	8.8648	13.2727	1.37489	1.61661	615	0	0.199868	0	20	20
0.00904983	0.000891357	1422.83	0.0760842	1.58888e-09	8.5599	12.9449	1.37429	1.61661	615	0	0.201572	0	20	20
0.00905105	0.000895783	1430.41	0.065967	1.36757e-09	8.26548	12.6253	1.37373	1.61661	615	0	0.203233	0	20	20
0.00905221	0.000900157	1437.9	0.0571949	1.17707e-09	7.98119	12.3136	1.37321	1.61661	615	0	0.204849	0	20	20
0.00905328	0.000904479	1445.3	0.049589	1.01312e-09	7.70668	12.0096	1.37272	1.61661	615	0	0.206424	0	20	20
0.00905429	0.000908748	1452.6	0.0429944	8.71998e-10	7.44162	11.7131	1.37226	1.61661	615	0	0.207956	0	20	20
0.00905524	0.000912964	1459.8	0.0372766	7.50536e-10	7.18566	11.4239	1.37183	1.61661	615	0	0.209448	0	20	20
0.00905612	0.000917126	1466.92	0.0323192	6.45992e-10	6.93852	11.1418	1.37143	1.61661	615	0	0.210899	0	20	20
0.00905695	0.000921234	1473.93	0.028021	5.56011e-10	6.69987	10.8667	1.37105	1.61661	615	0	0.212311	0	20	20
0.00905772	0.000925287	1480.85	0.0242943	4.78563e-10	6.46943	10.5984	1.3707	1.61661	615	0	0.213685	0	20	20
0.00905845	0.000929286	1487.68	0.0210633	4.11903e-10	6.24692	10.3368	1.37037	1.61661	615	0	0.215021	0	20	20
0.00905913	0.000933231	1494.41	0.0182619	3.54528e-10	6.03206	10.0815	1.37006	1.61661	615	0	0.216321	0	20	20
0.00905977	0.00093712	1501.04	0.0158331	3.05145e-10	5.82459	9.83262	1.36977	1.61661	615	0	0.217585	0	20	20
0.00906037	0.000940955	1507.58	0.0137273	2.62641e-10	5.62425	9.58985	1.3695	1.61661	615	0	0.218815	0	20	20
0.00906093	0.000944736	1514.03	0.0119015	2.26057e-10	5.43081	9.35308	1.36925	1.61661	615	0	0.22001	0	20	20
0.00906145	0.000948461	1520.38	0.0103186	1.94569e-10	5.24402	9.12215	1.36901	1.61661	615	0	0.221172	0	20	20
0.00906195	0.000952133	1526.64	0.00894619	1.67467e-10	5.06365	8.89693	1.36879	1.61661	615	0	0.222302	0	20	20
0.00906241	0.00095575	1532.8	0.00775631	1.4414e-10	4.88949	8.67726	1.36857	1.61661	615	0	0.2234	0	20	20
0.00906285	0.000959314	1538.88	0.00672469	1.24063e-10	4.72132	8.46302	1.36838	1.61661	615	0	0.224468	0	20	20
0.00906327	0.000962823	1544.86	0.00583028	1.06782e-10	4.55893	8.25406	1.36819	1.61661	615	0	0.225506	0	20	20
0.00906366	0.000966279	1550.75	0.00505482	9.1908e-11	4.40213	8.05027	1.36801	1.61661	615	0	0.226515	0	20	20
0.00906403	0.000969683	1556.55	0.0043825	7.91059e-11	4.25072	7.85151	1.36784	1.61661	615	0	0.227495	0	20	20
0.00906438	0.000973033	1562.26	0.00379961	6.80871e-11	4.10452	7.65765	1.36768	1.61661	615	0	0.228448	0	20	20
0.00906472	0.000976331	1567.88	0.00329424	5.86031e-11	3.96334	7.46859	1.36753	1.61661	615	0	0.229375	0	20	20
0.00906504	0.000979577	1573.41	0.00285608	5.04402e-11	3.82703	7.28419	1.36739	1.61661	615	0	0.230275	0	20	20
0.00906534	0.000982772	1578.86	0.00247621	4.34142e-11	3.6954	7.10434	1.36725	1.61661	615	0	0.23115	0	20	20
0.00906563	0.000985916	1584.22	0.00214685	3.7367e-11	3.5683	6.92893	1.36712	1.61661	615	0	0.232001	0	20	20
0.00906592	0.00098901	1589.49	0.00186131	3.21621e-11	3.44557	6.75786	1.36699	1.61661	615	0	0.232827	0	20	20
0.00906619	0.000992053	1594.68	0.00161374	2.76821e-11	3.32706	6.591	1.36687	1.61661	615	0	0.233631	0	20	20
0.00906645	0.000995047	1599.79	0.0013991	2.38262e-11	3.21262	6.42827	1.36675	1.61661	615	0	0.234412	0	20	20
0.00906671	0.000997992	1604.81	0.00121301	2.05074e-11	3.10213	6.26956	1.36663	1.61661	615	0	0.235171	0	20	20
0.00906696	0.00100089	1609.76	0.00105167	1.76509e-11	2.99543	6.11476	1.36652	1.61661	615	0	0.235909	0	20	20
0.0090672	0.00100374	1614.62	0.000911794	1.51923e-11	2.8924	5.96379	1.36641	1.61661	615	0	0.236626	0	20	20
0.00906744	0.00100654	1619.4	0.000790519	1.30761e-11	2.79292	5.81654	1.3663	1.61661	615	0	0.237323	0	20	20
0.00906768	0.00100929	1624.11	0.000685374	1.12547e-11	2.69686	5.67293	1.36619	1.61661	615	0	0.238001	0	20	20
0.00906792	0.001012	1628.74	0.000594214	9.68703e-12	2.6041	5.53286	1.36608	1.61661	615	0	0.23866	0	20	20
0.00906815	0.00101467	1633.29	0.000515179	8.3377e-12	2.51454	5.39626	1.36598	1.61661	615	0	0.239301	0	20	20
0.00906838	0.00101728	1637.77	0.000446657	7.17633e-12	2.42805	5.26302	1.36587	1.61661	615	0	0.239924	0	20	20
0.00906861	0.00101986	1642.18	0.000387248	6.17672e-12	2.34454	5.13308	1.36577	1.61661	615	0	0.24053	0	20	20
0.00906885	0.00102239	1646.51	0.000335741	5.31635e-12	2.2639	5.00634	1.36566	1.61661	615	0	0.241119	0	20	20
0.00906908	0.00102488	1650.77	0.000291085	4.57583e-12	2.18603	4.88274	1.36556	1.61661	615	0	0.241692	0	20	20
0.00906931	0.00102732	1654.96	0.000252369	3.93845e-12	2.11084	4.76218	1.36545	1.61661	615	0	0.242249	0	20	20
0.00906953	0.00102975	1659.11	0.000218802	3.38986e-12	2.03824	4.6446	1.36536	1.61661	615	0	0.242792	0	20	20
0.00906968	0.00103218	1663.27	0.0001897	2.91768e-12	1.96814	4.52993	1.36529	1.61661	615	0	0.243321	0	20	20
0.00906978	0.00103462	1667.43	0.000164468	2.51127e-12	1.90044	4.41808	1.36524	1.61661	615	0	0.243836	0	20	20
0.00906982	0.00103707	1671.6	0.000142593	2.16147e-12	1.83508	4.309	1.36523	1.61661	615	0	0.244339	0	20	20
0.0090698	0.00103953	1675.77	0.000123627	1.86039e-12	1.77196	4.20261	1.36523	1.61661	615	0	0.24483	0	20	20
0.00906973	0.00104199	1679.95	0.000107183	1.60125e-12	1.71102	4.09885	1.36526	1.61661	615	0	0.245308	0	20	20
0.00906961	0.00104446	1684.13	9.29273e-05	1.37821e-12	1.65217	3.99765	1.36532	1.61661	615	0	0.245774	0	20	20
0.00906944	0.00104694	1688.3	8.05672e-05	1.18624e-12	1.59534	3.89894	1.3654	1.61661	615	0	0.246229	0	20	20
0.00906922	0.00104941	1692.48	6.98512e-05	1.02101e-12	1.54047	3.80268	1.36549	1.61661	615	0	0.246673	0	20	20
0.00906896	0.00105189	1696.65	6.05605e-05	8.78787e-13	1.48749	3.70879	1.36561	1.61661	615	0	0.247105	0	20	20
0.00906865	0.00105438	1700.82	5.25055e-05	7.56379e-13	1.43633	3.61722	1.36575	1.61661	615	0	0.247527	0	20	20
0.00906831	0.00105686	1704.99	4.55218e-05	6.51022e-13	1.38692	3.52791	1.36591	1.61661	615	0	0.247939	0	20	20
0.00906792	0.00105934	1709.15	3.94671e-05	5.60339e-13	1.33922	3.44081	1.36608	1.61661	615	0	0.24834	0	20	20
0.00906749	0.00106182	1713.29	3.42177e-05	4.82289e-13	1.29316	3.35585	1.36628	1.61661	615	0	0.248731	0	20	20
0.00906703	0.0010643	1717.43	2.96665e-05	4.1511e-13	1.24868	3.273	1.36649	1.61661	615	0	0.249113	0	20	20
0.00906653	0.00106678	1721.56	2.57206e-05	3.57288e-13	1.20573	3.19219	1.36671	1.61661	615	0	0.249486	0	20	20
0.00906599	0.00106925	1725.68	2.22996e-05	3.07521e-13	1.16426	3.11337	1.36696	1.61661	615	0	0.249849	0	20	20
0.00906542	0.00107172	1729.78	1.93336e-05	2.64686e-13	1.12422	3.0365	1.36721	1.61661	615	0	0.250203	0	20	20
0.00906483	0.00107418	1733.87	1.6762e-05	2.27817e-13	1.08555	2.96153	1.36748	1.61661	615	0	0.250549	0	20	20
0.0090642	0.00107664	1737.95	1.45326e-05	1.96084e-13	1.04821	2.88841	1.36777	1.61661	615	0	0.250886	0	20	20
0.00906354	0.00107909	1742	1.25996e-05	1.68771e-13	1.01216	2.81709	1.36806	1.61661	615	0	0.251215	0	20	20
0.00906286	0.00108153	1746.04	1.09238e-05	1.45263e-13	0.977348	2.74754	1.36837	1.61661	615	0	0.251536	0	20	20
0.00906215	0.00108397	1750.07	9.47084e-06	1.25029e-13	0.943733	2.6797	1.36869	1.61661	615	0	0.251849	0	20	20
0.00906142	0.00108639	1754.07	8.21114e-06	1.07613e-13	0.911274	2.61354	1.36903	1.61661	615	0	0.252155	0	20	20
0.00906066	0.00108881	1758.05	7.119e-06	9.26235e-14	0.879931	2.54901	1.36937	1.61661	615	0	0.252453	0	20	20
0.00905988	0.00109121	1762.01	6.17212e-06	7.97218e-14	0.849666	2.48608	1.36972	1.61661	615	0	0.252743	0	20	20
0.00905909	0.00109361	1765.95	5.35118e-06	6.86172e-14	0.820442	2.42469	1.37008	1.61661	615	0	0.253027	0	20	20
0.00905827	0.00109599	1769.87	4.63943e-06	5.90593e-14	0.792223	2.36483	1.37046	1.61661	615	0	0.253304	0	20	20
0.00905743	0.00109836	1773.76	4.02235e-06	5.08329e-14	0.764975	2.30644	1.37084	1.61661	615	0	0.253574	0	20	20
0.00905657	0.00110072	1777.63	3.48735e-06	4.37522e-14	0.738664	2.24949	1.37122	1.61661	615	0	0.253838	0	20	20
0.0090557	0.00110307	1781.48	3.02351e-06	3.76579e-14	0.713258	2.19395	1.37162	1.61661	615	0	0.254095	0	20	20
0.00905481	0.0011054	1785.3	2.62136e-06	3.24125e-14	0.688726	2.13979	1.37202	1.61661	615	0	0.254347	0	20	20
0.00905391	0.00110772	1789.09	2.2727e-06	2.78977e-14	0.665037	2.08695	1.37243	1.61661	615	0	0.254592	0	20	20
0.009053	0.00111002	1792.85	1.97041e-06	2.40117e-14	0.642164	2.03543	1.37285	1.61661	615	0	0.254831	0	20	20
0.00905207	0.00111231	1796.59	1.70833e-06	2.06671e-14	0.620077	1.98517	1.37327	1.61661	615	0	0.255064	0	20	20
0.00905113	0.00111458	1800.3	1.48111e-06	1.77883e-14	0.598749	1.93616	1.3737	1.61661	615	0	0.255292	0	20	20
0.00905018	0.00111684	1803.98	1.28411e-06	1.53106e-14	0.578156	1.88835	1.37413	1.61661	615	0	0.255515	0	20	20
0.00904921	0.00111908	1807.63	1.11332e-06	1.31779e-14	0.55827	1.84173	1.37457	1.61661	615	0	0.255732	0	20	20
0.00904824	0.00112131	1811.26	9.65236e-07	1.13423e-14	0.539069	1.79626	1.37501	1.61661	615	0	0.255943	0	20	20
0.00904727	0.00112352	1814.85	8.36852e-07	9.76244e-15	0.520528	1.75191	1.37546	1.61661	615	0	0.25615	0	20	20
0.00904628	0.00112571	1818.41	7.25545e-07	8.40261e-15	0.502624	1.70865	1.37591	1.61661	615	0	0.256352	0	20	20
0.00904528	0.00112788	1821.94	6.29042e-07	7.2322e-15	0.485337	1.66647	1.37636	1.61661	615	0	0.256549	0	20	20
0.00904428	0.00113004	1825.43	5.45374e-07	6.22481e-15	0.468644	1.62532	1.37682	1.61661	615	0	0.256742	0	20	20
0.00904328	0.00113218	1828.9	4.72836e-07	5.35774e-15	0.452525	1.58519	1.37728	1.61661	615	0	0.25693	0	20	20
0.00904227	0.0011343	1832.33	4.09945e-07	4.61145e-15	0.436961	1.54605	1.37774	1.61661	615	0	0.257113	0	20	20
0.00904125	0.0011364	1835.73	3.55419e-07	3.96911e-15	0.421932	1.50788	1.37821	1.61661	615	0	0.257292	0	20	20
0.00904024	0.00113848	1839.1	3.08146e-07	3.41625e-15	0.407419	1.47065	1.37867	1.61661	615	0	0.257467	0	20	20
0.00903921	0.00114054	1842.44	2.6716e-07	2.94039e-15	0.393406	1.43434	1.37914	1.61661	615	0	0.257637	0	20	20
0.00903819	0.00114259	1845.74	2.31626e-07	2.53082e-15	0.379875	1.39893	1.37961	1.61661	615	0	0.257804	0	20	20
0.00903717	0.00114461	1849	2.00818e-07	2.1783e-15	0.36681	1.36439	1.38008	1.61661	615	0	0.257967	0	20	20
0.00903614	0.00114662	1852.24	1.74107e-07	1.87488e-15	0.354193	1.3307	1.38055	1.61661	615	0	0.258125	0	20	20
0.00903511	0.0011486	1855.44	1.5095e-07	1.61372e-15	0.342011	1.29785	1.38102	1.61661	615	0	0.25828	0	20	20
0.00903409	0.00115056	1858.6	1.30872e-07	1.38894e-15	0.330248	1.2658	1.38149	1.61661	615	0	0.258432	0	20	20
0.00903306	0.00115251	1861.73	1.13465e-07	1.19547e-15	0.318889	1.23455	1.38196	1.61661	615	0	0.25858	0	20	20
0.00903203	0.00115443	1864.83	9.83736e-08	1.02895e-15	0.307921	1.20407	1.38243	1.61661	615	0	0.258724	0	20	20
0.00903101	0.00115634	1867.89	8.52892e-08	8.85629e-16	0.29733	1.17434	1.3829	1.61661	615	0	0.258865	0	20	20
0.00902998	0.00115822	1870.91	7.39451e-08	7.62268e-16	0.287104	1.14534	1.38337	1.61661	615	0	0.259003	0	20	20
0.00902896	0.00116008	1873.91	6.41098e-08	6.5609e-16	0.277229	1.11707	1.38384	1.61661	615	0	0.259137	0	20	20
0.00902794	0.00116192	1876.86	5.55827e-08	5.64702e-16	0.267694	1.08949	1.38431	1.61661	615	0	0.259268	0	20	20
0.00902693	0.00116375	1879.78	4.81898e-08	4.86043e-16	0.258486	1.06259	1.38478	1.61661	615	0	0.259396	0	20	20
0.00902592	0.00116555	1882.67	4.17802e-08	4.18342e-16	0.249596	1.03635	1.38524	1.61661	615	0	0.259521	0	20	20
0.00902491	0.00116733	1885.52	3.62231e-08	3.6007e-16	0.241011	1.01076	1.38571	1.61661	615	0	0.259644	0	20	20
0.0090239	0.00116908	1888.34	3.14052e-08	3.09915e-16	0.232722	0.985807	1.38617	1.61661	615	0	0.259763	0	20	20
0.0090229	0.00117082	1891.12	2.7228e-08	2.66746e-16	0.224717	0.961468	1.38663	1.61661	615	0	0.25988	0	20	20
0.00902191	0.00117254	1893.86	2.36065e-08	2.29591e-16	0.216988	0.937729	1.38709	1.61661	615	0	0.259993	0	20	20
0.00902092	0.00117424	1896.57	2.04667e-08	1.97611e-16	0.209525	0.914576	1.38755	1.61661	615	0	0.260105	0	20	20
0.00901993	0.00117591	1899.25	1.77444e-08	1.70085e-16	0.202319	0.891995	1.388	1.61661	615	0	0.260213	0	20	20
0.00901895	0.00117756	1901.89	1.53843e-08	1.46393e-16	0.19536	0.869972	1.38845	1.61661	615	0	0.260319	0	20	20
0.00901798	0.0011792	1904.5	1.33381e-08	1.26002e-16	0.188641	0.848492	1.3889	1.61661	615	0	0.260423	0	20	20
0.00901701	0.00118081	1907.07	1.1564e-08	1.08451e-16	0.182152	0.827543	1.38935	1.61661	615	0	0.260524	0	20	20
0.00901605	0.0011824	1909.61	1.00259e-08	9.33446e-17	0.175887	0.807111	1.3898	1.61661	615	0	0.260622	0	20	20
0.0090151	0.00118397	1912.11	8.69239e-09	8.03424e-17	0.169838	0.787183	1.39024	1.61661	615	0	0.260719	0	20	20
0.00901415	0.00118552	1914.58	7.53623e-09	6.91514e-17	0.163996	0.767748	1.39068	1.61661	615	0	0.260813	0	20	20
0.00901321	0.00118705	1917.02	6.53386e-09	5.95191e-17	0.158356	0.748792	1.39111	1.61661	615	0	0.260905	0	20	20
0.00901227	0.00118856	1919.42	5.66481e-09	5.12286e-17	0.152909	0.730304	1.39154	1.61661	615	0	0.260995	0	20	20
0.00901135	0.00119005	1921.78	4.91134e-09	4.40929e-17	0.14765	0.712273	1.39197	1.61661	615	0	0.261083	0	20	20
0.00901043	0.00119152	1924.12	4.2581e-09	3.79511e-17	0.142571	0.694687	1.3924	1.61661	615	0	0.261168	0	20	20
0.00900952	0.00119296	1926.42	3.69174e-09	3.26648e-17	0.137668	0.677535	1.39282	1.61661	615	0	0.261252	0	20	20
0.00900861	0.00119439	1928.68	3.20071e-09	2.81149e-17	0.132933	0.660806	1.39324	1.61661	615	0	0.261334	0	20	20
0.00900772	0.0011958	1930.92	2.77499e-09	2.41987e-17	0.128361	0.644491	1.39366	1.61661	615	0	0.261414	0	20	20
0.00900683	0.00119719	1933.12	2.4059e-09	2.0828e-17	0.123946	0.628579	1.39407	1.61661	615	0	0.261492	0	20	20
0.00900595	0.00119855	1935.29	2.08589e-09	1.79268e-17	0.119683	0.613059	1.39448	1.61661	615	0	0.261568	0	20	20
0.00900508	0.0011999	1937.42	1.80845e-09	1.54298e-17	0.115566	0.597922	1.39488	1.61661	615	0	0.261642	0	20	20
0.00900422	0.00120123	1939.53	1.56792e-09	1.32805e-17	0.111591	0.58316	1.39528	1.61661	615	0	0.261715	0	20	20
0.00900336	0.00120254	1941.6	1.35937e-09	1.14306e-17	0.107753	0.568761	1.39568	1.61661	615	0	0.261786	0	20	20
0.00900252	0.00120383	1943.64	1.17857e-09	9.83845e-18	0.104047	0.554719	1.39607	1.61661	615	0	0.261855	0	20	20
0.00900168	0.0012051	1945.65	1.02181e-09	8.46803e-18	0.100468	0.541023	1.39646	1.61661	615	0	0.261923	0	20	20
0.00900085	0.00120635	1947.63	8.85899e-10	7.2885e-18	0.0970128	0.527665	1.39685	1.61661	615	0	0.261989	0	20	20
0.00900003	0.00120758	1949.57	7.68068e-10	6.27327e-18	0.0936761	0.514637	1.39723	1.61661	615	0	0.262053	0	20	20
0.00899922	0.00120879	1951.49	6.65909e-10	5.39946e-18	0.0904542	0.50193	1.39761	1.61661	615	0	0.262116	0	20	20
0.00899842	0.00120999	1953.38	5.77338e-10	4.64735e-18	0.087343	0.489537	1.39798	1.61661	615	0	0.262178	0	20	20
0.00899762	0.00121116	1955.23	5.00548e-10	4.00001e-18	0.0843389	0.477451	1.39835	1.61661	615	0	0.262238	0	20	20
0.00899684	0.00121232	1957.06	4.33971e-10	3.44284e-18	0.0814381	0.465662	1.39872	1.61661	615	0	0.262297	0	20	20
0.00899607	0.00121346	1958.86	3.7625e-10	2.96328e-18	0.0786371	0.454165	1.39908	1.61661	615	0	0.262354	0	20	20
0.0089953	0.00121458	1960.62	3.26206e-10	2.55052e-18	0.0759324	0.442952	1.39944	1.61661	615	0	0.26241	0	20	20
0.00899454	0.00121568	1962.36	2.82818e-10	2.19525e-18	0.0733207	0.432015	1.39979	1.61661	615	0	0.262464	0	20	20
0.00899379	0.00121677	1964.07	2.45201e-10	1.88947e-18	0.0707989	0.421349	1.40014	1.61661	615	0	0.262518	0	20	20
0.00899306	0.00121784	1965.76	2.12587e-10	1.62628e-18	0.0683638	0.410946	1.40048	1.61661	615	0	0.26257	0	20	20
0.00899233	0.00121889	1967.41	1.84312e-10	1.39976e-18	0.0660124	0.400799	1.40083	1.61661	615	0	0.262621	0	20	20
0.00899161	0.00121992	1969.04	1.59797e-10	1.20478e-18	0.063742	0.390904	1.40116	1.61661	615	0	0.262671	0	20	20
0.00899089	0.00122094	1970.64	1.38543e-10	1.03696e-18	0.0615496	0.381252	1.40149	1.61661	615	0	0.262719	0	20	20
0.00899019	0.00122194	1972.21	1.20115e-10	8.92524e-19	0.0594326	0.371839	1.40182	1.61661	615	0	0.262767	0	20	20
0.0089895	0.00122292	1973.75	1.04139e-10	7.68203e-19	0.0573885	0.362658	1.40215	1.61661	615	0	0.262813	0	20	20
0.00898881	0.00122389	1975.27	9.02879e-11	6.61198e-19	0.0554146	0.353704	1.40247	1.61661	615	0	0.262858	0	20	20
0.00898814	0.00122484	1976.77	7.82789e-11	5.69098e-19	0.0535086	0.344971	1.40279	1.61661	615	0	0.262902	0	20	20
0.00898747	0.00122577	1978.23	6.78672e-11	4.89828e-19	0.0516682	0.336454	1.4031	1.61661	615	0	0.262945	0	20	20
0.00898681	0.00122669	1979.67	5.88404e-11	4.21598e-19	0.0498911	0.328147	1.40341	1.61661	615	0	0.262987	0	20	20
0.00898616	0.00122759	1981.09	5.10141e-11	3.62873e-19	0.0481751	0.320045	1.40371	1.61661	615	0	0.263028	0	20	20
0.00898552	0.00122848	1982.48	4.42289e-11	3.12328e-19	0.0465182	0.312143	1.40401	1.61661	615	0	0.263069	0	20	20
0.00898489	0.00122935	1983.85	3.83461e-11	2.68823e-19	0.0449182	0.304436	1.40431	1.61661	615	0	0.263108	0	20	20
0.00898427	0.00123021	1985.19	3.32458e-11	2.31378e-19	0.0433733	0.296919	1.4046	1.61661	615	0	0.263146	0	20	20
0.00898365	0.00123105	1986.51	2.88238e-11	1.99149e-19	0.0418815	0.289589	1.40489	1.61661	615	0	0.263183	0	20	20
0.00898305	0.00123188	1987.81	2.49901e-11	1.71409e-19	0.040441	0.282439	1.40517	1.61661	615	0	0.26322	0	20	20
0.00898245	0.00123269	1989.08	2.16662e-11	1.47533e-19	0.03905	0.275465	1.40545	1.61661	615	0	0.263255	0	20	20
0.00898186	0.00123349	1990.33	1.87844e-11	1.26983e-19	0.0377069	0.268664	1.40573	1.61661	615	0	0.26329	0	20	20
0.00898128	0.00123427	1991.55	1.6286e-11	1.09295e-19	0.03641	0.262031	1.406	1.61661	615	0	0.263324	0	20	20
