0.00215197	
0.00253019	
0.00224807	
0.00162249	
0.00117679	
0.000934799	
0.000796574	
0.000712343	
0.00066216	
0.000637148	
0.000640998	
0.000693877	
0.000794174	
0.000948446	
0.00117498	
0.00150666	
0.00199142	
0.00267492	
0.00354183	
0.00446652	
0.00531288	
0.00605669	
0.00674184	
0.00741415	
0.00811277	
0.00888726	
0.00983621	
0.0111077	
0.0128564	
0.015353	
0.0254456	
0.0382142	
0.0360376	
0.0331024	
0.0326695	
0.0328138	
0.0329619	
0.0330904	
0.0332389	
0.0334229	
0.0336478	
0.0339886	
0.0344484	
0.0350008	
0.0356203	
0.0362825	
0.0369648	
0.0376472	
0.0383125	
0.0389469	
0.0395401	
0.0400852	
0.0405784	
0.0410185	
0.0414062	
0.0417438	
0.0420345	
0.0422823	
0.0424913	
0.0426656	
0.0428093	
0.042926	
0.0430194	
0.0430925	
0.0431481	
0.0431889	
0.0432168	
0.043234	
0.0432421	
0.0432426	
0.0432366	
0.0432253	
0.0432097	
