0.00859497	0.000698346	1111.6	256.922	76.5	0	0	1.60423	1.61661	615	0	0.148176	0	20	20
0.00869458	0.000707871	1138.33	256.922	76.4694	18.5317	6.2451	1.54972	1.61661	615	0	-0.664825	0	20	20
0.0088772	0.000726735	1190.48	256.922	76.4339	54.3232	18.4279	1.45603	1.61661	615	0	-2.08567	0	20	20
0.00903236	0.000744574	1238.71	256.922	76.3927	88.8849	30.3103	1.38228	1.61661	615	0	-3.22757	0	20	20
0.00916139	0.000761305	1282.73	256.922	76.3448	122.251	41.897	1.32469	1.61661	615	0	-4.16146	0	20	20
0.00927088	0.000777338	1323.79	256.922	76.2893	154.454	53.1926	1.27831	1.61661	615	0	-4.95557	0	20	20
0.00936649	0.000793127	1363.21	256.922	76.2249	185.529	64.202	1.23957	1.61661	615	0	-5.65626	0	20	20
0.00945098	0.000808898	1401.63	256.922	76.1502	215.506	74.9302	1.20662	1.61661	615	0	-6.28764	0	20	20
0.00952537	0.00082468	1439.15	256.922	76.0636	244.42	85.3822	1.17857	1.61661	615	0	-6.8616	0	20	20
0.00959019	0.000840423	1475.69	256.922	75.9633	272.302	95.5636	1.15483	1.61661	615	0	-7.38582	0	20	20
0.00964606	0.000856072	1511.16	256.921	75.847	299.184	105.48	1.13488	1.61661	615	0	-7.86688	0	20	20
0.00969372	0.000871581	1545.5	256.921	75.7124	325.101	115.138	1.11822	1.61661	615	0	-8.31073	0	20	20
0.00973403	0.000886914	1578.71	256.921	75.5566	350.084	124.542	1.10439	1.61661	615	0	-8.72241	0	20	20
0.00976789	0.000902035	1610.81	256.921	75.3764	374.167	133.701	1.09294	1.61661	615	0	-9.10591	0	20	20
0.00979621	0.000916913	1641.81	256.921	75.1681	397.385	142.622	1.08349	1.61661	615	0	-9.46427	0	20	20
0.00981984	0.000931516	1671.75	256.92	74.9275	419.773	151.311	1.07569	1.61661	615	0	-9.79977	0	20	20
0.00983954	0.000945819	1700.66	256.92	74.6499	441.366	159.777	1.06924	1.61661	615	0	-10.1142	0	20	20
0.009856	0.000959801	1728.59	256.92	74.33	462.202	168.03	1.06389	1.61661	615	0	-10.409	0	20	20
0.0098698	0.000973446	1755.55	256.92	73.9617	482.319	176.077	1.05944	1.61661	615	0	-10.6855	0	20	20
0.00988141	0.000986749	1781.61	256.919	73.5383	501.755	183.93	1.05571	1.61661	615	0	-10.945	0	20	20
0.00989122	0.000999707	1806.79	256.919	73.0526	520.55	191.599	1.05257	1.61661	615	0	-11.1886	0	20	20
0.00989956	0.00101232	1831.15	256.919	72.4961	538.746	199.094	1.04991	1.61661	615	0	-11.4175	0	20	20
0.00990667	0.00102461	1854.72	256.918	71.8602	556.383	206.426	1.04765	1.61661	615	0	-11.6328	0	20	20
0.00991276	0.00103657	1877.54	256.918	71.1353	573.503	213.608	1.04572	1.61661	615	0	-11.8356	0	20	20
0.00991801	0.00104822	1899.66	256.917	70.3111	590.147	220.651	1.04406	1.61661	615	0	-12.0267	0	20	20
0.00992255	0.00105957	1921.12	256.917	69.3773	606.353	227.565	1.04263	1.61661	615	0	-12.2072	0	20	20
0.00992649	0.00107064	1941.95	256.916	68.323	622.16	234.363	1.04139	1.61661	615	0	-12.3779	0	20	20
0.00992992	0.00108145	1962.19	256.916	67.1377	637.598	241.051	1.04031	1.61661	615	0	-12.5396	0	20	20
0.00993291	0.00109199	1981.85	256.915	65.8111	652.697	247.64	1.03937	1.61661	615	0	-12.6928	0	20	20
0.00993552	0.00110228	2000.95	256.914	64.3342	667.474	254.132	1.03855	1.61661	615	0	-12.8382	0	20	20
0.00993782	0.00111232	2019.51	256.913	62.6995	681.94	260.531	1.03783	1.61661	615	0	-12.9761	0	20	20
0.00993984	0.0011221	2037.5	256.913	60.9015	696.093	266.835	1.0372	1.61661	615	0	-13.1069	0	20	20
0.00994164	0.00113161	2054.9	256.912	58.9379	709.919	273.037	1.03664	1.61661	615	0	-13.2306	0	20	20
0.00994325	0.00114081	2071.68	256.911	56.8097	723.387	279.126	1.03613	1.61661	615	0	-13.3473	0	20	20
0.00994472	0.00114967	2087.77	256.909	54.5225	736.45	285.084	1.03567	1.61661	615	0	-13.4569	0	20	20
0.00994609	0.00115816	2103.11	256.908	52.086	749.047	290.89	1.03525	1.61661	615	0	-13.5592	0	20	20
0.0099474	0.00116621	2117.59	256.907	49.5151	761.099	296.514	1.03483	1.61661	615	0	-13.6538	0	20	20
0.00994871	0.00117376	2131.11	256.905	46.8297	772.515	301.925	1.03443	1.61661	615	0	-13.7403	0	20	20
0.00995006	0.00118074	2143.57	256.904	44.0538	783.196	307.087	1.03401	1.61661	615	0	-13.8184	0	20	20
0.0099515	0.00118709	2154.84	256.902	41.2153	793.036	311.96	1.03356	1.61661	615	0	-13.8874	0	20	20
0.00995306	0.00119273	2164.82	256.9	38.3448	801.93	316.508	1.03307	1.61661	615	0	-13.9471	0	20	20
0.00995481	0.0011976	2173.4	256.898	35.4743	809.781	320.693	1.03253	1.61661	615	0	-13.997	0	20	20
0.00995677	0.00120164	2180.49	256.896	32.6358	816.5	324.484	1.03192	1.61661	615	0	-14.0369	0	20	20
0.00995898	0.00120482	2186.03	256.893	29.8599	822.018	327.853	1.03123	1.61661	615	0	-14.0664	0	20	20
0.00996145	0.00120711	2189.98	256.89	27.1745	826.286	330.779	1.03046	1.61661	615	0	-14.0856	0	20	20
0.00996421	0.00120848	2192.31	256.887	24.6037	829.275	333.25	1.02961	1.61661	615	0	-14.0944	0	20	20
0.00996727	0.00120894	2193.04	256.884	22.1672	830.982	335.261	1.02866	1.61661	615	0	-14.093	0	20	20
0.00997059	0.00120852	2192.2	256.881	19.8799	831.424	336.813	1.02763	1.61661	615	0	-14.0804	0	20	20
0.00997386	0.00120728	2189.85	256.877	17.7517	830.639	337.917	1.02662	1.61661	615	0	-14.0386	0	20	20
0.00997707	0.00120525	2186.08	256.872	15.7881	828.682	338.587	1.02563	1.61661	615	0	-13.969	0	20	20
0.00998024	0.00120248	2180.96	256.868	13.9901	825.62	338.844	1.02465	1.61661	615	0	-13.8735	0	20	20
0.00998334	0.00119904	2174.6	256.863	12.3554	821.531	338.711	1.0237	1.61661	615	0	-13.7541	0	20	20
0.00998638	0.00119497	2167.09	256.857	10.8785	816.499	338.214	1.02276	1.61661	615	0	-13.613	0	20	20
0.00998935	0.00119034	2158.56	256.851	9.55195	810.61	337.381	1.02185	1.61661	615	0	-13.4524	0	20	20
0.00999224	0.00118519	2149.1	256.845	8.36659	803.949	336.238	1.02097	1.61661	615	0	-13.2747	0	20	20
0.00999504	0.00117959	2138.8	256.838	7.31231	796.601	334.813	1.02011	1.61661	615	0	-13.082	0	20	20
0.00999773	0.00117359	2127.78	256.83	6.37848	788.645	333.131	1.01929	1.61661	615	0	-12.8763	0	20	20
0.0100003	0.00116725	2116.1	256.822	5.55436	780.155	331.218	1.0185	1.61661	615	0	-12.6596	0	20	20
0.0100028	0.00116059	2103.86	256.812	4.8294	771.2	329.096	1.01775	1.61661	615	0	-12.4336	0	20	20
0.0100051	0.00115367	2091.13	256.802	4.19349	761.843	326.785	1.01704	1.61661	615	0	-12.2	0	20	20
0.0100073	0.00114653	2077.98	256.791	3.63707	752.141	324.305	1.01638	1.61661	615	0	-11.9601	0	20	20
0.0100093	0.00113919	2064.46	256.779	3.15127	742.142	321.674	1.01577	1.61661	615	0	-11.7153	0	20	20
0.0100111	0.00113169	2050.62	256.766	2.72794	731.893	318.905	1.01521	1.61661	615	0	-11.4667	0	20	20
0.0100127	0.00112405	2036.51	256.752	2.35965	721.432	316.015	1.01471	1.61661	615	0	-11.2151	0	20	20
0.0100142	0.0011163	2022.17	256.736	2.03971	710.794	313.013	1.01427	1.61661	615	0	-10.9617	0	20	20
0.0100154	0.00110846	2007.64	256.719	1.76213	700.01	309.912	1.0139	1.61661	615	0	-10.7069	0	20	20
0.0100164	0.00110055	1992.95	256.701	1.52155	689.105	306.722	1.0136	1.61661	615	0	-10.4517	0	20	20
0.0100171	0.00109257	1978.12	256.681	1.31324	678.102	303.45	1.01338	1.61661	615	0	-10.1965	0	20	20
0.0100176	0.00108455	1963.18	256.659	1.13301	667.022	300.104	1.01324	1.61661	615	0	-9.94175	0	20	20
0.0100177	0.00107651	1948.14	256.635	0.977206	655.882	296.692	1.01319	1.61661	615	0	-9.68802	0	20	20
0.0100176	0.00106844	1933.03	256.609	0.842585	644.697	293.219	1.01323	1.61661	615	0	-9.43567	0	20	20
0.0100171	0.00106037	1917.87	256.58	0.726331	633.481	289.69	1.01337	1.61661	615	0	-9.18504	0	20	20
0.0100163	0.00105229	1902.66	256.549	0.625985	622.245	286.112	1.01362	1.61661	615	0	-8.93644	0	20	20
0.0100151	0.00104423	1887.42	256.515	0.539403	610.999	282.488	1.01399	1.61661	615	0	-8.69016	0	20	20
0.0100135	0.00103619	1872.16	256.478	0.464724	599.754	278.822	1.01449	1.61661	615	0	-8.44644	0	20	20
0.0100114	0.00102818	1856.89	256.438	0.400329	588.516	275.118	1.01512	1.61661	615	0	-8.20552	0	20	20
0.0100089	0.0010202	1841.63	256.394	0.344818	577.294	271.381	1.01589	1.61661	615	0	-7.96761	0	20	20
0.0100058	0.00101226	1826.38	256.346	0.296973	566.095	267.612	1.01682	1.61661	615	0	-7.7329	0	20	20
0.0100022	0.00100437	1811.15	256.293	0.255745	554.925	263.816	1.01792	1.61661	615	0	-7.50158	0	20	20
0.00999803	0.000996542	1795.94	256.236	0.220224	543.789	259.995	1.01919	1.61661	615	0	-7.27383	0	20	20
0.00999323	0.000988774	1780.78	256.174	0.189625	532.693	256.153	1.02066	1.61661	615	0	-7.04978	0	20	20
0.00998776	0.000981077	1765.65	256.106	0.163268	521.643	252.291	1.02234	1.61661	615	0	-6.8296	0	20	20
0.00998159	0.000973457	1750.58	256.032	0.140567	510.643	248.413	1.02424	1.61661	615	0	-6.61341	0	20	20
0.00997468	0.00096592	1735.56	255.951	0.121018	499.699	244.522	1.02637	1.61661	615	0	-6.40132	0	20	20
0.00996698	0.000958472	1720.61	255.863	0.104184	488.814	240.619	1.02875	1.61661	615	0	-6.19344	0	20	20
0.00995847	0.000951118	1705.73	255.768	0.0896893	477.993	236.707	1.03139	1.61661	615	0	-5.98984	0	20	20
0.0099491	0.000943865	1690.93	255.663	0.0772089	467.241	232.79	1.03431	1.61661	615	0	-5.7906	0	20	20
0.00993885	0.000936717	1676.21	255.549	0.0664636	456.562	228.868	1.03751	1.61661	615	0	-5.59575	0	20	20
0.00992771	0.000929678	1661.58	255.425	0.0572127	445.96	224.945	1.041	1.61661	615	0	-5.40532	0	20	20
0.00991566	0.000922751	1647.05	255.29	0.0492485	435.439	221.023	1.04481	1.61661	615	0	-5.21929	0	20	20
0.00990269	0.000915939	1632.62	255.142	0.0423924	425.004	217.104	1.04892	1.61661	615	0	-5.03764	0	20	20
0.00988881	0.000909244	1618.3	254.982	0.0364903	414.658	213.191	1.05334	1.61661	615	0	-4.86032	0	20	20
0.00987404	0.000902668	1604.1	254.807	0.0314096	404.407	209.286	1.05807	1.61661	615	0	-4.68727	0	20	20
0.0098584	0.000896212	1590.02	254.616	0.027036	394.252	205.39	1.06312	1.61661	615	0	-4.51841	0	20	20
0.00984192	0.000889874	1576.07	254.409	0.0232712	384.2	201.507	1.06847	1.61661	615	0	-4.35364	0	20	20
0.00982464	0.000883656	1562.26	254.183	0.0200306	374.253	197.639	1.07411	1.61661	615	0	-4.19286	0	20	20
0.00980659	0.000877557	1548.58	253.936	0.0172411	364.416	193.787	1.08005	1.61661	615	0	-4.03598	0	20	20
0.00978784	0.000871575	1535.05	253.668	0.01484	354.693	189.955	1.08627	1.61661	615	0	-3.8829	0	20	20
0.00976842	0.000865711	1521.68	253.377	0.0127733	345.086	186.143	1.09277	1.61661	615	0	-3.73352	0	20	20
0.00974839	0.000859963	1508.46	253.059	0.0109943	335.601	182.355	1.09951	1.61661	615	0	-3.58775	0	20	20
0.00972781	0.00085433	1495.41	252.714	0.00946308	326.241	178.592	1.10651	1.61661	615	0	-3.44551	0	20	20
0.00970671	0.000848812	1482.53	252.338	0.00814509	317.009	174.856	1.11374	1.61661	615	0	-3.30673	0	20	20
0.00968516	0.000843408	1469.83	251.929	0.00701065	307.91	171.15	1.12119	1.61661	615	0	-3.17135	0	20	20
0.00966321	0.000838118	1457.31	251.485	0.0060342	298.946	167.475	1.12885	1.61661	615	0	-3.0393	0	20	20
0.0096409	0.000832941	1444.98	251.002	0.00519374	290.123	163.835	1.1367	1.61661	615	0	-2.91054	0	20	20
0.00961829	0.000827878	1432.85	250.478	0.00447034	281.442	160.229	1.14474	1.61661	615	0	-2.78502	0	20	20
0.00959542	0.000822927	1420.91	249.908	0.00384768	272.908	156.661	1.15294	1.61661	615	0	-2.66271	0	20	20
0.00957234	0.00081809	1409.17	249.29	0.00331176	264.525	153.133	1.1613	1.61661	615	0	-2.54358	0	20	20
0.0095491	0.000813366	1397.65	248.618	0.00285047	256.295	149.646	1.1698	1.61661	615	0	-2.42759	0	20	20
0.00952574	0.000808756	1386.33	247.89	0.00245344	248.222	146.203	1.17843	1.61661	615	0	-2.31472	0	20	20
0.00950231	0.000804259	1375.24	247.101	0.0021117	240.311	142.806	1.18717	1.61661	615	0	-2.20494	0	20	20
0.00947884	0.000799875	1364.37	246.245	0.00181757	232.564	139.455	1.19601	1.61661	615	0	-2.09825	0	20	20
0.00945539	0.000795606	1353.72	245.318	0.0015644	224.985	136.154	1.20493	1.61661	615	0	-1.99461	0	20	20
0.009432	0.000791451	1343.3	244.315	0.00134649	217.577	132.905	1.21392	1.61661	615	0	-1.89401	0	20	20
0.0094087	0.000787411	1333.12	243.231	0.00115894	210.346	129.709	1.22296	1.61661	615	0	-1.79644	0	20	20
0.00938554	0.000783486	1323.17	242.058	0.000997512	203.295	126.569	1.23203	1.61661	615	0	-1.70189	0	20	20
0.00936256	0.000779676	1313.46	240.792	0.000858568	196.427	123.486	1.24113	1.61661	615	0	-1.61035	0	20	20
0.00933979	0.000775981	1303.99	239.426	0.000738977	189.748	120.463	1.25023	1.61661	615	0	-1.5218	0	20	20
0.00931728	0.000772403	1294.77	237.953	0.000636045	183.263	117.503	1.25931	1.61661	615	0	-1.43625	0	20	20
0.00929505	0.000768942	1285.79	236.367	0.000547449	176.975	114.607	1.26837	1.61661	615	0	-1.35368	0	20	20
0.00927314	0.000765598	1277.07	234.661	0.000471194	170.892	111.778	1.27738	1.61661	615	0	-1.2741	0	20	20
0.00925159	0.00076237	1268.59	232.828	0.000405561	165.014	109.019	1.28633	1.61661	615	0	-1.19746	0	20	20
0.00923038	0.000759254	1260.35	230.86	0.00034907	159.338	106.327	1.29521	1.61661	615	0	-1.12364	0	20	20
0.00920953	0.000756241	1252.33	228.751	0.000300448	153.858	103.702	1.30403	1.61661	615	0	-1.05251	0	20	20
0.00918903	0.000753325	1244.52	226.494	0.000258598	148.566	101.141	1.31278	1.61661	615	0	-0.983913	0	20	20
0.00916887	0.000750499	1236.9	224.082	0.000222577	143.456	98.6441	1.32146	1.61661	615	0	-0.917731	0	20	20
0.00914905	0.000747757	1229.46	221.509	0.000191574	138.522	96.2086	1.33006	1.61661	615	0	-0.853845	0	20	20
0.00912957	0.000745092	1222.19	218.768	0.000164889	133.758	93.8332	1.3386	1.61661	615	0	-0.792154	0	20	20
0.00911041	0.000742498	1215.07	215.855	0.000141922	129.157	91.5165	1.34706	1.61661	615	0	-0.732565	0	20	20
0.00909158	0.000739969	1208.08	212.764	0.000122153	124.715	89.2569	1.35544	1.61661	615	0	-0.674997	0	20	20
0.00907307	0.0007375	1201.23	209.492	0.000105138	120.425	87.0531	1.36376	1.61661	615	0	-0.619383	0	20	20
0.00905487	0.000735083	1194.49	206.035	9.04933e-05	116.283	84.9038	1.372	1.61661	615	0	-0.565665	0	20	20
0.00903697	0.000732715	1187.85	202.392	7.78883e-05	112.284	82.8075	1.38017	1.61661	615	0	-0.513801	0	20	20
0.00901939	0.00073039	1181.32	198.562	6.70391e-05	108.422	80.763	1.38825	1.61661	615	0	-0.463755	0	20	20
0.00900263	0.000728157	1175.02	194.546	5.77011e-05	104.693	78.7689	1.39602	1.61661	615	0	-0.41639	0	20	20
0.00898766	0.000726116	1169.24	190.346	4.96638e-05	101.092	76.8241	1.40301	1.61661	615	0	-0.373223	0	20	20
0.00897484	0.000724295	1164.06	185.967	4.2746e-05	97.6148	74.9273	1.40903	1.61661	615	0	-0.334592	0	20	20
0.00896398	0.000722671	1159.43	181.413	3.67919e-05	94.2574	73.0774	1.41416	1.61661	615	0	-0.299933	0	20	20
0.00895494	0.00072122	1155.28	176.694	3.1667e-05	91.0154	71.2731	1.41844	1.61661	615	0	-0.268772	0	20	20
0.0089476	0.000719927	1151.58	171.818	2.72561e-05	87.885	69.5133	1.42194	1.61661	615	0	-0.240716	0	20	20
0.00894187	0.000718776	1148.28	166.796	2.34595e-05	84.8622	67.7971	1.42467	1.61661	615	0	-0.21543	0	20	20
0.00893769	0.000717756	1145.36	161.643	2.01918e-05	81.9434	66.1231	1.42667	1.61661	615	0	-0.192629	0	20	20
0.00893501	0.000716859	1142.81	156.373	1.73792e-05	79.125	64.4906	1.42795	1.61661	615	0	-0.172073	0	20	20
0.00893381	0.000716077	1140.61	151.002	1.49585e-05	76.4035	62.8983	1.42853	1.61661	615	0	-0.153552	0	20	20
0.00893407	0.000715405	1138.76	145.549	1.28749e-05	73.7757	61.3453	1.42841	1.61661	615	0	-0.136888	0	20	20
0.0089358	0.000714841	1137.24	140.032	1.10815e-05	71.2382	59.8307	1.42758	1.61661	615	0	-0.121922	0	20	20
0.00893902	0.000714383	1136.07	134.472	9.53793e-06	68.788	58.3535	1.42604	1.61661	615	0	-0.108511	0	20	20
0.00895136	0.000713629	1135.51	128.89	8.20938e-06	66.422	56.9127	1.42015	1.61661	615	0	-0.0816394	0	20	20
0.00897017	0.000712964	1135.87	123.305	7.06588e-06	64.1375	55.5075	1.41123	1.61661	615	0	-0.055979	0	20	20
0.00899437	0.000712495	1137.19	117.74	6.08166e-06	61.9315	54.137	1.39987	1.61661	615	0	-0.0342618	0	20	20
0.00902397	0.000712225	1139.49	112.216	5.23453e-06	59.8014	52.8004	1.38614	1.61661	615	0	-0.01561	0	20	20
0.00905884	0.000712175	1142.78	106.751	4.5054e-06	57.7446	51.4968	1.3702	1.61661	615	0	0.000695884	0	20	20
0.00909863	0.000712385	1147.1	101.367	3.87783e-06	55.7585	50.2253	1.3523	1.61661	615	0	0.0152545	0	20	20
0.00914264	0.000712919	1152.48	96.0801	3.33768e-06	53.8407	48.9852	1.33286	1.61661	615	0	0.0285677	0	20	20
0.00918967	0.000713867	1158.94	90.9079	2.87277e-06	51.9888	47.7758	1.3125	1.61661	615	0	0.0410514	0	20	20
0.00923806	0.000715341	1166.47	85.8656	2.47262e-06	50.2007	46.5962	1.29199	1.61661	615	0	0.053033	0	20	20
0.00928578	0.000717458	1175.06	80.9665	2.1282e-06	48.4741	45.4457	1.27217	1.61661	615	0	0.0647391	0	20	20
0.00933073	0.000720323	1184.62	76.2224	1.83176e-06	46.8068	44.3237	1.25387	1.61661	615	0	0.0762845	0	20	20
0.00937114	0.000724002	1195.09	71.6431	1.57661e-06	45.1969	43.2293	1.23772	1.61661	615	0	0.0876754	0	20	20
0.00940582	0.000728507	1206.34	67.2365	1.357e-06	43.6424	42.162	1.22408	1.61661	615	0	0.0988355	0	20	20
0.00943434	0.0007338	1218.26	63.0088	1.16798e-06	42.1413	41.121	1.21301	1.61661	615	0	0.109645	0	20	20
0.00945684	0.000739799	1230.72	58.9643	1.00529e-06	40.6919	40.1057	1.20438	1.61661	615	0	0.119982	0	20	20
0.00947389	0.000746401	1243.61	55.1056	8.65262e-07	39.2923	39.1155	1.19788	1.61661	615	0	0.129744	0	20	20
0.00948626	0.000753497	1256.84	51.4339	7.44738e-07	37.9409	38.1497	1.1932	1.61661	615	0	0.138863	0	20	20
0.00949477	0.000760982	1270.31	47.9486	6.41002e-07	36.6359	37.2078	1.19	1.61661	615	0	0.147305	0	20	20
0.00950018	0.000768762	1283.94	44.6482	5.51715e-07	35.3758	36.2891	1.18797	1.61661	615	0	0.155065	0	20	20
0.00950317	0.000776755	1297.68	41.5299	4.74866e-07	34.1591	35.3932	1.18685	1.61661	615	0	0.162161	0	20	20
0.00950433	0.000784894	1311.47	38.5897	4.08721e-07	32.9842	34.5193	1.18641	1.61661	615	0	0.168627	0	20	20
0.00950411	0.000793123	1325.28	35.8231	3.51789e-07	31.8497	33.667	1.1865	1.61661	615	0	0.17451	0	20	20
0.00950289	0.000801396	1339.06	33.2246	3.02788e-07	30.7543	32.8358	1.18695	1.61661	615	0	0.179861	0	20	20
0.00950095	0.000809678	1352.79	30.7884	2.60612e-07	29.6965	32.0251	1.18768	1.61661	615	0	0.184734	0	20	20
0.00949852	0.000817941	1366.45	28.5081	2.24311e-07	28.6751	31.2344	1.18859	1.61661	615	0	0.189179	0	20	20
0.00949576	0.000826162	1380.02	26.3769	1.93066e-07	27.6888	30.4632	1.18963	1.61661	615	0	0.193249	0	20	20
0.00949279	0.000834325	1393.48	24.3881	1.66173e-07	26.7365	29.711	1.19074	1.61661	615	0	0.196989	0	20	20
0.0094897	0.000842417	1406.82	22.5345	1.43027e-07	25.8169	28.9775	1.19191	1.61661	615	0	0.200441	0	20	20
0.00948654	0.000850427	1420.04	20.8092	1.23104e-07	24.9289	28.262	1.1931	1.61661	615	0	0.203642	0	20	20
0.00948335	0.000858349	1433.12	19.2052	1.05957e-07	24.0715	27.5642	1.1943	1.61661	615	0	0.206624	0	20	20
0.00948017	0.000866176	1446.05	17.7156	9.11979e-08	23.2436	26.8837	1.19551	1.61661	615	0	0.209414	0	20	20
0.009477	0.000873904	1458.83	16.3335	7.84948e-08	22.4441	26.2199	1.1967	1.61661	615	0	0.212038	0	20	20
0.00947387	0.00088153	1471.45	15.0525	6.75611e-08	21.6722	25.5725	1.19789	1.61661	615	0	0.214514	0	20	20
0.00947076	0.000889051	1483.91	13.8662	5.81504e-08	20.9268	24.9411	1.19907	1.61661	615	0	0.216861	0	20	20
0.00946769	0.000896466	1496.2	12.7684	5.00505e-08	20.207	24.3253	1.20024	1.61661	615	0	0.219091	0	20	20
0.00946465	0.000903772	1508.32	11.7534	4.30789e-08	19.512	23.7247	1.2014	1.61661	615	0	0.221218	0	20	20
0.00946165	0.000910969	1520.28	10.8154	3.70783e-08	18.8409	23.139	1.20254	1.61661	615	0	0.223251	0	20	20
0.00945868	0.000918055	1532.05	9.94928	3.19136e-08	18.1929	22.5677	1.20367	1.61661	615	0	0.2252	0	20	20
0.00945575	0.000925031	1543.65	9.14994	2.74683e-08	17.5671	22.0105	1.20479	1.61661	615	0	0.227069	0	20	20
0.00945285	0.000931895	1555.07	8.41262	2.36422e-08	16.9629	21.467	1.2059	1.61661	615	0	0.228867	0	20	20
0.00944997	0.000938648	1566.31	7.73287	2.0349e-08	16.3795	20.937	1.207	1.61661	615	0	0.230598	0	20	20
0.00944713	0.000945289	1577.37	7.10647	1.75146e-08	15.8161	20.4201	1.20809	1.61661	615	0	0.232266	0	20	20
0.00944432	0.000951817	1588.24	6.52948	1.50749e-08	15.2721	19.9159	1.20917	1.61661	615	0	0.233875	0	20	20
0.00944154	0.000958235	1598.94	5.99821	1.29751e-08	14.7468	19.4242	1.21024	1.61661	615	0	0.235428	0	20	20
0.00943878	0.00096454	1609.45	5.50922	1.11678e-08	14.2396	18.9446	1.2113	1.61661	615	0	0.236927	0	20	20
0.00943606	0.000970734	1619.77	5.05929	9.61219e-09	13.7499	18.4769	1.21235	1.61661	615	0	0.238377	0	20	20
0.00943337	0.000976818	1629.91	4.64543	8.27329e-09	13.2769	18.0207	1.21339	1.61661	615	0	0.239778	0	20	20
0.00943071	0.000982791	1639.88	4.26485	7.12089e-09	12.8203	17.5757	1.21441	1.61661	615	0	0.241132	0	20	20
0.00942808	0.000988655	1649.66	3.91496	6.129e-09	12.3793	17.1418	1.21543	1.61661	615	0	0.242442	0	20	20
0.00942548	0.00099441	1659.25	3.59337	5.27528e-09	11.9536	16.7185	1.21644	1.61661	615	0	0.243709	0	20	20
0.00942292	0.00100006	1668.67	3.29785	4.54048e-09	11.5424	16.3058	1.21743	1.61661	615	0	0.244935	0	20	20
0.00942039	0.0010056	1677.91	3.02635	3.90803e-09	11.1454	15.9032	1.21841	1.61661	615	0	0.246121	0	20	20
0.00941784	0.00101108	1687.05	2.77695	3.36367e-09	10.7621	15.5105	1.2194	1.61661	615	0	0.24727	0	20	20
0.00941517	0.00101658	1696.21	2.5479	2.89514e-09	10.3919	15.1276	1.22044	1.61661	615	0	0.248388	0	20	20
0.00941235	0.00102213	1705.43	2.33757	2.49187e-09	10.0345	14.7541	1.22154	1.61661	615	0	0.249475	0	20	20
0.00940939	0.00102772	1714.7	2.14445	2.14477e-09	9.68937	14.3898	1.22269	1.61661	615	0	0.250532	0	20	20
0.00940629	0.00103335	1724.02	1.96717	1.84602e-09	9.3561	14.0345	1.2239	1.61661	615	0	0.25156	0	20	20
0.00940306	0.00103902	1733.38	1.80443	1.58888e-09	9.0343	13.688	1.22516	1.61661	615	0	0.252559	0	20	20
0.00939971	0.00104471	1742.77	1.65508	1.36757e-09	8.72357	13.35	1.22647	1.61661	615	0	0.25353	0	20	20
0.00939623	0.00105043	1752.18	1.51801	1.17707e-09	8.42353	13.0204	1.22783	1.61661	615	0	0.254473	0	20	20
0.00939263	0.00105618	1761.61	1.39223	1.01312e-09	8.13381	12.6989	1.22925	1.61661	615	0	0.255389	0	20	20
0.00938892	0.00106194	1771.06	1.27682	8.71998e-10	7.85405	12.3854	1.2307	1.61661	615	0	0.256278	0	20	20
0.0093851	0.00106772	1780.51	1.17093	7.50536e-10	7.58391	12.0796	1.2322	1.61661	615	0	0.257141	0	20	20
0.00938118	0.00107351	1789.97	1.07379	6.45992e-10	7.32307	11.7814	1.23375	1.61661	615	0	0.257977	0	20	20
0.00937717	0.00107931	1799.42	0.984679	5.56011e-10	7.07119	11.4905	1.23534	1.61661	615	0	0.258789	0	20	20
0.00937305	0.00108511	1808.85	0.902934	4.78563e-10	6.82798	11.2068	1.23696	1.61661	615	0	0.259575	0	20	20
0.00936885	0.00109091	1818.28	0.827954	4.11903e-10	6.59314	10.9301	1.23863	1.61661	615	0	0.260337	0	20	20
0.00936457	0.00109671	1827.67	0.759182	3.54528e-10	6.36637	10.6602	1.24033	1.61661	615	0	0.261075	0	20	20
0.0093602	0.0011025	1837.04	0.696106	3.05145e-10	6.1474	10.397	1.24206	1.61661	615	0	0.26179	0	20	20
0.00935576	0.00110828	1846.38	0.638258	2.62641e-10	5.93596	10.1403	1.24383	1.61661	615	0	0.262481	0	20	20
0.00935125	0.00111405	1855.68	0.585207	2.26057e-10	5.7318	9.88995	1.24563	1.61661	615	0	0.26315	0	20	20
0.00934667	0.0011198	1864.93	0.536555	1.94569e-10	5.53465	9.64576	1.24747	1.61661	615	0	0.263796	0	20	20
0.00934203	0.00112554	1874.14	0.491941	1.67467e-10	5.34429	9.40761	1.24933	1.61661	615	0	0.264421	0	20	20
0.00933734	0.00113125	1883.29	0.45103	1.4414e-10	5.16048	9.17533	1.25121	1.61661	615	0	0.265025	0	20	20
0.00933258	0.00113693	1892.39	0.413515	1.24063e-10	4.98298	8.94879	1.25312	1.61661	615	0	0.265608	0	20	20
0.00932778	0.00114259	1901.42	0.379116	1.06782e-10	4.8116	8.72785	1.25506	1.61661	615	0	0.26617	0	20	20
0.00932294	0.00114821	1910.38	0.347575	9.1908e-11	4.6461	8.51236	1.25702	1.61661	615	0	0.266713	0	20	20
0.00931805	0.0011538	1919.27	0.318655	7.91059e-11	4.4863	8.30219	1.259	1.61661	615	0	0.267236	0	20	20
0.00931312	0.00115936	1928.09	0.292138	6.80871e-11	4.332	8.0972	1.261	1.61661	615	0	0.267741	0	20	20
0.00930816	0.00116487	1936.82	0.267826	5.86031e-11	4.183	7.89728	1.26301	1.61661	615	0	0.268227	0	20	20
0.00930318	0.00117034	1945.47	0.245535	5.04402e-11	4.03913	7.7023	1.26505	1.61661	615	0	0.268694	0	20	20
0.00929816	0.00117577	1954.03	0.225098	4.34142e-11	3.9002	7.51213	1.26709	1.61661	615	0	0.269145	0	20	20
0.00929313	0.00118115	1962.5	0.20636	3.7367e-11	3.76606	7.32665	1.26915	1.61661	615	0	0.269578	0	20	20
0.00928808	0.00118648	1970.88	0.189181	3.21621e-11	3.63653	7.14576	1.27123	1.61661	615	0	0.269994	0	20	20
0.00928301	0.00119175	1979.16	0.173431	2.76821e-11	3.51145	6.96933	1.27331	1.61661	615	0	0.270394	0	20	20
0.00927793	0.00119698	1987.33	0.158992	2.38262e-11	3.39067	6.79725	1.2754	1.61661	615	0	0.270778	0	20	20
0.00927284	0.00120214	1995.41	0.145754	2.05074e-11	3.27405	6.62943	1.2775	1.61661	615	0	0.271147	0	20	20
0.00926776	0.00120725	2003.37	0.133617	1.76509e-11	3.16144	6.46575	1.27961	1.61661	615	0	0.2715	0	20	20
0.00926267	0.0012123	2011.22	0.122491	1.51923e-11	3.05271	6.30611	1.28172	1.61661	615	0	0.271839	0	20	20
0.00925758	0.00121729	2018.96	0.112291	1.30761e-11	2.94771	6.15041	1.28383	1.61661	615	0	0.272164	0	20	20
0.0092525	0.00122221	2026.59	0.10294	1.12547e-11	2.84633	5.99856	1.28595	1.61661	615	0	0.272475	0	20	20
0.00924743	0.00122707	2034.09	0.0943671	9.68703e-12	2.74843	5.85045	1.28806	1.61661	615	0	0.272772	0	20	20
0.00924237	0.00123186	2041.48	0.0865081	8.3377e-12	2.6539	5.706	1.29018	1.61661	615	0	0.273056	0	20	20
0.00923732	0.00123658	2048.75	0.0793034	7.17633e-12	2.56262	5.56512	1.2923	1.61661	615	0	0.273328	0	20	20
0.0092323	0.00124123	2055.89	0.0726986	6.17672e-12	2.47448	5.42772	1.29441	1.61661	615	0	0.273587	0	20	20
0.00922729	0.00124581	2062.9	0.0666437	5.31635e-12	2.38937	5.29371	1.29652	1.61661	615	0	0.273834	0	20	20
0.00922231	0.00125032	2069.79	0.061093	4.57583e-12	2.30719	5.163	1.29862	1.61661	615	0	0.27407	0	20	20
0.00921735	0.00125475	2076.56	0.0560045	3.93845e-12	2.22783	5.03553	1.30071	1.61661	615	0	0.274295	0	20	20
0.00921242	0.00125911	2083.19	0.0513398	3.38986e-12	2.15121	4.9112	1.3028	1.61661	615	0	0.274508	0	20	20
0.00920752	0.0012634	2089.69	0.0470635	2.91768e-12	2.07722	4.78994	1.30488	1.61661	615	0	0.274711	0	20	20
0.00920266	0.0012676	2096.06	0.0431433	2.51127e-12	2.00577	4.67168	1.30695	1.61661	615	0	0.274904	0	20	20
0.00919783	0.00127173	2102.3	0.0395496	2.16147e-12	1.93678	4.55634	1.30901	1.61661	615	0	0.275086	0	20	20
0.00919304	0.00127579	2108.4	0.0362552	1.86039e-12	1.87017	4.44384	1.31106	1.61661	615	0	0.27526	0	20	20
0.00918828	0.00127976	2114.38	0.0332352	1.60125e-12	1.80585	4.33412	1.3131	1.61661	615	0	0.275423	0	20	20
0.00918357	0.00128366	2120.21	0.0304668	1.37821e-12	1.74373	4.22711	1.31512	1.61661	615	0	0.275578	0	20	20
0.0091789	0.00128747	2125.92	0.0279289	1.18624e-12	1.68376	4.12274	1.31713	1.61661	615	0	0.275724	0	20	20
0.00917427	0.00129121	2131.49	0.0256024	1.02101e-12	1.62585	4.02095	1.31912	1.61661	615	0	0.275862	0	20	20
0.00916969	0.00129486	2136.92	0.0234697	8.78787e-13	1.56993	3.92167	1.3211	1.61661	615	0	0.275991	0	20	20
0.00916516	0.00129844	2142.23	0.0215146	7.56379e-13	1.51593	3.82485	1.32306	1.61661	615	0	0.276113	0	20	20
0.00916068	0.00130193	2147.39	0.0197224	6.51022e-13	1.46379	3.73041	1.325	1.61661	615	0	0.276227	0	20	20
0.00915625	0.00130535	2152.43	0.0180794	5.60339e-13	1.41344	3.63831	1.32693	1.61661	615	0	0.276333	0	20	20
0.00915186	0.00130868	2157.33	0.0165733	4.82289e-13	1.36483	3.54848	1.32884	1.61661	615	0	0.276433	0	20	20
0.00914754	0.00131194	2162.1	0.0151927	4.1511e-13	1.31789	3.46087	1.33072	1.61661	615	0	0.276525	0	20	20
0.00914326	0.00131511	2166.73	0.0139271	3.57288e-13	1.27256	3.37542	1.33259	1.61661	615	0	0.276611	0	20	20
0.00913904	0.00131821	2171.24	0.0127669	3.07521e-13	1.22879	3.29208	1.33444	1.61661	615	0	0.27669	0	20	20
0.00913487	0.00132122	2175.61	0.0117033	2.64686e-13	1.18653	3.2108	1.33626	1.61661	615	0	0.276763	0	20	20
0.00913076	0.00132416	2179.86	0.0107284	2.27817e-13	1.14572	3.13152	1.33807	1.61661	615	0	0.27683	0	20	20
0.00912671	0.00132701	2183.98	0.00983465	1.96084e-13	1.10631	3.0542	1.33985	1.61661	615	0	0.276891	0	20	20
0.00912272	0.00132979	2187.97	0.00901536	1.68771e-13	1.06826	2.97879	1.34161	1.61661	615	0	0.276947	0	20	20
0.00911878	0.00133249	2191.83	0.00826432	1.45263e-13	1.03152	2.90525	1.34335	1.61661	615	0	0.276997	0	20	20
0.0091149	0.00133511	2195.57	0.00757585	1.25029e-13	0.996037	2.83352	1.34507	1.61661	615	0	0.277042	0	20	20
0.00911108	0.00133766	2199.18	0.00694473	1.07613e-13	0.961779	2.76356	1.34676	1.61661	615	0	0.277082	0	20	20
0.00910732	0.00134013	2202.67	0.00636619	9.26235e-14	0.928699	2.69532	1.34843	1.61661	615	0	0.277117	0	20	20
0.00910362	0.00134253	2206.05	0.00583584	7.97218e-14	0.896756	2.62878	1.35008	1.61661	615	0	0.277147	0	20	20
0.00909998	0.00134485	2209.3	0.00534967	6.86172e-14	0.865913	2.56387	1.3517	1.61661	615	0	0.277173	0	20	20
0.00909639	0.00134709	2212.43	0.004904	5.90593e-14	0.83613	2.50057	1.35329	1.61661	615	0	0.277194	0	20	20
0.00909287	0.00134927	2215.45	0.00449546	5.08329e-14	0.807372	2.43883	1.35487	1.61661	615	0	0.277211	0	20	20
0.00908941	0.00135137	2218.35	0.00412095	4.37522e-14	0.779603	2.37862	1.35642	1.61661	615	0	0.277224	0	20	20
0.00908601	0.0013534	2221.14	0.00377764	3.76579e-14	0.752788	2.31989	1.35794	1.61661	615	0	0.277233	0	20	20
0.00908266	0.00135536	2223.82	0.00346294	3.24125e-14	0.726897	2.26261	1.35944	1.61661	615	0	0.277239	0	20	20
0.00907938	0.00135725	2226.39	0.00317445	2.78977e-14	0.701895	2.20675	1.36092	1.61661	615	0	0.277241	0	20	20
0.00907615	0.00135907	2228.85	0.00290999	2.40117e-14	0.677754	2.15226	1.36237	1.61661	615	0	0.277239	0	20	20
0.00907299	0.00136083	2231.21	0.00266756	2.06671e-14	0.654443	2.09912	1.3638	1.61661	615	0	0.277234	0	20	20
0.00906988	0.00136252	2233.46	0.00244533	1.77883e-14	0.631934	2.04729	1.3652	1.61661	615	0	0.277225	0	20	20
0.00906683	0.00136414	2235.61	0.00224161	1.53106e-14	0.610198	1.99675	1.36658	1.61661	615	0	0.277214	0	20	20
0.00906384	0.0013657	2237.66	0.00205487	1.31779e-14	0.589211	1.94745	1.36793	1.61661	615	0	0.277199	0	20	20
0.00906091	0.0013672	2239.61	0.00188368	1.13423e-14	0.568945	1.89936	1.36926	1.61661	615	0	0.277182	0	20	20
0.00905803	0.00136863	2241.46	0.00172675	9.76244e-15	0.549377	1.85247	1.37056	1.61661	615	0	0.277161	0	20	20
0.00905521	0.00137001	2243.22	0.0015829	8.40261e-15	0.530481	1.80673	1.37184	1.61661	615	0	0.277138	0	20	20
0.00905245	0.00137132	2244.88	0.00145103	7.2322e-15	0.512235	1.76212	1.3731	1.61661	615	0	0.277113	0	20	20
0.00904974	0.00137257	2246.45	0.00133015	6.22481e-15	0.494617	1.71862	1.37433	1.61661	615	0	0.277085	0	20	20
0.00904708	0.00137377	2247.94	0.00121933	5.35774e-15	0.477605	1.67618	1.37554	1.61661	615	0	0.277055	0	20	20
0.00904448	0.00137491	2249.33	0.00111775	4.61145e-15	0.461178	1.6348	1.37673	1.61661	615	0	0.277022	0	20	20
0.00904194	0.00137599	2250.65	0.00102463	3.96911e-15	0.445316	1.59443	1.37789	1.61661	615	0	0.276987	0	20	20
0.00903945	0.00137703	2251.87	0.000939274	3.41625e-15	0.43	1.55507	1.37903	1.61661	615	0	0.27695	0	20	20
0.00903701	0.001378	2253.02	0.000861024	2.94039e-15	0.41521	1.51667	1.38015	1.61661	615	0	0.276911	0	20	20
0.00903462	0.00137893	2254.09	0.000789293	2.53082e-15	0.400929	1.47923	1.38124	1.61661	615	0	0.276871	0	20	20
0.00903228	0.0013798	2255.07	0.000723538	2.1783e-15	0.387139	1.4427	1.38232	1.61661	615	0	0.276828	0	20	20
0.00903	0.00138063	2255.99	0.000663261	1.87488e-15	0.373824	1.40708	1.38337	1.61661	615	0	0.276783	0	20	20
0.00902776	0.0013814	2256.82	0.000608005	1.61372e-15	0.360966	1.37234	1.38439	1.61661	615	0	0.276737	0	20	20
0.00902557	0.00138213	2257.59	0.000557353	1.38894e-15	0.348551	1.33846	1.3854	1.61661	615	0	0.276689	0	20	20
0.00902343	0.00138281	2258.28	0.00051092	1.19547e-15	0.336563	1.30541	1.38639	1.61661	615	0	0.27664	0	20	20
0.00902134	0.00138345	2258.91	0.000468356	1.02895e-15	0.324987	1.27318	1.38735	1.61661	615	0	0.276589	0	20	20
0.0090193	0.00138404	2259.47	0.000429338	8.85629e-16	0.313809	1.24175	1.3883	1.61661	615	0	0.276537	0	20	20
0.0090173	0.00138458	2259.96	0.00039357	7.62268e-16	0.303016	1.21109	1.38922	1.61661	615	0	0.276484	0	20	20
0.00901535	0.00138509	2260.39	0.000360782	6.5609e-16	0.292594	1.18119	1.39012	1.61661	615	0	0.276429	0	20	20
0.00901344	0.00138556	2260.76	0.000330726	5.64702e-16	0.28253	1.15202	1.39101	1.61661	615	0	0.276373	0	20	20
0.00901157	0.00138598	2261.07	0.000303173	4.86043e-16	0.272812	1.12358	1.39187	1.61661	615	0	0.276315	0	20	20
0.00900975	0.00138637	2261.31	0.000277916	4.18342e-16	0.263429	1.09584	1.39271	1.61661	615	0	0.276257	0	20	20
0.00900797	0.00138671	2261.51	0.000254763	3.6007e-16	0.254369	1.06878	1.39354	1.61661	615	0	0.276198	0	20	20
0.00900623	0.00138702	2261.64	0.000233539	3.09915e-16	0.24562	1.04239	1.39435	1.61661	615	0	0.276137	0	20	20
0.00900453	0.0013873	2261.73	0.000214083	2.66746e-16	0.237172	1.01666	1.39514	1.61661	615	0	0.276076	0	20	20
0.00900288	0.00138754	2261.76	0.000196248	2.29591e-16	0.229014	0.991555	1.39591	1.61661	615	0	0.276014	0	20	20
0.00900126	0.00138774	2261.74	0.000179899	1.97611e-16	0.221137	0.967073	1.39666	1.61661	615	0	0.275951	0	20	20
0.00899968	0.00138791	2261.67	0.000164912	1.70085e-16	0.213531	0.943196	1.39739	1.61661	615	0	0.275887	0	20	20
0.00899814	0.00138805	2261.55	0.000151173	1.46393e-16	0.206187	0.919908	1.39811	1.61661	615	0	0.275822	0	20	20
0.00899663	0.00138816	2261.39	0.000138579	1.26002e-16	0.199095	0.897196	1.39881	1.61661	615	0	0.275757	0	20	20
0.00899517	0.00138824	2261.18	0.000127034	1.08451e-16	0.192248	0.875044	1.3995	1.61661	615	0	0.275691	0	20	20
0.00899373	0.00138828	2260.93	0.000116451	9.33446e-17	0.185635	0.853439	1.40017	1.61661	615	0	0.275625	0	20	20
0.00899234	0.0013883	2260.64	0.00010675	8.03424e-17	0.179251	0.832367	1.40082	1.61661	615	0	0.275558	0	20	20
0.00899097	0.0013883	2260.31	9.78563e-05	6.91514e-17	0.173085	0.811816	1.40146	1.61661	615	0	0.27549	0	20	20
0.00898964	0.00138826	2259.93	8.9704e-05	5.95191e-17	0.167132	0.791772	1.40208	1.61661	615	0	0.275422	0	20	20
0.00898835	0.0013882	2259.52	8.22308e-05	5.12286e-17	0.161384	0.772224	1.40269	1.61661	615	0	0.275353	0	20	20
0.00898708	0.00138811	2259.08	7.53802e-05	4.40929e-17	0.155833	0.753157	1.40328	1.61661	615	0	0.275284	0	20	20
0.00898585	0.001388	2258.6	6.91004e-05	3.79511e-17	0.150473	0.734562	1.40386	1.61661	615	0	0.275215	0	20	20
0.00898465	0.00138787	2258.08	6.33437e-05	3.26648e-17	0.145298	0.716425	1.40442	1.61661	615	0	0.275145	0	20	20
0.00898347	0.00138771	2257.53	5.80666e-05	2.81149e-17	0.1403	0.698737	1.40497	1.61661	615	0	0.275075	0	20	20
0.00898233	0.00138753	2256.95	5.32291e-05	2.41987e-17	0.135475	0.681485	1.40551	1.61661	615	0	0.275004	0	20	20
0.00898122	0.00138733	2256.34	4.87946e-05	2.0828e-17	0.130815	0.664659	1.40603	1.61661	615	0	0.274933	0	20	20
0.00898013	0.0013871	2255.7	4.47296e-05	1.79268e-17	0.126316	0.648248	1.40654	1.61661	615	0	0.274863	0	20	20
0.00897907	0.00138686	2255.03	4.10032e-05	1.54298e-17	0.121971	0.632243	1.40704	1.61661	615	0	0.274791	0	20	20
0.00897804	0.0013866	2254.33	3.75873e-05	1.32805e-17	0.117776	0.616633	1.40752	1.61661	615	0	0.27472	0	20	20
0.00897704	0.00138632	2253.61	3.44559e-05	1.14306e-17	0.113725	0.601408	1.408	1.61661	615	0	0.274648	0	20	20
0.00897606	0.00138602	2252.86	3.15854e-05	9.83845e-18	0.109814	0.586559	1.40846	1.61661	615	0	0.274577	0	20	20
0.0089751	0.0013857	2252.09	2.89541e-05	8.46803e-18	0.106037	0.572077	1.4089	1.61661	615	0	0.274505	0	20	20
0.00897417	0.00138537	2251.29	2.65419e-05	7.2885e-18	0.10239	0.557953	1.40934	1.61661	615	0	0.274433	0	20	20
0.00897327	0.00138502	2250.47	2.43307e-05	6.27327e-18	0.0988679	0.544177	1.40977	1.61661	615	0	0.274361	0	20	20
0.00897239	0.00138466	2249.63	2.23038e-05	5.39946e-18	0.0954673	0.530741	1.41018	1.61661	615	0	0.274289	0	20	20
0.00897153	0.00138428	2248.77	2.04457e-05	4.64735e-18	0.0921838	0.517637	1.41059	1.61661	615	0	0.274217	0	20	20
0.00897069	0.00138388	2247.89	1.87423e-05	4.00001e-18	0.0890132	0.504856	1.41098	1.61661	615	0	0.274145	0	20	20
0.00896988	0.00138348	2246.99	1.71809e-05	3.44284e-18	0.0859516	0.492391	1.41137	1.61661	615	0	0.274073	0	20	20
0.00896909	0.00138306	2246.08	1.57496e-05	2.96328e-18	0.0829953	0.480234	1.41174	1.61661	615	0	0.274001	0	20	20
0.00896832	0.00138262	2245.14	1.44375e-05	2.55052e-18	0.0801407	0.468377	1.41211	1.61661	615	0	0.27393	0	20	20
0.00896756	0.00138218	2244.19	1.32347e-05	2.19525e-18	0.0773843	0.456813	1.41246	1.61661	615	0	0.273858	0	20	20
0.00896683	0.00138172	2243.23	1.21322e-05	1.88947e-18	0.0747227	0.445534	1.41281	1.61661	615	0	0.273786	0	20	20
0.00896612	0.00138125	2242.25	1.11214e-05	1.62628e-18	0.0721527	0.434534	1.41314	1.61661	615	0	0.273714	0	20	20
0.00896543	0.00138077	2241.25	1.01949e-05	1.39976e-18	0.069671	0.423805	1.41347	1.61661	615	0	0.273643	0	20	20
0.00896476	0.00138028	2240.24	9.3456e-06	1.20478e-18	0.0672747	0.413341	1.41379	1.61661	615	0	0.273572	0	20	20
0.0089641	0.00137978	2239.22	8.56702e-06	1.03696e-18	0.0649608	0.403136	1.4141	1.61661	615	0	0.2735	0	20	20
0.00896346	0.00137927	2238.19	7.85331e-06	8.92524e-19	0.0627265	0.393183	1.4144	1.61661	615	0	0.273429	0	20	20
0.00896284	0.00137875	2237.14	7.19906e-06	7.68203e-19	0.0605691	0.383475	1.4147	1.61661	615	0	0.273358	0	20	20
0.00896224	0.00137823	2236.09	6.59931e-06	6.61198e-19	0.0584858	0.374007	1.41498	1.61661	615	0	0.273288	0	20	20
0.00896165	0.00137769	2235.02	6.04953e-06	5.69098e-19	0.0564742	0.364773	1.41526	1.61661	615	0	0.273217	0	20	20
0.00896108	0.00137715	2233.95	5.54555e-06	4.89828e-19	0.0545318	0.355766	1.41553	1.61661	615	0	0.273147	0	20	20
0.00896052	0.0013766	2232.86	5.08355e-06	4.21598e-19	0.0526562	0.346982	1.4158	1.61661	615	0	0.273077	0	20	20
0.00895998	0.00137604	2231.77	4.66005e-06	3.62873e-19	0.0508451	0.338415	1.41605	1.61661	615	0	0.273007	0	20	20
0.00895945	0.00137548	2230.67	4.27182e-06	3.12328e-19	0.0490963	0.33006	1.4163	1.61661	615	0	0.272938	0	20	20
0.00895894	0.00137491	2229.56	3.91594e-06	2.68823e-19	0.0474077	0.321911	1.41654	1.61661	615	0	0.272868	0	20	20
0.00895845	0.00137433	2228.45	3.58971e-06	2.31378e-19	0.0457771	0.313963	1.41678	1.61661	615	0	0.272799	0	20	20
0.00895796	0.00137375	2227.33	3.29065e-06	1.99149e-19	0.0442026	0.306211	1.41701	1.61661	615	0	0.27273	0	20	20
0.00895749	0.00137317	2226.2	3.01651e-06	1.71409e-19	0.0426823	0.298651	1.41723	1.61661	615	0	0.272662	0	20	20
0.00895704	0.00137258	2225.07	2.76521e-06	1.47533e-19	0.0412143	0.291277	1.41745	1.61661	615	0	0.272594	0	20	20
0.00895659	0.00137198	2223.93	2.53484e-06	1.26983e-19	0.0397967	0.284085	1.41766	1.61661	615	0	0.272526	0	20	20
0.00895616	0.00137138	2222.79	2.32366e-06	1.09295e-19	0.0384279	0.277071	1.41786	1.61661	615	0	0.272458	0	20	20
