0.00936804	
0.0074373	
0.0058768	
0.00508708	
0.00460694	
0.00427297	
0.00401592	
0.0038073	
0.0036483	
0.00355549	
0.00355512	
0.00367886	
0.00389629	
0.00418637	
0.00454086	
0.00496061	
0.00545215	
0.0060256	
0.00669322	
0.00746816	
0.00836273	
0.00938549	
0.0105367	
0.0118016	
0.013141	
0.0144954	
0.0158316	
0.0171278	
0.0183642	
0.0195124	
0.0203416	
0.0207515	
0.0207446	
0.0203377	
0.0195659	
0.0184873	
0.0171885	
0.0157815	
0.0143864	
0.0131043	
0.0119985	
0.0110917	
0.0103783	
0.00983841	
0.00944893	
0.00918882	
0.00903984	
0.00898427	
0.00900269	
0.00989365	
0.0111961	
0.0130725	
0.0152583	
0.0172387	
0.0188777	
0.0203591	
0.0218674	
0.0235119	
0.0253307	
0.0273119	
0.0294082	
0.0315482	
0.0336479	
0.0356255	
0.0374142	
0.0389711	
0.0402798	
0.041347	
0.042195	
0.0428545	
0.0433577	
0.0437348	
0.0440119	
