0.00866572	0.000693067	1111.6	256.922	76.5	0	0	1.56526	1.61661	615	0	0.149389	0	20	20
0.00874083	0.000705036	1139.33	256.922	76.4694	18.5315	6.24503	1.52525	1.61661	615	0	-0.0959606	0	20	20
0.00885707	0.000729835	1193.01	256.922	76.4339	54.3225	18.4277	1.46598	1.61661	615	0	-0.54223	0	20	20
0.00893897	0.000754822	1243.71	256.922	76.3927	88.8838	30.31	1.42606	1.61661	615	0	-0.929518	0	20	20
0.00899611	0.000779948	1292.19	256.922	76.3448	122.249	41.8965	1.39906	1.61661	615	0	-1.26962	0	20	20
0.00903436	0.000804827	1338.28	256.922	76.2893	154.452	53.1919	1.38136	1.61661	615	0	-1.5694	0	20	20
0.00905855	0.000829188	1381.98	256.922	76.2249	185.526	64.2011	1.37033	1.61661	615	0	-1.83438	0	20	20
0.00907241	0.000852873	1423.36	256.922	76.1502	215.503	74.9291	1.36405	1.61661	615	0	-2.06966	0	20	20
0.00907875	0.000875817	1462.59	256.922	76.0636	244.416	85.3809	1.3612	1.61661	615	0	-2.27976	0	20	20
0.00907958	0.000898013	1499.87	256.922	75.9633	272.297	95.5621	1.36082	1.61661	615	0	-2.46856	0	20	20
0.0090764	0.00091949	1535.4	256.922	75.847	299.179	105.478	1.36226	1.61661	615	0	-2.63932	0	20	20
0.00907025	0.000940291	1569.38	256.922	75.7124	325.095	115.136	1.36503	1.61661	615	0	-2.79469	0	20	20
0.00906191	0.00096046	1601.96	256.922	75.5566	350.077	124.54	1.3688	1.61661	615	0	-2.93683	0	20	20
0.00905192	0.000980041	1633.28	256.922	75.3764	374.16	133.699	1.37334	1.61661	615	0	-3.06753	0	20	20
0.0090407	0.000999069	1663.45	256.922	75.1681	397.377	142.619	1.37846	1.61661	615	0	-3.18821	0	20	20
0.00902855	0.00101757	1692.56	256.922	74.9275	419.764	151.308	1.38403	1.61661	615	0	-3.30006	0	20	20
0.0090157	0.00103558	1720.67	256.922	74.6499	441.357	159.774	1.38996	1.61661	615	0	-3.40409	0	20	20
0.00900231	0.00105312	1747.86	256.922	74.33	462.191	168.026	1.39617	1.61661	615	0	-3.50114	0	20	20
0.00898853	0.0010702	1774.16	256.922	73.9617	482.307	176.073	1.4026	1.61661	615	0	-3.59194	0	20	20
0.00897443	0.00108684	1799.62	256.922	73.5383	501.741	183.926	1.40922	1.61661	615	0	-3.67711	0	20	20
0.00896011	0.00110307	1824.27	256.922	73.0526	520.535	191.594	1.41599	1.61661	615	0	-3.75723	0	20	20
0.00894561	0.0011189	1848.17	256.922	72.4961	538.73	199.088	1.42289	1.61661	615	0	-3.83278	0	20	20
0.00893098	0.00113434	1871.33	256.922	71.8602	556.366	206.42	1.42989	1.61661	615	0	-3.90423	0	20	20
0.00891623	0.00114943	1893.81	256.922	71.1353	573.484	213.601	1.437	1.61661	615	0	-3.97197	0	20	20
0.00890139	0.00116418	1915.62	256.922	70.3111	590.126	220.643	1.4442	1.61661	615	0	-4.03638	0	20	20
0.00888648	0.00117862	1936.82	256.922	69.3773	606.331	227.557	1.45148	1.61661	615	0	-4.09777	0	20	20
0.00887148	0.00119276	1957.42	256.922	68.323	622.136	234.354	1.45885	1.61661	615	0	-4.15644	0	20	20
0.00885642	0.00120662	1977.45	256.922	67.1377	637.572	241.042	1.46631	1.61661	615	0	-4.21264	0	20	20
0.0088413	0.00122021	1996.94	256.922	65.8111	652.668	247.629	1.47385	1.61661	615	0	-4.2666	0	20	20
0.00882612	0.00123354	2015.89	256.922	64.3342	667.443	254.121	1.48146	1.61661	615	0	-4.31847	0	20	20
0.0088109	0.00124661	2034.31	256.922	62.6995	681.906	260.519	1.48915	1.61661	615	0	-4.3684	0	20	20
0.00879567	0.00125941	2052.18	256.922	60.9015	696.057	266.822	1.4969	1.61661	615	0	-4.41647	0	20	20
0.00878046	0.00127192	2069.47	256.922	58.9379	709.88	273.023	1.5047	1.61661	615	0	-4.46271	0	20	20
0.00876532	0.00128411	2086.15	256.922	56.8097	723.344	279.11	1.5125	1.61661	615	0	-4.50711	0	20	20
0.00875033	0.00129594	2102.16	256.922	54.5225	736.404	285.068	1.52029	1.61661	615	0	-4.54961	0	20	20
0.00873557	0.00130734	2117.41	256.922	52.086	748.997	290.872	1.52801	1.61661	615	0	-4.5901	0	20	20
0.00872113	0.00131824	2131.82	256.922	49.5151	761.045	296.495	1.53561	1.61661	615	0	-4.62843	0	20	20
0.00870714	0.00132856	2145.27	256.922	46.8297	772.458	301.904	1.54303	1.61661	615	0	-4.66442	0	20	20
0.00869372	0.0013382	2157.67	256.922	44.0538	783.134	307.064	1.55019	1.61661	615	0	-4.69786	0	20	20
0.00868099	0.00134709	2168.88	256.922	41.2153	792.969	311.935	1.55701	1.61661	615	0	-4.72854	0	20	20
0.00866909	0.00135511	2178.8	256.922	38.3448	801.858	316.481	1.56343	1.61661	615	0	-4.75623	0	20	20
0.00865815	0.00136219	2187.33	256.922	35.4743	809.702	320.665	1.56937	1.61661	615	0	-4.78074	0	20	20
0.00864828	0.00136825	2194.38	256.922	32.6358	816.416	324.453	1.57475	1.61661	615	0	-4.80191	0	20	20
0.00863957	0.00137322	2199.87	256.922	29.8599	821.928	327.819	1.57951	1.61661	615	0	-4.81958	0	20	20
0.00863211	0.00137706	2203.77	256.922	27.1745	826.188	330.743	1.58362	1.61661	615	0	-4.83367	0	20	20
0.00862593	0.00137976	2206.06	256.922	24.6037	829.17	333.212	1.58702	1.61661	615	0	-4.84414	0	20	20
0.00862106	0.00138129	2206.75	256.922	22.1672	830.869	335.219	1.58971	1.61661	615	0	-4.85099	0	20	20
0.00861741	0.0013817	2205.87	256.922	19.8799	831.303	336.768	1.59173	1.61661	615	0	-4.85367	0	20	20
0.00861413	0.00138114	2203.49	256.922	17.7517	830.508	337.869	1.59355	1.61661	615	0	-4.84707	0	20	20
0.00861118	0.00137965	2199.69	256.922	15.7881	828.541	338.535	1.59519	1.61661	615	0	-4.83169	0	20	20
0.00860855	0.00137729	2194.57	256.922	13.9901	825.469	338.788	1.59665	1.61661	615	0	-4.8081	0	20	20
0.00860622	0.00137414	2188.22	256.922	12.3554	821.369	338.651	1.59795	1.61661	615	0	-4.77694	0	20	20
0.00860415	0.00137024	2180.75	256.922	10.8785	816.326	338.15	1.5991	1.61661	615	0	-4.73891	0	20	20
0.00860233	0.00136568	2172.27	256.922	9.55195	810.424	337.312	1.60011	1.61661	615	0	-4.69469	0	20	20
0.00860074	0.00136052	2162.87	256.922	8.36659	803.75	336.164	1.60101	1.61661	615	0	-4.64498	0	20	20
0.00859934	0.00135481	2152.67	256.922	7.31231	796.387	334.734	1.60179	1.61661	615	0	-4.59043	0	20	20
0.00859811	0.00134863	2141.76	256.922	6.37848	788.416	333.046	1.60248	1.61661	615	0	-4.53169	0	20	20
0.00859704	0.00134202	2130.21	256.922	5.55436	779.91	331.127	1.60308	1.61661	615	0	-4.46933	0	20	20
0.0085961	0.00133504	2118.12	256.922	4.8294	770.938	328.998	1.6036	1.61661	615	0	-4.40389	0	20	20
0.00859528	0.00132774	2105.55	256.922	4.19349	761.563	326.681	1.60406	1.61661	615	0	-4.33585	0	20	20
0.00859456	0.00132016	2092.58	256.922	3.63707	751.841	324.194	1.60446	1.61661	615	0	-4.26566	0	20	20
0.00859393	0.00131233	2079.25	256.922	3.15127	741.822	321.554	1.60482	1.61661	615	0	-4.1937	0	20	20
0.00859338	0.0013043	2065.62	256.922	2.72794	731.551	318.778	1.60512	1.61661	615	0	-4.1203	0	20	20
0.00859289	0.00129608	2051.73	256.922	2.35965	721.068	315.879	1.60539	1.61661	615	0	-4.04577	0	20	20
0.00859247	0.00128771	2037.62	256.922	2.03971	710.406	312.869	1.60563	1.61661	615	0	-3.97037	0	20	20
0.0085921	0.0012792	2023.34	256.922	1.76213	699.596	309.758	1.60584	1.61661	615	0	-3.89432	0	20	20
0.00859178	0.00127058	2008.9	256.922	1.52155	688.664	306.557	1.60602	1.61661	615	0	-3.81783	0	20	20
0.00859149	0.00126187	1994.33	256.922	1.31324	677.633	303.275	1.60618	1.61661	615	0	-3.74105	0	20	20
0.00859125	0.00125308	1979.67	256.922	1.13301	666.524	299.918	1.60631	1.61661	615	0	-3.66414	0	20	20
0.00859105	0.00124422	1964.92	256.922	0.977206	655.352	296.494	1.60643	1.61661	615	0	-3.58724	0	20	20
0.00859088	0.0012353	1950.11	256.922	0.842585	644.135	293.008	1.60652	1.61661	615	0	-3.51044	0	20	20
0.00859075	0.00122634	1935.26	256.922	0.726331	632.884	289.467	1.6066	1.61661	615	0	-3.43384	0	20	20
0.00859065	0.00121735	1920.37	256.922	0.625985	621.611	285.875	1.60665	1.61661	615	0	-3.35754	0	20	20
0.00859059	0.00120833	1905.46	256.922	0.539403	610.328	282.236	1.60669	1.61661	615	0	-3.2816	0	20	20
0.00859056	0.00119929	1890.54	256.922	0.464724	599.042	278.555	1.6067	1.61661	615	0	-3.20608	0	20	20
0.00859057	0.00119023	1875.63	256.922	0.400329	587.764	274.836	1.6067	1.61661	615	0	-3.13106	0	20	20
0.00859062	0.00118117	1860.73	256.922	0.344818	576.499	271.082	1.60667	1.61661	615	0	-3.05658	0	20	20
0.00859072	0.00117211	1845.86	256.922	0.296973	565.254	267.296	1.60661	1.61661	615	0	-2.98269	0	20	20
0.00859086	0.00116305	1831.01	256.922	0.255745	554.037	263.482	1.60654	1.61661	615	0	-2.90942	0	20	20
0.00859105	0.001154	1816.21	256.922	0.220224	542.853	259.643	1.60643	1.61661	615	0	-2.83683	0	20	20
0.00859129	0.00114497	1801.45	256.922	0.189625	531.707	255.781	1.60629	1.61661	615	0	-2.76494	0	20	20
0.00859159	0.00113596	1786.76	256.922	0.163268	520.605	251.9	1.60613	1.61661	615	0	-2.69379	0	20	20
0.00859194	0.00112697	1772.12	256.922	0.140567	509.552	248.001	1.60593	1.61661	615	0	-2.62342	0	20	20
0.00859237	0.00111801	1757.56	256.922	0.121018	498.552	244.088	1.60569	1.61661	615	0	-2.55384	0	20	20
0.00859286	0.00110908	1743.08	256.922	0.104184	487.61	240.164	1.60541	1.61661	615	0	-2.48509	0	20	20
0.00859342	0.00110019	1728.69	256.922	0.0896893	476.731	236.23	1.6051	1.61661	615	0	-2.4172	0	20	20
0.00859407	0.00109134	1714.4	256.922	0.0772089	465.919	232.289	1.60474	1.61661	615	0	-2.35019	0	20	20
0.0085948	0.00108254	1700.2	256.922	0.0664636	455.179	228.344	1.60433	1.61661	615	0	-2.28408	0	20	20
0.00859562	0.00107379	1686.12	256.922	0.0572127	444.515	224.397	1.60387	1.61661	615	0	-2.2189	0	20	20
0.00859653	0.00106509	1672.15	256.922	0.0492485	433.932	220.45	1.60336	1.61661	615	0	-2.15466	0	20	20
0.00859755	0.00105646	1658.31	256.922	0.0423924	423.434	216.507	1.60279	1.61661	615	0	-2.0914	0	20	20
0.00859867	0.00104789	1644.6	256.922	0.0364903	413.024	212.568	1.60216	1.61661	615	0	-2.02913	0	20	20
0.0085999	0.00103938	1631.03	256.922	0.0314096	402.709	208.638	1.60147	1.61661	615	0	-1.96788	0	20	20
0.00860125	0.00103095	1617.61	256.922	0.027036	392.491	204.717	1.60072	1.61661	615	0	-1.90765	0	20	20
0.00860273	0.0010226	1604.34	256.922	0.0232712	382.375	200.809	1.5999	1.61661	615	0	-1.84847	0	20	20
0.00860433	0.00101433	1591.24	256.922	0.0200306	372.366	196.915	1.599	1.61661	615	0	-1.79035	0	20	20
0.00860607	0.00100615	1578.31	256.922	0.0172411	362.467	193.038	1.59803	1.61661	615	0	-1.73331	0	20	20
0.00860796	0.000998055	1565.55	256.922	0.01484	352.684	189.181	1.59698	1.61661	615	0	-1.67737	0	20	20
0.00860998	0.000990058	1552.98	256.922	0.0127733	343.02	185.346	1.59585	1.61661	615	0	-1.62255	0	20	20
0.00861217	0.000982162	1540.6	256.922	0.0109943	333.479	181.534	1.59464	1.61661	615	0	-1.56884	0	20	20
0.00861451	0.00097437	1528.43	256.922	0.00946308	324.067	177.749	1.59334	1.61661	615	0	-1.51628	0	20	20
0.00861701	0.000966688	1516.45	256.922	0.00814509	314.786	173.992	1.59195	1.61661	615	0	-1.46487	0	20	20
0.00861968	0.00095912	1504.7	256.922	0.00701065	305.642	170.267	1.59047	1.61661	615	0	-1.41462	0	20	20
0.00862252	0.000951669	1493.16	256.922	0.0060342	296.639	166.574	1.5889	1.61661	615	0	-1.36554	0	20	20
0.00862555	0.000944341	1481.85	256.922	0.00519374	287.781	162.917	1.58723	1.61661	615	0	-1.31764	0	20	20
0.00862875	0.000937141	1470.77	256.922	0.00447034	279.071	159.297	1.58546	1.61661	615	0	-1.27093	0	20	20
0.00863214	0.000930071	1459.94	256.921	0.00384768	270.515	155.717	1.5836	1.61661	615	0	-1.22543	0	20	20
0.00863571	0.000923138	1449.35	256.921	0.00331176	262.115	152.179	1.58163	1.61661	615	0	-1.18113	0	20	20
0.00863947	0.000916344	1439.02	256.921	0.00285047	253.877	148.685	1.57957	1.61661	615	0	-1.13804	0	20	20
0.00864343	0.000909694	1428.94	256.921	0.00245344	245.803	145.237	1.5774	1.61661	615	0	-1.09617	0	20	20
0.00864757	0.000903192	1419.13	256.921	0.0021117	237.899	141.837	1.57513	1.61661	615	0	-1.05553	0	20	20
0.00865191	0.000896842	1409.6	256.921	0.00181757	230.167	138.488	1.57277	1.61661	615	0	-1.01611	0	20	20
0.00865643	0.000890648	1400.34	256.921	0.0015644	222.612	135.191	1.5703	1.61661	615	0	-0.977925	0	20	20
0.00866115	0.000884615	1391.36	256.921	0.00134649	215.238	131.949	1.56774	1.61661	615	0	-0.940972	0	20	20
0.00866604	0.000878744	1382.66	256.921	0.00115894	208.047	128.763	1.56508	1.61661	615	0	-0.905255	0	20	20
0.00867112	0.000873041	1374.26	256.92	0.000997512	201.044	125.635	1.56233	1.61661	615	0	-0.870776	0	20	20
0.00867638	0.000867508	1366.15	256.92	0.000858568	194.231	122.568	1.5595	1.61661	615	0	-0.837535	0	20	20
0.0086818	0.00086215	1358.34	256.92	0.000738977	187.613	119.563	1.55658	1.61661	615	0	-0.805533	0	20	20
0.00868738	0.000856969	1350.84	256.92	0.000636045	181.193	116.622	1.55358	1.61661	615	0	-0.77477	0	20	20
0.0086931	0.000851969	1343.63	256.919	0.000547449	174.973	113.747	1.55051	1.61661	615	0	-0.745246	0	20	20
0.00869897	0.000847152	1336.74	256.919	0.000471194	168.957	110.939	1.54738	1.61661	615	0	-0.716959	0	20	20
0.00870497	0.000842519	1330.16	256.919	0.000405561	163.146	108.2	1.54418	1.61661	615	0	-0.689895	0	20	20
0.00871109	0.000838067	1323.88	256.919	0.00034907	157.535	105.529	1.54093	1.61661	615	0	-0.664012	0	20	20
0.00871734	0.000833788	1317.89	256.918	0.000300448	152.117	102.923	1.53762	1.61661	615	0	-0.639255	0	20	20
0.00872371	0.000829677	1312.18	256.918	0.000258598	146.885	100.382	1.53425	1.61661	615	0	-0.615573	0	20	20
0.0087302	0.000825727	1306.73	256.918	0.000222577	141.833	97.9037	1.53083	1.61661	615	0	-0.592918	0	20	20
0.00873681	0.000821932	1301.55	256.917	0.000191574	136.954	95.4864	1.52736	1.61661	615	0	-0.571243	0	20	20
0.00874354	0.000818288	1296.62	256.917	0.000164889	132.244	93.1289	1.52384	1.61661	615	0	-0.550504	0	20	20
0.00875038	0.000814788	1291.94	256.916	0.000141922	127.695	90.8295	1.52026	1.61661	615	0	-0.530658	0	20	20
0.00875734	0.000811428	1287.48	256.915	0.000122153	123.303	88.5869	1.51664	1.61661	615	0	-0.511666	0	20	20
0.00876441	0.000808201	1283.26	256.915	0.000105138	119.062	86.3997	1.51297	1.61661	615	0	-0.493491	0	20	20
0.0087716	0.000805104	1279.24	256.914	9.04933e-05	114.967	84.2665	1.50926	1.61661	615	0	-0.476094	0	20	20
0.00877888	0.000802132	1275.44	256.913	7.78883e-05	111.013	82.1859	1.50551	1.61661	615	0	-0.459442	0	20	20
0.00878627	0.00079928	1271.84	256.913	6.70391e-05	107.195	80.1567	1.50171	1.61661	615	0	-0.443502	0	20	20
0.00879376	0.000796543	1268.44	256.912	5.77011e-05	103.508	78.1777	1.49788	1.61661	615	0	-0.428242	0	20	20
0.00880135	0.000793918	1265.22	256.911	4.96638e-05	99.9477	76.2475	1.49401	1.61661	615	0	-0.413633	0	20	20
0.00880903	0.0007914	1262.18	256.91	4.2746e-05	96.51	74.3649	1.4901	1.61661	615	0	-0.399646	0	20	20
0.00881679	0.000788985	1259.31	256.908	3.67919e-05	93.1906	72.5288	1.48617	1.61661	615	0	-0.386253	0	20	20
0.00882464	0.00078667	1256.61	256.907	3.1667e-05	89.9854	70.7381	1.48221	1.61661	615	0	-0.373428	0	20	20
0.00883258	0.00078445	1254.07	256.906	2.72561e-05	86.8903	68.9916	1.47822	1.61661	615	0	-0.361148	0	20	20
0.00884059	0.000782322	1251.68	256.904	2.34595e-05	83.9018	67.2881	1.4742	1.61661	615	0	-0.349387	0	20	20
0.00884867	0.000780283	1249.45	256.903	2.01918e-05	81.016	65.6268	1.47017	1.61661	615	0	-0.338125	0	20	20
0.00885682	0.000778329	1247.35	256.901	1.73792e-05	78.2295	64.0065	1.46611	1.61661	615	0	-0.327338	0	20	20
0.00886504	0.000776458	1245.39	256.899	1.49585e-05	75.5388	62.4261	1.46204	1.61661	615	0	-0.317007	0	20	20
0.0088734	0.000774686	1243.61	256.897	1.28749e-05	72.9407	60.8848	1.45791	1.61661	615	0	-0.307211	0	20	20
0.00888223	0.000773089	1242.17	256.894	1.10815e-05	70.4319	59.3816	1.45356	1.61661	615	0	-0.298285	0	20	20
0.00889175	0.000771714	1241.17	256.892	9.53793e-06	68.0095	57.9154	1.4489	1.61661	615	0	-0.290438	0	20	20
0.00890193	0.000770548	1240.59	256.889	8.20938e-06	65.6703	56.4855	1.44393	1.61661	615	0	-0.283597	0	20	20
0.00891275	0.00076958	1240.42	256.886	7.06588e-06	63.4116	55.0909	1.43868	1.61661	615	0	-0.277699	0	20	20
0.00892418	0.000768799	1240.62	256.883	6.08166e-06	61.2306	53.7307	1.43316	1.61661	615	0	-0.272681	0	20	20
0.0089362	0.000768194	1241.19	256.879	5.23453e-06	59.1246	52.4041	1.42739	1.61661	615	0	-0.268487	0	20	20
0.00894877	0.000767755	1242.09	256.875	4.5054e-06	57.091	51.1102	1.42138	1.61661	615	0	-0.265065	0	20	20
0.00896186	0.000767475	1243.33	256.871	3.87783e-06	55.1274	49.8483	1.41516	1.61661	615	0	-0.262366	0	20	20
0.00897546	0.000767343	1244.86	256.866	3.33768e-06	53.2313	48.6175	1.40874	1.61661	615	0	-0.260341	0	20	20
0.00898953	0.000767353	1246.69	256.861	2.87277e-06	51.4005	47.4172	1.40213	1.61661	615	0	-0.258949	0	20	20
0.00900404	0.000767495	1248.8	256.856	2.47262e-06	49.6326	46.2464	1.39537	1.61661	615	0	-0.258146	0	20	20
0.00901896	0.000767763	1251.16	256.85	2.1282e-06	47.9255	45.1046	1.38845	1.61661	615	0	-0.257895	0	20	20
0.00903427	0.000768149	1253.77	256.843	1.83176e-06	46.2771	43.991	1.38141	1.61661	615	0	-0.258157	0	20	20
0.00904992	0.000768648	1256.62	256.836	1.57661e-06	44.6854	42.9048	1.37425	1.61661	615	0	-0.258898	0	20	20
0.0090659	0.000769251	1259.68	256.828	1.357e-06	43.1485	41.8455	1.367	1.61661	615	0	-0.260085	0	20	20
0.00908217	0.000769954	1262.94	256.82	1.16798e-06	41.6644	40.8123	1.35966	1.61661	615	0	-0.261684	0	20	20
0.00909871	0.000770749	1266.4	256.81	1.00529e-06	40.2314	39.8047	1.35226	1.61661	615	0	-0.263667	0	20	20
0.00911547	0.000771631	1270.04	256.8	8.65262e-07	38.8476	38.8219	1.34482	1.61661	615	0	-0.266005	0	20	20
0.00913243	0.000772595	1273.84	256.789	7.44738e-07	37.5115	37.8634	1.33734	1.61661	615	0	-0.26867	0	20	20
0.00914957	0.000773635	1277.8	256.777	6.41002e-07	36.2213	36.9285	1.32984	1.61661	615	0	-0.271636	0	20	20
0.00916684	0.000774745	1281.9	256.764	5.51715e-07	34.9755	36.0167	1.32233	1.61661	615	0	-0.274879	0	20	20
0.00918423	0.000775921	1286.13	256.749	4.74866e-07	33.7725	35.1275	1.31484	1.61661	615	0	-0.278376	0	20	20
0.00920169	0.000777158	1290.48	256.733	4.08721e-07	32.6109	34.2602	1.30736	1.61661	615	0	-0.282104	0	20	20
0.00921922	0.000778451	1294.94	256.716	3.51789e-07	31.4893	33.4143	1.29992	1.61661	615	0	-0.286044	0	20	20
0.00923676	0.000779796	1299.5	256.697	3.02788e-07	30.4062	32.5893	1.29253	1.61661	615	0	-0.290174	0	20	20
0.00925431	0.000781187	1304.14	256.677	2.60612e-07	29.3604	31.7847	1.28519	1.61661	615	0	-0.294478	0	20	20
0.00927182	0.00078262	1308.86	256.655	2.24311e-07	28.3506	30.9999	1.27792	1.61661	615	0	-0.298938	0	20	20
0.00928928	0.000784092	1313.65	256.631	1.93066e-07	27.3755	30.2345	1.27073	1.61661	615	0	-0.303537	0	20	20
0.00930666	0.000785598	1318.49	256.604	1.66173e-07	26.4339	29.488	1.26363	1.61661	615	0	-0.308262	0	20	20
0.00932394	0.000787133	1323.38	256.575	1.43027e-07	25.5247	28.76	1.25662	1.61661	615	0	-0.313096	0	20	20
0.00934108	0.000788695	1328.3	256.544	1.23104e-07	24.6468	28.0499	1.24971	1.61661	615	0	-0.318029	0	20	20
0.00935808	0.000790279	1333.25	256.509	1.05957e-07	23.7991	27.3573	1.24291	1.61661	615	0	-0.323046	0	20	20
0.00937491	0.000791881	1338.22	256.472	9.11979e-08	22.9805	26.6819	1.23623	1.61661	615	0	-0.328138	0	20	20
0.00939154	0.000793498	1343.19	256.431	7.84948e-08	22.1901	26.0231	1.22967	1.61661	615	0	-0.333293	0	20	20
0.00940796	0.000795125	1348.17	256.386	6.75611e-08	21.4269	25.3806	1.22324	1.61661	615	0	-0.338501	0	20	20
0.00942416	0.000796761	1353.14	256.338	5.81504e-08	20.6899	24.7539	1.21695	1.61661	615	0	-0.343753	0	20	20
0.00944011	0.0007984	1358.09	256.285	5.00505e-08	19.9783	24.1427	1.21079	1.61661	615	0	-0.349041	0	20	20
0.00945581	0.00080004	1363.01	256.227	4.30789e-08	19.2912	23.5467	1.20477	1.61661	615	0	-0.354355	0	20	20
0.00947123	0.000801677	1367.9	256.164	3.70783e-08	18.6276	22.9653	1.1989	1.61661	615	0	-0.359688	0	20	20
0.00948636	0.000803308	1372.76	256.095	3.19136e-08	17.987	22.3983	1.19317	1.61661	615	0	-0.365031	0	20	20
0.0095012	0.00080493	1377.56	256.02	2.74683e-08	17.3683	21.8453	1.18758	1.61661	615	0	-0.370377	0	20	20
0.00951574	0.00080654	1382.31	255.939	2.36422e-08	16.7709	21.3059	1.18215	1.61661	615	0	-0.375718	0	20	20
0.00952997	0.000808135	1386.99	255.85	2.0349e-08	16.1941	20.7799	1.17686	1.61661	615	0	-0.381046	0	20	20
0.00954387	0.000809712	1391.61	255.752	1.75146e-08	15.6371	20.2668	1.17173	1.61661	615	0	-0.386352	0	20	20
0.00955746	0.000811268	1396.16	255.647	1.50749e-08	15.0993	19.7664	1.16674	1.61661	615	0	-0.39163	0	20	20
0.00957071	0.0008128	1400.62	255.531	1.29751e-08	14.5799	19.2784	1.1619	1.61661	615	0	-0.396869	0	20	20
0.00958364	0.000814307	1405.01	255.406	1.11678e-08	14.0785	18.8024	1.1572	1.61661	615	0	-0.402062	0	20	20
0.00959624	0.000815786	1409.3	255.269	9.61219e-09	13.5943	18.3382	1.15265	1.61661	615	0	-0.407199	0	20	20
0.00960851	0.000817234	1413.5	255.12	8.27329e-09	13.1267	17.8854	1.14824	1.61661	615	0	-0.412271	0	20	20
0.00962045	0.00081865	1417.6	254.957	7.12089e-09	12.6752	17.4438	1.14397	1.61661	615	0	-0.417268	0	20	20
0.00963207	0.000820031	1421.6	254.78	6.129e-09	12.2392	17.0131	1.13983	1.61661	615	0	-0.422181	0	20	20
0.00964338	0.000821377	1425.5	254.587	5.27528e-09	11.8183	16.5931	1.13583	1.61661	615	0	-0.426999	0	20	20
0.00965436	0.000822686	1429.29	254.377	4.54048e-09	11.4118	16.1834	1.13196	1.61661	615	0	-0.431712	0	20	20
0.00966504	0.000823956	1432.97	254.148	3.90803e-09	11.0193	15.7838	1.12821	1.61661	615	0	-0.436308	0	20	20
0.00967541	0.000825186	1436.54	253.899	3.36367e-09	10.6403	15.3941	1.12458	1.61661	615	0	-0.440778	0	20	20
0.00968548	0.000826377	1440	253.627	2.89514e-09	10.2743	15.014	1.12108	1.61661	615	0	-0.44511	0	20	20
0.00969527	0.000827526	1443.35	253.332	2.49187e-09	9.92093	14.6433	1.11769	1.61661	615	0	-0.449293	0	20	20
0.00970477	0.000828634	1446.59	253.011	2.14477e-09	9.57971	14.2818	1.11441	1.61661	615	0	-0.453316	0	20	20
0.009714	0.000829701	1449.71	252.661	1.84602e-09	9.25022	13.9292	1.11123	1.61661	615	0	-0.457167	0	20	20
0.00972297	0.000830726	1452.73	252.281	1.58888e-09	8.93206	13.5852	1.10816	1.61661	615	0	-0.460835	0	20	20
0.00973167	0.00083171	1455.63	251.867	1.36757e-09	8.62484	13.2498	1.10519	1.61661	615	0	-0.464309	0	20	20
0.00974013	0.000832654	1458.42	251.418	1.17707e-09	8.3282	12.9227	1.10232	1.61661	615	0	-0.467578	0	20	20
0.00974834	0.000833558	1461.11	250.929	1.01312e-09	8.04175	12.6036	1.09953	1.61661	615	0	-0.470629	0	20	20
0.00975632	0.000834422	1463.69	250.398	8.71998e-10	7.76516	12.2924	1.09684	1.61661	615	0	-0.473451	0	20	20
0.00976408	0.000835249	1466.17	249.822	7.50536e-10	7.49808	11.9889	1.09422	1.61661	615	0	-0.476032	0	20	20
0.00977161	0.000836038	1468.54	249.196	6.45992e-10	7.24019	11.6929	1.0917	1.61661	615	0	-0.478361	0	20	20
0.00977894	0.000836792	1470.81	248.517	5.56011e-10	6.99116	11.4042	1.08924	1.61661	615	0	-0.480425	0	20	20
0.00978606	0.000837511	1472.99	247.78	4.78563e-10	6.75071	11.1227	1.08687	1.61661	615	0	-0.482211	0	20	20
0.00979298	0.000838198	1475.08	246.981	4.11903e-10	6.51852	10.848	1.08456	1.61661	615	0	-0.483708	0	20	20
0.00979972	0.000838854	1477.08	246.116	3.54528e-10	6.29432	10.5802	1.08233	1.61661	615	0	-0.484901	0	20	20
0.00980627	0.000839482	1478.98	245.179	3.05145e-10	6.07783	10.319	1.08016	1.61661	615	0	-0.485779	0	20	20
0.00981264	0.000840082	1480.81	244.164	2.62641e-10	5.86878	10.0642	1.07806	1.61661	615	0	-0.486327	0	20	20
0.00981884	0.000840657	1482.56	243.068	2.26057e-10	5.66693	9.81571	1.07602	1.61661	615	0	-0.486531	0	20	20
0.00982487	0.00084121	1484.23	241.882	1.94569e-10	5.47202	9.57336	1.07404	1.61661	615	0	-0.486377	0	20	20
0.00983074	0.000841743	1485.82	240.602	1.67467e-10	5.28381	9.33699	1.07212	1.61661	615	0	-0.485851	0	20	20
0.00983645	0.000842258	1487.35	239.221	1.4414e-10	5.10207	9.10646	1.07025	1.61661	615	0	-0.484937	0	20	20
0.009842	0.000842758	1488.82	237.733	1.24063e-10	4.92659	8.88162	1.06844	1.61661	615	0	-0.48362	0	20	20
0.00984741	0.000843246	1490.23	236.13	1.06782e-10	4.75714	8.66233	1.06668	1.61661	615	0	-0.481885	0	20	20
0.00985267	0.000843724	1491.58	234.406	9.1908e-11	4.59352	8.44846	1.06497	1.61661	615	0	-0.479717	0	20	20
0.00985779	0.000844197	1492.89	232.553	7.91059e-11	4.43553	8.23987	1.06331	1.61661	615	0	-0.477099	0	20	20
0.00986276	0.000844666	1494.15	230.566	6.80871e-11	4.28297	8.03642	1.06171	1.61661	615	0	-0.474018	0	20	20
0.0098676	0.000845137	1495.37	228.436	5.86031e-11	4.13566	7.838	1.06014	1.61661	615	0	-0.470458	0	20	20
0.00987231	0.000845611	1496.56	226.157	5.04402e-11	3.99342	7.64448	1.05863	1.61661	615	0	-0.466405	0	20	20
0.00987689	0.000846094	1497.73	223.723	4.34142e-11	3.85606	7.45574	1.05716	1.61661	615	0	-0.461847	0	20	20
0.00988133	0.00084659	1498.87	221.126	3.7367e-11	3.72344	7.27166	1.05573	1.61661	615	0	-0.45677	0	20	20
0.00988565	0.000847102	1500.01	218.361	3.21621e-11	3.59537	7.09212	1.05435	1.61661	615	0	-0.451165	0	20	20
0.00988984	0.000847637	1501.14	215.423	2.76821e-11	3.47171	6.91701	1.05301	1.61661	615	0	-0.445023	0	20	20
0.00989391	0.000848198	1502.28	212.306	2.38262e-11	3.3523	6.74623	1.05171	1.61661	615	0	-0.438336	0	20	20
0.00989786	0.000848792	1503.43	209.008	2.05074e-11	3.237	6.57967	1.05045	1.61661	615	0	-0.431099	0	20	20
0.00990169	0.000849425	1504.61	205.524	1.76509e-11	3.12566	6.41721	1.04923	1.61661	615	0	-0.423312	0	20	20
0.0099054	0.000850102	1505.83	201.854	1.51923e-11	3.01816	6.25877	1.04805	1.61661	615	0	-0.414975	0	20	20
0.00990899	0.00085083	1507.09	197.998	1.30761e-11	2.91435	6.10424	1.04692	1.61661	615	0	-0.406091	0	20	20
0.00991247	0.000851617	1508.42	193.955	1.12547e-11	2.81411	5.95353	1.04581	1.61661	615	0	-0.396669	0	20	20
0.00991582	0.000852469	1509.83	189.729	9.68703e-12	2.71732	5.80654	1.04475	1.61661	615	0	-0.386718	0	20	20
0.00991906	0.000853395	1511.32	185.324	8.3377e-12	2.62386	5.66317	1.04373	1.61661	615	0	-0.376254	0	20	20
0.00992218	0.000854403	1512.93	180.747	7.17633e-12	2.53361	5.52335	1.04275	1.61661	615	0	-0.365295	0	20	20
0.00992455	0.000855603	1514.74	176.004	6.17672e-12	2.44647	5.38698	1.042	1.61661	615	0	-0.348244	0	20	20
0.00992382	0.000857461	1517.29	171.106	5.31635e-12	2.36233	5.25397	1.04223	1.61661	615	0	-0.305791	0	20	20
0.00992296	0.000859941	1520.92	166.065	4.57583e-12	2.28108	5.12425	1.0425	1.61661	615	0	-0.264846	0	20	20
0.00992179	0.000862996	1525.54	160.895	3.93845e-12	2.20262	4.99773	1.04287	1.61661	615	0	-0.225357	0	20	20
0.00992019	0.000866587	1531.04	155.609	3.38986e-12	2.12686	4.87434	1.04337	1.61661	615	0	-0.187313	0	20	20
0.00991804	0.000870673	1537.35	150.225	2.91768e-12	2.05371	4.75399	1.04405	1.61661	615	0	-0.150738	0	20	20
0.00991526	0.000875213	1544.38	144.762	2.51127e-12	1.98307	4.63661	1.04493	1.61661	615	0	-0.115681	0	20	20
0.00991181	0.000880168	1552.05	139.238	2.16147e-12	1.91486	4.52213	1.04602	1.61661	615	0	-0.0822114	0	20	20
0.00990766	0.000885498	1560.29	133.673	1.86039e-12	1.849	4.41048	1.04734	1.61661	615	0	-0.0504073	0	20	20
0.00990282	0.000891163	1569.03	128.089	1.60125e-12	1.78541	4.30159	1.04888	1.61661	615	0	-0.0203487	0	20	20
0.00989731	0.000897124	1578.2	122.506	1.37821e-12	1.724	4.19538	1.05063	1.61661	615	0	0.00789061	0	20	20
0.0098912	0.000903342	1587.74	116.946	1.18624e-12	1.6647	4.0918	1.05258	1.61661	615	0	0.0342508	0	20	20
0.00988454	0.000909778	1597.6	111.428	1.02101e-12	1.60745	3.99077	1.0547	1.61661	615	0	0.0586915	0	20	20
0.00987742	0.000916396	1607.72	105.974	8.78787e-13	1.55216	3.89224	1.05699	1.61661	615	0	0.0811963	0	20	20
0.00986992	0.000923161	1618.05	100.603	7.56379e-13	1.49877	3.79614	1.0594	1.61661	615	0	0.101775	0	20	20
0.00986215	0.000930038	1628.54	95.3314	6.51022e-13	1.44722	3.70241	1.06191	1.61661	615	0	0.120464	0	20	20
0.00985419	0.000936999	1639.17	90.177	5.60339e-13	1.39745	3.611	1.06448	1.61661	615	0	0.137324	0	20	20
0.00984614	0.000944013	1649.88	85.1544	4.82289e-13	1.34938	3.52184	1.06709	1.61661	615	0	0.152439	0	20	20
0.0098381	0.000951056	1660.66	80.2768	4.1511e-13	1.30297	3.43489	1.06971	1.61661	615	0	0.165913	0	20	20
0.00983014	0.000958106	1671.48	75.5558	3.57288e-13	1.25816	3.35008	1.07231	1.61661	615	0	0.177859	0	20	20
0.00982233	0.000965142	1682.31	71.0008	3.07521e-13	1.21488	3.26737	1.07487	1.61661	615	0	0.188405	0	20	20
0.00981473	0.000972149	1693.14	66.6195	2.64686e-13	1.1731	3.18669	1.07737	1.61661	615	0	0.197679	0	20	20
0.00980738	0.000979112	1703.94	62.4179	2.27817e-13	1.13275	3.10801	1.0798	1.61661	615	0	0.205813	0	20	20
0.00980028	0.000986056	1714.77	58.3999	1.96084e-13	1.09379	3.03128	1.08214	1.61661	615	0	0.212937	0	20	20
0.00979334	0.000993103	1725.84	54.568	1.68771e-13	1.05617	2.95643	1.08445	1.61661	615	0	0.219193	0	20	20
0.00978647	0.00100034	1737.27	50.923	1.45263e-13	1.01984	2.88344	1.08673	1.61661	615	0	0.224708	0	20	20
0.00977967	0.00100775	1749.06	47.4644	1.25029e-13	0.984764	2.81225	1.089	1.61661	615	0	0.229586	0	20	20
0.00977291	0.00101533	1761.18	44.1903	1.07613e-13	0.950894	2.74281	1.09126	1.61661	615	0	0.23392	0	20	20
0.00976618	0.00102308	1773.62	41.0977	9.26235e-14	0.918188	2.67509	1.09352	1.61661	615	0	0.237791	0	20	20
0.00975945	0.00103098	1786.37	38.1827	7.97218e-14	0.886607	2.60904	1.09578	1.61661	615	0	0.241271	0	20	20
0.0097527	0.00103903	1799.4	35.4406	6.86172e-14	0.856113	2.54463	1.09806	1.61661	615	0	0.244419	0	20	20
0.00974592	0.00104723	1812.7	32.8657	5.90593e-14	0.826667	2.4818	1.10035	1.61661	615	0	0.247289	0	20	20
0.00973908	0.00105555	1826.24	30.4522	5.08329e-14	0.798234	2.42052	1.10267	1.61661	615	0	0.249925	0	20	20
0.00973217	0.00106401	1840.03	28.1937	4.37522e-14	0.770779	2.36076	1.10502	1.61661	615	0	0.252364	0	20	20
0.00972516	0.00107258	1854.02	26.0833	3.76579e-14	0.744269	2.30247	1.10741	1.61661	615	0	0.254635	0	20	20
0.00971806	0.00108127	1868.21	24.1143	3.24125e-14	0.71867	2.24563	1.10984	1.61661	615	0	0.256766	0	20	20
0.00971083	0.00109006	1882.59	22.2796	2.78977e-14	0.693952	2.19018	1.11232	1.61661	615	0	0.258775	0	20	20
0.00970348	0.00109895	1897.12	20.5721	2.40117e-14	0.670083	2.1361	1.11485	1.61661	615	0	0.260681	0	20	20
0.009696	0.00110792	1911.8	18.9849	2.06671e-14	0.647036	2.08336	1.11743	1.61661	615	0	0.262496	0	20	20
0.00968838	0.00111698	1926.61	17.5111	1.77883e-14	0.624782	2.03193	1.12007	1.61661	615	0	0.264231	0	20	20
0.00968061	0.00112611	1941.53	16.1439	1.53106e-14	0.603293	1.98176	1.12277	1.61661	615	0	0.265894	0	20	20
0.00967269	0.0011353	1956.54	14.8769	1.31779e-14	0.582543	1.93283	1.12553	1.61661	615	0	0.267492	0	20	20
0.00966463	0.00114454	1971.62	13.7036	1.13423e-14	0.562506	1.88511	1.12835	1.61661	615	0	0.26903	0	20	20
0.00965641	0.00115384	1986.77	12.618	9.76244e-15	0.543159	1.83856	1.13123	1.61661	615	0	0.270511	0	20	20
0.00964805	0.00116317	2001.95	11.6143	8.40261e-15	0.524477	1.79317	1.13418	1.61661	615	0	0.271939	0	20	20
0.00963953	0.00117254	2017.16	10.687	7.2322e-15	0.506438	1.74889	1.13719	1.61661	615	0	0.273316	0	20	20
0.00963087	0.00118192	2032.38	9.83075	6.22481e-15	0.489019	1.70571	1.14026	1.61661	615	0	0.274642	0	20	20
0.00962207	0.00119132	2047.6	9.04058	5.35774e-15	0.4722	1.6636	1.14339	1.61661	615	0	0.27592	0	20	20
0.00961313	0.00120072	2062.79	8.31178	4.61145e-15	0.455959	1.62253	1.14658	1.61661	615	0	0.27715	0	20	20
0.00960405	0.00121013	2077.94	7.63992	3.96911e-15	0.440276	1.58247	1.14984	1.61661	615	0	0.278333	0	20	20
0.00959485	0.00121951	2093.04	7.02084	3.41625e-15	0.425133	1.54339	1.15315	1.61661	615	0	0.279469	0	20	20
0.00958552	0.00122888	2108.06	6.45063	2.94039e-15	0.410511	1.50529	1.15652	1.61661	615	0	0.280558	0	20	20
0.00957607	0.00123822	2123.01	5.92562	2.53082e-15	0.396391	1.46812	1.15995	1.61661	615	0	0.281602	0	20	20
0.00956651	0.00124753	2137.86	5.44242	2.1783e-15	0.382758	1.43187	1.16343	1.61661	615	0	0.2826	0	20	20
0.00955685	0.00125679	2152.6	4.99784	1.87488e-15	0.369593	1.39652	1.16696	1.61661	615	0	0.283552	0	20	20
0.00954709	0.001266	2167.21	4.58891	1.61372e-15	0.356881	1.36204	1.17054	1.61661	615	0	0.284461	0	20	20
0.00953724	0.00127515	2181.68	4.21288	1.38894e-15	0.344606	1.32841	1.17417	1.61661	615	0	0.285325	0	20	20
0.00952732	0.00128423	2196.01	3.86719	1.19547e-15	0.332754	1.29561	1.17784	1.61661	615	0	0.286145	0	20	20
0.00951732	0.00129324	2210.17	3.54947	1.02895e-15	0.321309	1.26362	1.18156	1.61661	615	0	0.286924	0	20	20
0.00950726	0.00130217	2224.15	3.25752	8.85629e-16	0.310257	1.23243	1.18531	1.61661	615	0	0.28766	0	20	20
0.00949715	0.00131101	2237.95	2.98929	7.62268e-16	0.299586	1.202	1.1891	1.61661	615	0	0.288355	0	20	20
0.00948699	0.00131975	2251.55	2.74292	6.5609e-16	0.289282	1.17232	1.19293	1.61661	615	0	0.289011	0	20	20
0.0094768	0.00132839	2264.95	2.51664	5.64702e-16	0.279332	1.14337	1.19678	1.61661	615	0	0.289628	0	20	20
0.00946659	0.00133692	2278.12	2.30887	4.86043e-16	0.269725	1.11514	1.20066	1.61661	615	0	0.290207	0	20	20
0.00945635	0.00134534	2291.07	2.1181	4.18342e-16	0.260448	1.08761	1.20456	1.61661	615	0	0.290749	0	20	20
0.00944612	0.00135363	2303.78	1.94298	3.6007e-16	0.25149	1.06076	1.20848	1.61661	615	0	0.291256	0	20	20
0.00943588	0.0013618	2316.25	1.78224	3.09915e-16	0.24284	1.03457	1.21242	1.61661	615	0	0.291729	0	20	20
0.00942566	0.00136984	2328.47	1.6347	2.66746e-16	0.234487	1.00902	1.21637	1.61661	615	0	0.292168	0	20	20
0.00941546	0.00137773	2340.42	1.49931	2.29591e-16	0.226422	0.984112	1.22033	1.61661	615	0	0.292577	0	20	20
0.00940529	0.00138549	2352.11	1.37508	1.97611e-16	0.218635	0.959814	1.22429	1.61661	615	0	0.292954	0	20	20
0.00939516	0.0013931	2363.53	1.26108	1.70085e-16	0.211115	0.936116	1.22825	1.61661	615	0	0.293303	0	20	20
0.00938508	0.00140055	2374.67	1.15649	1.46393e-16	0.203854	0.913003	1.23221	1.61661	615	0	0.293624	0	20	20
0.00937506	0.00140786	2385.52	1.06055	1.26002e-16	0.196842	0.890461	1.23617	1.61661	615	0	0.293918	0	20	20
0.0093651	0.001415	2396.09	0.972527	1.08451e-16	0.190072	0.868475	1.24012	1.61661	615	0	0.294187	0	20	20
0.00935522	0.00142198	2406.37	0.891788	9.33446e-17	0.183534	0.847033	1.24405	1.61661	615	0	0.294432	0	20	20
0.00934542	0.00142879	2416.35	0.81773	8.03424e-17	0.177222	0.826119	1.24797	1.61661	615	0	0.294654	0	20	20
0.0093357	0.00143543	2426.04	0.749805	6.91514e-17	0.171126	0.805722	1.25187	1.61661	615	0	0.294853	0	20	20
0.00932609	0.00144191	2435.42	0.687506	5.95191e-17	0.165241	0.785829	1.25575	1.61661	615	0	0.295032	0	20	20
0.00931657	0.00144821	2444.5	0.630371	5.12286e-17	0.159557	0.766427	1.2596	1.61661	615	0	0.295192	0	20	20
0.00930716	0.00145433	2453.28	0.577974	4.40929e-17	0.154069	0.747504	1.26342	1.61661	615	0	0.295332	0	20	20
0.00929787	0.00146028	2461.76	0.529922	3.79511e-17	0.14877	0.729048	1.26721	1.61661	615	0	0.295455	0	20	20
0.00928869	0.00146605	2469.93	0.485859	3.26648e-17	0.143653	0.711048	1.27097	1.61661	615	0	0.29556	0	20	20
0.00927964	0.00147165	2477.8	0.445452	2.81149e-17	0.138712	0.693492	1.27469	1.61661	615	0	0.29565	0	20	20
0.00927072	0.00147706	2485.37	0.408401	2.41987e-17	0.133941	0.676369	1.27838	1.61661	615	0	0.295724	0	20	20
0.00926193	0.00148229	2492.63	0.374427	2.0828e-17	0.129335	0.65967	1.28202	1.61661	615	0	0.295784	0	20	20
0.00925328	0.00148735	2499.59	0.343276	1.79268e-17	0.124886	0.643382	1.28562	1.61661	615	0	0.29583	0	20	20
0.00924477	0.00149222	2506.26	0.314713	1.54298e-17	0.120591	0.627497	1.28917	1.61661	615	0	0.295864	0	20	20
0.0092364	0.00149692	2512.62	0.288524	1.32805e-17	0.116443	0.612004	1.29268	1.61661	615	0	0.295884	0	20	20
0.00922818	0.00150143	2518.7	0.264512	1.14306e-17	0.112438	0.596894	1.29614	1.61661	615	0	0.295894	0	20	20
0.00922011	0.00150577	2524.48	0.242496	9.83845e-18	0.108571	0.582157	1.29955	1.61661	615	0	0.295892	0	20	20
0.00921219	0.00150994	2529.97	0.222312	8.46803e-18	0.104837	0.567783	1.3029	1.61661	615	0	0.295879	0	20	20
0.00920442	0.00151392	2535.18	0.203806	7.2885e-18	0.101231	0.553764	1.30621	1.61661	615	0	0.295857	0	20	20
0.0091968	0.00151774	2540.11	0.186839	6.27327e-18	0.0977489	0.540092	1.30945	1.61661	615	0	0.295825	0	20	20
0.00918933	0.00152138	2544.77	0.171284	5.39946e-18	0.0943869	0.526757	1.31265	1.61661	615	0	0.295784	0	20	20
0.00918203	0.00152486	2549.15	0.157023	4.64735e-18	0.0911405	0.513751	1.31578	1.61661	615	0	0.295735	0	20	20
0.00917487	0.00152817	2553.26	0.143949	4.00001e-18	0.0880058	0.501067	1.31886	1.61661	615	0	0.295677	0	20	20
0.00916787	0.00153131	2557.11	0.131963	3.44284e-18	0.0849788	0.488695	1.32189	1.61661	615	0	0.295612	0	20	20
0.00916103	0.00153429	2560.7	0.120974	2.96328e-18	0.082056	0.476629	1.32485	1.61661	615	0	0.295539	0	20	20
0.00915434	0.00153711	2564.04	0.110901	2.55052e-18	0.0792337	0.464861	1.32776	1.61661	615	0	0.295459	0	20	20
0.00914781	0.00153977	2567.14	0.101665	2.19525e-18	0.0765085	0.453384	1.3306	1.61661	615	0	0.295373	0	20	20
0.00914143	0.00154228	2569.99	0.0931986	1.88947e-18	0.0738771	0.44219	1.33339	1.61661	615	0	0.29528	0	20	20
0.0091352	0.00154463	2572.6	0.0854369	1.62628e-18	0.0713361	0.431272	1.33612	1.61661	615	0	0.295181	0	20	20
0.00912912	0.00154684	2574.98	0.0783214	1.39976e-18	0.0688825	0.420624	1.33879	1.61661	615	0	0.295077	0	20	20
0.0091232	0.0015489	2577.13	0.0717983	1.20478e-18	0.0665133	0.410239	1.3414	1.61661	615	0	0.294967	0	20	20
0.00911742	0.00155082	2579.07	0.0658184	1.03696e-18	0.0642256	0.40011	1.34395	1.61661	615	0	0.294851	0	20	20
0.00911178	0.00155259	2580.78	0.0603364	8.92524e-19	0.0620166	0.390231	1.34645	1.61661	615	0	0.294731	0	20	20
0.0091063	0.00155424	2582.29	0.0553109	7.68203e-19	0.0598836	0.380596	1.34888	1.61661	615	0	0.294607	0	20	20
0.00910095	0.00155574	2583.6	0.0507039	6.61198e-19	0.0578239	0.371199	1.35126	1.61661	615	0	0.294477	0	20	20
0.00909575	0.00155712	2584.71	0.0464806	5.69098e-19	0.0558351	0.362034	1.35358	1.61661	615	0	0.294344	0	20	20
0.00909069	0.00155837	2585.62	0.042609	4.89828e-19	0.0539146	0.353096	1.35584	1.61661	615	0	0.294207	0	20	20
0.00908576	0.0015595	2586.35	0.0390598	4.21598e-19	0.0520603	0.344378	1.35805	1.61661	615	0	0.294065	0	20	20
0.00908097	0.00156051	2586.9	0.0358062	3.62873e-19	0.0502697	0.335875	1.3602	1.61661	615	0	0.29392	0	20	20
0.00907631	0.0015614	2587.27	0.0328236	3.12328e-19	0.0485407	0.327582	1.3623	1.61661	615	0	0.293772	0	20	20
0.00907177	0.00156218	2587.47	0.0300894	2.68823e-19	0.0468711	0.319494	1.36434	1.61661	615	0	0.293621	0	20	20
0.00906737	0.00156285	2587.51	0.027583	2.31378e-19	0.045259	0.311606	1.36633	1.61661	615	0	0.293466	0	20	20
0.00906309	0.00156341	2587.39	0.0252853	1.99149e-19	0.0437024	0.303912	1.36827	1.61661	615	0	0.293309	0	20	20
0.00905893	0.00156387	2587.11	0.023179	1.71409e-19	0.0421992	0.296409	1.37015	1.61661	615	0	0.293149	0	20	20
0.0090549	0.00156423	2586.69	0.0212481	1.47533e-19	0.0407478	0.28909	1.37199	1.61661	615	0	0.292986	0	20	20
0.00905098	0.00156449	2586.12	0.0194781	1.26983e-19	0.0393463	0.281953	1.37377	1.61661	615	0	0.292821	0	20	20
0.00904717	0.00156466	2585.42	0.0178555	1.09295e-19	0.037993	0.274991	1.3755	1.61661	615	0	0.292654	0	20	20
