0.00866572	0.000693067	1111.6	256.922	76.5	0	0	1.56526	1.61661	615	0	0.149389	0	20	20
0.00874083	0.000705036	1139.33	256.922	76.4694	18.5317	6.2451	1.52525	1.61661	615	0	-0.0959625	0	20	20
0.00885707	0.000729836	1193.01	256.922	76.4339	54.3232	18.4279	1.46598	1.61661	615	0	-0.542235	0	20	20
0.00893897	0.000754823	1243.72	256.922	76.3927	88.8849	30.3103	1.42606	1.61661	615	0	-0.929527	0	20	20
0.00899611	0.00077995	1292.19	256.922	76.3448	122.251	41.897	1.39906	1.61661	615	0	-1.26963	0	20	20
0.00903436	0.000804829	1338.29	256.922	76.2893	154.454	53.1926	1.38136	1.61661	615	0	-1.56941	0	20	20
0.00905855	0.00082919	1381.98	256.922	76.2249	185.529	64.202	1.37033	1.61661	615	0	-1.83439	0	20	20
0.00907241	0.000852875	1423.36	256.922	76.1502	215.506	74.9302	1.36406	1.61661	615	0	-2.06967	0	20	20
0.00907874	0.00087582	1462.59	256.922	76.0636	244.42	85.3822	1.3612	1.61661	615	0	-2.27977	0	20	20
0.00907958	0.000898017	1499.87	256.922	75.9633	272.302	95.5636	1.36083	1.61661	615	0	-2.46857	0	20	20
0.00907639	0.000919495	1535.41	256.921	75.847	299.184	105.48	1.36226	1.61661	615	0	-2.63932	0	20	20
0.00907024	0.000940296	1569.38	256.921	75.7124	325.101	115.138	1.36503	1.61661	615	0	-2.79469	0	20	20
0.00906189	0.000960466	1601.96	256.921	75.5566	350.084	124.542	1.36881	1.61661	615	0	-2.93684	0	20	20
0.0090519	0.000980047	1633.28	256.921	75.3764	374.167	133.701	1.37335	1.61661	615	0	-3.06753	0	20	20
0.00904068	0.000999076	1663.46	256.921	75.1681	397.385	142.622	1.37847	1.61661	615	0	-3.1882	0	20	20
0.00902853	0.00101758	1692.57	256.92	74.9275	419.773	151.311	1.38404	1.61661	615	0	-3.30005	0	20	20
0.00901567	0.00103559	1720.68	256.92	74.6499	441.366	159.777	1.38997	1.61661	615	0	-3.40408	0	20	20
0.00900228	0.00105313	1747.87	256.92	74.33	462.202	168.03	1.39618	1.61661	615	0	-3.50112	0	20	20
0.00898849	0.00107021	1774.17	256.92	73.9617	482.319	176.077	1.40262	1.61661	615	0	-3.5919	0	20	20
0.00897439	0.00108686	1799.63	256.919	73.5383	501.755	183.93	1.40924	1.61661	615	0	-3.67707	0	20	20
0.00896007	0.00110308	1824.29	256.919	73.0526	520.55	191.599	1.41601	1.61661	615	0	-3.75717	0	20	20
0.00894556	0.00111891	1848.18	256.919	72.4961	538.746	199.094	1.42291	1.61661	615	0	-3.83272	0	20	20
0.00893092	0.00113436	1871.35	256.918	71.8602	556.383	206.426	1.42992	1.61661	615	0	-3.90416	0	20	20
0.00891617	0.00114945	1893.83	256.918	71.1353	573.503	213.608	1.43703	1.61661	615	0	-3.97189	0	20	20
0.00890132	0.00116421	1915.65	256.917	70.3111	590.147	220.651	1.44423	1.61661	615	0	-4.03627	0	20	20
0.0088864	0.00117864	1936.84	256.917	69.3773	606.353	227.565	1.45152	1.61661	615	0	-4.09765	0	20	20
0.0088714	0.00119278	1957.45	256.916	68.323	622.16	234.363	1.45889	1.61661	615	0	-4.1563	0	20	20
0.00885633	0.00120665	1977.48	256.916	67.1377	637.598	241.051	1.46635	1.61661	615	0	-4.21249	0	20	20
0.00884119	0.00122024	1996.97	256.915	65.8111	652.697	247.64	1.4739	1.61661	615	0	-4.26642	0	20	20
0.008826	0.00123357	2015.93	256.914	64.3342	667.474	254.132	1.48152	1.61661	615	0	-4.31827	0	20	20
0.00881077	0.00124665	2034.35	256.913	62.6995	681.94	260.531	1.48922	1.61661	615	0	-4.36816	0	20	20
0.00879553	0.00125945	2052.22	256.913	60.9015	696.093	266.835	1.49698	1.61661	615	0	-4.4162	0	20	20
0.0087803	0.00127197	2069.52	256.912	58.9379	709.919	273.037	1.50477	1.61661	615	0	-4.46241	0	20	20
0.00876515	0.00128417	2086.2	256.911	56.8097	723.387	279.126	1.51259	1.61661	615	0	-4.50677	0	20	20
0.00875015	0.00129599	2102.21	256.909	54.5225	736.45	285.084	1.52039	1.61661	615	0	-4.54923	0	20	20
0.00873537	0.0013074	2117.46	256.908	52.086	749.047	290.89	1.52812	1.61661	615	0	-4.58967	0	20	20
0.00872091	0.0013183	2131.88	256.907	49.5151	761.099	296.514	1.53573	1.61661	615	0	-4.62795	0	20	20
0.0087069	0.00132863	2145.34	256.905	46.8297	772.515	301.925	1.54316	1.61661	615	0	-4.66388	0	20	20
0.00869345	0.00133828	2157.74	256.904	44.0538	783.196	307.087	1.55033	1.61661	615	0	-4.69726	0	20	20
0.0086807	0.00134717	2168.96	256.902	41.2153	793.036	311.96	1.55717	1.61661	615	0	-4.72787	0	20	20
0.00866878	0.00135521	2178.89	256.9	38.3448	801.93	316.508	1.5636	1.61661	615	0	-4.75549	0	20	20
0.00865781	0.00136229	2187.42	256.898	35.4743	809.781	320.693	1.56956	1.61661	615	0	-4.77993	0	20	20
0.0086479	0.00136836	2194.47	256.896	32.6358	816.5	324.484	1.57495	1.61661	615	0	-4.801	0	20	20
0.00863916	0.00137334	2199.97	256.893	29.8599	822.018	327.853	1.57974	1.61661	615	0	-4.81858	0	20	20
0.00863166	0.00137719	2203.88	256.89	27.1745	826.286	330.779	1.58386	1.61661	615	0	-4.83256	0	20	20
0.00862544	0.00137989	2206.17	256.887	24.6037	829.275	333.25	1.58729	1.61661	615	0	-4.84292	0	20	20
0.00862053	0.00138144	2206.87	256.884	22.1672	830.982	335.261	1.59	1.61661	615	0	-4.84964	0	20	20
0.00861686	0.00138186	2206	256.881	19.8799	831.424	336.813	1.59203	1.61661	615	0	-4.85233	0	20	20
0.00861355	0.0013813	2203.63	256.877	17.7517	830.639	337.917	1.59387	1.61661	615	0	-4.84575	0	20	20
0.00861058	0.00137983	2199.84	256.872	15.7881	828.682	338.587	1.59552	1.61661	615	0	-4.83038	0	20	20
0.00860793	0.00137748	2194.73	256.868	13.9901	825.62	338.844	1.597	1.61661	615	0	-4.80681	0	20	20
0.00860557	0.00137433	2188.39	256.863	12.3554	821.531	338.711	1.59831	1.61661	615	0	-4.77567	0	20	20
0.00860348	0.00137045	2180.93	256.857	10.8785	816.499	338.214	1.59948	1.61661	615	0	-4.73765	0	20	20
0.00860163	0.0013659	2172.46	256.851	9.55195	810.61	337.381	1.60051	1.61661	615	0	-4.69345	0	20	20
0.00860001	0.00136075	2163.08	256.845	8.36659	803.949	336.238	1.60142	1.61661	615	0	-4.64375	0	20	20
0.00859857	0.00135505	2152.89	256.838	7.31231	796.601	334.813	1.60222	1.61661	615	0	-4.58922	0	20	20
0.00859731	0.00134888	2141.99	256.83	6.37848	788.645	333.131	1.60292	1.61661	615	0	-4.53049	0	20	20
0.0085962	0.00134229	2130.46	256.822	5.55436	780.155	331.218	1.60354	1.61661	615	0	-4.46815	0	20	20
0.00859522	0.00133533	2118.38	256.812	4.8294	771.2	329.096	1.60409	1.61661	615	0	-4.40272	0	20	20
0.00859436	0.00132804	2105.83	256.802	4.19349	761.843	326.785	1.60457	1.61661	615	0	-4.33469	0	20	20
0.0085936	0.00132047	2092.87	256.791	3.63707	752.141	324.305	1.605	1.61661	615	0	-4.26451	0	20	20
0.00859292	0.00131266	2079.55	256.779	3.15127	742.142	321.674	1.60538	1.61661	615	0	-4.19255	0	20	20
0.00859232	0.00130464	2065.94	256.766	2.72794	731.893	318.905	1.60572	1.61661	615	0	-4.11915	0	20	20
0.00859178	0.00129645	2052.07	256.752	2.35965	721.432	316.015	1.60602	1.61661	615	0	-4.04461	0	20	20
0.0085913	0.00128809	2037.98	256.736	2.03971	710.794	313.013	1.60629	1.61661	615	0	-3.9692	0	20	20
0.00859086	0.00127961	2023.71	256.719	1.76213	700.01	309.912	1.60654	1.61661	615	0	-3.89314	0	20	20
0.00859047	0.00127101	2009.29	256.701	1.52155	689.105	306.722	1.60676	1.61661	615	0	-3.81662	0	20	20
0.00859011	0.00126232	1994.75	256.681	1.31324	678.102	303.45	1.60696	1.61661	615	0	-3.73981	0	20	20
0.00858978	0.00125355	1980.11	256.659	1.13301	667.022	300.104	1.60714	1.61661	615	0	-3.66287	0	20	20
0.00858949	0.00124472	1965.38	256.635	0.977206	655.882	296.692	1.6073	1.61661	615	0	-3.58591	0	20	20
0.00858923	0.00123583	1950.59	256.609	0.842585	644.697	293.219	1.60745	1.61661	615	0	-3.50905	0	20	20
0.00858899	0.0012269	1935.75	256.58	0.726331	633.481	289.69	1.60759	1.61661	615	0	-3.43239	0	20	20
0.00858877	0.00121793	1920.88	256.549	0.625985	622.245	286.112	1.60771	1.61661	615	0	-3.35601	0	20	20
0.00858859	0.00120894	1906	256.515	0.539403	610.999	282.488	1.60781	1.61661	615	0	-3.27997	0	20	20
0.00858843	0.00119993	1891.1	256.478	0.464724	599.754	278.822	1.6079	1.61661	615	0	-3.20435	0	20	20
0.00858829	0.0011909	1876.21	256.438	0.400329	588.516	275.118	1.60798	1.61661	615	0	-3.1292	0	20	20
0.00858819	0.00118187	1861.32	256.394	0.344818	577.294	271.381	1.60804	1.61661	615	0	-3.05458	0	20	20
0.00858811	0.00117284	1846.46	256.346	0.296973	566.095	267.612	1.60808	1.61661	615	0	-2.98052	0	20	20
0.00858806	0.00116382	1831.64	256.293	0.255745	554.925	263.816	1.60811	1.61661	615	0	-2.90707	0	20	20
0.00858805	0.00115481	1816.85	256.236	0.220224	543.789	259.995	1.60811	1.61661	615	0	-2.83427	0	20	20
0.00858807	0.00114581	1802.1	256.174	0.189625	532.693	256.153	1.6081	1.61661	615	0	-2.76215	0	20	20
0.00858813	0.00113683	1787.41	256.106	0.163268	521.643	252.291	1.60807	1.61661	615	0	-2.69074	0	20	20
0.00858824	0.00112788	1772.78	256.032	0.140567	510.643	248.413	1.60801	1.61661	615	0	-2.62007	0	20	20
0.00858838	0.00111896	1758.22	255.951	0.121018	499.699	244.522	1.60793	1.61661	615	0	-2.55017	0	20	20
0.00858857	0.00111007	1743.74	255.863	0.104184	488.814	240.619	1.60782	1.61661	615	0	-2.48106	0	20	20
0.00858881	0.00110121	1729.34	255.768	0.0896893	477.993	236.707	1.60768	1.61661	615	0	-2.41277	0	20	20
0.0085891	0.0010924	1715.03	255.663	0.0772089	467.241	232.79	1.60752	1.61661	615	0	-2.34531	0	20	20
0.00858945	0.00108364	1700.81	255.549	0.0664636	456.562	228.868	1.60733	1.61661	615	0	-2.27871	0	20	20
0.00858986	0.00107492	1686.7	255.425	0.0572127	445.96	224.945	1.6071	1.61661	615	0	-2.21299	0	20	20
0.00859032	0.00106626	1672.69	255.29	0.0492485	435.439	221.023	1.60684	1.61661	615	0	-2.14817	0	20	20
0.00859086	0.00105765	1658.8	255.142	0.0423924	425.004	217.104	1.60654	1.61661	615	0	-2.08426	0	20	20
0.00859145	0.00104911	1645.03	254.982	0.0364903	414.658	213.191	1.6062	1.61661	615	0	-2.02127	0	20	20
0.00859212	0.00104064	1631.39	254.807	0.0314096	404.407	209.286	1.60583	1.61661	615	0	-1.95924	0	20	20
0.00859287	0.00103223	1617.89	254.616	0.027036	394.252	205.39	1.60541	1.61661	615	0	-1.89816	0	20	20
0.00859368	0.0010239	1604.52	254.409	0.0232712	384.2	201.507	1.60495	1.61661	615	0	-1.83804	0	20	20
0.00859458	0.00101564	1591.3	254.183	0.0200306	374.253	197.639	1.60445	1.61661	615	0	-1.77891	0	20	20
0.00859555	0.00100747	1578.23	253.936	0.0172411	364.416	193.787	1.60391	1.61661	615	0	-1.72078	0	20	20
0.00859661	0.000999381	1565.31	253.668	0.01484	354.693	189.955	1.60331	1.61661	615	0	-1.66364	0	20	20
0.00859775	0.000991381	1552.56	253.377	0.0127733	345.086	186.143	1.60268	1.61661	615	0	-1.60751	0	20	20
0.00859897	0.000983473	1539.97	253.059	0.0109943	335.601	182.355	1.60199	1.61661	615	0	-1.5524	0	20	20
0.00860028	0.000975661	1527.56	252.714	0.00946308	326.241	178.592	1.60126	1.61661	615	0	-1.49832	0	20	20
0.00860168	0.000967948	1515.32	252.338	0.00814509	317.009	174.856	1.60048	1.61661	615	0	-1.44526	0	20	20
0.00860316	0.000960338	1503.26	251.929	0.00701065	307.91	171.15	1.59966	1.61661	615	0	-1.39323	0	20	20
0.00860472	0.000952834	1491.38	251.485	0.0060342	298.946	167.475	1.59878	1.61661	615	0	-1.34224	0	20	20
0.00860636	0.000945438	1479.7	251.002	0.00519374	290.123	163.835	1.59787	1.61661	615	0	-1.29228	0	20	20
0.00860809	0.000938154	1468.2	250.478	0.00447034	281.442	160.229	1.59691	1.61661	615	0	-1.24336	0	20	20
0.00860989	0.000930985	1456.9	249.908	0.00384768	272.908	156.661	1.59591	1.61661	615	0	-1.19548	0	20	20
0.00861176	0.000923934	1445.79	249.29	0.00331176	264.525	153.133	1.59487	1.61661	615	0	-1.14864	0	20	20
0.0086137	0.000917003	1434.89	248.618	0.00285047	256.295	149.646	1.59379	1.61661	615	0	-1.10283	0	20	20
0.0086157	0.000910194	1424.18	247.89	0.00245344	248.222	146.203	1.59268	1.61661	615	0	-1.05806	0	20	20
0.00861775	0.000903511	1413.68	247.101	0.0021117	240.311	142.806	1.59154	1.61661	615	0	-1.01432	0	20	20
0.00861985	0.000896956	1403.38	246.245	0.00181757	232.564	139.455	1.59038	1.61661	615	0	-0.971603	0	20	20
0.00862197	0.000890531	1393.29	245.318	0.0015644	224.985	136.154	1.58921	1.61661	615	0	-0.929916	0	20	20
0.00862412	0.000884239	1383.4	244.315	0.00134649	217.577	132.905	1.58802	1.61661	615	0	-0.889253	0	20	20
0.00862627	0.000878082	1373.72	243.231	0.00115894	210.346	129.709	1.58683	1.61661	615	0	-0.849611	0	20	20
0.00862842	0.000872062	1364.25	242.058	0.000997512	203.295	126.569	1.58565	1.61661	615	0	-0.810989	0	20	20
0.00863053	0.000866182	1354.99	240.792	0.000858568	196.427	123.486	1.58448	1.61661	615	0	-0.773386	0	20	20
0.00863259	0.000860445	1345.93	239.426	0.000738977	189.748	120.463	1.58335	1.61661	615	0	-0.736801	0	20	20
0.00863458	0.000854853	1337.08	237.953	0.000636045	183.263	117.503	1.58226	1.61661	615	0	-0.701238	0	20	20
0.00863646	0.000849409	1328.43	236.367	0.000547449	176.975	114.607	1.58122	1.61661	615	0	-0.666697	0	20	20
0.00863822	0.000844118	1320	234.661	0.000471194	170.892	111.778	1.58026	1.61661	615	0	-0.633186	0	20	20
0.00863981	0.000838979	1311.76	232.828	0.000405561	165.014	109.019	1.57938	1.61661	615	0	-0.600693	0	20	20
0.00864122	0.000833987	1303.72	230.86	0.00034907	159.338	106.327	1.57861	1.61661	615	0	-0.569178	0	20	20
0.00864244	0.000829133	1295.85	228.751	0.000300448	153.858	103.702	1.57794	1.61661	615	0	-0.538585	0	20	20
0.00864345	0.000824409	1288.14	226.494	0.000258598	148.566	101.141	1.57739	1.61661	615	0	-0.508864	0	20	20
0.00864423	0.000819805	1280.57	224.082	0.000222577	143.456	98.6441	1.57696	1.61661	615	0	-0.479969	0	20	20
0.00864477	0.000815316	1273.13	221.509	0.000191574	138.522	96.2086	1.57666	1.61661	615	0	-0.451861	0	20	20
0.00864507	0.000810931	1265.8	218.768	0.000164889	133.758	93.8332	1.5765	1.61661	615	0	-0.424504	0	20	20
0.00864511	0.000806644	1258.56	215.855	0.000141922	129.157	91.5165	1.57648	1.61661	615	0	-0.397866	0	20	20
0.00864488	0.000802448	1251.41	212.764	0.000122153	124.715	89.2569	1.57661	1.61661	615	0	-0.371923	0	20	20
0.00864438	0.000798334	1244.34	209.492	0.000105138	120.425	87.0531	1.57688	1.61661	615	0	-0.346655	0	20	20
0.00864361	0.000794298	1237.32	206.035	9.04933e-05	116.283	84.9038	1.5773	1.61661	615	0	-0.322047	0	20	20
0.00864257	0.000790332	1230.36	202.392	7.78883e-05	112.284	82.8075	1.57787	1.61661	615	0	-0.298089	0	20	20
0.00864126	0.00078643	1223.44	198.562	6.70391e-05	108.422	80.763	1.57859	1.61661	615	0	-0.274776	0	20	20
0.0086397	0.000782586	1216.56	194.546	5.77011e-05	104.693	78.7689	1.57944	1.61661	615	0	-0.25211	0	20	20
0.00863791	0.000778797	1209.71	190.346	4.96638e-05	101.092	76.8241	1.58043	1.61661	615	0	-0.230094	0	20	20
0.00863589	0.000775056	1202.88	185.967	4.2746e-05	97.6148	74.9273	1.58153	1.61661	615	0	-0.208739	0	20	20
0.00863369	0.00077136	1196.08	181.413	3.67919e-05	94.2574	73.0774	1.58274	1.61661	615	0	-0.188056	0	20	20
0.00863134	0.000767705	1189.31	176.694	3.1667e-05	91.0154	71.2731	1.58404	1.61661	615	0	-0.168062	0	20	20
0.00862888	0.000764088	1182.57	171.818	2.72561e-05	87.885	69.5133	1.58539	1.61661	615	0	-0.148774	0	20	20
0.00862636	0.000760507	1175.86	166.796	2.34595e-05	84.8622	67.7971	1.58678	1.61661	615	0	-0.130213	0	20	20
0.00862383	0.000756958	1169.18	161.643	2.01918e-05	81.9434	66.1231	1.58818	1.61661	615	0	-0.112398	0	20	20
0.00862137	0.000753441	1162.56	156.373	1.73792e-05	79.125	64.4906	1.58954	1.61661	615	0	-0.0953488	0	20	20
0.00861903	0.000749954	1155.98	151.002	1.49585e-05	76.4035	62.8983	1.59084	1.61661	615	0	-0.0790837	0	20	20
0.00861689	0.000746496	1149.47	145.549	1.28749e-05	73.7757	61.3453	1.59202	1.61661	615	0	-0.0636189	0	20	20
0.00861516	0.000743108	1143.11	140.032	1.10815e-05	71.2382	59.8307	1.59298	1.61661	615	0	-0.0490589	0	20	20
0.00861412	0.00073986	1137.06	134.472	9.53793e-06	68.788	58.3535	1.59356	1.61661	615	0	-0.0355539	0	20	20
0.00860886	0.000737175	1131.37	128.89	8.20938e-06	66.422	56.9127	1.59648	1.61661	615	0	-0.0198001	0	20	20
0.00860265	0.00073478	1126.02	123.305	7.06588e-06	64.1375	55.5075	1.59994	1.61661	615	0	-0.00429618	0	20	20
0.0085985	0.000732435	1121.02	117.74	6.08166e-06	61.9315	54.137	1.60225	1.61661	615	0	0.00918684	0	20	20
0.00859657	0.000730136	1116.37	112.216	5.23453e-06	59.8014	52.8004	1.60333	1.61661	615	0	0.0208535	0	20	20
0.00859699	0.000727888	1112.1	106.751	4.5054e-06	57.7446	51.4968	1.6031	1.61661	615	0	0.0309042	0	20	20
0.00859984	0.000725701	1108.23	101.367	3.87783e-06	55.7585	50.2253	1.60151	1.61661	615	0	0.0395352	0	20	20
0.00860511	0.000723594	1104.79	96.0801	3.33768e-06	53.8407	48.9852	1.59856	1.61661	615	0	0.0469385	0	20	20
0.00861276	0.000721594	1101.83	90.9079	2.87277e-06	51.9888	47.7758	1.59431	1.61661	615	0	0.0532994	0	20	20
0.0086226	0.000719734	1099.36	85.8656	2.47262e-06	50.2007	46.5962	1.58886	1.61661	615	0	0.0587953	0	20	20
0.00863441	0.00071805	1097.43	80.9665	2.1282e-06	48.4741	45.4457	1.58235	1.61661	615	0	0.0635921	0	20	20
0.00864787	0.00071658	1096.04	76.2224	1.83176e-06	46.8068	44.3237	1.57497	1.61661	615	0	0.0678411	0	20	20
0.00866262	0.000715363	1095.23	71.6431	1.57661e-06	45.1969	43.2293	1.56694	1.61661	615	0	0.0716762	0	20	20
0.00867831	0.00071443	1095	67.2365	1.357e-06	43.6424	42.162	1.55846	1.61661	615	0	0.0752121	0	20	20
0.00869456	0.000713809	1095.35	63.0088	1.16798e-06	42.1413	41.121	1.54974	1.61661	615	0	0.0785427	0	20	20
0.00871105	0.00071352	1096.28	58.9643	1.00529e-06	40.6919	40.1057	1.54095	1.61661	615	0	0.0817416	0	20	20
0.00872751	0.000713575	1097.78	55.1056	8.65262e-07	39.2923	39.1155	1.53225	1.61661	615	0	0.084864	0	20	20
0.00874372	0.000713979	1099.82	51.4339	7.44738e-07	37.9409	38.1497	1.52374	1.61661	615	0	0.0879487	0	20	20
0.0087595	0.000714728	1102.4	47.9486	6.41002e-07	36.6359	37.2078	1.51552	1.61661	615	0	0.091021	0	20	20
0.00877476	0.000715815	1105.49	44.6482	5.51715e-07	35.3758	36.2891	1.50763	1.61661	615	0	0.094096	0	20	20
0.0087894	0.000717228	1109.05	41.5299	4.74866e-07	34.1591	35.3932	1.50011	1.61661	615	0	0.097181	0	20	20
0.00880339	0.000718953	1113.07	38.5897	4.08721e-07	32.9842	34.5193	1.49297	1.61661	615	0	0.100278	0	20	20
0.00881672	0.000720972	1117.51	35.8231	3.51789e-07	31.8497	33.667	1.4862	1.61661	615	0	0.103385	0	20	20
0.00882939	0.000723267	1122.35	33.2246	3.02788e-07	30.7543	32.8358	1.47982	1.61661	615	0	0.106499	0	20	20
0.00884142	0.00072582	1127.56	30.7884	2.60612e-07	29.6965	32.0251	1.47379	1.61661	615	0	0.109616	0	20	20
0.00885281	0.000728612	1133.11	28.5081	2.24311e-07	28.6751	31.2344	1.4681	1.61661	615	0	0.11273	0	20	20
0.00886361	0.000731625	1138.98	26.3769	1.93066e-07	27.6888	30.4632	1.46274	1.61661	615	0	0.115835	0	20	20
0.00887384	0.000734841	1145.15	24.3881	1.66173e-07	26.7365	29.711	1.45769	1.61661	615	0	0.118929	0	20	20
0.00888352	0.000738244	1151.57	22.5345	1.43027e-07	25.8169	28.9775	1.45293	1.61661	615	0	0.122005	0	20	20
0.00889269	0.000741818	1158.24	20.8092	1.23104e-07	24.9289	28.262	1.44844	1.61661	615	0	0.12506	0	20	20
0.00890136	0.000745546	1165.14	19.2052	1.05957e-07	24.0715	27.5642	1.44421	1.61661	615	0	0.12809	0	20	20
0.00890957	0.000749415	1172.23	17.7156	9.11979e-08	23.2436	26.8837	1.44023	1.61661	615	0	0.131092	0	20	20
0.00891733	0.000753411	1179.5	16.3335	7.84948e-08	22.4441	26.2199	1.43647	1.61661	615	0	0.134062	0	20	20
0.00892467	0.000757521	1186.93	15.0525	6.75611e-08	21.6722	25.5725	1.43292	1.61661	615	0	0.136999	0	20	20
0.00893162	0.000761733	1194.5	13.8662	5.81504e-08	20.9268	24.9411	1.42958	1.61661	615	0	0.1399	0	20	20
0.00893818	0.000766035	1202.2	12.7684	5.00505e-08	20.207	24.3253	1.42644	1.61661	615	0	0.142763	0	20	20
0.00894438	0.000770416	1210	11.7534	4.30789e-08	19.512	23.7247	1.42347	1.61661	615	0	0.145586	0	20	20
0.00895025	0.000774868	1217.9	10.8154	3.70783e-08	18.8409	23.139	1.42068	1.61661	615	0	0.148366	0	20	20
0.00895578	0.000779379	1225.88	9.94928	3.19136e-08	18.1929	22.5677	1.41804	1.61661	615	0	0.151103	0	20	20
0.00896101	0.000783941	1233.91	9.14994	2.74683e-08	17.5671	22.0105	1.41556	1.61661	615	0	0.153796	0	20	20
0.00896594	0.000788546	1242.01	8.41262	2.36422e-08	16.9629	21.467	1.41323	1.61661	615	0	0.156443	0	20	20
0.0089706	0.000793186	1250.14	7.73287	2.0349e-08	16.3795	20.937	1.41103	1.61661	615	0	0.159042	0	20	20
0.00897499	0.000797854	1258.3	7.10647	1.75146e-08	15.8161	20.4201	1.40896	1.61661	615	0	0.161594	0	20	20
0.00897913	0.000802543	1266.48	6.52948	1.50749e-08	15.2721	19.9159	1.40701	1.61661	615	0	0.164098	0	20	20
0.00898303	0.000807246	1274.67	5.99821	1.29751e-08	14.7468	19.4242	1.40518	1.61661	615	0	0.166553	0	20	20
0.00898671	0.000811959	1282.85	5.50922	1.11678e-08	14.2396	18.9446	1.40345	1.61661	615	0	0.168959	0	20	20
0.00899018	0.000816674	1291.03	5.05929	9.61219e-09	13.7499	18.4769	1.40183	1.61661	615	0	0.171315	0	20	20
0.00899344	0.000821388	1299.2	4.64543	8.27329e-09	13.2769	18.0207	1.4003	1.61661	615	0	0.173622	0	20	20
0.00899652	0.000826095	1307.34	4.26485	7.12089e-09	12.8203	17.5757	1.39887	1.61661	615	0	0.175878	0	20	20
0.00899941	0.000830792	1315.45	3.91496	6.129e-09	12.3793	17.1418	1.39752	1.61661	615	0	0.178086	0	20	20
0.00900213	0.000835473	1323.52	3.59337	5.27528e-09	11.9536	16.7185	1.39625	1.61661	615	0	0.180243	0	20	20
0.00900469	0.000840136	1331.55	3.29785	4.54048e-09	11.5424	16.3058	1.39506	1.61661	615	0	0.182352	0	20	20
0.0090071	0.000844776	1339.53	3.02635	3.90803e-09	11.1454	15.9032	1.39394	1.61661	615	0	0.184411	0	20	20
0.00900937	0.000849392	1347.47	2.77695	3.36367e-09	10.7621	15.5105	1.39289	1.61661	615	0	0.186422	0	20	20
0.0090115	0.000853979	1355.34	2.5479	2.89514e-09	10.3919	15.1276	1.3919	1.61661	615	0	0.188385	0	20	20
0.0090135	0.000858535	1363.16	2.33757	2.49187e-09	10.0345	14.7541	1.39097	1.61661	615	0	0.190301	0	20	20
0.00901539	0.000863058	1370.91	2.14445	2.14477e-09	9.68937	14.3898	1.3901	1.61661	615	0	0.19217	0	20	20
0.00901716	0.000867546	1378.6	1.96717	1.84602e-09	9.3561	14.0345	1.38928	1.61661	615	0	0.193992	0	20	20
0.00901882	0.000871996	1386.22	1.80443	1.58888e-09	9.0343	13.688	1.38852	1.61661	615	0	0.195769	0	20	20
0.00902039	0.000876406	1393.76	1.65508	1.36757e-09	8.72357	13.35	1.38779	1.61661	615	0	0.1975	0	20	20
0.00902185	0.000880775	1401.23	1.51801	1.17707e-09	8.42353	13.0204	1.38712	1.61661	615	0	0.199188	0	20	20
0.00902324	0.000885102	1408.62	1.39223	1.01312e-09	8.13381	12.6989	1.38648	1.61661	615	0	0.200832	0	20	20
0.00902453	0.000889385	1415.93	1.27682	8.71998e-10	7.85405	12.3854	1.38588	1.61661	615	0	0.202434	0	20	20
0.00902575	0.000893622	1423.16	1.17093	7.50536e-10	7.58391	12.0796	1.38532	1.61661	615	0	0.203994	0	20	20
0.0090269	0.000897814	1430.31	1.07379	6.45992e-10	7.32307	11.7814	1.38479	1.61661	615	0	0.205512	0	20	20
0.00902798	0.000901958	1437.38	0.984679	5.56011e-10	7.07119	11.4905	1.3843	1.61661	615	0	0.206991	0	20	20
0.00902899	0.000906054	1444.36	0.902934	4.78563e-10	6.82798	11.2068	1.38383	1.61661	615	0	0.20843	0	20	20
0.00902994	0.000910101	1451.25	0.827954	4.11903e-10	6.59314	10.9301	1.38339	1.61661	615	0	0.209831	0	20	20
0.00903084	0.000914099	1458.06	0.759182	3.54528e-10	6.36637	10.6602	1.38298	1.61661	615	0	0.211194	0	20	20
0.00903169	0.000918047	1464.79	0.696106	3.05145e-10	6.1474	10.397	1.38259	1.61661	615	0	0.212521	0	20	20
0.00903248	0.000921944	1471.42	0.638258	2.62641e-10	5.93596	10.1403	1.38222	1.61661	615	0	0.213811	0	20	20
0.00903323	0.000925791	1477.97	0.585207	2.26057e-10	5.7318	9.88995	1.38188	1.61661	615	0	0.215066	0	20	20
0.00903394	0.000929587	1484.43	0.536555	1.94569e-10	5.53465	9.64576	1.38155	1.61661	615	0	0.216288	0	20	20
0.00903461	0.000933332	1490.8	0.491941	1.67467e-10	5.34429	9.40761	1.38125	1.61661	615	0	0.217475	0	20	20
0.00903524	0.000937026	1497.08	0.45103	1.4414e-10	5.16048	9.17533	1.38096	1.61661	615	0	0.21863	0	20	20
0.00903584	0.000940668	1503.28	0.413515	1.24063e-10	4.98298	8.94879	1.38068	1.61661	615	0	0.219754	0	20	20
0.00903641	0.000944259	1509.39	0.379116	1.06782e-10	4.8116	8.72785	1.38042	1.61661	615	0	0.220846	0	20	20
0.00903695	0.000947799	1515.41	0.347575	9.1908e-11	4.6461	8.51236	1.38018	1.61661	615	0	0.221908	0	20	20
0.00903746	0.000951287	1521.34	0.318655	7.91059e-11	4.4863	8.30219	1.37994	1.61661	615	0	0.222941	0	20	20
0.00903795	0.000954724	1527.19	0.292138	6.80871e-11	4.332	8.0972	1.37972	1.61661	615	0	0.223946	0	20	20
0.00903842	0.000958111	1532.95	0.267826	5.86031e-11	4.183	7.89728	1.3795	1.61661	615	0	0.224922	0	20	20
0.00903886	0.000961446	1538.63	0.245535	5.04402e-11	4.03913	7.7023	1.3793	1.61661	615	0	0.225872	0	20	20
0.00903929	0.000964732	1544.22	0.225098	4.34142e-11	3.9002	7.51213	1.3791	1.61661	615	0	0.226795	0	20	20
0.0090397	0.000967967	1549.72	0.20636	3.7367e-11	3.76606	7.32665	1.37892	1.61661	615	0	0.227692	0	20	20
0.0090401	0.000971153	1555.15	0.189181	3.21621e-11	3.63653	7.14576	1.37874	1.61661	615	0	0.228565	0	20	20
0.00904048	0.000974289	1560.49	0.173431	2.76821e-11	3.51145	6.96933	1.37856	1.61661	615	0	0.229414	0	20	20
0.00904085	0.000977377	1565.74	0.158992	2.38262e-11	3.39067	6.79725	1.37839	1.61661	615	0	0.230239	0	20	20
0.00904121	0.000980415	1570.92	0.145754	2.05074e-11	3.27405	6.62943	1.37823	1.61661	615	0	0.231041	0	20	20
0.00904156	0.000983406	1576.01	0.133617	1.76509e-11	3.16144	6.46575	1.37807	1.61661	615	0	0.231821	0	20	20
0.0090419	0.000986349	1581.03	0.122491	1.51923e-11	3.05271	6.30611	1.37791	1.61661	615	0	0.232579	0	20	20
0.00904223	0.000989245	1585.97	0.112291	1.30761e-11	2.94771	6.15041	1.37776	1.61661	615	0	0.233317	0	20	20
0.00904256	0.000992094	1590.82	0.10294	1.12547e-11	2.84633	5.99856	1.37761	1.61661	615	0	0.234034	0	20	20
0.00904288	0.000994897	1595.61	0.0943671	9.68703e-12	2.74843	5.85045	1.37746	1.61661	615	0	0.234731	0	20	20
0.0090432	0.000997654	1600.31	0.0865081	8.3377e-12	2.6539	5.706	1.37732	1.61661	615	0	0.235409	0	20	20
0.00904351	0.00100037	1604.94	0.0793034	7.17633e-12	2.56262	5.56512	1.37717	1.61661	615	0	0.236069	0	20	20
0.00904383	0.00100303	1609.5	0.0726986	6.17672e-12	2.47448	5.42772	1.37703	1.61661	615	0	0.236711	0	20	20
0.00904414	0.00100566	1613.98	0.0666437	5.31635e-12	2.38937	5.29371	1.37689	1.61661	615	0	0.237335	0	20	20
0.00904445	0.00100824	1618.39	0.061093	4.57583e-12	2.30719	5.163	1.37675	1.61661	615	0	0.237942	0	20	20
0.00904475	0.00101078	1622.73	0.0560045	3.93845e-12	2.22783	5.03553	1.37661	1.61661	615	0	0.238533	0	20	20
0.00904506	0.00101327	1627	0.0513398	3.38986e-12	2.15121	4.9112	1.37646	1.61661	615	0	0.239108	0	20	20
0.00904537	0.00101572	1631.2	0.0470635	2.91768e-12	2.07722	4.78994	1.37632	1.61661	615	0	0.239667	0	20	20
0.00904569	0.00101814	1635.34	0.0431433	2.51127e-12	2.00577	4.67168	1.37618	1.61661	615	0	0.240212	0	20	20
0.009046	0.00102051	1639.4	0.0395496	2.16147e-12	1.93678	4.55634	1.37604	1.61661	615	0	0.240741	0	20	20
0.00904632	0.00102284	1643.4	0.0362552	1.86039e-12	1.87017	4.44384	1.37589	1.61661	615	0	0.241257	0	20	20
0.00904664	0.00102513	1647.34	0.0332352	1.60125e-12	1.80585	4.33412	1.37575	1.61661	615	0	0.241759	0	20	20
0.00904696	0.00102739	1651.21	0.0304668	1.37821e-12	1.74373	4.22711	1.3756	1.61661	615	0	0.242248	0	20	20
0.00904728	0.00102961	1655.03	0.0279289	1.18624e-12	1.68376	4.12274	1.37545	1.61661	615	0	0.242724	0	20	20
0.00904757	0.00103181	1658.82	0.0256024	1.02101e-12	1.62585	4.02095	1.37532	1.61661	615	0	0.243188	0	20	20
0.00904782	0.00103403	1662.62	0.0234697	8.78787e-13	1.56993	3.92167	1.37521	1.61661	615	0	0.243641	0	20	20
0.00904801	0.00103626	1666.43	0.0215146	7.56379e-13	1.51593	3.82485	1.37512	1.61661	615	0	0.244084	0	20	20
0.00904815	0.00103849	1670.24	0.0197224	6.51022e-13	1.46379	3.73041	1.37506	1.61661	615	0	0.244516	0	20	20
0.00904824	0.00104074	1674.06	0.0180794	5.60339e-13	1.41344	3.63831	1.37501	1.61661	615	0	0.244938	0	20	20
0.00904829	0.00104298	1677.88	0.0165733	4.82289e-13	1.36483	3.54848	1.37499	1.61661	615	0	0.245351	0	20	20
0.0090483	0.00104523	1681.7	0.0151927	4.1511e-13	1.31789	3.46087	1.37499	1.61661	615	0	0.245753	0	20	20
0.00904826	0.00104749	1685.52	0.0139271	3.57288e-13	1.27256	3.37542	1.37501	1.61661	615	0	0.246147	0	20	20
0.00904819	0.00104975	1689.33	0.0127669	3.07521e-13	1.22879	3.29208	1.37504	1.61661	615	0	0.246531	0	20	20
0.00904807	0.00105201	1693.15	0.0117033	2.64686e-13	1.18653	3.2108	1.37509	1.61661	615	0	0.246906	0	20	20
0.00904792	0.00105427	1696.96	0.0107284	2.27817e-13	1.14572	3.13152	1.37516	1.61661	615	0	0.247273	0	20	20
0.00904773	0.00105653	1700.77	0.00983465	1.96084e-13	1.10631	3.0542	1.37525	1.61661	615	0	0.247632	0	20	20
0.00904751	0.00105879	1704.57	0.00901536	1.68771e-13	1.06826	2.97879	1.37535	1.61661	615	0	0.247982	0	20	20
0.00904726	0.00106105	1708.37	0.00826432	1.45263e-13	1.03152	2.90525	1.37547	1.61661	615	0	0.248324	0	20	20
0.00904697	0.00106331	1712.15	0.00757585	1.25029e-13	0.996037	2.83352	1.3756	1.61661	615	0	0.248658	0	20	20
0.00904665	0.00106556	1715.93	0.00694473	1.07613e-13	0.961779	2.76356	1.37574	1.61661	615	0	0.248985	0	20	20
0.0090463	0.00106782	1719.7	0.00636619	9.26235e-14	0.928699	2.69532	1.3759	1.61661	615	0	0.249305	0	20	20
0.00904593	0.00107006	1723.45	0.00583584	7.97218e-14	0.896756	2.62878	1.37607	1.61661	615	0	0.249617	0	20	20
0.00904552	0.00107231	1727.2	0.00534967	6.86172e-14	0.865913	2.56387	1.37626	1.61661	615	0	0.249922	0	20	20
0.00904509	0.00107455	1730.93	0.004904	5.90593e-14	0.83613	2.50057	1.37645	1.61661	615	0	0.250221	0	20	20
0.00904464	0.00107678	1734.64	0.00449546	5.08329e-14	0.807372	2.43883	1.37666	1.61661	615	0	0.250512	0	20	20
0.00904416	0.00107901	1738.35	0.00412095	4.37522e-14	0.779603	2.37862	1.37688	1.61661	615	0	0.250798	0	20	20
0.00904366	0.00108123	1742.03	0.00377764	3.76579e-14	0.752788	2.31989	1.3771	1.61661	615	0	0.251076	0	20	20
0.00904314	0.00108344	1745.7	0.00346294	3.24125e-14	0.726897	2.26261	1.37734	1.61661	615	0	0.251349	0	20	20
0.0090426	0.00108564	1749.36	0.00317445	2.78977e-14	0.701895	2.20675	1.37759	1.61661	615	0	0.251616	0	20	20
0.00904204	0.00108784	1753	0.00290999	2.40117e-14	0.677754	2.15226	1.37785	1.61661	615	0	0.251877	0	20	20
0.00904146	0.00109003	1756.61	0.00266756	2.06671e-14	0.654443	2.09912	1.37811	1.61661	615	0	0.252132	0	20	20
0.00904086	0.0010922	1760.21	0.00244533	1.77883e-14	0.631934	2.04729	1.37839	1.61661	615	0	0.252381	0	20	20
0.00904025	0.00109437	1763.79	0.00224161	1.53106e-14	0.610198	1.99675	1.37867	1.61661	615	0	0.252625	0	20	20
0.00903962	0.00109653	1767.35	0.00205487	1.31779e-14	0.589211	1.94745	1.37896	1.61661	615	0	0.252864	0	20	20
0.00903897	0.00109867	1770.89	0.00188368	1.13423e-14	0.568945	1.89936	1.37925	1.61661	615	0	0.253097	0	20	20
0.00903831	0.00110081	1774.4	0.00172675	9.76244e-15	0.549377	1.85247	1.37955	1.61661	615	0	0.253326	0	20	20
0.00903764	0.00110293	1777.9	0.0015829	8.40261e-15	0.530481	1.80673	1.37986	1.61661	615	0	0.253549	0	20	20
0.00903695	0.00110504	1781.37	0.00145103	7.2322e-15	0.512235	1.76212	1.38018	1.61661	615	0	0.253768	0	20	20
0.00903625	0.00110714	1784.82	0.00133015	6.22481e-15	0.494617	1.71862	1.3805	1.61661	615	0	0.253982	0	20	20
0.00903554	0.00110923	1788.24	0.00121933	5.35774e-15	0.477605	1.67618	1.38082	1.61661	615	0	0.254192	0	20	20
0.00903482	0.0011113	1791.64	0.00111775	4.61145e-15	0.461178	1.6348	1.38115	1.61661	615	0	0.254397	0	20	20
0.0090341	0.00111336	1795.02	0.00102463	3.96911e-15	0.445316	1.59443	1.38148	1.61661	615	0	0.254597	0	20	20
0.00903336	0.0011154	1798.37	0.000939274	3.41625e-15	0.43	1.55507	1.38182	1.61661	615	0	0.254793	0	20	20
0.00903261	0.00111743	1801.69	0.000861024	2.94039e-15	0.41521	1.51667	1.38217	1.61661	615	0	0.254986	0	20	20
0.00903185	0.00111945	1804.99	0.000789293	2.53082e-15	0.400929	1.47923	1.38251	1.61661	615	0	0.255174	0	20	20
0.00903109	0.00112145	1808.27	0.000723538	2.1783e-15	0.387139	1.4427	1.38286	1.61661	615	0	0.255358	0	20	20
0.00903032	0.00112344	1811.51	0.000663261	1.87488e-15	0.373824	1.40708	1.38322	1.61661	615	0	0.255538	0	20	20
0.00902955	0.00112541	1814.73	0.000608005	1.61372e-15	0.360966	1.37234	1.38357	1.61661	615	0	0.255714	0	20	20
0.00902877	0.00112737	1817.92	0.000557353	1.38894e-15	0.348551	1.33846	1.38393	1.61661	615	0	0.255887	0	20	20
0.00902798	0.00112931	1821.09	0.00051092	1.19547e-15	0.336563	1.30541	1.38429	1.61661	615	0	0.256056	0	20	20
0.0090272	0.00113123	1824.23	0.000468356	1.02895e-15	0.324987	1.27318	1.38466	1.61661	615	0	0.256221	0	20	20
0.0090264	0.00113314	1827.34	0.000429338	8.85629e-16	0.313809	1.24175	1.38502	1.61661	615	0	0.256384	0	20	20
0.00902561	0.00113504	1830.42	0.00039357	7.62268e-16	0.303016	1.21109	1.38539	1.61661	615	0	0.256542	0	20	20
0.00902481	0.00113691	1833.47	0.000360782	6.5609e-16	0.292594	1.18119	1.38576	1.61661	615	0	0.256698	0	20	20
0.009024	0.00113877	1836.5	0.000330726	5.64702e-16	0.28253	1.15202	1.38612	1.61661	615	0	0.25685	0	20	20
0.0090232	0.00114062	1839.49	0.000303173	4.86043e-16	0.272812	1.12358	1.3865	1.61661	615	0	0.256999	0	20	20
0.00902239	0.00114244	1842.46	0.000277916	4.18342e-16	0.263429	1.09584	1.38687	1.61661	615	0	0.257145	0	20	20
0.00902159	0.00114425	1845.4	0.000254763	3.6007e-16	0.254369	1.06878	1.38724	1.61661	615	0	0.257288	0	20	20
0.00902078	0.00114605	1848.31	0.000233539	3.09915e-16	0.24562	1.04239	1.38761	1.61661	615	0	0.257428	0	20	20
0.00901997	0.00114782	1851.19	0.000214083	2.66746e-16	0.237172	1.01666	1.38798	1.61661	615	0	0.257565	0	20	20
0.00901916	0.00114958	1854.04	0.000196248	2.29591e-16	0.229014	0.991555	1.38836	1.61661	615	0	0.257699	0	20	20
0.00901836	0.00115132	1856.86	0.000179899	1.97611e-16	0.221137	0.967073	1.38873	1.61661	615	0	0.257831	0	20	20
0.00901755	0.00115305	1859.65	0.000164912	1.70085e-16	0.213531	0.943196	1.3891	1.61661	615	0	0.25796	0	20	20
0.00901674	0.00115475	1862.41	0.000151173	1.46393e-16	0.206187	0.919908	1.38948	1.61661	615	0	0.258086	0	20	20
0.00901594	0.00115644	1865.14	0.000138579	1.26002e-16	0.199095	0.897196	1.38985	1.61661	615	0	0.25821	0	20	20
0.00901514	0.00115811	1867.84	0.000127034	1.08451e-16	0.192248	0.875044	1.39022	1.61661	615	0	0.258331	0	20	20
0.00901434	0.00115977	1870.51	0.000116451	9.33446e-17	0.185635	0.853439	1.39059	1.61661	615	0	0.25845	0	20	20
0.00901354	0.0011614	1873.16	0.00010675	8.03424e-17	0.179251	0.832367	1.39096	1.61661	615	0	0.258566	0	20	20
0.00901274	0.00116302	1875.77	9.78563e-05	6.91514e-17	0.173085	0.811816	1.39133	1.61661	615	0	0.25868	0	20	20
0.00901195	0.00116462	1878.35	8.9704e-05	5.95191e-17	0.167132	0.791772	1.39169	1.61661	615	0	0.258791	0	20	20
0.00901116	0.0011662	1880.9	8.22308e-05	5.12286e-17	0.161384	0.772224	1.39206	1.61661	615	0	0.258901	0	20	20
0.00901037	0.00116777	1883.43	7.53802e-05	4.40929e-17	0.155833	0.753157	1.39242	1.61661	615	0	0.259008	0	20	20
0.00900959	0.00116932	1885.92	6.91004e-05	3.79511e-17	0.150473	0.734562	1.39279	1.61661	615	0	0.259113	0	20	20
0.00900881	0.00117085	1888.39	6.33437e-05	3.26648e-17	0.145298	0.716425	1.39315	1.61661	615	0	0.259216	0	20	20
0.00900804	0.00117236	1890.82	5.80666e-05	2.81149e-17	0.1403	0.698737	1.39351	1.61661	615	0	0.259317	0	20	20
0.00900727	0.00117385	1893.23	5.32291e-05	2.41987e-17	0.135475	0.681485	1.39387	1.61661	615	0	0.259416	0	20	20
0.0090065	0.00117533	1895.6	4.87946e-05	2.0828e-17	0.130815	0.664659	1.39422	1.61661	615	0	0.259513	0	20	20
0.00900574	0.00117679	1897.95	4.47296e-05	1.79268e-17	0.126316	0.648248	1.39458	1.61661	615	0	0.259607	0	20	20
0.00900498	0.00117823	1900.27	4.10032e-05	1.54298e-17	0.121971	0.632243	1.39493	1.61661	615	0	0.259701	0	20	20
0.00900423	0.00117965	1902.56	3.75873e-05	1.32805e-17	0.117776	0.616633	1.39528	1.61661	615	0	0.259792	0	20	20
0.00900348	0.00118106	1904.82	3.44559e-05	1.14306e-17	0.113725	0.601408	1.39563	1.61661	615	0	0.259881	0	20	20
0.00900274	0.00118245	1907.05	3.15854e-05	9.83845e-18	0.109814	0.586559	1.39597	1.61661	615	0	0.259969	0	20	20
0.009002	0.00118382	1909.25	2.89541e-05	8.46803e-18	0.106037	0.572077	1.39631	1.61661	615	0	0.260055	0	20	20
0.00900127	0.00118518	1911.42	2.65419e-05	7.2885e-18	0.10239	0.557953	1.39665	1.61661	615	0	0.260139	0	20	20
0.00900054	0.00118652	1913.57	2.43307e-05	6.27327e-18	0.0988679	0.544177	1.39699	1.61661	615	0	0.260221	0	20	20
0.00899982	0.00118784	1915.69	2.23038e-05	5.39946e-18	0.0954673	0.530741	1.39733	1.61661	615	0	0.260302	0	20	20
0.00899911	0.00118914	1917.78	2.04457e-05	4.64735e-18	0.0921838	0.517637	1.39766	1.61661	615	0	0.260381	0	20	20
0.0089984	0.00119043	1919.84	1.87423e-05	4.00001e-18	0.0890132	0.504856	1.39799	1.61661	615	0	0.260459	0	20	20
0.0089977	0.0011917	1921.88	1.71809e-05	3.44284e-18	0.0859516	0.492391	1.39832	1.61661	615	0	0.260535	0	20	20
0.008997	0.00119295	1923.88	1.57496e-05	2.96328e-18	0.0829953	0.480234	1.39864	1.61661	615	0	0.26061	0	20	20
0.00899631	0.00119419	1925.86	1.44375e-05	2.55052e-18	0.0801407	0.468377	1.39896	1.61661	615	0	0.260683	0	20	20
0.00899563	0.00119541	1927.82	1.32347e-05	2.19525e-18	0.0773843	0.456813	1.39928	1.61661	615	0	0.260755	0	20	20
0.00899495	0.00119661	1929.74	1.21322e-05	1.88947e-18	0.0747227	0.445534	1.3996	1.61661	615	0	0.260825	0	20	20
0.00899428	0.0011978	1931.64	1.11214e-05	1.62628e-18	0.0721527	0.434534	1.39991	1.61661	615	0	0.260894	0	20	20
0.00899362	0.00119897	1933.51	1.01949e-05	1.39976e-18	0.069671	0.423805	1.40022	1.61661	615	0	0.260962	0	20	20
0.00899296	0.00120012	1935.36	9.3456e-06	1.20478e-18	0.0672747	0.413341	1.40053	1.61661	615	0	0.261028	0	20	20
0.00899231	0.00120126	1937.18	8.56702e-06	1.03696e-18	0.0649608	0.403136	1.40083	1.61661	615	0	0.261093	0	20	20
0.00899166	0.00120239	1938.98	7.85331e-06	8.92524e-19	0.0627265	0.393183	1.40114	1.61661	615	0	0.261157	0	20	20
0.00899102	0.00120349	1940.74	7.19906e-06	7.68203e-19	0.0605691	0.383475	1.40143	1.61661	615	0	0.261219	0	20	20
0.00899039	0.00120459	1942.49	6.59931e-06	6.61198e-19	0.0584858	0.374007	1.40173	1.61661	615	0	0.261281	0	20	20
0.00898977	0.00120566	1944.21	6.04953e-06	5.69098e-19	0.0564742	0.364773	1.40202	1.61661	615	0	0.261341	0	20	20
0.00898915	0.00120672	1945.9	5.54555e-06	4.89828e-19	0.0545318	0.355766	1.40231	1.61661	615	0	0.2614	0	20	20
0.00898854	0.00120777	1947.57	5.08355e-06	4.21598e-19	0.0526562	0.346982	1.4026	1.61661	615	0	0.261457	0	20	20
0.00898793	0.0012088	1949.21	4.66005e-06	3.62873e-19	0.0508451	0.338415	1.40288	1.61661	615	0	0.261514	0	20	20
0.00898734	0.00120982	1950.83	4.27182e-06	3.12328e-19	0.0490963	0.33006	1.40316	1.61661	615	0	0.261569	0	20	20
0.00898675	0.00121082	1952.43	3.91594e-06	2.68823e-19	0.0474077	0.321911	1.40344	1.61661	615	0	0.261624	0	20	20
0.00898616	0.00121181	1954	3.58971e-06	2.31378e-19	0.0457771	0.313963	1.40371	1.61661	615	0	0.261677	0	20	20
0.00898558	0.00121278	1955.55	3.29065e-06	1.99149e-19	0.0442026	0.306211	1.40398	1.61661	615	0	0.26173	0	20	20
0.00898501	0.00121374	1957.08	3.01651e-06	1.71409e-19	0.0426823	0.298651	1.40425	1.61661	615	0	0.261781	0	20	20
0.00898445	0.00121468	1958.58	2.76521e-06	1.47533e-19	0.0412143	0.291277	1.40451	1.61661	615	0	0.261831	0	20	20
0.00898389	0.00121561	1960.06	2.53484e-06	1.26983e-19	0.0397967	0.284085	1.40477	1.61661	615	0	0.261881	0	20	20
0.00898334	0.00121652	1961.52	2.32366e-06	1.09295e-19	0.0384279	0.277071	1.40503	1.61661	615	0	0.261929	0	20	20
