0.00866572	0.000693067	1111.6	256.922	76.5	0	0	1.56526	1.61661	615	0	0.149389	0	20	20
0.00898349	0.000760223	1258.23	256.922	76.4694	108.211	36.4667	1.40496	1.61661	615	0	-1.002	0	20	20
0.00907009	0.000924168	1542.47	256.922	76.4339	317.207	107.605	1.3651	1.61661	615	0	-2.69021	0	20	20
0.00894943	0.00109873	1816	256.922	76.3927	519.021	176.99	1.42107	1.61661	615	0	-3.76561	0	20	20
0.00876899	0.00127605	2079.46	256.922	76.3448	713.853	244.647	1.51061	1.61661	615	0	-4.51479	0	20	20
0.00856994	0.00145386	2333.69	256.922	76.2893	901.898	310.605	1.61833	1.61661	615	0	-5.07596	0	20	20
0.00836677	0.00163113	2579.32	256.922	76.2249	1083.35	374.892	1.73911	1.61661	615	0	-5.52058	0	20	20
0.0081654	0.00180727	2816.76	256.922	76.1502	1258.4	437.536	1.87098	1.61661	615	0	-5.8887	0	20	20
0.00796838	0.00198184	3046.32	256.922	76.0636	1427.23	498.568	2.01321	1.61661	615	0	-6.20404	0	20	20
0.0077768	0.00215453	3268.26	256.922	75.9633	1590.04	558.02	2.1657	1.61661	615	0	-6.48143	0	20	20
0.00759102	0.00232509	3482.8	256.921	75.847	1747.01	615.924	2.32862	1.61661	615	0	-6.73057	0	20	20
0.00741109	0.00249334	3690.18	256.921	75.7124	1898.34	672.317	2.50238	1.61661	615	0	-6.9581	0	20	20
0.00723688	0.00265914	3890.62	256.921	75.5566	2044.23	727.234	2.68749	1.61661	615	0	-7.16869	0	20	20
0.00706815	0.0028224	4084.35	256.921	75.3764	2184.86	780.715	2.88458	1.61661	615	0	-7.36575	0	20	20
0.00690465	0.00298306	4271.59	256.921	75.1681	2320.43	832.803	3.09439	1.61661	615	0	-7.5518	0	20	20
0.00674609	0.00314112	4452.61	256.92	74.9275	2451.16	883.542	3.31774	1.61661	615	0	-7.72878	0	20	20
0.0065922	0.00329656	4627.63	256.92	74.6499	2577.25	932.98	3.55557	1.61661	615	0	-7.89819	0	20	20
0.00644268	0.00344944	4796.93	256.92	74.33	2698.91	981.168	3.80891	1.61661	615	0	-8.06125	0	20	20
0.00629725	0.00359982	4960.77	256.92	73.9617	2816.38	1028.16	4.07894	1.61661	615	0	-8.21894	0	20	20
0.00615563	0.00374778	5119.43	256.919	73.5383	2929.87	1074.01	4.367	1.61661	615	0	-8.37207	0	20	20
0.00601754	0.00389345	5273.19	256.919	73.0526	3039.62	1118.79	4.67458	1.61661	615	0	-8.52131	0	20	20
0.00588171	0.00403737	5422.36	256.919	72.4961	3145.87	1162.56	5.00599	1.61661	615	0	-8.66969	0	20	20
0.00574779	0.00417977	5567.21	256.918	71.8602	3248.86	1205.37	5.3641	1.61661	615	0	-8.81792	0	20	20
0.00561533	0.00432096	5708.06	256.918	71.1353	3348.83	1247.31	5.75273	1.61661	615	0	-8.96703	0	20	20
0.00548456	0.00446094	5845.2	256.917	70.3111	3446.01	1288.44	6.17413	1.61661	615	0	-9.11627	0	20	20
0.0053559	0.00459962	5978.9	256.917	69.3773	3540.65	1328.81	6.62983	1.61661	615	0	-9.26436	0	20	20
0.00522872	0.00473739	6109.44	256.916	68.323	3632.95	1368.5	7.12549	1.61661	615	0	-9.41274	0	20	20
0.00510341	0.00487413	6237.06	256.916	67.1377	3723.1	1407.56	7.66337	1.61661	615	0	-9.56019	0	20	20
0.00497955	0.0050101	6361.94	256.915	65.8111	3811.26	1446.03	8.24956	1.61661	615	0	-9.70764	0	20	20
0.00485708	0.00514535	6484.22	256.914	64.3342	3897.54	1483.94	8.88943	1.61661	615	0	-9.85512	0	20	20
0.00473623	0.00527976	6603.97	256.913	62.6995	3982.02	1521.31	9.5874	1.61661	615	0	-10.002	0	20	20
0.00461656	0.00541349	6721.16	256.913	60.9015	4064.66	1558.12	10.3525	1.61661	615	0	-10.1496	0	20	20
0.00449858	0.00554612	6835.66	256.912	58.9379	4145.39	1594.33	11.1885	1.61661	615	0	-10.2966	0	20	20
0.00438242	0.0056774	6947.24	256.911	56.8097	4224.04	1629.89	12.1021	1.61661	615	0	-10.4431	0	20	20
0.00426811	0.005807	7055.52	256.909	54.5225	4300.32	1664.68	13.1007	1.61661	615	0	-10.5896	0	20	20
0.00415633	0.00593419	7160.03	256.908	52.086	4373.87	1698.58	14.1863	1.61661	615	0	-10.7347	0	20	20
0.0040474	0.00605833	7260.15	256.907	49.5151	4444.25	1731.42	15.3628	1.61661	615	0	-10.8785	0	20	20
0.00394179	0.00617862	7355.19	256.905	46.8297	4510.91	1763.02	16.631	1.61661	615	0	-11.0207	0	20	20
0.00384029	0.00629402	7444.37	256.904	44.0538	4573.28	1793.15	17.9849	1.61661	615	0	-11.1601	0	20	20
0.00374332	0.00640366	7526.89	256.902	41.2153	4630.74	1821.61	19.419	1.61661	615	0	-11.2966	0	20	20
0.0036516	0.00650648	7601.94	256.9	38.3448	4682.67	1848.17	20.9195	1.61661	615	0	-11.4295	0	20	20
0.00356584	0.00660143	7668.76	256.898	35.4743	4728.51	1872.61	22.4655	1.61661	615	0	-11.5577	0	20	20
0.00348628	0.00668781	7726.69	256.896	32.6358	4767.75	1894.74	24.0388	1.61661	615	0	-11.6817	0	20	20
0.00341368	0.00676466	7775.19	256.893	29.8599	4799.97	1914.42	25.6054	1.61661	615	0	-11.7998	0	20	20
0.0033482	0.00683149	7813.88	256.89	27.1745	4824.89	1931.5	27.1372	1.61661	615	0	-11.9124	0	20	20
0.00329014	0.00688784	7842.54	256.887	24.6037	4842.35	1945.93	28.5993	1.61661	615	0	-12.0188	0	20	20
0.00323956	0.00693351	7861.14	256.884	22.1672	4852.31	1957.67	29.96	1.61661	615	0	-12.1189	0	20	20
0.00319645	0.00696847	7869.81	256.881	19.8799	4854.89	1966.74	31.1887	1.61661	615	0	-12.2125	0	20	20
0.00316057	0.00699294	7868.83	256.877	17.7517	4850.31	1973.18	32.2628	1.61661	615	0	-12.2993	0	20	20
0.00313019	0.00700828	7858.63	256.872	15.7881	4838.88	1977.1	33.2114	1.61661	615	0	-12.3528	0	20	20
0.00310478	0.00701511	7839.74	256.868	13.9901	4821	1978.6	34.0336	1.61661	615	0	-12.3752	0	20	20
0.00308419	0.00701382	7812.75	256.863	12.3554	4797.13	1977.82	34.7197	1.61661	615	0	-12.3677	0	20	20
0.00306791	0.0070051	7778.32	256.857	10.8785	4767.74	1974.92	35.2755	1.61661	615	0	-12.333	0	20	20
0.00305562	0.00698951	7737.09	256.851	9.55195	4733.35	1970.05	35.7027	1.61661	615	0	-12.2732	0	20	20
0.00304703	0.00696762	7689.73	256.845	8.36659	4694.46	1963.38	36.0057	1.61661	615	0	-12.1906	0	20	20
0.0030416	0.00694015	7636.86	256.838	7.31231	4651.55	1955.06	36.1989	1.61661	615	0	-12.088	0	20	20
0.00303917	0.00690753	7579.11	256.83	6.37848	4605.09	1945.24	36.2855	1.61661	615	0	-11.9673	0	20	20
0.0030394	0.00687033	7517.04	256.822	5.55436	4555.52	1934.06	36.2773	1.61661	615	0	-11.8307	0	20	20
0.00304192	0.0068291	7451.17	256.812	4.8294	4503.23	1921.67	36.1872	1.61661	615	0	-11.6805	0	20	20
0.0030466	0.0067842	7381.97	256.802	4.19349	4448.59	1908.18	36.0207	1.61661	615	0	-11.5183	0	20	20
0.00305313	0.00673609	7309.87	256.791	3.63707	4391.94	1893.7	35.7901	1.61661	615	0	-11.3459	0	20	20
0.00306129	0.00668515	7235.27	256.779	3.15127	4333.55	1878.33	35.5046	1.61661	615	0	-11.165	0	20	20
0.00307099	0.00663163	7158.5	256.766	2.72794	4273.71	1862.17	35.1693	1.61661	615	0	-10.9766	0	20	20
0.00308197	0.00657588	7079.86	256.752	2.35965	4212.62	1845.29	34.7948	1.61661	615	0	-10.7822	0	20	20
0.00309412	0.00651815	6999.62	256.736	2.03971	4150.51	1827.76	34.3865	1.61661	615	0	-10.5828	0	20	20
0.00310738	0.0064586	6918	256.719	1.76213	4087.53	1809.66	33.9482	1.61661	615	0	-10.3791	0	20	20
0.00312154	0.00639751	6835.22	256.701	1.52155	4023.85	1791.02	33.4882	1.61661	615	0	-10.1722	0	20	20
0.00313657	0.006335	6751.45	256.681	1.31324	3959.61	1771.92	33.0094	1.61661	615	0	-9.96274	0	20	20
0.00315241	0.0062712	6666.85	256.659	1.13301	3894.91	1752.38	32.514	1.61661	615	0	-9.75119	0	20	20
0.00316892	0.00620629	6581.56	256.635	0.977206	3829.86	1732.46	32.0087	1.61661	615	0	-9.53838	0	20	20
0.00318608	0.00614037	6495.69	256.609	0.842585	3764.55	1712.18	31.4943	1.61661	615	0	-9.3246	0	20	20
0.00320388	0.00607349	6409.35	256.58	0.726331	3699.05	1691.57	30.9722	1.61661	615	0	-9.11019	0	20	20
0.00322217	0.00600583	6322.64	256.549	0.625985	3633.44	1670.68	30.4476	1.61661	615	0	-8.8958	0	20	20
0.00324099	0.0059374	6235.64	256.515	0.539403	3567.78	1649.52	29.9203	1.61661	615	0	-8.68157	0	20	20
0.00326033	0.00586827	6148.43	256.478	0.464724	3502.11	1628.11	29.391	1.61661	615	0	-8.46771	0	20	20
0.00328006	0.00579857	6061.07	256.438	0.400329	3436.49	1606.48	28.864	1.61661	615	0	-8.25477	0	20	20
0.00330022	0.0057283	5973.64	256.394	0.344818	3370.97	1584.66	28.3382	1.61661	615	0	-8.04276	0	20	20
0.00332081	0.0056575	5886.17	256.346	0.296973	3305.57	1562.65	27.8142	1.61661	615	0	-7.83187	0	20	20
0.00334172	0.0055863	5798.74	256.293	0.255745	3240.34	1540.49	27.2954	1.61661	615	0	-7.62254	0	20	20
0.003363	0.00551468	5711.39	256.236	0.220224	3175.32	1518.18	26.7806	1.61661	615	0	-7.41475	0	20	20
0.00338465	0.00544268	5624.17	256.174	0.189625	3110.53	1495.74	26.2699	1.61661	615	0	-7.20862	0	20	20
0.00340657	0.0053704	5537.12	256.106	0.163268	3046	1473.19	25.7661	1.61661	615	0	-7.00454	0	20	20
0.0034288	0.00529784	5450.29	256.032	0.140567	2981.77	1450.55	25.2682	1.61661	615	0	-6.80249	0	20	20
0.00345136	0.00522503	5363.72	255.951	0.121018	2917.86	1427.82	24.7759	1.61661	615	0	-6.60255	0	20	20
0.00347415	0.00515206	5277.45	255.863	0.104184	2854.3	1405.03	24.2916	1.61661	615	0	-6.40504	0	20	20
0.0034972	0.00507893	5191.52	255.768	0.0896893	2791.12	1382.19	23.8144	1.61661	615	0	-6.20995	0	20	20
0.00352054	0.00500567	5105.97	255.663	0.0772089	2728.34	1359.32	23.3439	1.61661	615	0	-6.01735	0	20	20
0.00354408	0.00493236	5020.84	255.549	0.0664636	2665.98	1336.42	22.8817	1.61661	615	0	-5.82748	0	20	20
0.00356784	0.00485901	4936.17	255.425	0.0572127	2604.07	1313.51	22.4276	1.61661	615	0	-5.64039	0	20	20
0.00359185	0.00478565	4852	255.29	0.0492485	2542.64	1290.61	21.9809	1.61661	615	0	-5.45609	0	20	20
0.00361605	0.00471234	4768.35	255.142	0.0423924	2481.7	1267.73	21.5425	1.61661	615	0	-5.27474	0	20	20
0.00364041	0.00463913	4685.28	254.982	0.0364903	2421.29	1244.88	21.113	1.61661	615	0	-5.09649	0	20	20
0.00366498	0.00456603	4602.81	254.807	0.0314096	2361.43	1222.07	20.6912	1.61661	615	0	-4.92128	0	20	20
0.00368974	0.00449307	4520.98	254.616	0.027036	2302.14	1199.33	20.2773	1.61661	615	0	-4.7492	0	20	20
0.0037146	0.00442034	4439.83	254.409	0.0232712	2243.44	1176.65	19.873	1.61661	615	0	-4.58047	0	20	20
0.00373963	0.00434785	4359.38	254.183	0.0200306	2185.36	1154.06	19.4767	1.61661	615	0	-4.415	0	20	20
0.00376482	0.00427561	4279.69	253.936	0.0172411	2127.92	1131.57	19.0883	1.61661	615	0	-4.25284	0	20	20
0.00379012	0.00420371	4200.77	253.668	0.01484	2071.14	1109.19	18.7087	1.61661	615	0	-4.09411	0	20	20
0.0038155	0.00413218	4122.67	253.377	0.0127733	2015.04	1086.94	18.3377	1.61661	615	0	-3.93886	0	20	20
0.00384101	0.00406104	4045.41	253.059	0.0109943	1959.66	1064.81	17.9747	1.61661	615	0	-3.78706	0	20	20
0.00386664	0.00399033	3969.04	252.714	0.00946308	1905	1042.84	17.6198	1.61661	615	0	-3.63874	0	20	20
0.00389229	0.00392012	3893.58	252.338	0.00814509	1851.1	1021.03	17.2736	1.61661	615	0	-3.49403	0	20	20
0.00391801	0.00385044	3819.06	251.929	0.00701065	1797.96	999.387	16.9357	1.61661	615	0	-3.35288	0	20	20
0.0039438	0.00378131	3745.51	251.485	0.0060342	1745.62	977.931	16.6056	1.61661	615	0	-3.21529	0	20	20
0.00396964	0.00371278	3672.98	251.002	0.00519374	1694.1	956.67	16.2834	1.61661	615	0	-3.08127	0	20	20
0.00399547	0.00364492	3601.47	250.478	0.00447034	1643.41	935.618	15.9696	1.61661	615	0	-2.9509	0	20	20
0.0040213	0.00357776	3531.03	249.908	0.00384768	1593.58	914.785	15.664	1.61661	615	0	-2.82414	0	20	20
0.00404712	0.00351132	3461.69	249.29	0.00331176	1544.63	894.183	15.3661	1.61661	615	0	-2.70098	0	20	20
0.00407291	0.00344566	3393.47	248.618	0.00285047	1496.57	873.823	15.076	1.61661	615	0	-2.5814	0	20	20
0.00409866	0.00338083	3326.4	247.89	0.00245344	1449.43	853.718	14.7936	1.61661	615	0	-2.4654	0	20	20
0.00412429	0.00331687	3260.51	247.101	0.0021117	1403.23	833.877	14.5196	1.61661	615	0	-2.35301	0	20	20
0.0041498	0.00325384	3195.83	246.245	0.00181757	1358	814.314	14.2534	1.61661	615	0	-2.2442	0	20	20
0.00417517	0.00319178	3132.38	245.318	0.0015644	1313.74	795.04	13.9951	1.61661	615	0	-2.13892	0	20	20
0.00420037	0.00313073	3070.2	244.315	0.00134649	1270.49	776.065	13.7448	1.61661	615	0	-2.03717	0	20	20
0.00422534	0.00307075	3009.32	243.231	0.00115894	1228.26	757.403	13.5025	1.61661	615	0	-1.93892	0	20	20
0.00425004	0.00301189	2949.76	242.058	0.000997512	1187.09	739.066	13.2684	1.61661	615	0	-1.84416	0	20	20
0.00427439	0.00295424	2891.56	240.792	0.000858568	1146.99	721.065	13.043	1.61661	615	0	-1.75288	0	20	20
0.00429831	0.00289784	2834.75	239.426	0.000738977	1107.99	703.415	12.8265	1.61661	615	0	-1.66506	0	20	20
0.00432175	0.00284276	2779.36	237.953	0.000636045	1070.12	686.128	12.6189	1.61661	615	0	-1.58067	0	20	20
0.00434462	0.00278907	2725.43	236.367	0.000547449	1033.4	669.219	12.4207	1.61661	615	0	-1.49968	0	20	20
0.0043668	0.00273686	2673	234.661	0.000471194	997.878	652.702	12.2324	1.61661	615	0	-1.42208	0	20	20
0.00438821	0.00268617	2622.09	232.828	0.000405561	963.556	636.587	12.0542	1.61661	615	0	-1.34782	0	20	20
0.00440882	0.00263699	2572.66	230.86	0.00034907	930.415	620.869	11.8859	1.61661	615	0	-1.27673	0	20	20
0.00442864	0.00258928	2524.65	228.751	0.000300448	898.414	605.54	11.727	1.61661	615	0	-1.20865	0	20	20
0.00444766	0.00254298	2478.01	226.494	0.000258598	867.514	590.589	11.5773	1.61661	615	0	-1.14342	0	20	20
0.00446589	0.00249805	2432.68	224.082	0.000222577	837.676	576.008	11.4361	1.61661	615	0	-1.08087	0	20	20
0.00448335	0.00245444	2388.62	221.509	0.000191574	808.864	561.786	11.303	1.61661	615	0	-1.02084	0	20	20
0.00450005	0.00241211	2345.77	218.768	0.000164889	781.044	547.915	11.1776	1.61661	615	0	-0.96321	0	20	20
0.00451599	0.00237101	2304.08	215.855	0.000141922	754.18	534.387	11.0596	1.61661	615	0	-0.907851	0	20	20
0.00453118	0.0023311	2263.51	212.764	0.000122153	728.24	521.193	10.9488	1.61661	615	0	-0.854652	0	20	20
0.00454562	0.00229234	2224.01	209.492	0.000105138	703.193	508.325	10.8448	1.61661	615	0	-0.803511	0	20	20
0.00455926	0.00225472	2185.54	206.035	9.04933e-05	679.007	495.774	10.7477	1.61661	615	0	-0.754363	0	20	20
0.00457216	0.00221817	2148.07	202.392	7.78883e-05	655.653	483.534	10.657	1.61661	615	0	-0.707098	0	20	20
0.00458432	0.00218267	2111.55	198.562	6.70391e-05	633.102	471.595	10.5725	1.61661	615	0	-0.661647	0	20	20
0.00459574	0.00214818	2075.96	194.546	5.77011e-05	611.326	459.951	10.4938	1.61661	615	0	-0.617944	0	20	20
0.00460643	0.00211468	2041.25	190.346	4.96638e-05	590.3	448.595	10.421	1.61661	615	0	-0.575934	0	20	20
0.00461634	0.00208214	2007.41	185.967	4.2746e-05	569.997	437.519	10.354	1.61661	615	0	-0.535594	0	20	20
0.00462552	0.00205053	1974.4	181.413	3.67919e-05	550.392	426.717	10.2924	1.61661	615	0	-0.496858	0	20	20
0.00463401	0.00201982	1942.2	176.694	3.1667e-05	531.462	416.181	10.236	1.61661	615	0	-0.459691	0	20	20
0.0046418	0.00198998	1910.8	171.818	2.72561e-05	513.182	405.906	10.1845	1.61661	615	0	-0.424063	0	20	20
0.00464883	0.00196102	1880.16	166.796	2.34595e-05	495.532	395.884	10.1384	1.61661	615	0	-0.389973	0	20	20
0.00465521	0.00193288	1850.28	161.643	2.01918e-05	478.488	386.109	10.0968	1.61661	615	0	-0.357374	0	20	20
0.00466094	0.00190556	1821.15	156.373	1.73792e-05	462.031	376.576	10.0596	1.61661	615	0	-0.326246	0	20	20
0.00466599	0.00187904	1792.75	151.002	1.49585e-05	446.139	367.279	10.027	1.61661	615	0	-0.29659	0	20	20
0.00467042	0.00185331	1765.07	145.549	1.28749e-05	430.794	358.211	9.99844	1.61661	615	0	-0.268375	0	20	20
0.00467429	0.00182833	1738.11	140.032	1.10815e-05	415.977	349.366	9.97364	1.61661	615	0	-0.241578	0	20	20
0.00467752	0.00180412	1711.86	134.472	9.53793e-06	401.67	340.74	9.95295	1.61661	615	0	-0.216203	0	20	20
0.00468026	0.00178063	1686.32	128.89	8.20938e-06	387.855	332.327	9.93548	1.61661	615	0	-0.192205	0	20	20
0.00468248	0.00175787	1661.48	123.305	7.06588e-06	374.515	324.122	9.92141	1.61661	615	0	-0.169577	0	20	20
0.00468422	0.00173583	1637.35	117.74	6.08166e-06	361.633	316.12	9.9103	1.61661	615	0	-0.148285	0	20	20
0.00468554	0.00171448	1613.91	112.216	5.23453e-06	349.195	308.315	9.90198	1.61661	615	0	-0.128303	0	20	20
0.00468645	0.00169381	1591.18	106.751	4.5054e-06	337.185	300.702	9.89617	1.61661	615	0	-0.1096	0	20	20
0.00468702	0.00167381	1569.14	101.367	3.87783e-06	325.587	293.278	9.8926	1.61661	615	0	-0.0921379	0	20	20
0.00468727	0.00165448	1547.79	96.0801	3.33768e-06	314.389	286.037	9.89098	1.61661	615	0	-0.0758784	0	20	20
0.00468726	0.00163578	1527.13	90.9079	2.87277e-06	303.576	278.975	9.89109	1.61661	615	0	-0.0607799	0	20	20
0.00468703	0.00161771	1507.15	85.8656	2.47262e-06	293.134	272.087	9.89255	1.61661	615	0	-0.0467953	0	20	20
0.0046866	0.00160026	1487.85	80.9665	2.1282e-06	283.052	265.369	9.89524	1.61661	615	0	-0.0338806	0	20	20
0.00468606	0.00158341	1469.21	76.2224	1.83176e-06	273.317	258.817	9.89868	1.61661	615	0	-0.0219812	0	20	20
0.0046854	0.00156713	1451.24	71.6431	1.57661e-06	263.916	252.427	9.90288	1.61661	615	0	-0.0110525	0	20	20
0.00468471	0.00155142	1433.93	67.2365	1.357e-06	254.839	246.194	9.90724	1.61661	615	0	-0.0010353	0	20	20
0.00468397	0.00153626	1417.25	63.0088	1.16798e-06	246.074	240.116	9.9119	1.61661	615	0	0.00811482	0	20	20
0.00468329	0.00152163	1401.2	58.9643	1.00529e-06	237.61	234.187	9.91622	1.61661	615	0	0.0164583	0	20	20
0.00468264	0.00150752	1385.76	55.1056	8.65262e-07	229.438	228.405	9.92039	1.61661	615	0	0.0240394	0	20	20
0.0046821	0.00149389	1370.92	51.4339	7.44738e-07	221.546	222.766	9.92382	1.61661	615	0	0.030916	0	20	20
0.00468166	0.00148074	1356.67	47.9486	6.41002e-07	213.926	217.266	9.9266	1.61661	615	0	0.0371328	0	20	20
0.00468138	0.00146806	1342.99	44.6482	5.51715e-07	206.568	211.901	9.92841	1.61661	615	0	0.0427406	0	20	20
0.00466674	0.00145927	1329.87	41.5299	4.74866e-07	199.463	206.669	10.0221	1.61661	615	0	0.052838	0	20	20
0.0046489	0.00145172	1317.3	38.5897	4.08721e-07	192.603	201.567	10.138	1.61661	615	0	0.0627872	0	20	20
0.004634	0.0014439	1305.28	35.8231	3.51789e-07	185.979	196.59	10.236	1.61661	615	0	0.0707004	0	20	20
0.00462197	0.00143584	1293.76	33.2246	3.02788e-07	179.582	191.736	10.3162	1.61661	615	0	0.0769217	0	20	20
0.00461266	0.00142756	1282.74	30.7884	2.60612e-07	173.405	187.002	10.3788	1.61661	615	0	0.0817485	0	20	20
0.00460591	0.00141907	1272.18	28.5081	2.24311e-07	167.441	182.385	10.4245	1.61661	615	0	0.0854359	0	20	20
0.00460152	0.00141041	1262.07	26.3769	1.93066e-07	161.682	177.882	10.4543	1.61661	615	0	0.0882009	0	20	20
0.0045992	0.00140166	1252.39	24.3881	1.66173e-07	156.121	173.49	10.4702	1.61661	615	0	0.0902197	0	20	20
0.00459877	0.00139282	1243.11	22.5345	1.43027e-07	150.751	169.207	10.4731	1.61661	615	0	0.0916471	0	20	20
0.0045999	0.00138398	1234.23	20.8092	1.23104e-07	145.566	165.029	10.4654	1.61661	615	0	0.0926018	0	20	20
0.00460238	0.00137518	1225.71	19.2052	1.05957e-07	140.56	160.954	10.4485	1.61661	615	0	0.0931868	0	20	20
0.004606	0.00136644	1217.55	17.7156	9.11979e-08	135.725	156.98	10.4239	1.61661	615	0	0.0934841	0	20	20
0.00461054	0.00135782	1209.74	16.3335	7.84948e-08	131.057	153.105	10.3931	1.61661	615	0	0.0935592	0	20	20
0.00461582	0.00134934	1202.24	15.0525	6.75611e-08	126.549	149.324	10.3575	1.61661	615	0	0.0934647	0	20	20
0.00462169	0.00134102	1195.06	13.8662	5.81504e-08	122.197	145.638	10.318	1.61661	615	0	0.0932427	0	20	20
0.00462803	0.00133289	1188.18	12.7684	5.00505e-08	117.994	142.042	10.2757	1.61661	615	0	0.0929261	0	20	20
0.00463467	0.00132497	1181.58	11.7534	4.30789e-08	113.935	138.535	10.2316	1.61661	615	0	0.0925388	0	20	20
0.00464158	0.00131726	1175.25	10.8154	3.70783e-08	110.017	135.114	10.1859	1.61661	615	0	0.0921034	0	20	20
0.00464869	0.00130976	1169.18	9.94928	3.19136e-08	106.233	131.778	10.1393	1.61661	615	0	0.0916359	0	20	20
0.00465593	0.00130247	1163.35	9.14994	2.74683e-08	102.579	128.525	10.0921	1.61661	615	0	0.0911486	0	20	20
0.00466322	0.00129542	1157.77	8.41262	2.36422e-08	99.0506	125.351	10.0448	1.61661	615	0	0.0906487	0	20	20
0.00467054	0.00128858	1152.41	7.73287	2.0349e-08	95.6438	122.256	9.99766	1.61661	615	0	0.0901446	0	20	20
0.00467789	0.00128195	1147.27	7.10647	1.75146e-08	92.3542	119.238	9.9506	1.61661	615	0	0.0896428	0	20	20
0.00468524	0.00127553	1142.33	6.52948	1.50749e-08	89.1777	116.294	9.90388	1.61661	615	0	0.089147	0	20	20
0.00469251	0.00126933	1137.6	5.99821	1.29751e-08	86.1105	113.423	9.85787	1.61661	615	0	0.0886578	0	20	20
0.00469977	0.00126333	1133.05	5.50922	1.11678e-08	83.1487	110.622	9.81232	1.61661	615	0	0.0881802	0	20	20
0.00470698	0.00125752	1128.69	5.05929	9.61219e-09	80.2889	107.891	9.76727	1.61661	615	0	0.0877159	0	20	20
0.0047141	0.0012519	1124.5	4.64543	8.27329e-09	77.5274	105.227	9.72308	1.61661	615	0	0.087263	0	20	20
0.00472116	0.00124647	1120.48	4.26485	7.12089e-09	74.8609	102.629	9.67954	1.61661	615	0	0.0868246	0	20	20
0.00472816	0.00124121	1116.61	3.91496	6.129e-09	72.286	100.095	9.63659	1.61661	615	0	0.0864016	0	20	20
0.00473508	0.00123613	1112.9	3.59337	5.27528e-09	69.7998	97.6238	9.59442	1.61661	615	0	0.0859925	0	20	20
0.00474191	0.00123121	1109.34	3.29785	4.54048e-09	67.3991	95.2134	9.55302	1.61661	615	0	0.0855975	0	20	20
0.00474868	0.00122645	1105.92	3.02635	3.90803e-09	65.0809	92.8626	9.51223	1.61661	615	0	0.085218	0	20	20
0.00475538	0.00122184	1102.63	2.77695	3.36367e-09	62.8425	90.5698	9.47209	1.61661	615	0	0.0848533	0	20	20
0.00476197	0.00121739	1099.47	2.5479	2.89514e-09	60.681	88.3336	9.4328	1.61661	615	0	0.084501	0	20	20
0.0047685	0.00121307	1096.44	2.33757	2.49187e-09	58.5939	86.1527	9.39411	1.61661	615	0	0.0841636	0	20	20
0.00477496	0.00120889	1093.52	2.14445	2.14477e-09	56.5786	84.0255	9.35599	1.61661	615	0	0.0838405	0	20	20
0.00478133	0.00120485	1090.72	1.96717	1.84602e-09	54.6326	81.9509	9.31865	1.61661	615	0	0.0835292	0	20	20
0.00478763	0.00120094	1088.03	1.80443	1.58888e-09	52.7536	79.9276	9.28194	1.61661	615	0	0.0832309	0	20	20
0.00479386	0.00119714	1085.45	1.65508	1.36757e-09	50.9391	77.9542	9.24577	1.61661	615	0	0.0829459	0	20	20
0.00480002	0.00119347	1082.96	1.51801	1.17707e-09	49.1871	76.0295	9.21023	1.61661	615	0	0.0826728	0	20	20
0.00480609	0.00118991	1080.58	1.39223	1.01312e-09	47.4953	74.1523	9.17538	1.61661	615	0	0.0824102	0	20	20
0.0048121	0.00118647	1078.29	1.27682	8.71998e-10	45.8617	72.3215	9.14105	1.61661	615	0	0.0821596	0	20	20
0.00481805	0.00118312	1076.08	1.17093	7.50536e-10	44.2843	70.5358	9.10723	1.61661	615	0	0.0819206	0	20	20
0.00482391	0.00117989	1073.97	1.07379	6.45992e-10	42.7612	68.7943	9.07407	1.61661	615	0	0.081691	0	20	20
0.0048297	0.00117675	1071.94	0.984679	5.56011e-10	41.2904	67.0958	9.04146	1.61661	615	0	0.0814715	0	20	20
0.00483544	0.00117371	1069.98	0.902934	4.78563e-10	39.8703	65.4392	9.00933	1.61661	615	0	0.0812624	0	20	20
0.00484111	0.00117076	1068.11	0.827954	4.11903e-10	38.499	63.8235	8.97769	1.61661	615	0	0.0810632	0	20	20
0.0048467	0.0011679	1066.31	0.759182	3.54528e-10	37.1748	62.2477	8.94669	1.61661	615	0	0.0808714	0	20	20
0.00485222	0.00116513	1064.58	0.696106	3.05145e-10	35.8962	60.7108	8.91615	1.61661	615	0	0.080689	0	20	20
0.00485769	0.00116244	1062.92	0.638258	2.62641e-10	34.6616	59.2118	8.88606	1.61661	615	0	0.0805154	0	20	20
0.0048631	0.00115983	1061.32	0.585207	2.26057e-10	33.4694	57.7499	8.85645	1.61661	615	0	0.0803501	0	20	20
0.00486843	0.0011573	1059.79	0.536555	1.94569e-10	32.3182	56.324	8.82739	1.61661	615	0	0.0801913	0	20	20
0.00487371	0.00115484	1058.32	0.491941	1.67467e-10	31.2066	54.9334	8.79877	1.61661	615	0	0.0800404	0	20	20
0.00487893	0.00115246	1056.91	0.45103	1.4414e-10	30.1333	53.5771	8.77057	1.61661	615	0	0.0798971	0	20	20
0.00488409	0.00115015	1055.56	0.413515	1.24063e-10	29.0969	52.2542	8.7428	1.61661	615	0	0.0797608	0	20	20
0.00488917	0.0011479	1054.26	0.379116	1.06782e-10	28.0961	50.9641	8.71555	1.61661	615	0	0.0796299	0	20	20
0.0048942	0.00114572	1053.02	0.347575	9.1908e-11	27.1298	49.7058	8.6887	1.61661	615	0	0.0795057	0	20	20
0.00489918	0.00114361	1051.82	0.318655	7.91059e-11	26.1966	48.4785	8.66224	1.61661	615	0	0.0793879	0	20	20
0.0049041	0.00114155	1050.68	0.292138	6.80871e-11	25.2956	47.2816	8.63617	1.61661	615	0	0.0792762	0	20	20
0.00490896	0.00113956	1049.58	0.267826	5.86031e-11	24.4256	46.1142	8.61057	1.61661	615	0	0.079169	0	20	20
0.00491376	0.00113763	1048.53	0.245535	5.04402e-11	23.5855	44.9756	8.58536	1.61661	615	0	0.0790672	0	20	20
0.00491851	0.00113575	1047.52	0.225098	4.34142e-11	22.7743	43.8652	8.56052	1.61661	615	0	0.0789708	0	20	20
0.00492321	0.00113392	1046.55	0.20636	3.7367e-11	21.991	42.7821	8.53603	1.61661	615	0	0.0788795	0	20	20
0.00492785	0.00113215	1045.63	0.189181	3.21621e-11	21.2346	41.7259	8.51193	1.61661	615	0	0.0787926	0	20	20
0.00493243	0.00113042	1044.74	0.173431	2.76821e-11	20.5042	40.6956	8.48824	1.61661	615	0	0.0787096	0	20	20
0.00493696	0.00112875	1043.89	0.158992	2.38262e-11	19.799	39.6909	8.46488	1.61661	615	0	0.0786311	0	20	20
0.00494145	0.00112712	1043.08	0.145754	2.05074e-11	19.118	38.7109	8.44185	1.61661	615	0	0.0785568	0	20	20
0.00494588	0.00112554	1042.3	0.133617	1.76509e-11	18.4605	37.7551	8.41916	1.61661	615	0	0.0784866	0	20	20
0.00495026	0.001124	1041.56	0.122491	1.51923e-11	17.8255	36.8229	8.39682	1.61661	615	0	0.0784197	0	20	20
0.00495459	0.00112251	1040.85	0.112291	1.30761e-11	17.2124	35.9138	8.37483	1.61661	615	0	0.0783561	0	20	20
0.00495888	0.00112105	1040.17	0.10294	1.12547e-11	16.6204	35.0271	8.35315	1.61661	615	0	0.0782959	0	20	20
0.00496311	0.00111964	1039.52	0.0943671	9.68703e-12	16.0488	34.1622	8.33177	1.61661	615	0	0.0782392	0	20	20
0.00496731	0.00111826	1038.9	0.0865081	8.3377e-12	15.4968	33.3188	8.31069	1.61661	615	0	0.0781857	0	20	20
0.00497145	0.00111693	1038.31	0.0793034	7.17633e-12	14.9638	32.4961	8.28991	1.61661	615	0	0.0781349	0	20	20
0.00497555	0.00111563	1037.75	0.0726986	6.17672e-12	14.4491	31.6938	8.26946	1.61661	615	0	0.0780865	0	20	20
0.0049796	0.00111436	1037.21	0.0666437	5.31635e-12	13.9521	30.9113	8.24928	1.61661	615	0	0.0780409	0	20	20
0.00498361	0.00111313	1036.7	0.061093	4.57583e-12	13.4722	30.1481	8.22938	1.61661	615	0	0.077998	0	20	20
0.00498758	0.00111193	1036.21	0.0560045	3.93845e-12	13.0089	29.4037	8.20974	1.61661	615	0	0.0779576	0	20	20
0.00499151	0.00111076	1035.75	0.0513398	3.38986e-12	12.5614	28.6777	8.19037	1.61661	615	0	0.0779197	0	20	20
0.0049954	0.00110963	1035.31	0.0470635	2.91768e-12	12.1294	27.9697	8.17128	1.61661	615	0	0.0778834	0	20	20
0.00499924	0.00110852	1034.89	0.0431433	2.51127e-12	11.7122	27.2791	8.15245	1.61661	615	0	0.0778493	0	20	20
0.00500304	0.00110744	1034.49	0.0395496	2.16147e-12	11.3094	26.6056	8.13387	1.61661	615	0	0.0778173	0	20	20
0.00500681	0.00110639	1034.11	0.0362552	1.86039e-12	10.9204	25.9487	8.11552	1.61661	615	0	0.0777873	0	20	20
0.00501054	0.00110537	1033.75	0.0332352	1.60125e-12	10.5448	25.308	8.0974	1.61661	615	0	0.0777592	0	20	20
0.00501424	0.00110437	1033.41	0.0304668	1.37821e-12	10.1821	24.6832	8.07952	1.61661	615	0	0.0777329	0	20	20
0.00501789	0.0011034	1033.09	0.0279289	1.18624e-12	9.83189	24.0737	8.06188	1.61661	615	0	0.0777079	0	20	20
0.00502151	0.00110245	1032.79	0.0256024	1.02101e-12	9.49373	23.4793	8.04447	1.61661	615	0	0.0776844	0	20	20
0.00502509	0.00110153	1032.5	0.0234697	8.78787e-13	9.16719	22.8996	8.02727	1.61661	615	0	0.0776626	0	20	20
0.00502864	0.00110063	1032.23	0.0215146	7.56379e-13	8.85189	22.3342	8.01027	1.61661	615	0	0.0776422	0	20	20
0.00503216	0.00109975	1031.97	0.0197224	6.51022e-13	8.54743	21.7828	7.99348	1.61661	615	0	0.0776233	0	20	20
0.00503565	0.00109889	1031.73	0.0180794	5.60339e-13	8.25345	21.245	7.97689	1.61661	615	0	0.0776057	0	20	20
0.00503911	0.00109805	1031.5	0.0165733	4.82289e-13	7.96957	20.7204	7.96049	1.61661	615	0	0.0775895	0	20	20
0.00504253	0.00109723	1031.29	0.0151927	4.1511e-13	7.69546	20.2089	7.9443	1.61661	615	0	0.0775741	0	20	20
0.00504592	0.00109643	1031.09	0.0139271	3.57288e-13	7.43078	19.7099	7.9283	1.61661	615	0	0.0775599	0	20	20
0.00504928	0.00109565	1030.9	0.0127669	3.07521e-13	7.1752	19.2233	7.91248	1.61661	615	0	0.0775468	0	20	20
0.00505261	0.00109489	1030.73	0.0117033	2.64686e-13	6.92842	18.7486	7.89683	1.61661	615	0	0.0775348	0	20	20
0.00505591	0.00109414	1030.56	0.0107284	2.27817e-13	6.69012	18.2857	7.88135	1.61661	615	0	0.0775238	0	20	20
0.00505919	0.00109342	1030.41	0.00983465	1.96084e-13	6.46001	17.8343	7.86605	1.61661	615	0	0.0775139	0	20	20
0.00506244	0.0010927	1030.27	0.00901536	1.68771e-13	6.23782	17.3939	7.8509	1.61661	615	0	0.0775048	0	20	20
0.00506567	0.00109201	1030.14	0.00826432	1.45263e-13	6.02327	16.9645	7.83592	1.61661	615	0	0.0774967	0	20	20
0.00506886	0.00109132	1030.02	0.00757585	1.25029e-13	5.81611	16.5456	7.8211	1.61661	615	0	0.0774891	0	20	20
0.00507204	0.00109066	1029.92	0.00694473	1.07613e-13	5.61606	16.1371	7.80644	1.61661	615	0	0.0774824	0	20	20
0.00507518	0.00109	1029.81	0.00636619	9.26235e-14	5.4229	15.7387	7.79193	1.61661	615	0	0.0774765	0	20	20
0.00507831	0.00108936	1029.72	0.00583584	7.97218e-14	5.23638	15.3501	7.77756	1.61661	615	0	0.0774713	0	20	20
0.00508141	0.00108874	1029.64	0.00534967	6.86172e-14	5.05628	14.9711	7.76333	1.61661	615	0	0.0774668	0	20	20
0.00508449	0.00108812	1029.57	0.004904	5.90593e-14	4.88237	14.6015	7.74923	1.61661	615	0	0.0774631	0	20	20
0.00508754	0.00108752	1029.5	0.00449546	5.08329e-14	4.71444	14.2409	7.73528	1.61661	615	0	0.07746	0	20	20
0.00509058	0.00108693	1029.44	0.00412095	4.37522e-14	4.55229	13.8893	7.72145	1.61661	615	0	0.0774575	0	20	20
0.00509359	0.00108635	1029.39	0.00377764	3.76579e-14	4.39572	13.5464	7.70775	1.61661	615	0	0.0774556	0	20	20
0.00509658	0.00108578	1029.35	0.00346294	3.24125e-14	4.24453	13.2119	7.69419	1.61661	615	0	0.0774541	0	20	20
0.00509955	0.00108522	1029.31	0.00317445	2.78977e-14	4.09854	12.8857	7.68075	1.61661	615	0	0.0774532	0	20	20
0.00510251	0.00108468	1029.28	0.00290999	2.40117e-14	3.95757	12.5676	7.66743	1.61661	615	0	0.0774528	0	20	20
0.00510544	0.00108414	1029.25	0.00266756	2.06671e-14	3.82145	12.2573	7.65422	1.61661	615	0	0.0774529	0	20	20
0.00510835	0.00108361	1029.24	0.00244533	1.77883e-14	3.69002	11.9547	7.64113	1.61661	615	0	0.0774535	0	20	20
0.00511125	0.00108309	1029.22	0.00224161	1.53106e-14	3.5631	11.6595	7.62815	1.61661	615	0	0.0774546	0	20	20
0.00511413	0.00108258	1029.22	0.00205487	1.31779e-14	3.44055	11.3716	7.61527	1.61661	615	0	0.0774561	0	20	20
0.00511699	0.00108208	1029.21	0.00188368	1.13423e-14	3.32221	11.0909	7.6025	1.61661	615	0	0.077458	0	20	20
0.00511983	0.00108159	1029.22	0.00172675	9.76244e-15	3.20795	10.817	7.58984	1.61661	615	0	0.0774604	0	20	20
0.00512266	0.0010811	1029.22	0.0015829	8.40261e-15	3.09761	10.5499	7.57727	1.61661	615	0	0.0774631	0	20	20
0.00512547	0.00108062	1029.24	0.00145103	7.2322e-15	2.99107	10.2895	7.56481	1.61661	615	0	0.0774661	0	20	20
0.00512827	0.00108015	1029.25	0.00133015	6.22481e-15	2.88819	10.0354	7.55244	1.61661	615	0	0.0774695	0	20	20
0.00513105	0.00107969	1029.27	0.00121933	5.35774e-15	2.78886	9.78765	7.54017	1.61661	615	0	0.0774732	0	20	20
0.00513382	0.00107923	1029.3	0.00111775	4.61145e-15	2.69293	9.54599	7.52799	1.61661	615	0	0.0774772	0	20	20
0.00513657	0.00107878	1029.33	0.00102463	3.96911e-15	2.60031	9.3103	7.5159	1.61661	615	0	0.0774816	0	20	20
0.0051393	0.00107834	1029.36	0.000939274	3.41625e-15	2.51087	9.08042	7.5039	1.61661	615	0	0.0774863	0	20	20
0.00514203	0.0010779	1029.4	0.000861024	2.94039e-15	2.42451	8.85623	7.49198	1.61661	615	0	0.0774912	0	20	20
0.00514474	0.00107747	1029.44	0.000789293	2.53082e-15	2.34112	8.63757	7.48015	1.61661	615	0	0.0774965	0	20	20
0.00514744	0.00107705	1029.48	0.000723538	2.1783e-15	2.2606	8.4243	7.4684	1.61661	615	0	0.077502	0	20	20
0.00515012	0.00107663	1029.53	0.000663261	1.87488e-15	2.18285	8.21631	7.45672	1.61661	615	0	0.0775078	0	20	20
0.00515279	0.00107621	1029.58	0.000608005	1.61372e-15	2.10777	8.01345	7.44513	1.61661	615	0	0.0775138	0	20	20
0.00515545	0.0010758	1029.63	0.000557353	1.38894e-15	2.03528	7.81559	7.43361	1.61661	615	0	0.0775199	0	20	20
0.0051581	0.0010754	1029.68	0.00051092	1.19547e-15	1.96527	7.62263	7.42218	1.61661	615	0	0.0775263	0	20	20
0.00516073	0.001075	1029.74	0.000468356	1.02895e-15	1.89768	7.43442	7.41081	1.61661	615	0	0.0775329	0	20	20
0.00516336	0.0010746	1029.8	0.000429338	8.85629e-16	1.83241	7.25087	7.39952	1.61661	615	0	0.0775397	0	20	20
0.00516597	0.00107421	1029.86	0.00039357	7.62268e-16	1.76938	7.07184	7.3883	1.61661	615	0	0.0775467	0	20	20
0.00516857	0.00107382	1029.92	0.000360782	6.5609e-16	1.70853	6.89724	7.37714	1.61661	615	0	0.0775538	0	20	20
0.00517117	0.00107344	1029.99	0.000330726	5.64702e-16	1.64976	6.72694	7.36605	1.61661	615	0	0.0775612	0	20	20
0.00517375	0.00107306	1030.06	0.000303173	4.86043e-16	1.59302	6.56085	7.35503	1.61661	615	0	0.0775687	0	20	20
0.00517632	0.00107268	1030.13	0.000277916	4.18342e-16	1.53823	6.39887	7.34408	1.61661	615	0	0.0775763	0	20	20
0.00517888	0.00107231	1030.2	0.000254763	3.6007e-16	1.48532	6.24088	7.33319	1.61661	615	0	0.0775842	0	20	20
0.00518143	0.00107195	1030.27	0.000233539	3.09915e-16	1.43423	6.08679	7.32236	1.61661	615	0	0.0775921	0	20	20
0.00518397	0.00107158	1030.35	0.000214083	2.66746e-16	1.3849	5.93651	7.31159	1.61661	615	0	0.0776002	0	20	20
0.00518651	0.00107122	1030.42	0.000196248	2.29591e-16	1.33727	5.78993	7.30088	1.61661	615	0	0.0776084	0	20	20
0.00518903	0.00107086	1030.5	0.000179899	1.97611e-16	1.29128	5.64698	7.29023	1.61661	615	0	0.0776166	0	20	20
0.00519155	0.00107051	1030.58	0.000164912	1.70085e-16	1.24686	5.50756	7.27964	1.61661	615	0	0.077625	0	20	20
0.00519405	0.00107015	1030.66	0.000151173	1.46393e-16	1.20398	5.37157	7.26911	1.61661	615	0	0.0776335	0	20	20
0.00519655	0.0010698	1030.74	0.000138579	1.26002e-16	1.16257	5.23895	7.25864	1.61661	615	0	0.077642	0	20	20
0.00519904	0.00106946	1030.82	0.000127034	1.08451e-16	1.12258	5.1096	7.24822	1.61661	615	0	0.0776507	0	20	20
0.00520152	0.00106911	1030.91	0.000116451	9.33446e-17	1.08397	4.98344	7.23785	1.61661	615	0	0.0776594	0	20	20
0.00520399	0.00106877	1030.99	0.00010675	8.03424e-17	1.04669	4.8604	7.22753	1.61661	615	0	0.0776682	0	20	20
0.00520646	0.00106843	1031.08	9.78563e-05	6.91514e-17	1.01069	4.7404	7.21727	1.61661	615	0	0.0776771	0	20	20
0.00520892	0.0010681	1031.16	8.9704e-05	5.95191e-17	0.975926	4.62336	7.20706	1.61661	615	0	0.0776861	0	20	20
0.00521137	0.00106776	1031.25	8.22308e-05	5.12286e-17	0.942359	4.50921	7.1969	1.61661	615	0	0.077695	0	20	20
0.00521381	0.00106743	1031.34	7.53802e-05	4.40929e-17	0.909947	4.39787	7.18679	1.61661	615	0	0.0777041	0	20	20
0.00521624	0.0010671	1031.43	6.91004e-05	3.79511e-17	0.87865	4.28929	7.17673	1.61661	615	0	0.0777132	0	20	20
0.00521867	0.00106677	1031.51	6.33437e-05	3.26648e-17	0.848429	4.18339	7.16671	1.61661	615	0	0.0777223	0	20	20
0.00522109	0.00106645	1031.6	5.80666e-05	2.81149e-17	0.819248	4.0801	7.15675	1.61661	615	0	0.0777314	0	20	20
0.00522351	0.00106612	1031.69	5.32291e-05	2.41987e-17	0.79107	3.97936	7.14683	1.61661	615	0	0.0777406	0	20	20
0.00522592	0.0010658	1031.79	4.87946e-05	2.0828e-17	0.763861	3.88111	7.13696	1.61661	615	0	0.0777497	0	20	20
0.00522832	0.00106548	1031.88	4.47296e-05	1.79268e-17	0.737589	3.78528	7.12713	1.61661	615	0	0.0777589	0	20	20
0.00523071	0.00106516	1031.97	4.10032e-05	1.54298e-17	0.71222	3.69182	7.11735	1.61661	615	0	0.0777681	0	20	20
0.0052331	0.00106484	1032.06	3.75873e-05	1.32805e-17	0.687723	3.60067	7.10761	1.61661	615	0	0.0777773	0	20	20
0.00523548	0.00106453	1032.15	3.44559e-05	1.14306e-17	0.664069	3.51177	7.09792	1.61661	615	0	0.0777865	0	20	20
0.00523785	0.00106421	1032.24	3.15854e-05	9.83845e-18	0.641229	3.42507	7.08827	1.61661	615	0	0.0777957	0	20	20
0.00524022	0.0010639	1032.34	2.89541e-05	8.46803e-18	0.619174	3.3405	7.07866	1.61661	615	0	0.0778048	0	20	20
0.00524259	0.00106359	1032.43	2.65419e-05	7.2885e-18	0.597878	3.25802	7.06909	1.61661	615	0	0.077814	0	20	20
0.00524494	0.00106328	1032.52	2.43307e-05	6.27327e-18	0.577314	3.17758	7.05957	1.61661	615	0	0.0778231	0	20	20
0.00524729	0.00106297	1032.61	2.23038e-05	5.39946e-18	0.557458	3.09913	7.05008	1.61661	615	0	0.0778322	0	20	20
0.00524964	0.00106266	1032.71	2.04457e-05	4.64735e-18	0.538284	3.02261	7.04064	1.61661	615	0	0.0778413	0	20	20
0.00525198	0.00106236	1032.8	1.87423e-05	4.00001e-18	0.51977	2.94798	7.03124	1.61661	615	0	0.0778503	0	20	20
0.00525431	0.00106205	1032.89	1.71809e-05	3.44284e-18	0.501893	2.8752	7.02187	1.61661	615	0	0.0778593	0	20	20
0.00525664	0.00106175	1032.99	1.57496e-05	2.96328e-18	0.48463	2.80421	7.01255	1.61661	615	0	0.0778683	0	20	20
0.00525896	0.00106145	1033.08	1.44375e-05	2.55052e-18	0.467962	2.73497	7.00326	1.61661	615	0	0.0778772	0	20	20
0.00526128	0.00106115	1033.17	1.32347e-05	2.19525e-18	0.451866	2.66744	6.99402	1.61661	615	0	0.077886	0	20	20
0.00526359	0.00106085	1033.27	1.21322e-05	1.88947e-18	0.436325	2.60159	6.98481	1.61661	615	0	0.0778948	0	20	20
0.00526589	0.00106055	1033.36	1.11214e-05	1.62628e-18	0.421317	2.53735	6.97564	1.61661	615	0	0.0779035	0	20	20
0.00526819	0.00106025	1033.45	1.01949e-05	1.39976e-18	0.406826	2.4747	6.9665	1.61661	615	0	0.0779122	0	20	20
0.00527049	0.00105995	1033.55	9.3456e-06	1.20478e-18	0.392834	2.4136	6.95741	1.61661	615	0	0.0779208	0	20	20
0.00527278	0.00105966	1033.64	8.56702e-06	1.03696e-18	0.379322	2.35401	6.94835	1.61661	615	0	0.0779293	0	20	20
0.00527506	0.00105936	1033.73	7.85331e-06	8.92524e-19	0.366276	2.29589	6.93932	1.61661	615	0	0.0779377	0	20	20
0.00527734	0.00105907	1033.82	7.19906e-06	7.68203e-19	0.353678	2.2392	6.93034	1.61661	615	0	0.0779461	0	20	20
0.00527962	0.00105877	1033.92	6.59931e-06	6.61198e-19	0.341513	2.18392	6.92138	1.61661	615	0	0.0779544	0	20	20
0.00528189	0.00105848	1034.01	6.04953e-06	5.69098e-19	0.329767	2.13	6.91247	1.61661	615	0	0.0779626	0	20	20
0.00528415	0.00105819	1034.1	5.54555e-06	4.89828e-19	0.318425	2.07741	6.90358	1.61661	615	0	0.0779707	0	20	20
0.00528641	0.0010579	1034.19	5.08355e-06	4.21598e-19	0.307473	2.02612	6.89474	1.61661	615	0	0.0779787	0	20	20
0.00528866	0.00105761	1034.28	4.66005e-06	3.62873e-19	0.296897	1.97609	6.88592	1.61661	615	0	0.0779866	0	20	20
0.00529091	0.00105732	1034.37	4.27182e-06	3.12328e-19	0.286686	1.9273	6.87714	1.61661	615	0	0.0779944	0	20	20
0.00529316	0.00105703	1034.47	3.91594e-06	2.68823e-19	0.276825	1.87972	6.8684	1.61661	615	0	0.0780022	0	20	20
0.0052954	0.00105674	1034.56	3.58971e-06	2.31378e-19	0.267304	1.83331	6.85969	1.61661	615	0	0.0780098	0	20	20
0.00529763	0.00105646	1034.65	3.29065e-06	1.99149e-19	0.25811	1.78804	6.85101	1.61661	615	0	0.0780173	0	20	20
0.00529986	0.00105617	1034.74	3.01651e-06	1.71409e-19	0.249233	1.74389	6.84236	1.61661	615	0	0.0780246	0	20	20
0.00530209	0.00105588	1034.83	2.76521e-06	1.47533e-19	0.24066	1.70084	6.83375	1.61661	615	0	0.0780319	0	20	20
0.00530431	0.0010556	1034.92	2.53484e-06	1.26983e-19	0.232383	1.65884	6.82517	1.61661	615	0	0.0780391	0	20	20
0.00530652	0.00105531	1035	2.32366e-06	1.09295e-19	0.22439	1.61789	6.81663	1.61661	615	0	0.0780461	0	20	20
