0.00890634	
0.00473166	
0.00344161	
0.00277837	
0.00232341	
0.00197538	
0.00181698	
0.00160734	
0.00141507	
0.00129799	
0.0012372	
0.0012431	
0.001316	
0.00144043	
0.00161352	
0.00182815	
0.00212279	
0.0024861	
0.00293413	
0.00352185	
0.00426541	
0.00520806	
0.00637098	
0.00779058	
0.00946763	
0.0113784	
0.0134926	
0.0157979	
0.0182687	
0.020887	
0.0245269	
0.0284904	
0.0326209	
0.0367782	
0.0407646	
0.044412	
0.0475464	
0.0500778	
0.0519755	
0.0532701	
0.0540255	
0.0543559	
0.0543433	
0.0540819	
0.0536456	
0.0530912	
0.0524657	
0.0517975	
0.0511147	
0.0504292	
0.0497516	
0.049089	
0.0484429	
0.0478155	
0.047207	
0.0466154	
0.0460397	
0.0454787	
0.0449298	
0.0443916	
0.0438625	
0.0433408	
0.0428249	
0.0423136	
0.041806	
0.0413008	
0.0407973	
0.0402948	
0.0397928	
0.0392906	
0.038788	
0.0382847	
0.0377807	
