0.00866132	0.000693393	1101	184.5	76.5	0	0	1.56764	1.61661	615	0	0.149314	0	20	20
0.00886365	0.000730402	1183.99	183.452	76.4694	61.4533	20.7095	1.46272	1.61661	615	0	-0.569242	0	20	20
0.00903014	0.000816553	1346.25	182.397	76.4339	180.051	61.0784	1.3833	1.61661	615	0	-1.73483	0	20	20
0.00904497	0.000908859	1501.86	181.333	76.3927	294.393	100.391	1.37651	1.61661	615	0	-2.57004	0	20	20
0.00899061	0.00100301	1650.8	180.263	76.3448	404.596	138.663	1.40163	1.61661	615	0	-3.1823	0	20	20
0.00890294	0.00109729	1793.59	179.185	76.2893	510.777	175.911	1.44345	1.61661	615	0	-3.64198	0	20	20
0.00879813	0.00119106	1930.81	178.1	76.2249	613.049	212.153	1.49565	1.61661	615	0	-3.99451	0	20	20
0.00868424	0.00128405	2062.91	177.008	76.1502	711.527	247.407	1.55527	1.61661	615	0	-4.26943	0	20	20
0.0085656	0.00137609	2190.23	175.908	76.0636	806.327	281.691	1.62079	1.61661	615	0	-4.48639	0	20	20
0.00844472	0.00146709	2312.99	174.802	75.9633	897.562	315.027	1.69139	1.61661	615	0	-4.65903	0	20	20
0.00832312	0.00155696	2431.4	173.69	75.847	985.351	347.434	1.76662	1.61661	615	0	-4.79705	0	20	20
0.00820173	0.00164567	2545.61	172.57	75.7124	1069.81	378.936	1.84622	1.61661	615	0	-4.90746	0	20	20
0.00808113	0.00173318	2655.76	171.444	75.5566	1151.06	409.558	1.93012	1.61661	615	0	-4.99547	0	20	20
0.00796169	0.00181947	2762	170.312	75.3764	1229.22	439.324	2.0183	1.61661	615	0	-5.06504	0	20	20
0.0078436	0.00190456	2864.49	169.174	75.1681	1304.43	468.264	2.11083	1.61661	615	0	-5.11924	0	20	20
0.00772698	0.00198847	2963.36	168.03	74.9275	1376.8	496.408	2.20785	1.61661	615	0	-5.16049	0	20	20
0.00761187	0.00207124	3058.77	166.88	74.6499	1446.48	523.787	2.30954	1.61661	615	0	-5.19073	0	20	20
0.00749825	0.00215292	3150.9	165.724	74.33	1513.61	550.437	2.41613	1.61661	615	0	-5.21151	0	20	20
0.00738606	0.00223358	3239.91	164.563	73.9617	1578.33	576.395	2.52791	1.61661	615	0	-5.22412	0	20	20
0.00727523	0.00231332	3325.98	163.396	73.5383	1640.79	601.701	2.64521	1.61661	615	0	-5.22965	0	20	20
0.00716564	0.00239223	3409.3	162.224	73.0526	1701.15	626.397	2.76844	1.61661	615	0	-5.22898	0	20	20
0.00705717	0.00247042	3490.06	161.047	72.4961	1759.56	650.528	2.89807	1.61661	615	0	-5.2229	0	20	20
0.00694968	0.00254803	3568.45	159.866	71.8602	1816.19	674.139	3.03462	1.61661	615	0	-5.21206	0	20	20
0.00684303	0.0026252	3644.69	158.679	71.1353	1871.19	697.277	3.17873	1.61661	615	0	-5.19704	0	20	20
0.00673707	0.00270206	3718.96	157.488	70.3111	1924.74	719.991	3.3311	1.61661	615	0	-5.17834	0	20	20
0.00663164	0.00277877	3791.45	156.293	69.3773	1976.98	742.326	3.49251	1.61661	615	0	-5.15639	0	20	20
0.0065266	0.00285546	3862.35	155.094	68.323	2028.07	764.326	3.66385	1.61661	615	0	-5.13155	0	20	20
0.0064212	0.00293248	3931.82	153.891	67.1377	2078.13	786.03	3.84726	1.61661	615	0	-5.10514	0	20	20
0.0063136	0.00301051	3999.97	152.684	65.8111	2127.27	807.471	4.04734	1.61661	615	0	-5.08006	0	20	20
0.00620473	0.00308936	4066.91	151.473	64.3342	2175.57	828.671	4.26413	1.61661	615	0	-5.05484	0	20	20
0.00609493	0.00316899	4132.66	150.26	62.6995	2223.08	849.64	4.49878	1.61661	615	0	-5.02904	0	20	20
0.00598375	0.00324957	4197.23	149.043	60.9015	2269.78	870.373	4.75422	1.61661	615	0	-5.00345	0	20	20
0.00587197	0.00333082	4260.51	147.823	58.9379	2315.63	890.846	5.03092	1.61661	615	0	-4.97701	0	20	20
0.0057598	0.00341257	4322.34	146.601	56.8097	2360.48	911.014	5.33063	1.61661	615	0	-4.94966	0	20	20
0.0056475	0.00349457	4382.48	145.376	54.5225	2404.17	930.81	5.65499	1.61661	615	0	-4.92126	0	20	20
0.00553535	0.0035765	4440.59	144.148	52.086	2446.43	950.144	6.00573	1.61661	615	0	-4.89178	0	20	20
0.00542383	0.00365789	4496.25	142.919	49.5151	2486.95	968.904	6.38383	1.61661	615	0	-4.86091	0	20	20
0.00531351	0.00373817	4549	141.687	46.8297	2525.36	986.96	6.78978	1.61661	615	0	-4.82836	0	20	20
0.00520495	0.00381669	4598.29	140.454	44.0538	2561.26	1004.17	7.22355	1.61661	615	0	-4.79382	0	20	20
0.00509877	0.00389275	4643.58	139.22	41.2153	2594.21	1020.37	7.68429	1.61661	615	0	-4.75701	0	20	20
0.0049956	0.00396562	4684.3	137.984	38.3448	2623.79	1035.41	8.17028	1.61661	615	0	-4.71763	0	20	20
0.00489605	0.00403455	4719.95	136.748	35.4743	2649.59	1049.15	8.67887	1.61661	615	0	-4.67542	0	20	20
0.00480063	0.00409888	4750.05	135.51	32.6358	2671.25	1061.45	9.20675	1.61661	615	0	-4.63024	0	20	20
0.00470985	0.00415796	4774.23	134.272	29.8599	2688.48	1072.19	9.74944	1.61661	615	0	-4.58188	0	20	20
0.00462417	0.00421125	4792.22	133.033	27.1745	2701.07	1081.3	10.3015	1.61661	615	0	-4.53018	0	20	20
0.00454389	0.00425832	4803.88	131.795	24.6037	2708.89	1088.72	10.8572	1.61661	615	0	-4.47509	0	20	20
0.00446922	0.00429891	4809.16	130.556	22.1672	2711.93	1094.42	11.4105	1.61661	615	0	-4.41662	0	20	20
0.00440024	0.00433286	4808.15	129.318	19.8799	2710.23	1098.42	11.9556	1.61661	615	0	-4.35486	0	20	20
0.00433695	0.00436014	4801.04	128.08	17.7517	2703.94	1100.74	12.4867	1.61661	615	0	-4.28992	0	20	20
0.00427912	0.00438094	4788.1	126.843	15.7881	2693.27	1101.45	12.9998	1.61661	615	0	-4.22219	0	20	20
0.00422669	0.00439539	4769.67	125.607	13.9901	2678.48	1100.62	13.4896	1.61661	615	0	-4.15171	0	20	20
0.00417944	0.00440377	4746.15	124.372	12.3554	2659.88	1098.35	13.9523	1.61661	615	0	-4.07868	0	20	20
0.00413714	0.0044064	4717.96	123.138	10.8785	2637.8	1094.74	14.3846	1.61661	615	0	-4.00333	0	20	20
0.00409909	0.00440387	4685.56	121.906	9.55195	2612.58	1089.9	14.789	1.61661	615	0	-3.92645	0	20	20
0.00406532	0.00439639	4649.37	120.676	8.36659	2584.55	1083.93	15.1606	1.61661	615	0	-3.84779	0	20	20
0.00403543	0.00438443	4609.83	119.447	7.31231	2554.05	1076.95	15.4999	1.61661	615	0	-3.76775	0	20	20
0.00400883	0.00436854	4567.36	118.221	6.37848	2521.4	1069.05	15.8105	1.61661	615	0	-3.68691	0	20	20
0.00398561	0.00434892	4522.33	116.997	5.55436	2486.89	1060.34	16.0886	1.61661	615	0	-3.60502	0	20	20
0.00396495	0.00432619	4475.1	115.776	4.8294	2450.8	1050.91	16.3413	1.61661	615	0	-3.52293	0	20	20
0.00394663	0.0043007	4426	114.558	4.19349	2413.38	1040.84	16.5699	1.61661	615	0	-3.43754	0	20	20
0.00392997	0.00427299	4375.33	113.343	3.63707	2374.85	1030.21	16.7815	1.61661	615	0	-3.34982	0	20	20
0.00391513	0.00424316	4323.36	112.131	3.15127	2335.42	1019.08	16.9732	1.61661	615	0	-3.26002	0	20	20
0.00390159	0.00421164	4270.32	110.922	2.72794	2295.26	1007.52	17.1504	1.61661	615	0	-3.16914	0	20	20
0.00388952	0.00417848	4216.42	109.717	2.35965	2254.53	995.593	17.3106	1.61661	615	0	-3.07731	0	20	20
0.00387846	0.00414405	4161.84	108.516	2.03971	2213.38	983.337	17.459	1.61661	615	0	-2.98537	0	20	20
0.00386864	0.00410834	4106.75	107.319	1.76213	2171.92	970.8	17.5924	1.61661	615	0	-2.89331	0	20	20
0.00385957	0.00407171	4051.28	106.126	1.52155	2130.25	958.02	17.7167	1.61661	615	0	-2.80188	0	20	20
0.00385159	0.00403407	3995.56	104.938	1.31324	2088.48	945.034	17.8271	1.61661	615	0	-2.7109	0	20	20
0.00384415	0.00399579	3939.7	103.754	1.13301	2046.67	931.872	17.9308	1.61661	615	0	-2.62111	0	20	20
0.00383769	0.00395669	3883.79	102.575	0.977206	2004.91	918.561	18.0215	1.61661	615	0	-2.53218	0	20	20
0.00383163	0.00391716	3827.92	101.4	0.842585	1963.24	905.126	18.1072	1.61661	615	0	-2.44482	0	20	20
0.00382642	0.00387701	3772.15	100.231	0.726331	1921.73	891.589	18.1812	1.61661	615	0	-2.35865	0	20	20
0.0038216	0.00383652	3716.55	99.0675	0.625985	1880.42	877.969	18.2501	1.61661	615	0	-2.27422	0	20	20
0.00381749	0.00379559	3661.17	97.9092	0.539403	1839.34	864.286	18.3091	1.61661	615	0	-2.19127	0	20	20
0.00381377	0.0037544	3606.07	96.7564	0.464724	1798.54	850.555	18.3627	1.61661	615	0	-2.11015	0	20	20
0.00381064	0.00371291	3551.28	95.6094	0.400329	1758.04	836.79	18.4079	1.61661	615	0	-2.03072	0	20	20
0.00380794	0.00367122	3496.85	94.4683	0.344818	1717.88	823.006	18.4471	1.61661	615	0	-1.95316	0	20	20
0.00380573	0.00362934	3442.82	93.3333	0.296973	1678.07	809.215	18.4793	1.61661	615	0	-1.87742	0	20	20
0.00380398	0.00358732	3389.21	92.2046	0.255745	1638.64	795.429	18.5048	1.61661	615	0	-1.80357	0	20	20
0.00380264	0.00354521	3336.06	91.0822	0.220224	1599.61	781.659	18.5244	1.61661	615	0	-1.73164	0	20	20
0.00380179	0.00350299	3283.4	89.9663	0.189625	1560.99	767.915	18.5368	1.61661	615	0	-1.66158	0	20	20
0.0038013	0.00346077	3231.24	88.8571	0.163268	1522.81	754.207	18.544	1.61661	615	0	-1.5935	0	20	20
0.00380133	0.00341848	3179.61	87.7547	0.140567	1485.07	740.543	18.5435	1.61661	615	0	-1.52726	0	20	20
0.00380167	0.00337625	3128.53	86.6592	0.121018	1447.79	726.933	18.5386	1.61661	615	0	-1.46301	0	20	20
0.00380256	0.00333399	3078.03	85.5707	0.104184	1410.98	713.385	18.5255	1.61661	615	0	-1.40058	0	20	20
0.00380373	0.00329186	3028.12	84.4895	0.0896893	1374.66	699.907	18.5086	1.61661	615	0	-1.34013	0	20	20
0.00380548	0.00324974	2978.81	83.4155	0.0772089	1338.84	686.506	18.483	1.61661	615	0	-1.28146	0	20	20
0.00380747	0.0032078	2930.14	82.3489	0.0664636	1303.52	673.19	18.454	1.61661	615	0	-1.22476	0	20	20
0.00381005	0.00316592	2882.11	81.2898	0.0572127	1268.71	659.966	18.4165	1.61661	615	0	-1.1698	0	20	20
0.0038129	0.00312425	2834.73	80.2383	0.0492485	1234.43	646.84	18.3752	1.61661	615	0	-1.11673	0	20	20
0.00381631	0.0030827	2788.03	79.1945	0.0423924	1200.68	633.819	18.3261	1.61661	615	0	-1.06539	0	20	20
0.00382004	0.00304138	2742.01	78.1585	0.0364903	1167.47	620.909	18.2725	1.61661	615	0	-1.01586	0	20	20
0.00382427	0.00300025	2696.69	77.1305	0.0314096	1134.81	608.116	18.2119	1.61661	615	0	-0.968036	0	20	20
0.00382889	0.00295937	2652.08	76.1104	0.027036	1102.7	595.446	18.1461	1.61661	615	0	-0.921934	0	20	20
0.00383394	0.00291875	2608.19	75.0984	0.0232712	1071.15	582.905	18.0744	1.61661	615	0	-0.8775	0	20	20
0.00383946	0.00287839	2565.04	74.0946	0.0200306	1040.16	570.497	17.9966	1.61661	615	0	-0.834697	0	20	20
0.00384534	0.00283835	2522.62	73.099	0.0172411	1009.75	558.228	17.9141	1.61661	615	0	-0.793531	0	20	20
0.00385176	0.0027986	2480.96	72.1117	0.01484	979.911	546.102	17.8247	1.61661	615	0	-0.753895	0	20	20
0.00385847	0.00275923	2440.05	71.1328	0.0127733	950.653	534.125	17.7318	1.61661	615	0	-0.715858	0	20	20
0.0038657	0.0027202	2399.92	70.1623	0.0109943	921.98	522.301	17.6326	1.61661	615	0	-0.679291	0	20	20
0.00387333	0.00268155	2360.55	69.2003	0.00946308	893.895	510.633	17.5286	1.61661	615	0	-0.6442	0	20	20
0.00388135	0.00264332	2321.97	68.2469	0.00814509	866.401	499.127	17.4202	1.61661	615	0	-0.610553	0	20	20
0.00388984	0.00260549	2284.18	67.302	0.00701065	839.5	487.786	17.3063	1.61661	615	0	-0.57828	0	20	20
0.00389868	0.00256812	2247.18	66.3659	0.0060342	813.195	476.612	17.1889	1.61661	615	0	-0.547389	0	20	20
0.00390791	0.00253122	2210.97	65.4384	0.00519374	787.488	465.611	17.0673	1.61661	615	0	-0.517819	0	20	20
0.00391758	0.00249479	2175.56	64.5196	0.00447034	762.379	454.785	16.9413	1.61661	615	0	-0.48952	0	20	20
0.00392759	0.00245887	2140.96	63.6096	0.00384768	737.869	444.136	16.8121	1.61661	615	0	-0.462479	0	20	20
0.00393792	0.0024235	2107.16	62.7085	0.00331176	713.959	433.668	16.6801	1.61661	615	0	-0.43666	0	20	20
0.00394862	0.00238866	2074.17	61.8161	0.00285047	690.649	423.383	16.5449	1.61661	615	0	-0.412006	0	20	20
0.00395966	0.00235438	2041.99	60.9326	0.00245344	667.939	413.283	16.407	1.61661	615	0	-0.388484	0	20	20
0.00397096	0.00232069	2010.61	60.058	0.0021117	645.826	403.371	16.2672	1.61661	615	0	-0.366071	0	20	20
0.0039825	0.00228763	1980.05	59.1923	0.00181757	624.31	393.648	16.1263	1.61661	615	0	-0.344734	0	20	20
0.00399428	0.0022552	1950.29	58.3356	0.0015644	603.39	384.116	15.984	1.61661	615	0	-0.324424	0	20	20
0.00400626	0.00222341	1921.34	57.4877	0.00134649	583.061	374.776	15.841	1.61661	615	0	-0.305109	0	20	20
0.00401841	0.00219229	1893.18	56.6488	0.00115894	563.323	365.63	15.6977	1.61661	615	0	-0.286756	0	20	20
0.00403067	0.00216187	1865.83	55.8188	0.000997512	544.172	356.678	15.5549	1.61661	615	0	-0.269332	0	20	20
0.00404301	0.00213216	1839.28	54.9977	0.000858568	525.605	347.923	15.413	1.61661	615	0	-0.252805	0	20	20
0.00405535	0.00210318	1813.52	54.1856	0.000738977	507.616	339.363	15.2727	1.61661	615	0	-0.237143	0	20	20
0.00406762	0.00207497	1788.54	53.3824	0.000636045	490.203	330.999	15.1349	1.61661	615	0	-0.222323	0	20	20
0.00407978	0.00204754	1764.35	52.5882	0.000547449	473.36	322.833	15	1.61661	615	0	-0.208306	0	20	20
0.00409177	0.0020209	1740.93	51.8028	0.000471194	457.082	314.863	14.8685	1.61661	615	0	-0.195065	0	20	20
0.00410353	0.00199507	1718.27	51.0264	0.000405561	441.361	307.089	14.741	1.61661	615	0	-0.182566	0	20	20
0.00411506	0.00197004	1696.36	50.2588	0.00034907	426.181	299.507	14.6174	1.61661	615	0	-0.170768	0	20	20
0.00412637	0.00194577	1675.17	49.5001	0.000300448	411.523	292.112	14.4976	1.61661	615	0	-0.15963	0	20	20
0.00413746	0.00192224	1654.68	48.7503	0.000258598	397.368	284.9	14.3813	1.61661	615	0	-0.149111	0	20	20
0.00414834	0.00189943	1634.85	48.0092	0.000222577	383.701	277.866	14.2684	1.61661	615	0	-0.139175	0	20	20
0.00415903	0.00187732	1615.68	47.277	0.000191574	370.504	271.005	14.1587	1.61661	615	0	-0.129786	0	20	20
0.00416953	0.00185589	1597.14	46.5535	0.000164889	357.76	264.314	14.052	1.61661	615	0	-0.120911	0	20	20
0.00417985	0.00183511	1579.21	45.8388	0.000141922	345.455	257.788	13.9482	1.61661	615	0	-0.11252	0	20	20
0.00419	0.00181496	1561.87	45.1327	0.000122153	333.574	251.423	13.847	1.61661	615	0	-0.104584	0	20	20
0.00419999	0.00179543	1545.1	44.4354	0.000105138	322.101	245.216	13.7485	1.61661	615	0	-0.0970761	0	20	20
0.00420982	0.0017765	1528.88	43.7466	9.04933e-05	311.022	239.161	13.6524	1.61661	615	0	-0.0899701	0	20	20
0.0042195	0.00175814	1513.19	43.0664	7.78883e-05	300.325	233.256	13.5587	1.61661	615	0	-0.0832425	0	20	20
0.00422903	0.00174034	1498.02	42.3948	6.70391e-05	289.995	227.497	13.4672	1.61661	615	0	-0.076871	0	20	20
0.00423844	0.00172307	1483.35	41.7317	5.77011e-05	280.021	221.88	13.3778	1.61661	615	0	-0.0708345	0	20	20
0.00424771	0.00170633	1469.16	41.077	4.96638e-05	270.39	216.402	13.2904	1.61661	615	0	-0.0651133	0	20	20
0.00425685	0.0016901	1455.44	40.4307	4.2746e-05	261.09	211.059	13.2049	1.61661	615	0	-0.0596888	0	20	20
0.00426588	0.00167436	1442.17	39.7928	3.67919e-05	252.11	205.848	13.1212	1.61661	615	0	-0.0545437	0	20	20
0.0042748	0.0016591	1429.34	39.1632	3.1667e-05	243.438	200.766	13.0393	1.61661	615	0	-0.0496615	0	20	20
0.00428361	0.00164429	1416.94	38.5418	2.72561e-05	235.065	195.809	12.959	1.61661	615	0	-0.045027	0	20	20
0.00429231	0.00162993	1404.94	37.9287	2.34595e-05	226.98	190.974	12.8804	1.61661	615	0	-0.0406269	0	20	20
0.00430089	0.00161601	1393.34	37.3236	2.01918e-05	219.174	186.259	12.8034	1.61661	615	0	-0.0364483	0	20	20
0.00430938	0.0016025	1382.12	36.7267	1.73792e-05	211.635	181.66	12.7279	1.61661	615	0	-0.0324767	0	20	20
0.00431778	0.0015894	1371.27	36.1378	1.49585e-05	204.356	177.175	12.6538	1.61661	615	0	-0.0287002	0	20	20
0.00432609	0.0015767	1360.79	35.5568	1.28749e-05	197.327	172.801	12.581	1.61661	615	0	-0.0251075	0	20	20
0.00433432	0.00156437	1350.65	34.9838	1.10815e-05	190.54	168.534	12.5095	1.61661	615	0	-0.021688	0	20	20
0.00433824	0.00155353	1340.85	34.4186	9.53793e-06	183.987	164.373	12.4755	1.61661	615	0	-0.0168495	0	20	20
0.00434161	0.00154316	1331.38	33.8612	8.20938e-06	177.659	160.315	12.4465	1.61661	615	0	-0.0121109	0	20	20
0.00434488	0.00153314	1322.24	33.3115	7.06588e-06	171.548	156.356	12.4184	1.61661	615	0	-0.00762742	0	20	20
0.00434804	0.00152345	1313.41	32.7695	6.08166e-06	165.648	152.496	12.3913	1.61661	615	0	-0.00338655	0	20	20
0.00435112	0.00151409	1304.88	32.235	5.23453e-06	159.95	148.731	12.3651	1.61661	615	0	0.00062381	0	20	20
0.0043541	0.00150505	1296.64	31.7081	4.5054e-06	154.449	145.059	12.3397	1.61661	615	0	0.0044151	0	20	20
0.00435699	0.0014963	1288.69	31.1886	3.87783e-06	149.137	141.477	12.3152	1.61661	615	0	0.00799659	0	20	20
0.00435981	0.00148785	1281.01	30.6765	3.33768e-06	144.007	137.984	12.2913	1.61661	615	0	0.011381	0	20	20
0.00436257	0.00147967	1273.59	30.1718	2.87277e-06	139.054	134.577	12.268	1.61661	615	0	0.0145783	0	20	20
0.00436528	0.00147176	1266.42	29.6742	2.47262e-06	134.271	131.255	12.2452	1.61661	615	0	0.0175982	0	20	20
0.00436794	0.00146411	1259.5	29.1839	2.1282e-06	129.653	128.014	12.2228	1.61661	615	0	0.0204498	0	20	20
0.00437055	0.00145671	1252.82	28.7007	1.83176e-06	125.194	124.853	12.2009	1.61661	615	0	0.023142	0	20	20
0.00437314	0.00144954	1246.37	28.2245	1.57661e-06	120.888	121.771	12.1793	1.61661	615	0	0.0256832	0	20	20
0.00437569	0.00144261	1240.13	27.7553	1.357e-06	116.73	118.764	12.158	1.61661	615	0	0.0280812	0	20	20
0.00437822	0.0014359	1234.11	27.293	1.16798e-06	112.715	115.832	12.1369	1.61661	615	0	0.0303437	0	20	20
0.00438073	0.0014294	1228.3	26.8375	1.00529e-06	108.838	112.972	12.116	1.61661	615	0	0.032478	0	20	20
0.00438323	0.00142311	1222.69	26.3888	8.65262e-07	105.095	110.183	12.0954	1.61661	615	0	0.034491	0	20	20
0.00438571	0.00141701	1217.27	25.9467	7.44738e-07	101.48	107.462	12.0748	1.61661	615	0	0.0363891	0	20	20
0.0043882	0.0014111	1212.04	25.5113	6.41002e-07	97.9898	104.809	12.0543	1.61661	615	0	0.0381787	0	20	20
0.00439068	0.00140538	1206.98	25.0824	5.51715e-07	94.6195	102.221	12.0338	1.61661	615	0	0.0398658	0	20	20
0.00439317	0.00139983	1202.1	24.6599	4.74866e-07	91.3651	99.6973	12.0134	1.61661	615	0	0.0414559	0	20	20
0.00439567	0.00139445	1197.39	24.2439	4.08721e-07	88.2227	97.2358	11.9929	1.61661	615	0	0.0429544	0	20	20
0.00439818	0.00138923	1192.84	23.8342	3.51789e-07	85.1883	94.835	11.9724	1.61661	615	0	0.0443665	0	20	20
0.0044007	0.00138417	1188.45	23.4307	3.02788e-07	82.2583	92.4935	11.9519	1.61661	615	0	0.0456969	0	20	20
0.00440324	0.00137927	1184.21	23.0334	2.60612e-07	79.429	90.2098	11.9312	1.61661	615	0	0.0469503	0	20	20
0.0044058	0.0013745	1180.11	22.6422	2.24311e-07	76.6971	87.9826	11.9104	1.61661	615	0	0.0481311	0	20	20
0.00440838	0.00136988	1176.16	22.2571	1.93066e-07	74.0591	85.8103	11.8895	1.61661	615	0	0.0492434	0	20	20
0.00441098	0.00136539	1172.34	21.8779	1.66173e-07	71.5119	83.6916	11.8685	1.61661	615	0	0.050291	0	20	20
0.00441361	0.00136103	1168.66	21.5045	1.43027e-07	69.0523	81.6252	11.8473	1.61661	615	0	0.0512779	0	20	20
0.00441627	0.00135679	1165.1	21.137	1.23104e-07	66.6772	79.6099	11.8259	1.61661	615	0	0.0522073	0	20	20
0.00441896	0.00135267	1161.67	20.7753	1.05957e-07	64.3839	77.6443	11.8043	1.61661	615	0	0.0530828	0	20	20
0.00442168	0.00134867	1158.35	20.4192	9.11979e-08	62.1695	75.7273	11.7826	1.61661	615	0	0.0539074	0	20	20
0.00442442	0.00134479	1155.15	20.0687	7.84948e-08	60.0312	73.8576	11.7606	1.61661	615	0	0.0546841	0	20	20
0.00442721	0.001341	1152.06	19.7238	6.75611e-08	57.9664	72.034	11.7385	1.61661	615	0	0.0554159	0	20	20
0.00443002	0.00133733	1149.08	19.3843	5.81504e-08	55.9727	70.2555	11.7161	1.61661	615	0	0.0561052	0	20	20
0.00443286	0.00133375	1146.2	19.0501	5.00505e-08	54.0475	68.5209	11.6936	1.61661	615	0	0.0567547	0	20	20
0.00443574	0.00133027	1143.42	18.7213	4.30789e-08	52.1886	66.8291	11.6708	1.61661	615	0	0.0573668	0	20	20
0.00443865	0.00132688	1140.74	18.3978	3.70783e-08	50.3936	65.1791	11.6479	1.61661	615	0	0.0579437	0	20	20
0.00444159	0.00132358	1138.15	18.0794	3.19136e-08	48.6603	63.5698	11.6248	1.61661	615	0	0.0584874	0	20	20
0.00444456	0.00132037	1135.65	17.7662	2.74683e-08	46.9867	62.0003	11.6015	1.61661	615	0	0.0590001	0	20	20
0.00444756	0.00131724	1133.24	17.458	2.36422e-08	45.3706	60.4695	11.578	1.61661	615	0	0.0594837	0	20	20
0.00445059	0.00131419	1130.91	17.1547	2.0349e-08	43.8101	58.9765	11.5544	1.61661	615	0	0.0599392	0	20	20
0.00445363	0.00131123	1128.67	16.8564	1.75146e-08	42.3032	57.5203	11.5307	1.61661	615	0	0.0603687	0	20	20
0.00445671	0.00130834	1126.5	16.5629	1.50749e-08	40.8482	56.1002	11.5069	1.61661	615	0	0.060774	0	20	20
0.00445981	0.00130552	1124.41	16.2742	1.29751e-08	39.4433	54.715	11.4829	1.61661	615	0	0.0611566	0	20	20
0.00446293	0.00130278	1122.39	15.9902	1.11678e-08	38.0866	53.3641	11.4588	1.61661	615	0	0.061518	0	20	20
0.00446608	0.0013001	1120.45	15.7108	9.61219e-09	36.7767	52.0466	11.4346	1.61661	615	0	0.0618595	0	20	20
0.00446925	0.00129749	1118.57	15.4361	8.27329e-09	35.5118	50.7615	11.4102	1.61661	615	0	0.0621822	0	20	20
0.00447245	0.00129495	1116.76	15.1658	7.12089e-09	34.2903	49.5082	11.3858	1.61661	615	0	0.0624873	0	20	20
0.00447566	0.00129247	1115.02	14.9	6.129e-09	33.1109	48.2858	11.3613	1.61661	615	0	0.062776	0	20	20
0.00447889	0.00129005	1113.33	14.6385	5.27528e-09	31.9721	47.0937	11.3368	1.61661	615	0	0.0630492	0	20	20
0.00448213	0.00128769	1111.71	14.3814	4.54048e-09	30.8724	45.9309	11.3122	1.61661	615	0	0.063308	0	20	20
0.00448539	0.00128538	1110.14	14.1285	3.90803e-09	29.8106	44.7969	11.2875	1.61661	615	0	0.0635531	0	20	20
0.00448867	0.00128314	1108.63	13.8799	3.36367e-09	28.7853	43.6908	11.2628	1.61661	615	0	0.0637855	0	20	20
0.00449195	0.00128094	1107.17	13.6354	2.89514e-09	27.7952	42.6121	11.2382	1.61661	615	0	0.0640059	0	20	20
0.00449523	0.0012788	1105.77	13.3949	2.49187e-09	26.8392	41.56	11.2135	1.61661	615	0	0.0642145	0	20	20
0.00449852	0.00127672	1104.42	13.1585	2.14477e-09	25.9161	40.5339	11.189	1.61661	615	0	0.0644123	0	20	20
0.00450181	0.00127468	1103.11	12.926	1.84602e-09	25.0247	39.5331	11.1645	1.61661	615	0	0.0646002	0	20	20
0.00450511	0.00127269	1101.85	12.6975	1.58888e-09	24.164	38.557	11.14	1.61661	615	0	0.0647788	0	20	20
0.00450841	0.00127075	1100.64	12.4727	1.36757e-09	23.3329	37.6051	11.1155	1.61661	615	0	0.0649488	0	20	20
0.00451171	0.00126886	1099.47	12.2518	1.17707e-09	22.5304	36.6766	11.0911	1.61661	615	0	0.0651106	0	20	20
0.00451502	0.00126701	1098.35	12.0346	1.01312e-09	21.7554	35.771	11.0668	1.61661	615	0	0.0652647	0	20	20
0.00451832	0.0012652	1097.26	11.821	8.71998e-10	21.0072	34.8878	11.0425	1.61661	615	0	0.0654117	0	20	20
0.00452162	0.00126344	1096.22	11.6111	7.50536e-10	20.2846	34.0265	11.0184	1.61661	615	0	0.0655519	0	20	20
0.00452491	0.00126172	1095.21	11.4047	6.45992e-10	19.587	33.1863	10.9943	1.61661	615	0	0.0656857	0	20	20
0.00452821	0.00126004	1094.24	11.2019	5.56011e-10	18.9133	32.367	10.9704	1.61661	615	0	0.0658136	0	20	20
0.00453149	0.00125839	1093.31	11.0025	4.78563e-10	18.2628	31.5678	10.9465	1.61661	615	0	0.0659359	0	20	20
0.00453476	0.00125679	1092.41	10.8064	4.11903e-10	17.6346	30.7884	10.9229	1.61661	615	0	0.0660521	0	20	20
0.00453801	0.00125522	1091.55	10.6138	3.54528e-10	17.0281	30.0282	10.8994	1.61661	615	0	0.0661634	0	20	20
0.00454126	0.0012537	1090.72	10.4244	3.05145e-10	16.4424	29.2868	10.876	1.61661	615	0	0.06627	0	20	20
0.0045445	0.0012522	1089.92	10.2383	2.62641e-10	15.8769	28.5638	10.8528	1.61661	615	0	0.0663722	0	20	20
0.00454772	0.00125074	1089.14	10.0553	2.26057e-10	15.3308	27.8585	10.8297	1.61661	615	0	0.0664704	0	20	20
0.00455094	0.00124931	1088.4	9.87551	1.94569e-10	14.8035	27.1707	10.8068	1.61661	615	0	0.0665646	0	20	20
0.00455414	0.00124792	1087.69	9.69881	1.67467e-10	14.2943	26.4998	10.784	1.61661	615	0	0.0666551	0	20	20
0.00455733	0.00124656	1087	9.52514	1.4414e-10	13.8027	25.8456	10.7614	1.61661	615	0	0.0667422	0	20	20
0.0045605	0.00124523	1086.34	9.35447	1.24063e-10	13.328	25.2074	10.7389	1.61661	615	0	0.0668261	0	20	20
0.00456366	0.00124392	1085.71	9.18675	1.06782e-10	12.8695	24.585	10.7166	1.61661	615	0	0.0669068	0	20	20
0.00456681	0.00124265	1085.1	9.02193	9.1908e-11	12.4269	23.978	10.6945	1.61661	615	0	0.0669847	0	20	20
0.00456994	0.00124141	1084.51	8.85996	7.91059e-11	11.9995	23.386	10.6726	1.61661	615	0	0.0670595	0	20	20
0.00457304	0.00124019	1083.95	8.70081	6.80871e-11	11.5868	22.8086	10.6509	1.61661	615	0	0.0671315	0	20	20
0.00457613	0.001239	1083.41	8.54441	5.86031e-11	11.1882	22.2455	10.6293	1.61661	615	0	0.067201	0	20	20
0.0045792	0.00123784	1082.89	8.39074	5.04402e-11	10.8034	21.6962	10.6079	1.61661	615	0	0.0672683	0	20	20
0.00458226	0.00123671	1082.39	8.23974	4.34142e-11	10.4319	21.1605	10.5867	1.61661	615	0	0.0673334	0	20	20
0.00458529	0.00123559	1081.91	8.09137	3.7367e-11	10.0731	20.6381	10.5657	1.61661	615	0	0.0673964	0	20	20
0.00458832	0.0012345	1081.46	7.94559	3.21621e-11	9.72659	20.1285	10.5448	1.61661	615	0	0.0674575	0	20	20
0.00459132	0.00123344	1081.01	7.80235	2.76821e-11	9.39205	19.6316	10.5242	1.61661	615	0	0.0675167	0	20	20
0.00459431	0.0012324	1080.59	7.66162	2.38262e-11	9.06902	19.1469	10.5037	1.61661	615	0	0.0675742	0	20	20
0.00459727	0.00123138	1080.19	7.52336	2.05074e-11	8.75709	18.6741	10.4833	1.61661	615	0	0.0676301	0	20	20
0.00460023	0.00123038	1079.8	7.38752	1.76509e-11	8.45589	18.2131	10.4632	1.61661	615	0	0.0676844	0	20	20
0.00460316	0.0012294	1079.43	7.25406	1.51923e-11	8.16506	17.7634	10.4432	1.61661	615	0	0.0677372	0	20	20
0.00460607	0.00122844	1079.07	7.12294	1.30761e-11	7.88422	17.3248	10.4234	1.61661	615	0	0.0677885	0	20	20
0.00460897	0.0012275	1078.73	6.99414	1.12547e-11	7.61305	16.897	10.4037	1.61661	615	0	0.0678383	0	20	20
0.00461184	0.00122659	1078.4	6.86759	9.68703e-12	7.3512	16.4799	10.3843	1.61661	615	0	0.0678868	0	20	20
0.0046147	0.00122569	1078.09	6.74328	8.3377e-12	7.09836	16.073	10.365	1.61661	615	0	0.0679341	0	20	20
0.00461754	0.0012248	1077.79	6.62116	7.17633e-12	6.85421	15.6761	10.3459	1.61661	615	0	0.0679803	0	20	20
0.00462036	0.00122394	1077.5	6.5012	6.17672e-12	6.61847	15.2891	10.3269	1.61661	615	0	0.0680255	0	20	20
0.00462317	0.00122309	1077.23	6.38335	5.31635e-12	6.39083	14.9116	10.3081	1.61661	615	0	0.0680697	0	20	20
0.00462596	0.00122226	1076.97	6.26759	4.57583e-12	6.17102	14.5434	10.2895	1.61661	615	0	0.0681129	0	20	20
0.00462874	0.00122144	1076.72	6.15388	3.93845e-12	5.95877	14.1843	10.271	1.61661	615	0	0.0681552	0	20	20
0.0046315	0.00122064	1076.48	6.04218	3.38986e-12	5.75382	13.8341	10.2527	1.61661	615	0	0.0681967	0	20	20
0.00463424	0.00121986	1076.26	5.93247	2.91768e-12	5.55592	13.4926	10.2345	1.61661	615	0	0.0682373	0	20	20
0.00463696	0.00121909	1076.04	5.8247	2.51127e-12	5.36482	13.1594	10.2164	1.61661	615	0	0.0682772	0	20	20
0.00463968	0.00121833	1075.84	5.71885	2.16147e-12	5.1803	12.8345	10.1985	1.61661	615	0	0.0683164	0	20	20
0.00464237	0.00121759	1075.64	5.61487	1.86039e-12	5.00213	12.5176	10.1808	1.61661	615	0	0.0683548	0	20	20
0.00464505	0.00121686	1075.45	5.51275	1.60125e-12	4.83008	12.2086	10.1632	1.61661	615	0	0.0683924	0	20	20
0.00464771	0.00121614	1075.28	5.41245	1.37821e-12	4.66395	11.9071	10.1457	1.61661	615	0	0.0684295	0	20	20
0.00465036	0.00121543	1075.11	5.31393	1.18624e-12	4.50354	11.6132	10.1284	1.61661	615	0	0.0684659	0	20	20
0.00465299	0.00121474	1074.95	5.21717	1.02101e-12	4.34864	11.3264	10.1112	1.61661	615	0	0.0685018	0	20	20
0.00465561	0.00121406	1074.8	5.12214	8.78787e-13	4.19907	11.0468	10.0941	1.61661	615	0	0.0685372	0	20	20
0.00465822	0.00121339	1074.66	5.02881	7.56379e-13	4.05465	10.774	10.0772	1.61661	615	0	0.0685721	0	20	20
0.00466082	0.00121273	1074.52	4.93714	6.51022e-13	3.91519	10.508	10.0604	1.61661	615	0	0.0686065	0	20	20
0.0046634	0.00121208	1074.39	4.84711	5.60339e-13	3.78053	10.2486	10.0437	1.61661	615	0	0.0686406	0	20	20
0.00466597	0.00121144	1074.27	4.7587	4.82289e-13	3.6505	9.99554	10.0271	1.61661	615	0	0.0686742	0	20	20
0.00466852	0.00121081	1074.16	4.67187	4.1511e-13	3.52494	9.74874	10.0106	1.61661	615	0	0.0687074	0	20	20
0.00467107	0.00121019	1074.05	4.58659	3.57288e-13	3.4037	9.50805	9.99428	1.61661	615	0	0.0687403	0	20	20
0.0046736	0.00120958	1073.95	4.50285	3.07521e-13	3.28663	9.27329	9.97804	1.61661	615	0	0.0687728	0	20	20
0.00467612	0.00120898	1073.86	4.4206	2.64686e-13	3.17359	9.04433	9.96191	1.61661	615	0	0.068805	0	20	20
0.00467863	0.00120839	1073.77	4.33984	2.27817e-13	3.06444	8.82103	9.94588	1.61661	615	0	0.0688369	0	20	20
0.00468113	0.0012078	1073.69	4.26052	1.96084e-13	2.95904	8.60324	9.92997	1.61661	615	0	0.0688684	0	20	20
0.00468362	0.00120723	1073.61	4.18264	1.68771e-13	2.85726	8.39082	9.91416	1.61661	615	0	0.0688997	0	20	20
0.00468609	0.00120666	1073.54	4.10615	1.45263e-13	2.75899	8.18365	9.89844	1.61661	615	0	0.0689306	0	20	20
0.00468856	0.0012061	1073.47	4.03104	1.25029e-13	2.66409	7.9816	9.88282	1.61661	615	0	0.0689614	0	20	20
0.00469102	0.00120554	1073.41	3.95728	1.07613e-13	2.57246	7.78453	9.8673	1.61661	615	0	0.0689919	0	20	20
0.00469347	0.001205	1073.35	3.88486	9.26235e-14	2.48398	7.59233	9.85186	1.61661	615	0	0.0690223	0	20	20
0.00469591	0.00120446	1073.3	3.81373	7.97218e-14	2.39855	7.40487	9.83652	1.61661	615	0	0.0690524	0	20	20
0.00469834	0.00120392	1073.25	3.7439	6.86172e-14	2.31605	7.22205	9.82126	1.61661	615	0	0.0690824	0	20	20
0.00470076	0.0012034	1073.21	3.67532	5.90593e-14	2.23639	7.04373	9.80608	1.61661	615	0	0.0691122	0	20	20
0.00470317	0.00120287	1073.17	3.60798	5.08329e-14	2.15947	6.86982	9.79099	1.61661	615	0	0.0691418	0	20	20
0.00470558	0.00120236	1073.13	3.54186	4.37522e-14	2.0852	6.70021	9.77598	1.61661	615	0	0.0691714	0	20	20
0.00470798	0.00120185	1073.1	3.47694	3.76579e-14	2.01348	6.53478	9.76105	1.61661	615	0	0.0692007	0	20	20
0.00471037	0.00120134	1073.07	3.41318	3.24125e-14	1.94423	6.37343	9.74619	1.61661	615	0	0.06923	0	20	20
0.00471275	0.00120085	1073.05	3.35059	2.78977e-14	1.87735	6.21607	9.73141	1.61661	615	0	0.0692591	0	20	20
0.00471513	0.00120035	1073.03	3.28912	2.40117e-14	1.81278	6.0626	9.7167	1.61661	615	0	0.0692882	0	20	20
0.0047175	0.00119986	1073.01	3.22877	2.06671e-14	1.75043	5.91291	9.70206	1.61661	615	0	0.0693171	0	20	20
0.00471986	0.00119938	1073	3.16952	1.77883e-14	1.69023	5.76692	9.6875	1.61661	615	0	0.0693459	0	20	20
0.00472222	0.0011989	1072.99	3.11134	1.53106e-14	1.63209	5.62454	9.67301	1.61661	615	0	0.0693746	0	20	20
0.00472457	0.00119842	1072.98	3.05421	1.31779e-14	1.57596	5.48567	9.65858	1.61661	615	0	0.0694033	0	20	20
0.00472691	0.00119795	1072.97	2.99812	1.13423e-14	1.52175	5.35022	9.64421	1.61661	615	0	0.0694318	0	20	20
0.00472925	0.00119748	1072.97	2.94305	9.76244e-15	1.46941	5.21813	9.62991	1.61661	615	0	0.0694603	0	20	20
0.00473159	0.00119702	1072.97	2.88898	8.40261e-15	1.41887	5.08929	9.61567	1.61661	615	0	0.0694888	0	20	20
0.00473392	0.00119656	1072.97	2.83589	7.2322e-15	1.37007	4.96364	9.60149	1.61661	615	0	0.0695172	0	20	20
0.00473624	0.00119611	1072.98	2.78377	6.22481e-15	1.32295	4.84108	9.58736	1.61661	615	0	0.0695456	0	20	20
0.00473856	0.00119565	1072.99	2.73259	5.35774e-15	1.27745	4.72156	9.5733	1.61661	615	0	0.0695739	0	20	20
0.00474087	0.0011952	1073	2.68235	4.61145e-15	1.23351	4.60498	9.55929	1.61661	615	0	0.0696022	0	20	20
0.00474318	0.00119476	1073.01	2.63302	3.96911e-15	1.19108	4.49128	9.54533	1.61661	615	0	0.0696304	0	20	20
0.00474549	0.00119432	1073.02	2.58459	3.41625e-15	1.15012	4.38039	9.53142	1.61661	615	0	0.0696587	0	20	20
0.00474779	0.00119388	1073.04	2.53704	2.94039e-15	1.11056	4.27224	9.51757	1.61661	615	0	0.0696869	0	20	20
0.00475009	0.00119344	1073.06	2.49036	2.53082e-15	1.07236	4.16676	9.50377	1.61661	615	0	0.0697151	0	20	20
0.00475238	0.00119301	1073.08	2.44453	2.1783e-15	1.03548	4.06388	9.49002	1.61661	615	0	0.0697433	0	20	20
0.00475467	0.00119257	1073.1	2.39953	1.87488e-15	0.999864	3.96354	9.47631	1.61661	615	0	0.0697714	0	20	20
0.00475696	0.00119215	1073.12	2.35536	1.61372e-15	0.965474	3.86568	9.46265	1.61661	615	0	0.0697996	0	20	20
0.00475924	0.00119172	1073.15	2.31199	1.38894e-15	0.932267	3.77024	9.44904	1.61661	615	0	0.0698277	0	20	20
0.00476152	0.0011913	1073.17	2.26941	1.19547e-15	0.900202	3.67715	9.43548	1.61661	615	0	0.0698558	0	20	20
0.00476379	0.00119087	1073.2	2.22761	1.02895e-15	0.86924	3.58636	9.42195	1.61661	615	0	0.0698839	0	20	20
0.00476607	0.00119046	1073.23	2.18658	8.85629e-16	0.839343	3.49782	9.40847	1.61661	615	0	0.069912	0	20	20
0.00476834	0.00119004	1073.26	2.14629	7.62268e-16	0.810474	3.41145	9.39504	1.61661	615	0	0.0699401	0	20	20
0.00477061	0.00118962	1073.29	2.10674	6.5609e-16	0.782598	3.32722	9.38164	1.61661	615	0	0.0699682	0	20	20
0.00477287	0.00118921	1073.33	2.06791	5.64702e-16	0.755681	3.24508	9.36829	1.61661	615	0	0.0699963	0	20	20
0.00477514	0.0011888	1073.36	2.0298	4.86043e-16	0.729689	3.16495	9.35497	1.61661	615	0	0.0700244	0	20	20
0.0047774	0.00118839	1073.4	1.99238	4.18342e-16	0.704592	3.08681	9.34169	1.61661	615	0	0.0700525	0	20	20
0.00477966	0.00118798	1073.44	1.95564	3.6007e-16	0.680358	3.0106	9.32845	1.61661	615	0	0.0700806	0	20	20
0.00478192	0.00118758	1073.47	1.91958	3.09915e-16	0.656957	2.93627	9.31525	1.61661	615	0	0.0701088	0	20	20
0.00478417	0.00118717	1073.51	1.88418	2.66746e-16	0.634362	2.86377	9.30208	1.61661	615	0	0.0701369	0	20	20
0.00478642	0.00118677	1073.55	1.84942	2.29591e-16	0.612543	2.79306	9.28894	1.61661	615	0	0.0701651	0	20	20
0.00478868	0.00118637	1073.59	1.8153	1.97611e-16	0.591475	2.7241	9.27585	1.61661	615	0	0.0701932	0	20	20
0.00479093	0.00118597	1073.64	1.78181	1.70085e-16	0.571131	2.65684	9.26278	1.61661	615	0	0.0702214	0	20	20
0.00479318	0.00118557	1073.68	1.74893	1.46393e-16	0.551487	2.59125	9.24975	1.61661	615	0	0.0702495	0	20	20
0.00479542	0.00118517	1073.72	1.71666	1.26002e-16	0.532519	2.52727	9.23676	1.61661	615	0	0.0702777	0	20	20
0.00479767	0.00118478	1073.77	1.68497	1.08451e-16	0.514203	2.46487	9.22379	1.61661	615	0	0.0703059	0	20	20
0.00479991	0.00118438	1073.81	1.65387	9.33446e-17	0.496518	2.40401	9.21086	1.61661	615	0	0.0703341	0	20	20
0.00480216	0.00118399	1073.86	1.62334	8.03424e-17	0.47944	2.34466	9.19796	1.61661	615	0	0.0703623	0	20	20
0.0048044	0.0011836	1073.91	1.59337	6.91514e-17	0.46295	2.28677	9.18509	1.61661	615	0	0.0703905	0	20	20
0.00480664	0.00118321	1073.96	1.56394	5.95191e-17	0.447027	2.23031	9.17225	1.61661	615	0	0.0704187	0	20	20
0.00480888	0.00118282	1074	1.53506	5.12286e-17	0.431652	2.17524	9.15944	1.61661	615	0	0.0704469	0	20	20
0.00481112	0.00118243	1074.05	1.50671	4.40929e-17	0.416805	2.12153	9.14666	1.61661	615	0	0.0704751	0	20	20
0.00481335	0.00118204	1074.1	1.47888	3.79511e-17	0.402469	2.06915	9.1339	1.61661	615	0	0.0705033	0	20	20
0.00481559	0.00118165	1074.15	1.45156	3.26648e-17	0.388627	2.01806	9.12118	1.61661	615	0	0.0705315	0	20	20
0.00481783	0.00118127	1074.2	1.42474	2.81149e-17	0.37526	1.96824	9.10849	1.61661	615	0	0.0705598	0	20	20
0.00482006	0.00118088	1074.26	1.39842	2.41987e-17	0.362353	1.91964	9.09582	1.61661	615	0	0.070588	0	20	20
0.0048223	0.0011805	1074.31	1.37258	2.0828e-17	0.34989	1.87225	9.08318	1.61661	615	0	0.0706162	0	20	20
0.00482453	0.00118011	1074.36	1.34721	1.79268e-17	0.337856	1.82602	9.07056	1.61661	615	0	0.0706445	0	20	20
0.00482677	0.00117973	1074.41	1.32231	1.54298e-17	0.326235	1.78094	9.05797	1.61661	615	0	0.0706727	0	20	20
0.004829	0.00117935	1074.47	1.29787	1.32805e-17	0.315015	1.73696	9.04541	1.61661	615	0	0.0707009	0	20	20
0.00483123	0.00117897	1074.52	1.27388	1.14306e-17	0.30418	1.69408	9.03288	1.61661	615	0	0.0707292	0	20	20
0.00483347	0.00117859	1074.57	1.25033	9.83845e-18	0.293718	1.65225	9.02037	1.61661	615	0	0.0707574	0	20	20
0.0048357	0.00117821	1074.63	1.22721	8.46803e-18	0.283615	1.61146	9.00789	1.61661	615	0	0.0707856	0	20	20
0.00483793	0.00117783	1074.68	1.20452	7.2885e-18	0.273861	1.57167	8.99543	1.61661	615	0	0.0708138	0	20	20
0.00484016	0.00117745	1074.74	1.18224	6.27327e-18	0.264441	1.53286	8.98299	1.61661	615	0	0.070842	0	20	20
0.00484239	0.00117707	1074.79	1.16038	5.39946e-18	0.255346	1.49502	8.97058	1.61661	615	0	0.0708702	0	20	20
0.00484462	0.00117669	1074.85	1.13892	4.64735e-18	0.246563	1.45811	8.9582	1.61661	615	0	0.0708984	0	20	20
0.00484685	0.00117632	1074.91	1.11785	4.00001e-18	0.238083	1.42211	8.94584	1.61661	615	0	0.0709266	0	20	20
0.00484908	0.00117594	1074.96	1.09717	3.44284e-18	0.229894	1.38699	8.9335	1.61661	615	0	0.0709547	0	20	20
0.00485131	0.00117556	1075.02	1.07687	2.96328e-18	0.221987	1.35275	8.92119	1.61661	615	0	0.0709829	0	20	20
0.00485354	0.00117519	1075.08	1.05695	2.55052e-18	0.214352	1.31935	8.9089	1.61661	615	0	0.071011	0	20	20
0.00485577	0.00117481	1075.13	1.0374	2.19525e-18	0.206979	1.28677	8.89664	1.61661	615	0	0.0710391	0	20	20
0.004858	0.00117444	1075.19	1.0182	1.88947e-18	0.19986	1.255	8.8844	1.61661	615	0	0.0710672	0	20	20
0.00486023	0.00117406	1075.25	0.999358	1.62628e-18	0.192986	1.22402	8.87218	1.61661	615	0	0.0710952	0	20	20
0.00486246	0.00117369	1075.31	0.980863	1.39976e-18	0.186349	1.1938	8.85999	1.61661	615	0	0.0711233	0	20	20
0.00486468	0.00117332	1075.36	0.96271	1.20478e-18	0.179939	1.16432	8.84781	1.61661	615	0	0.0711513	0	20	20
0.00486691	0.00117294	1075.42	0.944891	1.03696e-18	0.17375	1.13557	8.83567	1.61661	615	0	0.0711793	0	20	20
0.00486914	0.00117257	1075.48	0.927401	8.92524e-19	0.167774	1.10754	8.82354	1.61661	615	0	0.0712072	0	20	20
0.00487137	0.0011722	1075.54	0.910234	7.68203e-19	0.162004	1.08019	8.81144	1.61661	615	0	0.0712352	0	20	20
0.0048736	0.00117183	1075.6	0.893383	6.61198e-19	0.156432	1.05352	8.79936	1.61661	615	0	0.0712631	0	20	20
0.00487583	0.00117145	1075.66	0.876843	5.69098e-19	0.151051	1.02751	8.7873	1.61661	615	0	0.0712909	0	20	20
0.00487805	0.00117108	1075.72	0.860608	4.89828e-19	0.145856	1.00214	8.77526	1.61661	615	0	0.0713187	0	20	20
0.00488028	0.00117071	1075.77	0.844673	4.21598e-19	0.140839	0.977398	8.76325	1.61661	615	0	0.0713465	0	20	20
0.00488251	0.00117034	1075.83	0.829033	3.62873e-19	0.135995	0.953266	8.75126	1.61661	615	0	0.0713743	0	20	20
0.00488474	0.00116997	1075.89	0.81368	3.12328e-19	0.131318	0.92973	8.73929	1.61661	615	0	0.071402	0	20	20
0.00488697	0.0011696	1075.95	0.798612	2.68823e-19	0.126801	0.906775	8.72734	1.61661	615	0	0.0714296	0	20	20
0.00488919	0.00116923	1076.01	0.783821	2.31378e-19	0.12244	0.884386	8.71542	1.61661	615	0	0.0714572	0	20	20
0.00489142	0.00116886	1076.07	0.769304	1.99149e-19	0.118228	0.862551	8.70352	1.61661	615	0	0.0714848	0	20	20
0.00489365	0.00116849	1076.13	0.755055	1.71409e-19	0.114162	0.841254	8.69164	1.61661	615	0	0.0715123	0	20	20
0.00489588	0.00116813	1076.19	0.741069	1.47533e-19	0.110236	0.820484	8.67978	1.61661	615	0	0.0715397	0	20	20
0.0048981	0.00116776	1076.25	0.727341	1.26983e-19	0.106444	0.800226	8.66795	1.61661	615	0	0.0715672	0	20	20
0.00490033	0.00116739	1076.31	0.713867	1.09295e-19	0.102783	0.780468	8.65614	1.61661	615	0	0.0715945	0	20	20
